Real / Ohm	Ximag / Ohm	V_DC / V	I_a c / A	V_ac / V	I_DC / A
8.160852E+3	-1.379222E+5	-2.500000E+0	-3.567381E+17	-4.283094E-18	-3.445195E-6	1.000000E+6	4.275130E-7	7.225168E-6	0.000000E+0	0.000000E+0	0.000000E+0
8.493125E+3	-1.334021E+5	-2.465000E+0	-1.808722E+17	6.906363E-18	1.204447E-6	0.000000E+0	4.753193E-7	7.465872E-6	0.000000E+0	0.000000E+0	0.000000E+0
9.653469E+3	-1.305607E+5	-2.429000E+0	-5.704680E+17	1.371951E+17	2.251385E-6	0.000000E+0	5.632364E-7	7.617628E-6	0.000000E+0	0.000000E+0	0.000000E+0
9.680422E+3	-1.274024E+5	-2.394000E+0	-6.194311E-18	5.356395E+17	7.722847E-7	0.000000E+0	5.929785E-7	7.804089E-6	0.000000E+0	0.000000E+0	0.000000E+0
9.867477E+3	-1.245492E+5	-2.358000E+0	2.517955E+17	3.793714E+16	2.329922E-6	0.000000E+0	6.321306E-7	7.978875E-6	0.000000E+0	0.000000E+0	0.000000E+0
9.200516E+3	-1.217613E+5	-2.323000E+0	4.553607E+17	-2.686618E+17	2.383094E-6	0.000000E+0	6.170510E-7	8.166165E-6	0.000000E+0	0.000000E+0	0.000000E+0
8.927078E+3	-1.190599E+5	-2.287000E+0	8.250878E-19	3.413458E-18	1.897817E-6	0.000000E+0	6.262440E-7	8.352178E-6	0.000000E+0	0.000000E+0	0.000000E+0
9.162828E+3	-1.162067E+5	-2.252000E+0	6.288344E-18	-3.928899E-18	1.950932E-6	0.000000E+0	6.743346E-7	8.552185E-6	0.000000E+0	0.000000E+0	0.000000E+0
9.712391E+3	-1.129407E+5	-2.216000E+0	-2.651570E-18	4.670974E-18	1.465669E-6	0.000000E+0	7.558321E-7	8.789206E-6	0.000000E+0	0.000000E+0	0.000000E+0
9.708305E+3	-1.103204E+5	-2.181000E+0	2.907620E+17	-1.496570E-18	3.050969E-6	0.000000E+0	7.915557E-7	8.994849E-6	0.000000E+0	0.000000E+0	0.000000E+0
9.906680E+3	-1.070133E+5	-2.146000E+0	-2.052452E-18	3.493290E-18	5.504990E-7	0.000000E+0	8.577221E-7	9.265230E-6	0.000000E+0	0.000000E+0	0.000000E+0
9.687625E+3	-1.033858E+5	-2.110000E+0	5.725574E-18	6.181569E-18	3.640278E-6	0.000000E+0	8.984603E-7	9.588319E-6	0.000000E+0	0.000000E+0	0.000000E+0
1.014098E+4	-9.937411E+4	-2.075000E+0	-6.504745E+16	2.369913E+17	2.671964E-6	0.000000E+0	1.016329E-6	9.959268E-6	0.000000E+0	0.000000E+0	0.000000E+0
9.876789E+3	-9.598578E+4	-2.039000E+0	-4.960950E+17	-5.508904E-18	3.718902E-6	0.000000E+0	1.060786E-6	1.030906E-5	0.000000E+0	0.000000E+0	0.000000E+0
9.802383E+3	-9.240356E+4	-2.004000E+0	2.127762E-18	3.298054E+15	1.218374E-6	0.000000E+0	1.135257E-6	1.070166E-5	0.000000E+0	0.000000E+0	0.000000E+0
1.011746E+4	-8.761717E+4	-1.968000E+0	8.607266E+16	1.699868E-17	2.265311E-6	0.000000E+0	1.300590E-6	1.126310E-5	0.000000E+0	0.000000E+0	0.000000E+0
1.044942E+4	-8.341398E+4	-1.933000E+0	-3.654067E-18	-2.240669E+17	1.807697E-6	0.000000E+0	1.478605E-6	1.180317E-5	0.000000E+0	0.000000E+0	0.000000E+0
1.058218E+4	-7.910670E+4	-1.897000E+0	2.698511E+17	2.405250E+17	3.876055E-6	0.000000E+0	1.661291E-6	1.241892E-5	0.000000E+0	0.000000E+0	0.000000E+0
1.043656E+4	-7.508009E+4	-1.862000E+0	-6.256276E-18	1.399337E+17	-6.673145E-7	0.000000E+0	1.816336E-6	1.306663E-5	0.000000E+0	0.000000E+0	0.000000E+0
1.052457E+4	-7.213588E+4	-1.827000E+0	-1.006173E-18	-5.687810E-18	4.072717E-7	0.000000E+0	1.980405E-6	1.357379E-5	0.000000E+0	0.000000E+0	0.000000E+0
1.028260E+4	-7.108619E+4	-1.791000E+0	1.311717E+15	5.049488E-18	4.007772E-6	0.000000E+0	1.993147E-6	1.377912E-5	0.000000E+0	0.000000E+0	0.000000E+0
1.033286E+4	-6.964153E+4	-1.756000E+0	2.472319E-19	4.245176E+17	3.039459E-6	0.000000E+0	2.084620E-6	1.404995E-5	0.000000E+0	0.000000E+0	0.000000E+0
1.004838E+4	-6.832847E+4	-1.720000E+0	-5.203440E-18	3.843920E-18	3.064953E-6	0.000000E+0	2.106689E-6	1.432538E-5	0.000000E+0	0.000000E+0	0.000000E+0
1.009273E+4	-6.736503E+4	-1.685000E+0	-1.183520E-18	-5.342346E-18	5.160975E-6	0.000000E+0	2.175199E-6	1.451861E-5	0.000000E+0	0.000000E+0	0.000000E+0
9.777414E+3	-6.664503E+4	-1.649000E+0	-5.319197E+16	-4.994279E+17	-4.315516E-7	0.000000E+0	2.154964E-6	1.468872E-5	0.000000E+0	0.000000E+0	0.000000E+0
9.743934E+3	-6.515813E+4	-1.614000E+0	2.088264E+17	-2.195880E+17	3.196663E-6	0.000000E+0	2.244874E-6	1.501157E-5	0.000000E+0	0.000000E+0	0.000000E+0
9.395852E+3	-6.414293E+4	-1.578000E+0	-7.964855E+16	-3.372652E-18	2.711393E-6	0.000000E+0	2.235725E-6	1.526269E-5	0.000000E+0	0.000000E+0	0.000000E+0
9.083633E+3	-6.266083E+4	-1.543000E+0	-1.774996E-18	1.580559E+17	2.764507E-6	0.000000E+0	2.265871E-6	1.563046E-5	0.000000E+0	0.000000E+0	0.000000E+0
8.554309E+3	-6.146391E+4	-1.508000E+0	-4.775830E-18	6.138991E-18	1.796179E-6	0.000000E+0	2.221328E-6	1.596055E-5	0.000000E+0	0.000000E+0	0.000000E+0
7.901863E+3	-5.974116E+4	-1.472000E+0	1.829862E+17	1.849291E+17	3.353824E-6	0.000000E+0	2.175955E-6	1.645107E-5	0.000000E+0	0.000000E+0	0.000000E+0
7.205484E+3	-5.781458E+4	-1.437000E+0	4.410889E+17	3.940187E-18	3.426539E-7	0.000000E+0	2.122728E-6	1.703212E-5	0.000000E+0	0.000000E+0	0.000000E+0
6.578449E+3	-5.569827E+4	-1.401000E+0	-2.037276E-18	3.318154E+17	3.680907E-7	0.000000E+0	2.091335E-6	1.770687E-5	0.000000E+0	0.000000E+0	0.000000E+0
5.658059E+3	-5.353782E+4	-1.366000E+0	-4.319920E+17	-4.172230E+17	4.507026E-6	0.000000E+0	1.952191E-6	1.847207E-5	0.000000E+0	0.000000E+0	0.000000E+0
4.838492E+3	-5.052655E+4	-1.330000E+0	2.945531E-18	-1.599031E-19	3.000328E-6	0.000000E+0	1.878046E-6	1.961173E-5	0.000000E+0	0.000000E+0	0.000000E+0
4.098789E+3	-4.781284E+4	-1.295000E+0	-1.696221E+17	-6.427781E-19	2.032000E-6	0.000000E+0	1.779863E-6	2.076230E-5	0.000000E+0	0.000000E+0	0.000000E+0
3.484738E+3	-4.420766E+4	-1.259000E+0	-2.725480E+17	1.903750E-18	4.100359E-6	0.000000E+0	1.772086E-6	2.248083E-5	0.000000E+0	0.000000E+0	0.000000E+0
2.956631E+3	-4.059357E+4	-1.224000E+0	-1.478400E+17	2.655554E+17	2.110588E-6	0.000000E+0	1.784781E-6	2.450445E-5	0.000000E+0	0.000000E+0	0.000000E+0
2.612561E+3	-3.672019E+4	-1.189000E+0	-2.971689E+17	-4.956124E-18	3.695895E-6	0.000000E+0	1.927808E-6	2.709582E-5	0.000000E+0	0.000000E+0	0.000000E+0
2.232479E+3	-3.287496E+4	-1.153000E+0	-4.717429E+17	-4.928282E+17	1.167733E-6	0.000000E+0	2.056169E-6	3.027866E-5	0.000000E+0	0.000000E+0	0.000000E+0
2.030648E+3	-2.913853E+4	-1.118000E+0	-9.427576E-19	-9.426377E-19	1.220877E-6	0.000000E+0	2.380100E-6	3.415295E-5	0.000000E+0	0.000000E+0	0.000000E+0
1.745490E+3	-2.582941E+4	-1.082000E+0	-3.096135E+17	4.406614E-18	3.799942E-6	0.000000E+0	2.604411E-6	3.853956E-5	0.000000E+0	0.000000E+0	0.000000E+0
1.547992E+3	-2.276114E+4	-1.047000E+0	-4.715167E+17	-5.481549E+17	1.299450E-6	0.000000E+0	2.974244E-6	4.373225E-5	0.000000E+0	0.000000E+0	0.000000E+0
1.356031E+3	-2.021789E+4	-1.011000E+0	-1.067113E+17	-5.230656E+17	2.857094E-6	0.000000E+0	3.302544E-6	4.923964E-5	0.000000E+0	0.000000E+0	0.000000E+0
1.221041E+3	-1.813799E+4	-9.760000E-1	-3.021231E-18	2.162610E+17	3.931662E-6	0.000000E+0	3.694777E-6	5.488417E-5	0.000000E+0	0.000000E+0	0.000000E+0
1.080225E+3	-1.641375E+4	-9.410000E-1	-3.411601E-18	5.558819E-18	2.963341E-6	0.000000E+0	3.992286E-6	6.066179E-5	0.000000E+0	0.000000E+0	0.000000E+0
9.807021E+2	-1.498312E+4	-9.050000E-1	4.155990E+17	-2.187937E-18	4.010268E-6	0.000000E+0	4.349867E-6	6.645706E-5	0.000000E+0	0.000000E+0	0.000000E+0
8.660957E+2	-1.386118E+4	-8.700000E-1	-4.316353E+17	4.857998E-18	2.531237E-6	0.000000E+0	4.490278E-6	7.186336E-5	0.000000E+0	0.000000E+0	0.000000E+0
7.818174E+2	-1.292112E+4	-8.340000E-1	-3.851510E-18	-6.874123E-18	4.088848E-6	0.000000E+0	4.665712E-6	7.711036E-5	0.000000E+0	0.000000E+0	0.000000E+0
7.376143E+2	-1.217417E+4	-7.990000E-1	4.766215E-20	4.558806E+17	5.618494E-8	0.000000E+0	4.958602E-6	8.184069E-5	0.000000E+0	0.000000E+0	0.000000E+0
6.825986E+2	-1.153317E+4	-7.630000E-1	1.388541E-18	6.784133E-18	5.923721E-7	0.000000E+0	5.113866E-6	8.640376E-5	0.000000E+0	0.000000E+0	0.000000E+0
6.279932E+2	-1.099466E+4	-7.280000E-1	3.311088E+17	-3.632303E-18	1.347908E-7	0.000000E+0	5.178176E-6	9.065748E-5	0.000000E+0	0.000000E+0	0.000000E+0
5.624590E+2	-1.052576E+4	-6.920000E-1	-7.975154E-19	6.323277E-18	3.735317E-6	0.000000E+0	5.062273E-6	9.473451E-5	0.000000E+0	0.000000E+0	0.000000E+0
5.383926E+2	-1.012813E+4	-6.570000E-1	-4.524503E+17	2.055852E+17	6.342056E-6	0.000000E+0	5.233775E-6	9.845669E-5	0.000000E+0	0.000000E+0	0.000000E+0
4.991064E+2	-9.783943E+3	-6.220000E-1	-6.904569E-18	-4.080324E+17	1.287935E-6	0.000000E+0	5.200398E-6	1.019430E-4	0.000000E+0	0.000000E+0	0.000000E+0
4.751504E+2	-9.468707E+3	-5.860000E-1	2.547933E-18	-3.558762E+16	4.377747E-6	0.000000E+0	5.286369E-6	1.053458E-4	0.000000E+0	0.000000E+0	0.000000E+0
4.368110E+2	-9.195795E+3	-5.510000E-1	-1.734759E+17	1.089529E+17	2.898716E-6	0.000000E+0	5.153902E-6	1.085005E-4	0.000000E+0	0.000000E+0	0.000000E+0
3.937241E+2	-8.946279E+3	-5.150000E-1	-5.201041E+17	1.796536E+17	2.924186E-6	0.000000E+0	4.909834E-6	1.115622E-4	0.000000E+0	0.000000E+0	0.000000E+0
3.677676E+2	-8.731334E+3	-4.800000E-1	3.883248E+17	-5.707470E+17	3.488038E-6	0.000000E+0	4.815512E-6	1.143272E-4	0.000000E+0	0.000000E+0	0.000000E+0
3.487593E+2	-8.531379E+3	-4.440000E-1	-2.820974E+17	-3.562291E+17	1.981309E-6	0.000000E+0	4.783680E-6	1.170188E-4	0.000000E+0	0.000000E+0	0.000000E+0
3.567344E+2	-8.358555E+3	-4.090000E-1	7.433461E+16	-3.376204E+17	5.098787E-6	0.000000E+0	5.096737E-6	1.194204E-4	0.000000E+0	0.000000E+0	0.000000E+0
3.427197E+2	-8.187856E+3	-3.730000E-1	4.345814E+17	8.421242E+16	3.592088E-6	0.000000E+0	5.103151E-6	1.219185E-4	0.000000E+0	0.000000E+0	0.000000E+0
3.239424E+2	-8.038021E+3	-3.380000E-1	5.364300E+17	-2.871878E+17	3.645224E-6	0.000000E+0	5.005699E-6	1.242070E-4	0.000000E+0	0.000000E+0	0.000000E+0
3.123076E+2	-7.897013E+3	-3.030000E-1	6.386846E-18	1.659667E-18	2.676903E-6	0.000000E+0	5.000094E-6	1.264324E-4	0.000000E+0	0.000000E+0	0.000000E+0
3.043735E+2	-7.762910E+3	-2.670000E-1	9.225652E+16	2.295762E-18	3.213088E-6	0.000000E+0	5.043019E-6	1.286199E-4	0.000000E+0	0.000000E+0	0.000000E+0
2.908887E+2	-7.642544E+3	-2.320000E-1	4.020355E+17	1.855177E+17	3.266197E-6	0.000000E+0	4.973043E-6	1.306572E-4	0.000000E+0	0.000000E+0	0.000000E+0
2.876777E+2	-7.524421E+3	-1.960000E-1	1.676929E-18	4.035830E-18	2.780954E-6	0.000000E+0	5.073710E-6	1.327066E-4	0.000000E+0	0.000000E+0	0.000000E+0
2.686670E+2	-7.415350E+3	-1.610000E-1	-2.680825E+17	-5.492346E+17	1.812634E-6	0.000000E+0	4.879567E-6	1.346786E-4	0.000000E+0	0.000000E+0	0.000000E+0
2.669624E+2	-7.307733E+3	-1.250000E-1	6.309741E-18	-4.155966E-18	2.859532E-6	0.000000E+0	4.992356E-6	1.366590E-4	0.000000E+0	0.000000E+0	0.000000E+0
2.606880E+2	-7.211648E+3	-9.000000E-2	2.579781E+17	4.569561E-19	3.934127E-6	0.000000E+0	5.005931E-6	1.384836E-4	0.000000E+0	0.000000E+0	0.000000E+0
2.532158E+2	-7.111756E+3	-5.400000E-2	2.915631E-18	5.325299E+16	3.448854E-6	0.000000E+0	5.000194E-6	1.404342E-4	0.000000E+0	0.000000E+0	0.000000E+0
2.505708E+2	-7.020818E+3	-1.900000E-2	-1.980656E+17	1.958093E+16	2.991248E-6	0.000000E+0	5.076942E-6	1.422524E-4	0.000000E+0	0.000000E+0	0.000000E+0
2.472070E+2	-6.934203E+3	1.600000E-2	4.169888E-18	3.559669E+13	2.533672E-6	0.000000E+0	5.134711E-6	1.440296E-4	0.000000E+0	0.000000E+0	0.000000E+0
2.381714E+2	-6.848420E+3	5.200000E-2	5.785078E-19	5.234687E+17	1.026942E-6	0.000000E+0	5.072054E-6	1.458427E-4	0.000000E+0	0.000000E+0	0.000000E+0
2.360542E+2	-6.769731E+3	8.700000E-2	-2.375418E+17	1.295985E-19	3.122965E-6	0.000000E+0	5.144477E-6	1.475370E-4	0.000000E+0	0.000000E+0	0.000000E+0
2.361050E+2	-6.690396E+3	1.230000E-1	-5.351627E-18	2.391872E+17	5.702062E-6	0.000000E+0	5.268185E-6	1.492821E-4	0.000000E+0	0.000000E+0	0.000000E+0
2.349644E+2	-6.620616E+3	1.580000E-1	2.587905E+17	2.524315E-18	1.669401E-6	0.000000E+0	5.353756E-6	1.508533E-4	0.000000E+0	0.000000E+0	0.000000E+0
2.299429E+2	-6.554735E+3	1.940000E-1	-3.127958E+17	5.964970E-18	3.227042E-6	0.000000E+0	5.345343E-6	1.523740E-4	0.000000E+0	0.000000E+0	0.000000E+0
2.261367E+2	-6.492168E+3	2.290000E-1	6.653843E-18	-4.395667E+17	3.280151E-6	0.000000E+0	5.358768E-6	1.538451E-4	0.000000E+0	0.000000E+0	0.000000E+0
2.415835E+2	-6.430039E+3	2.650000E-1	-1.137863E-18	-4.190346E+17	2.284165E-6	0.000000E+0	5.834820E-6	1.553008E-4	0.000000E+0	0.000000E+0	0.000000E+0
2.291182E+2	-6.374579E+3	3.000000E-1	-9.275714E-19	-3.780201E-18	2.848015E-6	0.000000E+0	5.631134E-6	1.566707E-4	0.000000E+0	0.000000E+0	0.000000E+0
