Real / Ohm	Ximag / Ohm	V_DC / V	I_a c / A	V_ac / V	I_DC / A
6.565477E+3	-1.258203E+5	-2.500000E+0	-3.567381E+17	-4.283094E-18	3.704918E-6	1.000000E+6	4.136032E-7	7.926261E-6	0.000000E+0	0.000000E+0	0.000000E+0
6.735031E+3	-1.213876E+5	-2.467000E+0	-1.808722E+17	6.906363E-18	1.770502E-6	0.000000E+0	4.556759E-7	8.212791E-6	0.000000E+0	0.000000E+0	0.000000E+0
8.089109E+3	-1.180436E+5	-2.434000E+0	-5.704680E+17	1.371951E+17	2.900430E-6	0.000000E+0	5.778048E-7	8.431851E-6	0.000000E+0	0.000000E+0	0.000000E+0
6.909445E+3	-1.159287E+5	-2.401000E+0	-6.194311E-18	5.356395E+17	2.498156E-6	0.000000E+0	5.122963E-7	8.595458E-6	0.000000E+0	0.000000E+0	0.000000E+0
7.820289E+3	-1.122094E+5	-2.368000E+0	2.517955E+17	3.793714E+16	5.637412E-7	0.000000E+0	6.181017E-7	8.868832E-6	0.000000E+0	0.000000E+0	0.000000E+0
7.646305E+3	-1.101171E+5	-2.335000E+0	4.553607E+17	-2.686618E+17	3.736524E-6	0.000000E+0	6.275569E-7	9.037665E-6	0.000000E+0	0.000000E+0	0.000000E+0
7.868148E+3	-1.070647E+5	-2.303000E+0	8.250878E-19	3.413458E-18	2.340486E-6	0.000000E+0	6.827170E-7	9.289974E-6	0.000000E+0	0.000000E+0	0.000000E+0
7.264078E+3	-1.046447E+5	-2.270000E+0	6.288344E-18	-3.928899E-18	1.427499E-6	0.000000E+0	6.601739E-7	9.510319E-6	0.000000E+0	0.000000E+0	0.000000E+0
7.784188E+3	-1.012567E+5	-2.237000E+0	-2.651570E-18	4.670974E-18	3.798050E-9	0.000000E+0	7.547562E-7	9.817867E-6	0.000000E+0	0.000000E+0	0.000000E+0
7.815984E+3	-9.767189E+4	-2.204000E+0	2.907620E+17	-1.496570E-18	-1.419903E-6	0.000000E+0	8.140897E-7	1.017321E-5	0.000000E+0	0.000000E+0	0.000000E+0
7.773594E+3	-9.508358E+4	-2.171000E+0	-2.052452E-18	3.493290E-18	7.314520E-7	0.000000E+0	8.541176E-7	1.044723E-5	0.000000E+0	0.000000E+0	0.000000E+0
7.969586E+3	-9.187413E+4	-2.138000E+0	5.725574E-18	6.181569E-18	2.372093E-6	0.000000E+0	9.371166E-7	1.080317E-5	0.000000E+0	0.000000E+0	0.000000E+0
7.879328E+3	-8.821792E+4	-2.105000E+0	-6.504745E+16	2.369913E+17	1.969820E-6	0.000000E+0	1.004442E-6	1.124585E-5	0.000000E+0	0.000000E+0	0.000000E+0
7.905586E+3	-8.433697E+4	-2.072000E+0	-4.960950E+17	-5.508904E-18	3.099689E-6	0.000000E+0	1.101790E-6	1.175392E-5	0.000000E+0	0.000000E+0	0.000000E+0
7.334070E+3	-8.001509E+4	-2.039000E+0	2.127762E-18	3.298054E+15	6.545597E-7	0.000000E+0	1.135973E-6	1.239352E-5	0.000000E+0	0.000000E+0	0.000000E+0
7.827066E+3	-7.647600E+4	-2.006000E+0	8.607266E+16	1.699868E-17	4.338057E-6	0.000000E+0	1.324412E-6	1.294045E-5	0.000000E+0	0.000000E+0	0.000000E+0
7.849766E+3	-7.180713E+4	-1.973000E+0	-3.654067E-18	-2.240669E+17	1.892928E-6	0.000000E+0	1.504397E-6	1.376174E-5	0.000000E+0	0.000000E+0	0.000000E+0
8.097555E+3	-6.853084E+4	-1.941000E+0	2.698511E+17	2.405250E+17	3.050518E-6	0.000000E+0	1.700436E-6	1.439105E-5	0.000000E+0	0.000000E+0	0.000000E+0
7.973125E+3	-6.723669E+4	-1.908000E+0	-6.256276E-18	1.399337E+17	3.158959E-6	0.000000E+0	1.739208E-6	1.466659E-5	0.000000E+0	0.000000E+0	0.000000E+0
7.755613E+3	-6.692733E+4	-1.875000E+0	-1.006173E-18	-5.687810E-18	2.030574E-7	0.000000E+0	1.708504E-6	1.474360E-5	0.000000E+0	0.000000E+0	0.000000E+0
7.780086E+3	-6.580797E+4	-1.842000E+0	1.311717E+15	5.049488E-18	1.843699E-6	0.000000E+0	1.771737E-6	1.498627E-5	0.000000E+0	0.000000E+0	0.000000E+0
8.023781E+3	-6.541006E+4	-1.809000E+0	2.472319E-19	4.245176E+17	9.307114E-7	0.000000E+0	1.847581E-6	1.506153E-5	0.000000E+0	0.000000E+0	0.000000E+0
7.887406E+3	-6.444104E+4	-1.776000E+0	-5.203440E-18	3.843920E-18	-1.514418E-6	0.000000E+0	1.871333E-6	1.528902E-5	0.000000E+0	0.000000E+0	0.000000E+0
8.031805E+3	-6.349874E+4	-1.743000E+0	-1.183520E-18	-5.342346E-18	2.679793E-6	0.000000E+0	1.960603E-6	1.550035E-5	0.000000E+0	0.000000E+0	0.000000E+0
7.872641E+3	-6.269048E+4	-1.710000E+0	-5.319197E+16	-4.994279E+17	7.453782E-7	0.000000E+0	1.972068E-6	1.570373E-5	0.000000E+0	0.000000E+0	0.000000E+0
7.796340E+3	-6.175795E+4	-1.677000E+0	2.088264E+17	-2.195880E+17	5.450362E-6	0.000000E+0	2.012048E-6	1.593825E-5	0.000000E+0	0.000000E+0	0.000000E+0
7.937293E+3	-6.082752E+4	-1.644000E+0	-7.964855E+16	-3.372652E-18	4.026660E-6	0.000000E+0	2.109306E-6	1.616469E-5	0.000000E+0	0.000000E+0	0.000000E+0
8.024434E+3	-5.978152E+4	-1.611000E+0	-1.774996E-18	1.580559E+17	1.581466E-6	0.000000E+0	2.205592E-6	1.643152E-5	0.000000E+0	0.000000E+0	0.000000E+0
7.722664E+3	-5.872829E+4	-1.578000E+0	-4.775830E-18	6.138991E-18	1.689965E-6	0.000000E+0	2.201035E-6	1.673814E-5	0.000000E+0	0.000000E+0	0.000000E+0
7.738500E+3	-5.770360E+4	-1.546000E+0	1.829862E+17	1.849291E+17	1.826076E-6	0.000000E+0	2.283020E-6	1.702377E-5	0.000000E+0	0.000000E+0	0.000000E+0
7.520934E+3	-5.675752E+4	-1.513000E+0	4.410889E+17	3.940187E-18	-1.129825E-6	0.000000E+0	2.294380E-6	1.731478E-5	0.000000E+0	0.000000E+0	0.000000E+0
7.198934E+3	-5.597216E+4	-1.480000E+0	-2.037276E-18	3.318154E+17	5.108159E-7	0.000000E+0	2.260470E-6	1.757529E-5	0.000000E+0	0.000000E+0	0.000000E+0
6.790730E+3	-5.510504E+4	-1.447000E+0	-4.319920E+17	-4.172230E+17	2.662171E-6	0.000000E+0	2.202866E-6	1.787570E-5	0.000000E+0	0.000000E+0	0.000000E+0
6.214840E+3	-5.418734E+4	-1.414000E+0	2.945531E-18	-1.599031E-19	1.749184E-6	0.000000E+0	2.089098E-6	1.821489E-5	0.000000E+0	0.000000E+0	0.000000E+0
5.812633E+3	-5.346444E+4	-1.381000E+0	-1.696221E+17	-6.427781E-19	3.389825E-6	0.000000E+0	2.009739E-6	1.848552E-5	0.000000E+0	0.000000E+0	0.000000E+0
5.350086E+3	-5.247448E+4	-1.348000E+0	-2.725480E+17	1.903750E-18	4.339236E-7	0.000000E+0	1.922973E-6	1.886082E-5	0.000000E+0	0.000000E+0	0.000000E+0
4.643980E+3	-5.156922E+4	-1.315000E+0	-1.478400E+17	2.655554E+17	1.563851E-6	0.000000E+0	1.732214E-6	1.923542E-5	0.000000E+0	0.000000E+0	0.000000E+0
4.259863E+3	-5.006884E+4	-1.282000E+0	-2.971689E+17	-4.956124E-18	1.161570E-6	0.000000E+0	1.687051E-6	1.982897E-5	0.000000E+0	0.000000E+0	0.000000E+0
3.801020E+3	-4.832370E+4	-1.249000E+0	-4.717429E+17	-4.928282E+17	2.291526E-6	0.000000E+0	1.617712E-6	2.056653E-5	0.000000E+0	0.000000E+0	0.000000E+0
3.128059E+3	-4.565494E+4	-1.216000E+0	-9.427576E-19	-9.426377E-19	1.889253E-6	0.000000E+0	1.493707E-6	2.180109E-5	0.000000E+0	0.000000E+0	0.000000E+0
2.751482E+3	-4.267975E+4	-1.184000E+0	-3.096135E+17	4.406614E-18	3.557565E-6	0.000000E+0	1.504256E-6	2.333334E-5	0.000000E+0	0.000000E+0	0.000000E+0
2.417734E+3	-3.889176E+4	-1.151000E+0	-4.715167E+17	-5.481549E+17	1.112407E-6	0.000000E+0	1.592275E-6	2.561340E-5	0.000000E+0	0.000000E+0	0.000000E+0
1.973201E+3	-3.468428E+4	-1.118000E+0	-1.067113E+17	-5.230656E+17	-1.332752E-6	0.000000E+0	1.634943E-6	2.873849E-5	0.000000E+0	0.000000E+0	0.000000E+0
1.665736E+3	-3.069984E+4	-1.085000E+0	-3.021231E-18	2.162610E+17	2.350775E-6	0.000000E+0	1.762208E-6	3.247784E-5	0.000000E+0	0.000000E+0	0.000000E+0
1.447443E+3	-2.700233E+4	-1.052000E+0	-3.411601E-18	5.558819E-18	9.270734E-7	0.000000E+0	1.979488E-6	3.692773E-5	0.000000E+0	0.000000E+0	0.000000E+0
1.159563E+3	-2.350755E+4	-1.019000E+0	4.155990E+17	-2.187937E-18	2.056971E-6	0.000000E+0	2.093265E-6	4.243627E-5	0.000000E+0	0.000000E+0	0.000000E+0
1.026855E+3	-2.070524E+4	-9.860000E-1	-4.316353E+17	4.857998E-18	1.654724E-6	0.000000E+0	2.389361E-6	4.817845E-5	0.000000E+0	0.000000E+0	0.000000E+0
8.797178E+2	-1.843727E+4	-9.530000E-1	-3.851510E-18	-6.874123E-18	2.784622E-6	0.000000E+0	2.582037E-6	5.411477E-5	0.000000E+0	0.000000E+0	0.000000E+0
7.392471E+2	-1.665872E+4	-9.200000E-1	4.766215E-20	4.558806E+17	2.382349E-6	0.000000E+0	2.658594E-6	5.991064E-5	0.000000E+0	0.000000E+0	0.000000E+0
6.373223E+2	-1.523095E+4	-8.870000E-1	1.388541E-18	6.784133E-18	-5.735237E-7	0.000000E+0	2.742492E-6	6.554103E-5	0.000000E+0	0.000000E+0	0.000000E+0
5.690918E+2	-1.408635E+4	-8.540000E-1	3.311088E+17	-3.632303E-18	-4.650537E-7	0.000000E+0	2.863368E-6	7.087503E-5	0.000000E+0	0.000000E+0	0.000000E+0
4.969355E+2	-1.324762E+4	-8.220000E-1	-7.975154E-19	6.323277E-18	1.203254E-6	0.000000E+0	2.827572E-6	7.537919E-5	0.000000E+0	0.000000E+0	0.000000E+0
4.674141E+2	-1.253560E+4	-7.890000E-1	-4.524503E+17	2.055852E+17	3.865320E-6	0.000000E+0	2.970354E-6	7.966205E-5	0.000000E+0	0.000000E+0	0.000000E+0
4.183252E+2	-1.193038E+4	-7.560000E-1	-6.904569E-18	-4.080324E+17	9.094474E-7	0.000000E+0	2.935431E-6	8.371670E-5	0.000000E+0	0.000000E+0	0.000000E+0
3.733916E+2	-1.143629E+4	-7.230000E-1	2.547933E-18	-3.558762E+16	1.528631E-6	0.000000E+0	2.851882E-6	8.734783E-5	0.000000E+0	0.000000E+0	0.000000E+0
3.440420E+2	-1.099945E+4	-6.900000E-1	-1.734759E+17	1.089529E+17	1.126358E-6	0.000000E+0	2.840827E-6	9.082478E-5	0.000000E+0	0.000000E+0	0.000000E+0
3.130327E+2	-1.060382E+4	-6.570000E-1	-5.201041E+17	1.796536E+17	4.809885E-6	0.000000E+0	2.781549E-6	9.422352E-5	0.000000E+0	0.000000E+0	0.000000E+0
2.939961E+2	-1.024620E+4	-6.240000E-1	3.883248E+17	-5.707470E+17	8.325551E-7	0.000000E+0	2.798070E-6	9.751687E-5	0.000000E+0	0.000000E+0	0.000000E+0
2.622827E+2	-9.918699E+3	-5.910000E-1	-2.820974E+17	-3.562291E+17	2.983910E-6	0.000000E+0	2.664138E-6	1.007492E-4	0.000000E+0	0.000000E+0	0.000000E+0
2.536265E+2	-9.618117E+3	-5.580000E-1	7.433461E+16	-3.376204E+17	3.092380E-6	0.000000E+0	2.739761E-6	1.038982E-4	0.000000E+0	0.000000E+0	0.000000E+0
2.373047E+2	-9.335568E+3	-5.250000E-1	4.345814E+17	8.421242E+16	3.711564E-6	0.000000E+0	2.721099E-6	1.070480E-4	0.000000E+0	0.000000E+0	0.000000E+0
2.250752E+2	-9.074346E+3	-4.920000E-1	5.364300E+17	-2.871878E+17	7.556919E-7	0.000000E+0	2.731680E-6	1.101330E-4	0.000000E+0	0.000000E+0	0.000000E+0
2.113735E+2	-8.828979E+3	-4.590000E-1	6.386846E-18	1.659667E-18	-1.572971E-7	0.000000E+0	2.710071E-6	1.131985E-4	0.000000E+0	0.000000E+0	0.000000E+0
2.070923E+2	-8.612568E+3	-4.270000E-1	9.225652E+16	2.295762E-18	-2.118941E-8	0.000000E+0	2.790279E-6	1.160423E-4	0.000000E+0	0.000000E+0	0.000000E+0
2.006289E+2	-8.401355E+3	-3.940000E-1	4.020355E+17	1.855177E+17	2.640909E-6	0.000000E+0	2.840843E-6	1.189606E-4	0.000000E+0	0.000000E+0	0.000000E+0
1.858765E+2	-8.203359E+3	-3.610000E-1	1.676929E-18	4.035830E-18	7.064646E-7	0.000000E+0	2.760693E-6	1.218387E-4	0.000000E+0	0.000000E+0	0.000000E+0
1.799966E+2	-8.023902E+3	-3.280000E-1	-2.680825E+17	-5.492346E+17	3.879275E-6	0.000000E+0	2.794310E-6	1.245650E-4	0.000000E+0	0.000000E+0	0.000000E+0
1.733906E+2	-7.862739E+3	-2.950000E-1	6.309741E-18	-4.155966E-18	3.987743E-6	0.000000E+0	2.803281E-6	1.271203E-4	0.000000E+0	0.000000E+0	0.000000E+0
1.682676E+2	-7.710681E+3	-2.620000E-1	2.579781E+17	4.569561E-19	2.564013E-6	0.000000E+0	2.828839E-6	1.296285E-4	0.000000E+0	0.000000E+0	0.000000E+0
1.487236E+2	-7.570402E+3	-2.290000E-1	2.915631E-18	5.325299E+16	2.161771E-6	0.000000E+0	2.594027E-6	1.320424E-4	0.000000E+0	0.000000E+0	0.000000E+0
1.560532E+2	-7.447320E+3	-1.960000E-1	-1.980656E+17	1.958093E+16	-2.833885E-7	0.000000E+0	2.812432E-6	1.342176E-4	0.000000E+0	0.000000E+0	0.000000E+0
1.594644E+2	-7.323442E+3	-1.630000E-1	4.169888E-18	3.559669E+13	8.465095E-7	0.000000E+0	2.971853E-6	1.364831E-4	0.000000E+0	0.000000E+0	0.000000E+0
1.468623E+2	-7.206992E+3	-1.300000E-1	5.785078E-19	5.234687E+17	2.997864E-6	0.000000E+0	2.826324E-6	1.386965E-4	0.000000E+0	0.000000E+0	0.000000E+0
1.420400E+2	-7.103579E+3	-9.700000E-2	-2.375418E+17	1.295985E-19	2.595591E-6	0.000000E+0	2.813731E-6	1.407178E-4	0.000000E+0	0.000000E+0	0.000000E+0
1.159155E+2	-7.002004E+3	-6.500000E-2	-5.351627E-18	2.391872E+17	3.753184E-6	0.000000E+0	2.363621E-6	1.427771E-4	0.000000E+0	0.000000E+0	0.000000E+0
1.434043E+2	-6.906863E+3	-3.200000E-2	2.587905E+17	2.524315E-18	1.308025E-6	0.000000E+0	3.004784E-6	1.447211E-4	0.000000E+0	0.000000E+0	0.000000E+0
1.394922E+2	-6.813481E+3	1.000000E-3	-3.127958E+17	5.964970E-18	2.437923E-6	0.000000E+0	3.003515E-6	1.467064E-4	0.000000E+0	0.000000E+0	0.000000E+0
1.384648E+2	-6.729771E+3	3.400000E-2	6.653843E-18	-4.395667E+17	1.014221E-6	0.000000E+0	3.056012E-6	1.485306E-4	0.000000E+0	0.000000E+0	0.000000E+0
1.378643E+2	-6.645624E+3	6.700000E-2	-1.137863E-18	-4.190346E+17	4.187033E-6	0.000000E+0	3.120279E-6	1.504102E-4	0.000000E+0	0.000000E+0	0.000000E+0
1.392061E+2	-6.566595E+3	1.000000E-1	-9.275714E-19	-3.780201E-18	3.274045E-6	0.000000E+0	3.226879E-6	1.522175E-4	0.000000E+0	0.000000E+0	0.000000E+0
