Real / Ohm	Ximag / Ohm	V_DC / V	I_a c / A	V_ac / V	I_DC / A
4.898669E+1	-7.582693E+0	-2.500000E+0	-3.567381E+17	-4.283094E-18	-3.277612E-2	1.000000E+7	1.993604E-2	3.085917E-3	0.000000E+0	0.000000E+0	0.000000E+0
5.331039E+1	-6.620829E+0	-2.437000E+0	-1.808722E+17	6.906363E-18	-2.378401E-2	0.000000E+0	1.847314E-2	2.294252E-3	0.000000E+0	0.000000E+0	0.000000E+0
5.398911E+1	-5.644411E+0	-2.373000E+0	-5.704680E+17	1.371951E+17	-2.355238E-2	0.000000E+0	1.832199E-2	1.915513E-3	0.000000E+0	0.000000E+0	0.000000E+0
5.088502E+1	-6.937233E+0	-2.310000E+0	-6.194311E-18	5.356395E+17	-2.198824E-2	0.000000E+0	1.929355E-2	2.630320E-3	0.000000E+0	0.000000E+0	0.000000E+0
5.522764E+1	-7.096470E+0	-2.247000E+0	2.517955E+17	3.793714E+16	-2.119887E-2	0.000000E+0	1.781277E-2	2.288850E-3	0.000000E+0	0.000000E+0	0.000000E+0
4.775470E+1	-5.871870E+0	-2.184000E+0	4.553607E+17	-2.686618E+17	-2.053616E-2	0.000000E+0	2.062847E-2	2.536456E-3	0.000000E+0	0.000000E+0	0.000000E+0
3.882523E+1	-6.939381E+0	-2.120000E+0	8.250878E-19	3.413458E-18	-2.093272E-2	0.000000E+0	2.495911E-2	4.461037E-3	0.000000E+0	0.000000E+0	0.000000E+0
3.767760E+1	-6.785734E+0	-2.057000E+0	6.288344E-18	-3.928899E-18	-2.416531E-2	0.000000E+0	2.570713E-2	4.629853E-3	0.000000E+0	0.000000E+0	0.000000E+0
5.343453E+1	-3.226501E+0	-1.994000E+0	-2.651570E-18	4.670974E-18	-2.508176E-2	0.000000E+0	1.864650E-2	1.125919E-3	0.000000E+0	0.000000E+0	0.000000E+0
4.393457E+1	-3.538649E+0	-1.930000E+0	2.907620E+17	-1.496570E-18	-1.821582E-2	0.000000E+0	2.261441E-2	1.821447E-3	0.000000E+0	0.000000E+0	0.000000E+0
4.422679E+1	-5.478136E+0	-1.867000E+0	-2.052452E-18	3.493290E-18	-1.673646E-2	0.000000E+0	2.226907E-2	2.758350E-3	0.000000E+0	0.000000E+0	0.000000E+0
4.392431E+1	-5.679924E+0	-1.804000E+0	5.725574E-18	6.181569E-18	-1.648693E-2	0.000000E+0	2.239201E-2	2.895547E-3	0.000000E+0	0.000000E+0	0.000000E+0
5.393222E+1	-4.793873E+0	-1.741000E+0	-6.504745E+16	2.369913E+17	-1.934975E-2	0.000000E+0	1.839644E-2	1.635205E-3	0.000000E+0	0.000000E+0	0.000000E+0
5.211588E+1	-3.673874E+0	-1.677000E+0	-4.960950E+17	-5.508904E-18	-1.522078E-2	0.000000E+0	1.909313E-2	1.345957E-3	0.000000E+0	0.000000E+0	0.000000E+0
5.923324E+1	-4.586857E+0	-1.614000E+0	2.127762E-18	3.298054E+15	-1.444418E-2	0.000000E+0	1.678178E-2	1.299534E-3	0.000000E+0	0.000000E+0	0.000000E+0
6.015450E+1	-4.560286E+0	-1.551000E+0	8.607266E+16	1.699868E-17	-1.324674E-2	0.000000E+0	1.652887E-2	1.253046E-3	0.000000E+0	0.000000E+0	0.000000E+0
5.862873E+1	-2.772625E+0	-1.487000E+0	-3.654067E-18	-2.240669E+17	-1.259325E-2	0.000000E+0	1.701842E-2	8.048222E-4	0.000000E+0	0.000000E+0	0.000000E+0
4.874216E+1	-4.017076E+0	-1.424000E+0	2.698511E+17	2.405250E+17	-1.189428E-2	0.000000E+0	2.037771E-2	1.679425E-3	0.000000E+0	0.000000E+0	0.000000E+0
5.057716E+1	-3.559858E+0	-1.361000E+0	-6.256276E-18	1.399337E+17	-1.272033E-2	0.000000E+0	1.967430E-2	1.384770E-3	0.000000E+0	0.000000E+0	0.000000E+0
5.140292E+1	-2.482924E+0	-1.297000E+0	-1.006173E-18	-5.687810E-18	-1.222006E-2	0.000000E+0	1.940886E-2	9.375096E-4	0.000000E+0	0.000000E+0	0.000000E+0
5.222575E+1	-2.014849E+0	-1.234000E+0	1.311717E+15	5.049488E-18	-1.028616E-2	0.000000E+0	1.911919E-2	7.376107E-4	0.000000E+0	0.000000E+0	0.000000E+0
4.821991E+1	-3.838776E+0	-1.171000E+0	2.472319E-19	4.245176E+17	-8.330293E-3	0.000000E+0	2.060772E-2	1.640576E-3	0.000000E+0	0.000000E+0	0.000000E+0
6.805321E+1	-1.496235E+0	-1.108000E+0	-5.203440E-18	3.843920E-18	-7.890260E-3	0.000000E+0	1.468728E-2	3.229183E-4	0.000000E+0	0.000000E+0	0.000000E+0
8.323262E+1	-9.350090E-1	-1.044000E+0	-1.183520E-18	-5.342346E-18	-7.150969E-3	0.000000E+0	1.201300E-2	1.349503E-4	0.000000E+0	0.000000E+0	0.000000E+0
1.064407E+2	-2.095222E+0	-9.810000E-1	-5.319197E+16	-4.994279E+17	-6.588360E-3	0.000000E+0	9.391264E-3	1.848615E-4	0.000000E+0	0.000000E+0	0.000000E+0
1.560195E+2	-6.734642E+0	-9.180000E-1	2.088264E+17	-2.195880E+17	-6.187653E-3	0.000000E+0	6.397535E-3	2.761521E-4	0.000000E+0	0.000000E+0	0.000000E+0
2.428374E+2	-3.215729E+1	-8.540000E-1	-7.964855E+16	-3.372652E-18	-5.873285E-3	0.000000E+0	4.047014E-3	5.359183E-4	0.000000E+0	0.000000E+0	0.000000E+0
3.019119E+2	-6.644768E+1	-7.910000E-1	-1.774996E-18	1.580559E+17	-5.640606E-3	0.000000E+0	3.159195E-3	6.953060E-4	0.000000E+0	0.000000E+0	0.000000E+0
3.083197E+2	-7.923662E+1	-7.280000E-1	-4.775830E-18	6.138991E-18	-5.473299E-3	0.000000E+0	3.042444E-3	7.818929E-4	0.000000E+0	0.000000E+0	0.000000E+0
2.754191E+2	-6.614246E+1	-6.650000E-1	1.829862E+17	1.849291E+17	-5.261049E-3	0.000000E+0	3.432848E-3	8.244054E-4	0.000000E+0	0.000000E+0	0.000000E+0
2.200828E+2	-4.345580E+1	-6.010000E-1	4.410889E+17	3.940187E-18	-5.087641E-3	0.000000E+0	4.373243E-3	8.635059E-4	0.000000E+0	0.000000E+0	0.000000E+0
1.637153E+2	-2.545726E+1	-5.380000E-1	-2.037276E-18	3.318154E+17	-4.747709E-3	0.000000E+0	5.963960E-3	9.273787E-4	0.000000E+0	0.000000E+0	0.000000E+0
1.276576E+2	-1.612189E+1	-4.750000E-1	-4.319920E+17	-4.172230E+17	-4.269882E-3	0.000000E+0	7.710479E-3	9.737571E-4	0.000000E+0	0.000000E+0	0.000000E+0
1.103571E+2	-1.529398E+1	-4.110000E-1	2.945531E-18	-1.599031E-19	-3.884013E-3	0.000000E+0	8.890735E-3	1.232134E-3	0.000000E+0	0.000000E+0	0.000000E+0
9.204935E+1	-8.804329E+0	-3.480000E-1	-1.696221E+17	-6.427781E-19	-3.784121E-3	0.000000E+0	1.076525E-2	1.029674E-3	0.000000E+0	0.000000E+0	0.000000E+0
8.019098E+1	-7.731068E+0	-2.850000E-1	-2.725480E+17	1.903750E-18	-2.795570E-3	0.000000E+0	1.235539E-2	1.191161E-3	0.000000E+0	0.000000E+0	0.000000E+0
7.165668E+1	-7.280285E+0	-2.220000E-1	-1.478400E+17	2.655554E+17	-2.154311E-3	0.000000E+0	1.381285E-2	1.403379E-3	0.000000E+0	0.000000E+0	0.000000E+0
6.868286E+1	-6.806526E+0	-1.580000E-1	-2.971689E+17	-4.956124E-18	-1.551383E-3	0.000000E+0	1.441807E-2	1.428843E-3	0.000000E+0	0.000000E+0	0.000000E+0
6.936462E+1	-6.510656E+0	-9.500000E-2	-4.717429E+17	-4.928282E+17	-9.234033E-4	0.000000E+0	1.429067E-2	1.341342E-3	0.000000E+0	0.000000E+0	0.000000E+0
7.179675E+1	-6.593300E+0	-3.200000E-2	-9.427576E-19	-9.426377E-19	-3.235128E-4	0.000000E+0	1.381173E-2	1.268370E-3	0.000000E+0	0.000000E+0	0.000000E+0
7.454176E+1	-6.786915E+0	3.200000E-2	-3.096135E+17	4.406614E-18	3.601088E-4	0.000000E+0	1.330500E-2	1.211400E-3	0.000000E+0	0.000000E+0	0.000000E+0
7.785449E+1	-7.032288E+0	9.500000E-2	-4.715167E+17	-5.481549E+17	9.763420E-4	0.000000E+0	1.274053E-2	1.150801E-3	0.000000E+0	0.000000E+0	0.000000E+0
8.185027E+1	-7.061977E+0	1.580000E-1	-1.067113E+17	-5.230656E+17	1.554782E-3	0.000000E+0	1.212715E-2	1.046321E-3	0.000000E+0	0.000000E+0	0.000000E+0
8.348282E+1	-8.045254E+0	2.220000E-1	-3.021231E-18	2.162610E+17	2.387024E-3	0.000000E+0	1.186829E-2	1.143749E-3	0.000000E+0	0.000000E+0	0.000000E+0
8.867502E+1	-8.297520E+0	2.850000E-1	-3.411601E-18	5.558819E-18	2.636047E-3	0.000000E+0	1.117925E-2	1.046067E-3	0.000000E+0	0.000000E+0	0.000000E+0
9.322289E+1	-8.578110E+0	3.480000E-1	4.155990E+17	-2.187937E-18	3.629195E-3	0.000000E+0	1.063691E-2	9.787792E-4	0.000000E+0	0.000000E+0	0.000000E+0
9.757716E+1	-9.531551E+0	4.110000E-1	-4.316353E+17	4.857998E-18	3.637666E-3	0.000000E+0	1.015144E-2	9.916146E-4	0.000000E+0	0.000000E+0	0.000000E+0
1.010566E+2	-1.086282E+1	4.750000E-1	-3.851510E-18	-6.874123E-18	4.131298E-3	0.000000E+0	9.782413E-3	1.051535E-3	0.000000E+0	0.000000E+0	0.000000E+0
1.063279E+2	-1.185499E+1	5.380000E-1	4.766215E-20	4.558806E+17	4.606060E-3	0.000000E+0	9.289392E-3	1.035717E-3	0.000000E+0	0.000000E+0	0.000000E+0
1.110502E+2	-1.293842E+1	6.010000E-1	1.388541E-18	6.784133E-18	5.139557E-3	0.000000E+0	8.884336E-3	1.035111E-3	0.000000E+0	0.000000E+0	0.000000E+0
1.163196E+2	-1.413082E+1	6.650000E-1	3.311088E+17	-3.632303E-18	6.000400E-3	0.000000E+0	8.471974E-3	1.029198E-3	0.000000E+0	0.000000E+0	0.000000E+0
1.213250E+2	-1.549536E+1	7.280000E-1	-7.975154E-19	6.323277E-18	6.039004E-3	0.000000E+0	8.110035E-3	1.035796E-3	0.000000E+0	0.000000E+0	0.000000E+0
1.269987E+2	-1.663475E+1	7.910000E-1	-4.524503E+17	2.055852E+17	6.410601E-3	0.000000E+0	7.741281E-3	1.013981E-3	0.000000E+0	0.000000E+0	0.000000E+0
1.305098E+2	-1.782501E+1	8.540000E-1	-6.904569E-18	-4.080324E+17	6.780664E-3	0.000000E+0	7.521945E-3	1.027346E-3	0.000000E+0	0.000000E+0	0.000000E+0
1.326340E+2	-1.906353E+1	9.180000E-1	2.547933E-18	-3.558762E+16	7.048557E-3	0.000000E+0	7.386942E-3	1.061728E-3	0.000000E+0	0.000000E+0	0.000000E+0
1.351929E+2	-1.825169E+1	9.810000E-1	-1.734759E+17	1.089529E+17	7.538641E-3	0.000000E+0	7.264434E-3	9.807335E-4	0.000000E+0	0.000000E+0	0.000000E+0
1.352444E+2	-1.869537E+1	1.044000E+0	-5.201041E+17	1.796536E+17	7.814221E-3	0.000000E+0	7.255381E-3	1.002940E-3	0.000000E+0	0.000000E+0	0.000000E+0
1.331272E+2	-1.827654E+1	1.108000E+0	3.883248E+17	-5.707470E+17	8.133695E-3	0.000000E+0	7.372657E-3	1.012165E-3	0.000000E+0	0.000000E+0	0.000000E+0
1.301862E+2	-1.745851E+1	1.171000E+0	-2.820974E+17	-3.562291E+17	8.398550E-3	0.000000E+0	7.545606E-3	1.011897E-3	0.000000E+0	0.000000E+0	0.000000E+0
1.240547E+2	-1.592943E+1	1.234000E+0	7.433461E+16	-3.376204E+17	8.677196E-3	0.000000E+0	7.930205E-3	1.018290E-3	0.000000E+0	0.000000E+0	0.000000E+0
1.180822E+2	-1.389894E+1	1.297000E+0	4.345814E+17	8.421242E+16	9.122336E-3	0.000000E+0	8.352950E-3	9.831893E-4	0.000000E+0	0.000000E+0	0.000000E+0
1.091573E+2	-1.147157E+1	1.361000E+0	5.364300E+17	-2.871878E+17	9.672146E-3	0.000000E+0	9.061018E-3	9.522415E-4	0.000000E+0	0.000000E+0	0.000000E+0
9.995227E+1	-9.967205E+0	1.424000E+0	6.386846E-18	1.659667E-18	1.020922E-2	0.000000E+0	9.906267E-3	9.878495E-4	0.000000E+0	0.000000E+0	0.000000E+0
9.177396E+1	-8.227737E+0	1.487000E+0	9.225652E+16	2.295762E-18	1.061861E-2	0.000000E+0	1.080946E-2	9.690915E-4	0.000000E+0	0.000000E+0	0.000000E+0
8.355130E+1	-7.182922E+0	1.551000E+0	4.020355E+17	1.855177E+17	1.122920E-2	0.000000E+0	1.188088E-2	1.021402E-3	0.000000E+0	0.000000E+0	0.000000E+0
7.642094E+1	-6.513630E+0	1.614000E+0	1.676929E-18	4.035830E-18	1.168659E-2	0.000000E+0	1.299104E-2	1.107273E-3	0.000000E+0	0.000000E+0	0.000000E+0
7.629192E+1	-3.906570E+0	1.677000E+0	-2.680825E+17	-5.492346E+17	1.255768E-2	0.000000E+0	1.307327E-2	6.694240E-4	0.000000E+0	0.000000E+0	0.000000E+0
7.106546E+1	-5.431889E+0	1.741000E+0	6.309741E-18	-4.155966E-18	1.362230E-2	0.000000E+0	1.398980E-2	1.069311E-3	0.000000E+0	0.000000E+0	0.000000E+0
6.651274E+1	-5.389008E+0	1.804000E+0	2.579781E+17	4.569561E-19	1.360472E-2	0.000000E+0	1.493666E-2	1.210201E-3	0.000000E+0	0.000000E+0	0.000000E+0
6.605615E+1	-5.630434E+0	1.867000E+0	2.915631E-18	5.325299E+16	1.440329E-2	0.000000E+0	1.502944E-2	1.281066E-3	0.000000E+0	0.000000E+0	0.000000E+0
6.526990E+1	-5.470388E+0	1.930000E+0	-1.980656E+17	1.958093E+16	1.475497E-2	0.000000E+0	1.521413E-2	1.275123E-3	0.000000E+0	0.000000E+0	0.000000E+0
6.166765E+1	-5.459747E+0	1.994000E+0	4.169888E-18	3.559669E+13	1.596412E-2	0.000000E+0	1.608984E-2	1.424514E-3	0.000000E+0	0.000000E+0	0.000000E+0
5.891346E+1	-4.724335E+0	2.057000E+0	5.785078E-19	5.234687E+17	1.662785E-2	0.000000E+0	1.686559E-2	1.352470E-3	0.000000E+0	0.000000E+0	0.000000E+0
5.763423E+1	-5.115503E+0	2.120000E+0	-2.375418E+17	1.295985E-19	1.785440E-2	0.000000E+0	1.721518E-2	1.527986E-3	0.000000E+0	0.000000E+0	0.000000E+0
6.096017E+1	-3.769197E+0	2.184000E+0	-5.351627E-18	2.391872E+17	1.816060E-2	0.000000E+0	1.634168E-2	1.010414E-3	0.000000E+0	0.000000E+0	0.000000E+0
6.282118E+1	-4.086746E+0	2.247000E+0	2.587905E+17	2.524315E-18	1.815273E-2	0.000000E+0	1.585112E-2	1.031173E-3	0.000000E+0	0.000000E+0	0.000000E+0
6.102773E+1	-3.293123E+0	2.310000E+0	-3.127958E+17	5.964970E-18	1.776181E-2	0.000000E+0	1.633842E-2	8.816390E-4	0.000000E+0	0.000000E+0	0.000000E+0
6.443161E+1	-4.665010E+0	2.373000E+0	6.653843E-18	-4.395667E+17	1.781982E-2	0.000000E+0	1.543940E-2	1.117851E-3	0.000000E+0	0.000000E+0	0.000000E+0
6.270674E+1	-4.554090E+0	2.437000E+0	-1.137863E-18	-4.190346E+17	1.935584E-2	0.000000E+0	1.586358E-2	1.152096E-3	0.000000E+0	0.000000E+0	0.000000E+0
5.515150E+1	-3.869442E+0	2.500000E+0	-9.275714E-19	-3.780201E-18	2.010538E-2	0.000000E+0	1.804306E-2	1.265905E-3	0.000000E+0	0.000000E+0	0.000000E+0
