Real / Ohm	Ximag / Ohm	V_DC / V	I_a c / A	V_ac / V	I_DC / A
1.893257E+2	-7.863383E+3	2.500000E+0	-9.275714E-19	-3.780201E-18	3.779831E-6	1.000000E+6	3.060124E-6	1.270980E-4	0.000000E+0	0.000000E+0	0.000000E+0
1.937134E+2	-7.932286E+3	2.437000E+0	-1.137863E-18	-4.190346E+17	-9.515497E-8	0.000000E+0	3.076834E-6	1.259919E-4	0.000000E+0	0.000000E+0	0.000000E+0
2.003125E+2	-7.981788E+3	2.373000E+0	6.653843E-18	-4.395667E+17	1.675493E-6	0.000000E+0	3.142203E-6	1.252064E-4	0.000000E+0	0.000000E+0	0.000000E+0
2.040024E+2	-8.031882E+3	2.310000E+0	-3.127958E+17	5.964970E-18	-1.565932E-7	0.000000E+0	3.160244E-6	1.244236E-4	0.000000E+0	0.000000E+0	0.000000E+0
2.029780E+2	-8.077986E+3	2.247000E+0	2.587905E+17	2.524315E-18	1.075663E-6	0.000000E+0	3.108627E-6	1.237151E-4	0.000000E+0	0.000000E+0	0.000000E+0
2.037969E+2	-8.136790E+3	2.184000E+0	-5.351627E-18	2.391872E+17	1.286433E-6	0.000000E+0	3.076231E-6	1.228215E-4	0.000000E+0	0.000000E+0	0.000000E+0
2.054478E+2	-8.186283E+3	2.120000E+0	-2.375418E+17	1.295985E-19	-5.179754E-7	0.000000E+0	3.063759E-6	1.220787E-4	0.000000E+0	0.000000E+0	0.000000E+0
2.121855E+2	-8.240514E+3	2.057000E+0	5.785078E-19	5.234687E+17	-3.071618E-7	0.000000E+0	3.122621E-6	1.212712E-4	0.000000E+0	0.000000E+0	0.000000E+0
2.076440E+2	-8.304777E+3	1.994000E+0	4.169888E-18	3.559669E+13	-1.117827E-6	0.000000E+0	3.008791E-6	1.203374E-4	0.000000E+0	0.000000E+0	0.000000E+0
2.078437E+2	-8.358338E+3	1.930000E+0	-1.980656E+17	1.958093E+16	1.163564E-6	0.000000E+0	2.973230E-6	1.195671E-4	0.000000E+0	0.000000E+0	0.000000E+0
1.881577E+2	-8.420416E+3	1.867000E+0	2.915631E-18	5.325299E+16	-6.685441E-7	0.000000E+0	2.652394E-6	1.186997E-4	0.000000E+0	0.000000E+0	0.000000E+0
2.045649E+2	-8.485223E+3	1.804000E+0	2.579781E+17	4.569561E-19	3.117311E-6	0.000000E+0	2.839568E-6	1.177835E-4	0.000000E+0	0.000000E+0	0.000000E+0
1.998213E+2	-8.551916E+3	1.741000E+0	6.309741E-18	-4.155966E-18	1.795946E-6	0.000000E+0	2.730724E-6	1.168691E-4	0.000000E+0	0.000000E+0	0.000000E+0
2.029365E+2	-8.622613E+3	1.677000E+0	-2.680825E+17	-5.492346E+17	5.022448E-7	0.000000E+0	2.727984E-6	1.159099E-4	0.000000E+0	0.000000E+0	0.000000E+0
2.001753E+2	-8.688707E+3	1.614000E+0	1.676929E-18	4.035830E-18	2.023444E-7	0.000000E+0	2.650146E-6	1.150309E-4	0.000000E+0	0.000000E+0	0.000000E+0
1.944214E+2	-8.760775E+3	1.551000E+0	4.020355E+17	1.855177E+17	-1.119028E-6	0.000000E+0	2.531892E-6	1.140890E-4	0.000000E+0	0.000000E+0	0.000000E+0
1.877808E+2	-8.841520E+3	1.487000E+0	9.225652E+16	2.295762E-18	6.516129E-7	0.000000E+0	2.401051E-6	1.130517E-4	0.000000E+0	0.000000E+0	0.000000E+0
1.754556E+2	-8.915496E+3	1.424000E+0	6.386846E-18	1.659667E-18	8.624193E-7	0.000000E+0	2.206521E-6	1.121208E-4	0.000000E+0	0.000000E+0	0.000000E+0
1.846465E+2	-9.000371E+3	1.361000E+0	5.364300E+17	-2.871878E+17	2.605397E-6	0.000000E+0	2.278440E-6	1.110598E-4	0.000000E+0	0.000000E+0	0.000000E+0
1.844194E+2	-9.089738E+3	1.297000E+0	4.345814E+17	8.421242E+16	-2.263390E-6	0.000000E+0	2.231131E-6	1.099689E-4	0.000000E+0	0.000000E+0	0.000000E+0
1.827329E+2	-9.181469E+3	1.234000E+0	7.433461E+16	-3.376204E+17	-1.031127E-6	0.000000E+0	2.166808E-6	1.088719E-4	0.000000E+0	0.000000E+0	0.000000E+0
1.636445E+2	-9.274043E+3	1.171000E+0	-2.820974E+17	-3.562291E+17	2.244022E-6	0.000000E+0	1.902077E-6	1.077943E-4	0.000000E+0	0.000000E+0	0.000000E+0
1.606992E+2	-9.381389E+3	1.108000E+0	3.883248E+17	-5.707470E+17	-9.880750E-8	0.000000E+0	1.825375E-6	1.065628E-4	0.000000E+0	0.000000E+0	0.000000E+0
1.767842E+2	-9.492619E+3	1.044000E+0	-5.201041E+17	1.796536E+17	1.396693E-7	0.000000E+0	1.961195E-6	1.053085E-4	0.000000E+0	0.000000E+0	0.000000E+0
1.728594E+2	-9.616486E+3	9.810000E-1	-1.734759E+17	1.089529E+17	-1.181699E-6	0.000000E+0	1.868615E-6	1.039545E-4	0.000000E+0	0.000000E+0	0.000000E+0
1.505342E+2	-9.747592E+3	9.180000E-1	2.547933E-18	-3.558762E+16	3.114877E-6	0.000000E+0	1.583933E-6	1.025650E-4	0.000000E+0	0.000000E+0	0.000000E+0
1.463018E+2	-9.897416E+3	8.540000E-1	-6.904569E-18	-4.080324E+17	1.821176E-6	0.000000E+0	1.493176E-6	1.010144E-4	0.000000E+0	0.000000E+0	0.000000E+0
1.417778E+2	-1.005700E+4	7.910000E-1	-4.524503E+17	2.055852E+17	1.521268E-6	0.000000E+0	1.401474E-6	9.941347E-5	0.000000E+0	0.000000E+0	0.000000E+0
1.422910E+2	-1.022899E+4	7.280000E-1	-7.975154E-19	6.323277E-18	1.999033E-7	0.000000E+0	1.359652E-6	9.774245E-5	0.000000E+0	0.000000E+0	0.000000E+0
1.476777E+2	-1.044808E+4	6.650000E-1	3.311088E+17	-3.632303E-18	4.107060E-7	0.000000E+0	1.352556E-6	9.569225E-5	0.000000E+0	0.000000E+0	0.000000E+0
1.448130E+2	-1.069245E+4	6.010000E-1	1.388541E-18	6.784133E-18	6.491791E-7	0.000000E+0	1.266407E-6	9.350678E-5	0.000000E+0	0.000000E+0	0.000000E+0
1.570947E+2	-1.098748E+4	5.380000E-1	4.766215E-20	4.558806E+17	2.902867E-6	0.000000E+0	1.300998E-6	9.099408E-5	0.000000E+0	0.000000E+0	0.000000E+0
1.385078E+2	-1.135624E+4	4.750000E-1	-3.851510E-18	-6.874123E-18	1.581502E-6	0.000000E+0	1.073842E-6	8.804422E-5	0.000000E+0	0.000000E+0	0.000000E+0
1.498184E+2	-1.178065E+4	4.110000E-1	-4.316353E+17	4.857998E-18	1.819972E-6	0.000000E+0	1.079335E-6	8.487123E-5	0.000000E+0	0.000000E+0	0.000000E+0
1.719502E+2	-1.225653E+4	3.480000E-1	4.155990E+17	-2.187937E-18	-1.213630E-8	0.000000E+0	1.144411E-6	8.157311E-5	0.000000E+0	0.000000E+0	0.000000E+0
1.843506E+2	-1.278232E+4	2.850000E-1	-3.411601E-18	5.558819E-18	1.730839E-6	0.000000E+0	1.128067E-6	7.821679E-5	0.000000E+0	0.000000E+0	0.000000E+0
1.824717E+2	-1.330031E+4	2.220000E-1	-3.021231E-18	2.162610E+17	1.430930E-6	0.000000E+0	1.031312E-6	7.517207E-5	0.000000E+0	0.000000E+0	0.000000E+0
2.299658E+2	-1.382429E+4	1.580000E-1	-1.067113E+17	-5.230656E+17	3.712286E-6	0.000000E+0	1.202977E-6	7.231643E-5	0.000000E+0	0.000000E+0	0.000000E+0
2.348779E+2	-1.439443E+4	9.500000E-2	-4.715167E+17	-5.481549E+17	2.390920E-6	0.000000E+0	1.133281E-6	6.945282E-5	0.000000E+0	0.000000E+0	0.000000E+0
2.526670E+2	-1.502121E+4	3.200000E-2	-3.096135E+17	4.406614E-18	1.580268E-6	0.000000E+0	1.119479E-6	6.655370E-5	0.000000E+0	0.000000E+0	0.000000E+0
2.386279E+2	-1.581656E+4	-3.200000E-2	-9.427576E-19	-9.426377E-19	5.904538E-6	0.000000E+0	9.536704E-7	6.321048E-5	0.000000E+0	0.000000E+0	0.000000E+0
2.907383E+2	-1.681551E+4	-9.500000E-2	-4.717429E+17	-4.928282E+17	1.008087E-6	0.000000E+0	1.027904E-6	5.945113E-5	0.000000E+0	0.000000E+0	0.000000E+0
3.434365E+2	-1.812641E+4	-1.580000E-1	-2.971689E+17	-4.956124E-18	1.729635E-6	0.000000E+0	1.044881E-6	5.514832E-5	0.000000E+0	0.000000E+0	0.000000E+0
3.879971E+2	-2.010822E+4	-2.220000E-1	-1.478400E+17	2.655554E+17	1.968107E-6	0.000000E+0	9.592229E-7	4.971240E-5	0.000000E+0	0.000000E+0	0.000000E+0
5.266680E+2	-2.329769E+4	-2.850000E-1	-2.725480E+17	1.903750E-18	2.178911E-6	0.000000E+0	9.698160E-7	4.290079E-5	0.000000E+0	0.000000E+0	0.000000E+0
7.553184E+2	-2.882514E+4	-3.480000E-1	-1.696221E+17	-6.427781E-19	2.900430E-6	0.000000E+0	9.084251E-7	3.466814E-5	0.000000E+0	0.000000E+0	0.000000E+0
1.152477E+3	-3.870810E+4	-4.110000E-1	2.945531E-18	-1.599031E-19	2.089779E-6	0.000000E+0	7.684998E-7	2.581151E-5	0.000000E+0	0.000000E+0	0.000000E+0
2.164906E+3	-5.530599E+4	-4.750000E-1	-4.319920E+17	-4.172230E+17	4.371133E-6	0.000000E+0	7.066913E-7	1.805356E-5	0.000000E+0	0.000000E+0	0.000000E+0
5.276723E+3	-7.511056E+4	-5.380000E-1	-2.037276E-18	3.318154E+17	3.049769E-6	0.000000E+0	9.307309E-7	1.324832E-5	0.000000E+0	0.000000E+0	0.000000E+0
1.024747E+4	-9.097842E+4	-6.010000E-1	4.410889E+17	3.940187E-18	3.260571E-6	0.000000E+0	1.222544E-6	1.085391E-5	0.000000E+0	0.000000E+0	0.000000E+0
1.361120E+4	-1.061523E+5	-6.650000E-1	1.829862E+17	1.849291E+17	1.966873E-6	0.000000E+0	1.188380E-6	9.268049E-6	0.000000E+0	0.000000E+0	0.000000E+0
1.444167E+4	-1.197445E+5	-7.280000E-1	-4.775830E-18	6.138991E-18	5.242018E-6	0.000000E+0	9.927384E-7	8.231386E-6	0.000000E+0	0.000000E+0	0.000000E+0
1.355950E+4	-1.295872E+5	-7.910000E-1	-1.774996E-18	1.580559E+17	3.920653E-6	0.000000E+0	7.987122E-7	7.633237E-6	0.000000E+0	0.000000E+0	0.000000E+0
1.410470E+4	-1.403057E+5	-8.540000E-1	-7.964855E+16	-3.372652E-18	2.599289E-6	0.000000E+0	7.093267E-7	7.055987E-6	0.000000E+0	0.000000E+0	0.000000E+0
1.287125E+4	-1.476247E+5	-9.180000E-1	2.088264E+17	-2.195880E+17	1.816301E-6	0.000000E+0	5.861566E-7	6.722828E-6	0.000000E+0	0.000000E+0	0.000000E+0
1.320850E+4	-1.550156E+5	-9.810000E-1	-5.319197E+16	-4.994279E+17	3.048564E-6	0.000000E+0	5.457088E-7	6.404465E-6	0.000000E+0	0.000000E+0	0.000000E+0
1.225694E+4	-1.596312E+5	-1.044000E+0	-1.183520E-18	-5.342346E-18	3.770081E-6	0.000000E+0	4.781824E-7	6.227723E-6	0.000000E+0	0.000000E+0	0.000000E+0
1.412123E+4	-1.656706E+5	-1.108000E+0	-5.203440E-18	3.843920E-18	2.476387E-6	0.000000E+0	5.107846E-7	5.992536E-6	0.000000E+0	0.000000E+0	0.000000E+0
1.232995E+4	-1.697286E+5	-1.171000E+0	2.472319E-19	4.245176E+17	2.176472E-6	0.000000E+0	4.257605E-7	5.860830E-6	0.000000E+0	0.000000E+0	0.000000E+0
1.328209E+4	-1.747051E+5	-1.234000E+0	1.311717E+15	5.049488E-18	-1.664084E-7	0.000000E+0	4.326655E-7	5.691038E-6	0.000000E+0	0.000000E+0	0.000000E+0
1.154578E+4	-1.790244E+5	-1.297000E+0	-1.006173E-18	-5.687810E-18	4.442700E-8	0.000000E+0	3.587535E-7	5.562694E-6	0.000000E+0	0.000000E+0	0.000000E+0
1.197391E+4	-1.804462E+5	-1.361000E+0	-6.256276E-18	1.399337E+17	1.815068E-6	0.000000E+0	3.661275E-7	5.517523E-6	0.000000E+0	0.000000E+0	0.000000E+0
1.387914E+4	-1.851590E+5	-1.424000E+0	2.698511E+17	2.405250E+17	3.047331E-6	0.000000E+0	4.025683E-7	5.370588E-6	0.000000E+0	0.000000E+0	0.000000E+0
1.266944E+4	-1.847232E+5	-1.487000E+0	-3.654067E-18	-2.240669E+17	2.747394E-6	0.000000E+0	3.695527E-7	5.388159E-6	0.000000E+0	0.000000E+0	0.000000E+0
1.254658E+4	-1.862808E+5	-1.551000E+0	8.607266E+16	1.699868E-17	4.322064E-7	0.000000E+0	3.599345E-7	5.343997E-6	0.000000E+0	0.000000E+0	0.000000E+0
1.402461E+4	-1.877995E+5	-1.614000E+0	2.127762E-18	3.298054E+15	-3.783935E-7	0.000000E+0	3.954455E-7	5.295296E-6	0.000000E+0	0.000000E+0	0.000000E+0
1.333744E+4	-1.885141E+5	-1.677000E+0	-4.960950E+17	-5.508904E-18	1.364591E-6	0.000000E+0	3.734361E-7	5.278222E-6	0.000000E+0	0.000000E+0	0.000000E+0
1.035016E+4	-1.869893E+5	-1.741000E+0	-6.504745E+16	2.369913E+17	5.816037E-7	0.000000E+0	2.951107E-7	5.331565E-6	0.000000E+0	0.000000E+0	0.000000E+0
1.163730E+4	-1.869966E+5	-1.804000E+0	5.725574E-18	6.181569E-18	1.303095E-6	0.000000E+0	3.315172E-7	5.327060E-6	0.000000E+0	0.000000E+0	0.000000E+0
1.274744E+4	-1.860741E+5	-1.867000E+0	-2.052452E-18	3.493290E-18	3.046065E-6	0.000000E+0	3.664525E-7	5.349098E-6	0.000000E+0	0.000000E+0	0.000000E+0
1.130147E+4	-1.840353E+5	-1.930000E+0	2.907620E+17	-1.496570E-18	3.256901E-6	0.000000E+0	3.324283E-7	5.413326E-6	0.000000E+0	0.000000E+0	0.000000E+0
1.214992E+4	-1.860757E+5	-1.994000E+0	-2.651570E-18	4.670974E-18	9.417199E-7	0.000000E+0	3.494189E-7	5.351341E-6	0.000000E+0	0.000000E+0	0.000000E+0
1.193922E+4	-1.848897E+5	-2.057000E+0	6.288344E-18	-3.928899E-18	5.238311E-6	0.000000E+0	3.478110E-7	5.386170E-6	0.000000E+0	0.000000E+0	0.000000E+0
1.210980E+4	-1.836857E+5	-2.120000E+0	8.250878E-19	3.413458E-18	1.874098E-6	0.000000E+0	3.573574E-7	5.420523E-6	0.000000E+0	0.000000E+0	0.000000E+0
1.255319E+4	-1.842820E+5	-2.184000E+0	4.553607E+17	-2.686618E+17	2.112545E-6	0.000000E+0	3.679406E-7	5.401402E-6	0.000000E+0	0.000000E+0	0.000000E+0
1.291803E+4	-1.830875E+5	-2.247000E+0	2.517955E+17	3.793714E+16	1.301887E-6	0.000000E+0	3.834619E-7	5.434814E-6	0.000000E+0	0.000000E+0	0.000000E+0
1.247483E+4	-1.820715E+5	-2.310000E+0	-6.194311E-18	5.356395E+17	-5.301990E-7	0.000000E+0	3.745559E-7	5.466685E-6	0.000000E+0	0.000000E+0	0.000000E+0
1.216869E+4	-1.807284E+5	-2.373000E+0	-5.704680E+17	1.371951E+17	3.766399E-6	0.000000E+0	3.708742E-7	5.508193E-6	0.000000E+0	0.000000E+0	0.000000E+0
1.406486E+4	-1.790660E+5	-2.437000E+0	-1.808722E+17	6.906363E-18	2.472705E-6	0.000000E+0	4.359514E-7	5.550291E-6	0.000000E+0	0.000000E+0	0.000000E+0
1.224959E+4	-1.793042E+5	-2.500000E+0	-3.567381E+17	-4.283094E-18	4.215690E-6	0.000000E+0	3.792437E-7	5.551205E-6	0.000000E+0	0.000000E+0	0.000000E+0
