Real / Ohm	Ximag / Ohm	V_DC / V	I_a c / A	V_ac / V	I_DC / A
1.377353E+3	-1.873640E+4	-2.500000E+0	-3.567381E+17	-4.283094E-18	6.769318E-6	5.623413E+6	3.902405E-6	5.308517E-5	0.000000E+0	0.000000E+0	0.000000E+0
1.340940E+3	-1.772053E+4	-2.437000E+0	-1.808722E+17	6.906363E-18	-5.916372E-7	0.000000E+0	4.245963E-6	5.611042E-5	0.000000E+0	0.000000E+0	0.000000E+0
1.326029E+3	-1.668547E+4	-2.373000E+0	-5.704680E+17	1.371951E+17	1.723485E-6	0.000000E+0	4.733058E-6	5.955624E-5	0.000000E+0	0.000000E+0	0.000000E+0
1.390135E+3	-1.553753E+4	-2.310000E+0	-6.194311E-18	5.356395E+17	2.023429E-6	0.000000E+0	5.712555E-6	6.384919E-5	0.000000E+0	0.000000E+0	0.000000E+0
1.415930E+3	-1.427223E+4	-2.247000E+0	2.517955E+17	3.793714E+16	4.366229E-6	0.000000E+0	6.883424E-6	6.938324E-5	0.000000E+0	0.000000E+0	0.000000E+0
1.410280E+3	-1.308928E+4	-2.184000E+0	4.553607E+17	-2.686618E+17	1.601831E-6	0.000000E+0	8.136944E-6	7.552170E-5	0.000000E+0	0.000000E+0	0.000000E+0
1.344229E+3	-1.270879E+4	-2.120000E+0	8.250878E-19	3.413458E-18	8.526113E-7	0.000000E+0	8.230630E-6	7.781513E-5	0.000000E+0	0.000000E+0	0.000000E+0
1.417680E+3	-1.267542E+4	-2.057000E+0	6.288344E-18	-3.928899E-18	3.195455E-6	0.000000E+0	8.714741E-6	7.791815E-5	0.000000E+0	0.000000E+0	0.000000E+0
1.391518E+3	-1.249810E+4	-1.994000E+0	-2.651570E-18	4.670974E-18	6.048977E-6	0.000000E+0	8.799344E-6	7.903246E-5	0.000000E+0	0.000000E+0	0.000000E+0
1.398275E+3	-1.229122E+4	-1.930000E+0	2.907620E+17	-1.496570E-18	1.724700E-6	0.000000E+0	9.137305E-6	8.031941E-5	0.000000E+0	0.000000E+0	0.000000E+0
1.400865E+3	-1.203859E+4	-1.867000E+0	-2.052452E-18	3.493290E-18	2.535351E-6	0.000000E+0	9.536826E-6	8.195646E-5	0.000000E+0	0.000000E+0	0.000000E+0
1.417208E+3	-1.159003E+4	-1.804000E+0	5.725574E-18	6.181569E-18	1.303095E-6	0.000000E+0	1.039487E-5	8.500999E-5	0.000000E+0	0.000000E+0	0.000000E+0
1.447543E+3	-1.112799E+4	-1.741000E+0	-6.504745E+16	2.369913E+17	3.645946E-6	0.000000E+0	1.149505E-5	8.836820E-5	0.000000E+0	0.000000E+0	0.000000E+0
1.407355E+3	-1.053044E+4	-1.677000E+0	-4.960950E+17	-5.508904E-18	1.364591E-6	0.000000E+0	1.246872E-5	9.329639E-5	0.000000E+0	0.000000E+0	0.000000E+0
1.329202E+3	-1.002980E+4	-1.614000E+0	2.127762E-18	3.298054E+15	3.707377E-6	0.000000E+0	1.298510E-5	9.798203E-5	0.000000E+0	0.000000E+0	0.000000E+0
1.190375E+3	-9.614402E+3	-1.551000E+0	8.607266E+16	1.699868E-17	3.496607E-6	0.000000E+0	1.268330E-5	1.024403E-4	0.000000E+0	0.000000E+0	0.000000E+0
9.809092E+2	-9.254270E+3	-1.487000E+0	-3.654067E-18	-2.240669E+17	3.258108E-6	0.000000E+0	1.132641E-5	1.068577E-4	0.000000E+0	0.000000E+0	0.000000E+0
7.504077E+2	-8.839283E+3	-1.424000E+0	2.698511E+17	2.405250E+17	1.515131E-6	0.000000E+0	9.535521E-6	1.123218E-4	0.000000E+0	0.000000E+0	0.000000E+0
6.376841E+2	-8.228064E+3	-1.361000E+0	-6.256276E-18	1.399337E+17	2.836496E-6	0.000000E+0	9.362881E-6	1.208096E-4	0.000000E+0	0.000000E+0	0.000000E+0
5.159268E+2	-7.318797E+3	-1.297000E+0	-1.006173E-18	-5.687810E-18	2.598055E-6	0.000000E+0	9.584200E-6	1.359589E-4	0.000000E+0	0.000000E+0	0.000000E+0
4.086782E+2	-6.230698E+3	-1.234000E+0	1.311717E+15	5.049488E-18	3.443638E-7	0.000000E+0	1.048199E-5	1.598081E-4	0.000000E+0	0.000000E+0	0.000000E+0
3.178174E+2	-5.136690E+3	-1.171000E+0	2.472319E-19	4.245176E+17	3.197900E-6	0.000000E+0	1.199918E-5	1.939355E-4	0.000000E+0	0.000000E+0	0.000000E+0
2.802004E+2	-4.227748E+3	-1.108000E+0	-5.203440E-18	3.843920E-18	5.030015E-6	0.000000E+0	1.560799E-5	2.354981E-4	0.000000E+0	0.000000E+0	0.000000E+0
2.316421E+2	-3.439971E+3	-1.044000E+0	-1.183520E-18	-5.342346E-18	1.216453E-6	0.000000E+0	1.948692E-5	2.893879E-4	0.000000E+0	0.000000E+0	0.000000E+0
1.611589E+2	-2.900107E+3	-9.810000E-1	-5.319197E+16	-4.994279E+17	3.048564E-6	0.000000E+0	1.910237E-5	3.437533E-4	0.000000E+0	0.000000E+0	0.000000E+0
1.560518E+2	-2.527280E+3	-9.180000E-1	2.088264E+17	-2.195880E+17	2.837758E-6	0.000000E+0	2.433937E-5	3.941794E-4	0.000000E+0	0.000000E+0	0.000000E+0
1.458259E+2	-2.263632E+3	-8.540000E-1	-7.964855E+16	-3.372652E-18	3.110003E-6	0.000000E+0	2.834160E-5	4.399421E-4	0.000000E+0	0.000000E+0	0.000000E+0
1.348394E+2	-2.075451E+3	-7.910000E-1	-1.774996E-18	1.580559E+17	2.388482E-6	0.000000E+0	3.117185E-5	4.797978E-4	0.000000E+0	0.000000E+0	0.000000E+0
9.396643E+1	-1.931839E+3	-7.280000E-1	-4.775830E-18	6.138991E-18	2.688390E-6	0.000000E+0	2.511913E-5	5.164197E-4	0.000000E+0	0.000000E+0	0.000000E+0
8.329077E+1	-1.813511E+3	-6.650000E-1	1.829862E+17	1.849291E+17	3.499044E-6	0.000000E+0	2.527210E-5	5.502559E-4	0.000000E+0	0.000000E+0	0.000000E+0
7.884399E+1	-1.711132E+3	-6.010000E-1	4.410889E+17	3.940187E-18	2.239143E-6	0.000000E+0	2.687079E-5	5.831703E-4	0.000000E+0	0.000000E+0	0.000000E+0
7.495435E+1	-1.624440E+3	-5.380000E-1	-2.037276E-18	3.318154E+17	1.517597E-6	0.000000E+0	2.834431E-5	6.142889E-4	0.000000E+0	0.000000E+0	0.000000E+0
7.129846E+1	-1.548737E+3	-4.750000E-1	-4.319920E+17	-4.172230E+17	7.960771E-7	0.000000E+0	2.966234E-5	6.443219E-4	0.000000E+0	0.000000E+0	0.000000E+0
7.076782E+1	-1.481766E+3	-4.110000E-1	2.945531E-18	-1.599031E-19	-4.638496E-7	0.000000E+0	3.215786E-5	6.733346E-4	0.000000E+0	0.000000E+0	0.000000E+0
8.073474E+1	-1.423486E+3	-3.480000E-1	-1.696221E+17	-6.427781E-19	2.900430E-6	0.000000E+0	3.971543E-5	7.002483E-4	0.000000E+0	0.000000E+0	0.000000E+0
7.883228E+1	-1.373494E+3	-2.850000E-1	-2.725480E+17	1.903750E-18	1.157454E-6	0.000000E+0	4.165069E-5	7.256796E-4	0.000000E+0	0.000000E+0	0.000000E+0
8.058496E+1	-1.329052E+3	-2.220000E-1	-1.478400E+17	2.655554E+17	1.457363E-6	0.000000E+0	4.545444E-5	7.496599E-4	0.000000E+0	0.000000E+0	0.000000E+0
8.851624E+1	-1.289011E+3	-1.580000E-1	-2.971689E+17	-4.956124E-18	1.218892E-6	0.000000E+0	5.302328E-5	7.721475E-4	0.000000E+0	0.000000E+0	0.000000E+0
8.349390E+1	-1.253376E+3	-9.500000E-2	-4.717429E+17	-4.928282E+17	4.973731E-7	0.000000E+0	5.291381E-5	7.943203E-4	0.000000E+0	0.000000E+0	0.000000E+0
5.780695E+1	-1.221131E+3	-3.200000E-2	-9.427576E-19	-9.426377E-19	1.818739E-6	0.000000E+0	3.867973E-5	8.170819E-4	0.000000E+0	0.000000E+0	0.000000E+0
7.988495E+1	-1.191847E+3	3.200000E-2	-3.096135E+17	4.406614E-18	1.580268E-6	0.000000E+0	5.598572E-5	8.352814E-4	0.000000E+0	0.000000E+0	0.000000E+0
5.515979E+1	-1.164260E+3	9.500000E-2	-4.715167E+17	-5.481549E+17	3.412377E-6	0.000000E+0	4.060214E-5	8.569910E-4	0.000000E+0	0.000000E+0	0.000000E+0
5.557489E+1	-1.139537E+3	1.580000E-1	-1.067113E+17	-5.230656E+17	3.201572E-6	0.000000E+0	4.269628E-5	8.754671E-4	0.000000E+0	0.000000E+0	0.000000E+0
5.551471E+1	-1.116081E+3	2.220000E-1	-3.021231E-18	2.162610E+17	9.201867E-7	0.000000E+0	4.445734E-5	8.937810E-4	0.000000E+0	0.000000E+0	0.000000E+0
5.769501E+1	-1.094697E+3	2.850000E-1	-3.411601E-18	5.558819E-18	1.220125E-6	0.000000E+0	4.801155E-5	9.109644E-4	0.000000E+0	0.000000E+0	0.000000E+0
7.606189E+1	-1.075443E+3	3.480000E-1	4.155990E+17	-2.187937E-18	3.052206E-6	0.000000E+0	6.543729E-5	9.252212E-4	0.000000E+0	0.000000E+0	0.000000E+0
7.393054E+1	-1.057345E+3	4.110000E-1	-4.316353E+17	4.857998E-18	3.352143E-6	0.000000E+0	6.580704E-5	9.411638E-4	0.000000E+0	0.000000E+0	0.000000E+0
7.579755E+1	-1.040845E+3	4.750000E-1	-3.851510E-18	-6.874123E-18	3.113673E-6	0.000000E+0	6.959627E-5	9.556896E-4	0.000000E+0	0.000000E+0	0.000000E+0
8.609564E+1	-1.026301E+3	5.380000E-1	4.766215E-20	4.558806E+17	3.924324E-6	0.000000E+0	8.116823E-5	9.675639E-4	0.000000E+0	0.000000E+0	0.000000E+0
8.672803E+1	-1.011673E+3	6.010000E-1	1.388541E-18	6.784133E-18	2.181350E-6	0.000000E+0	8.411997E-5	9.812503E-4	0.000000E+0	0.000000E+0	0.000000E+0
5.669861E+1	-9.981593E+2	6.650000E-1	3.311088E+17	-3.632303E-18	1.432134E-6	0.000000E+0	5.672489E-5	9.986219E-4	0.000000E+0	0.000000E+0	0.000000E+0
8.380444E+1	-9.879198E+2	7.280000E-1	-7.975154E-19	6.323277E-18	2.753502E-6	0.000000E+0	8.525300E-5	1.004996E-3	0.000000E+0	0.000000E+0	0.000000E+0
5.684064E+1	-9.770804E+2	7.910000E-1	-4.524503E+17	2.055852E+17	2.031982E-6	0.000000E+0	5.933775E-5	1.020005E-3	0.000000E+0	0.000000E+0	0.000000E+0
5.714618E+1	-9.678074E+2	8.540000E-1	-6.904569E-18	-4.080324E+17	2.331919E-6	0.000000E+0	6.079919E-5	1.029673E-3	0.000000E+0	0.000000E+0	0.000000E+0
5.687140E+1	-9.591412E+2	9.180000E-1	2.547933E-18	-3.558762E+16	3.625621E-6	0.000000E+0	6.160339E-5	1.038947E-3	0.000000E+0	0.000000E+0	0.000000E+0
5.547760E+1	-9.510441E+2	9.810000E-1	-1.734759E+17	1.089529E+17	3.414811E-6	0.000000E+0	6.112812E-5	1.047910E-3	0.000000E+0	0.000000E+0	0.000000E+0
6.096649E+1	-9.445532E+2	1.044000E+0	-5.201041E+17	1.796536E+17	2.693298E-6	0.000000E+0	6.805073E-5	1.054309E-3	0.000000E+0	0.000000E+0	0.000000E+0
7.504742E+1	-9.382689E+2	1.108000E+0	3.883248E+17	-5.707470E+17	2.965535E-6	0.000000E+0	8.470548E-5	1.059017E-3	0.000000E+0	0.000000E+0	0.000000E+0
7.267896E+1	-9.322933E+2	1.171000E+0	-2.820974E+17	-3.562291E+17	2.754736E-6	0.000000E+0	8.311362E-5	1.066145E-3	0.000000E+0	0.000000E+0	0.000000E+0
8.804742E+1	-9.283612E+2	1.234000E+0	7.433461E+16	-3.376204E+17	2.033215E-6	0.000000E+0	1.012497E-4	1.067564E-3	0.000000E+0	0.000000E+0	0.000000E+0
8.824640E+1	-9.229429E+2	1.297000E+0	4.345814E+17	8.421242E+16	-2.205052E-7	0.000000E+0	1.026585E-4	1.073675E-3	0.000000E+0	0.000000E+0	0.000000E+0
8.307990E+1	-9.184620E+2	1.361000E+0	5.364300E+17	-2.871878E+17	2.094654E-6	0.000000E+0	9.768650E-5	1.079940E-3	0.000000E+0	0.000000E+0	0.000000E+0
8.610889E+1	-9.146199E+2	1.424000E+0	6.386846E-18	1.659667E-18	1.883847E-6	0.000000E+0	1.020315E-4	1.083744E-3	0.000000E+0	0.000000E+0	0.000000E+0
5.797577E+1	-9.112688E+2	1.487000E+0	9.225652E+16	2.295762E-18	2.183784E-6	0.000000E+0	6.953432E-5	1.092947E-3	0.000000E+0	0.000000E+0	0.000000E+0
5.786908E+1	-9.081127E+2	1.551000E+0	4.020355E+17	1.855177E+17	1.945315E-6	0.000000E+0	6.988872E-5	1.096731E-3	0.000000E+0	0.000000E+0	0.000000E+0
5.750122E+1	-9.055050E+2	1.614000E+0	1.676929E-18	4.035830E-18	7.130584E-7	0.000000E+0	6.984697E-5	1.099921E-3	0.000000E+0	0.000000E+0	0.000000E+0
7.798236E+1	-9.033717E+2	1.677000E+0	-2.680825E+17	-5.492346E+17	1.012988E-6	0.000000E+0	9.485040E-5	1.098776E-3	0.000000E+0	0.000000E+0	0.000000E+0
5.245905E+1	-9.012469E+2	1.741000E+0	6.309741E-18	-4.155966E-18	3.328118E-6	0.000000E+0	6.436710E-5	1.105827E-3	0.000000E+0	0.000000E+0	0.000000E+0
6.824402E+1	-8.991262E+2	1.804000E+0	2.579781E+17	4.569561E-19	2.095883E-6	0.000000E+0	8.393219E-5	1.105820E-3	0.000000E+0	0.000000E+0	0.000000E+0
7.619482E+1	-8.977767E+2	1.867000E+0	2.915631E-18	5.325299E+16	1.885084E-6	0.000000E+0	9.385810E-5	1.105897E-3	0.000000E+0	0.000000E+0	0.000000E+0
7.145007E+1	-8.983015E+2	1.930000E+0	-1.980656E+17	1.958093E+16	2.184992E-6	0.000000E+0	8.798720E-5	1.106214E-3	0.000000E+0	0.000000E+0	0.000000E+0
5.260199E+1	-8.959976E+2	1.994000E+0	4.169888E-18	3.559669E+13	9.250871E-7	0.000000E+0	6.529715E-5	1.112241E-3	0.000000E+0	0.000000E+0	0.000000E+0
4.008325E+1	-8.951079E+2	2.057000E+0	5.785078E-19	5.234687E+17	-3.071618E-7	0.000000E+0	4.992777E-5	1.114948E-3	0.000000E+0	0.000000E+0	0.000000E+0
8.081848E+1	-8.960551E+2	2.120000E+0	-2.375418E+17	1.295985E-19	2.546367E-6	0.000000E+0	9.984414E-5	1.106997E-3	0.000000E+0	0.000000E+0	0.000000E+0
5.874414E+1	-8.962134E+2	2.184000E+0	-5.351627E-18	2.391872E+17	-7.564522E-7	0.000000E+0	7.282488E-5	1.111032E-3	0.000000E+0	0.000000E+0	0.000000E+0
5.839941E+1	-8.968282E+2	2.247000E+0	2.587905E+17	2.524315E-18	2.607834E-6	0.000000E+0	7.230233E-5	1.110333E-3	0.000000E+0	0.000000E+0	0.000000E+0
5.700763E+1	-8.973976E+2	2.310000E+0	-3.127958E+17	5.964970E-18	1.886292E-6	0.000000E+0	7.050406E-5	1.109854E-3	0.000000E+0	0.000000E+0	0.000000E+0
6.639465E+1	-8.981797E+2	2.373000E+0	6.653843E-18	-4.395667E+17	-1.388849E-6	0.000000E+0	8.185400E-5	1.107312E-3	0.000000E+0	0.000000E+0	0.000000E+0
5.478180E+1	-8.992887E+2	2.437000E+0	-1.137863E-18	-4.190346E+17	4.155881E-7	0.000000E+0	6.748844E-5	1.107879E-3	0.000000E+0	0.000000E+0	0.000000E+0
6.534869E+1	-9.004033E+2	2.500000E+0	-9.275714E-19	-3.780201E-18	1.226232E-6	0.000000E+0	8.018278E-5	1.104794E-3	0.000000E+0	0.000000E+0	0.000000E+0
