Real / Ohm	Ximag / Ohm	V_DC / V	I_a c / A	V_ac / V	I_DC / A
3.891694E+2	-9.813828E+3	-2.500000E+0	-3.567381E+17	-4.283094E-18	4.215690E-6	1.000000E+7	4.034404E-6	1.017371E-4	0.000000E+0	0.000000E+0	0.000000E+0
3.626079E+2	-9.214619E+3	-2.437000E+0	-1.808722E+17	6.906363E-18	3.494133E-6	0.000000E+0	4.263934E-6	1.083554E-4	0.000000E+0	0.000000E+0	0.000000E+0
3.326260E+2	-8.599590E+3	-2.373000E+0	-5.704680E+17	1.371951E+17	3.255685E-6	0.000000E+0	4.491087E-6	1.161109E-4	0.000000E+0	0.000000E+0	0.000000E+0
3.453716E+2	-7.975813E+3	-2.310000E+0	-6.194311E-18	5.356395E+17	4.066285E-6	0.000000E+0	5.419049E-6	1.251444E-4	0.000000E+0	0.000000E+0	0.000000E+0
3.696033E+2	-7.370892E+3	-2.247000E+0	2.517955E+17	3.793714E+16	3.344801E-6	0.000000E+0	6.785864E-6	1.353285E-4	0.000000E+0	0.000000E+0	0.000000E+0
3.718879E+2	-6.851882E+3	-2.184000E+0	4.553607E+17	-2.686618E+17	4.666173E-6	0.000000E+0	7.897958E-6	1.455166E-4	0.000000E+0	0.000000E+0	0.000000E+0
3.613796E+2	-6.512448E+3	-2.120000E+0	8.250878E-19	3.413458E-18	6.981296E-6	0.000000E+0	8.494540E-6	1.530807E-4	0.000000E+0	0.000000E+0	0.000000E+0
3.739634E+2	-6.252321E+3	-2.057000E+0	6.288344E-18	-3.928899E-18	1.663255E-6	0.000000E+0	9.532255E-6	1.593705E-4	0.000000E+0	0.000000E+0	0.000000E+0
3.640356E+2	-5.947042E+3	-1.994000E+0	-2.651570E-18	4.670974E-18	3.495348E-6	0.000000E+0	1.025457E-5	1.675231E-4	0.000000E+0	0.000000E+0	0.000000E+0
3.826040E+2	-5.607516E+3	-1.930000E+0	2.907620E+17	-1.496570E-18	1.724700E-6	0.000000E+0	1.211132E-5	1.775057E-4	0.000000E+0	0.000000E+0	0.000000E+0
3.789761E+2	-5.307467E+3	-1.867000E+0	-2.052452E-18	3.493290E-18	2.535351E-6	0.000000E+0	1.338531E-5	1.874580E-4	0.000000E+0	0.000000E+0	0.000000E+0
3.724836E+2	-5.054011E+3	-1.804000E+0	5.725574E-18	6.181569E-18	3.856723E-6	0.000000E+0	1.450381E-5	1.967937E-4	0.000000E+0	0.000000E+0	0.000000E+0
3.570530E+2	-4.836340E+3	-1.741000E+0	-6.504745E+16	2.369913E+17	3.645946E-6	0.000000E+0	1.518233E-5	2.056471E-4	0.000000E+0	0.000000E+0	0.000000E+0
3.500437E+2	-4.623658E+3	-1.677000E+0	-4.960950E+17	-5.508904E-18	6.471790E-6	0.000000E+0	1.628054E-5	2.150464E-4	0.000000E+0	0.000000E+0	0.000000E+0
3.728713E+2	-4.399400E+3	-1.614000E+0	2.127762E-18	3.298054E+15	2.685949E-6	0.000000E+0	1.912773E-5	2.256826E-4	0.000000E+0	0.000000E+0	0.000000E+0
3.882224E+2	-4.104755E+3	-1.551000E+0	8.607266E+16	1.699868E-17	4.518035E-6	0.000000E+0	2.283697E-5	2.414600E-4	0.000000E+0	0.000000E+0	0.000000E+0
4.122100E+2	-3.754900E+3	-1.487000E+0	-3.654067E-18	-2.240669E+17	4.790309E-6	0.000000E+0	2.888811E-5	2.631474E-4	0.000000E+0	0.000000E+0	0.000000E+0
4.561533E+2	-3.366007E+3	-1.424000E+0	2.698511E+17	2.405250E+17	3.047331E-6	0.000000E+0	3.953460E-5	2.917303E-4	0.000000E+0	0.000000E+0	0.000000E+0
4.778271E+2	-2.958495E+3	-1.361000E+0	-6.256276E-18	1.399337E+17	1.815068E-6	0.000000E+0	5.320415E-5	3.294167E-4	0.000000E+0	0.000000E+0	0.000000E+0
4.694835E+2	-2.564136E+3	-1.297000E+0	-1.006173E-18	-5.687810E-18	4.130226E-6	0.000000E+0	6.909038E-5	3.773447E-4	0.000000E+0	0.000000E+0	0.000000E+0
4.966941E+2	-2.213060E+3	-1.234000E+0	1.311717E+15	5.049488E-18	3.919449E-6	0.000000E+0	9.655158E-5	4.301932E-4	0.000000E+0	0.000000E+0	0.000000E+0
5.087196E+2	-1.916135E+3	-1.171000E+0	2.472319E-19	4.245176E+17	5.751528E-6	0.000000E+0	1.294330E-4	4.875204E-4	0.000000E+0	0.000000E+0	0.000000E+0
5.035338E+2	-1.663708E+3	-1.108000E+0	-5.203440E-18	3.843920E-18	2.476387E-6	0.000000E+0	1.666519E-4	5.506286E-4	0.000000E+0	0.000000E+0	0.000000E+0
4.858885E+2	-1.482483E+3	-1.044000E+0	-1.183520E-18	-5.342346E-18	5.812966E-6	0.000000E+0	1.996384E-4	6.091119E-4	0.000000E+0	0.000000E+0	0.000000E+0
3.969891E+2	-1.383079E+3	-9.810000E-1	-5.319197E+16	-4.994279E+17	2.537821E-6	0.000000E+0	1.917351E-4	6.679902E-4	0.000000E+0	0.000000E+0	0.000000E+0
2.861473E+2	-1.262361E+3	-9.180000E-1	2.088264E+17	-2.195880E+17	4.880643E-6	0.000000E+0	1.707898E-4	7.534524E-4	0.000000E+0	0.000000E+0	0.000000E+0
2.072159E+2	-1.144695E+3	-8.540000E-1	-7.964855E+16	-3.372652E-18	2.088575E-6	0.000000E+0	1.531229E-4	8.458764E-4	0.000000E+0	0.000000E+0	0.000000E+0
1.565515E+2	-1.050054E+3	-7.910000E-1	-1.774996E-18	1.580559E+17	2.899196E-6	0.000000E+0	1.388949E-4	9.316243E-4	0.000000E+0	0.000000E+0	0.000000E+0
1.374688E+2	-9.725780E+2	-7.280000E-1	-4.775830E-18	6.138991E-18	3.709847E-6	0.000000E+0	1.424834E-4	1.008056E-3	0.000000E+0	0.000000E+0	0.000000E+0
1.390405E+2	-9.087528E+2	-6.650000E-1	1.829862E+17	1.849291E+17	3.499044E-6	0.000000E+0	1.645131E-4	1.075239E-3	0.000000E+0	0.000000E+0	0.000000E+0
1.106737E+2	-8.584685E+2	-6.010000E-1	4.410889E+17	3.940187E-18	1.728400E-6	0.000000E+0	1.477192E-4	1.145821E-3	0.000000E+0	0.000000E+0	0.000000E+0
1.156335E+2	-8.166626E+2	-5.380000E-1	-2.037276E-18	3.318154E+17	1.517597E-6	0.000000E+0	1.699721E-4	1.200429E-3	0.000000E+0	0.000000E+0	0.000000E+0
1.078790E+2	-7.810924E+2	-4.750000E-1	-4.319920E+17	-4.172230E+17	2.838962E-6	0.000000E+0	1.735105E-4	1.256294E-3	0.000000E+0	0.000000E+0	0.000000E+0
1.038319E+2	-7.497603E+2	-4.110000E-1	2.945531E-18	-1.599031E-19	1.579065E-6	0.000000E+0	1.812323E-4	1.308661E-3	0.000000E+0	0.000000E+0	0.000000E+0
9.330099E+1	-7.225287E+2	-3.480000E-1	-1.696221E+17	-6.427781E-19	5.964772E-6	0.000000E+0	1.757899E-4	1.361328E-3	0.000000E+0	0.000000E+0	0.000000E+0
7.255170E+1	-7.001316E+2	-2.850000E-1	-2.725480E+17	1.903750E-18	3.200339E-6	0.000000E+0	1.464366E-4	1.413128E-3	0.000000E+0	0.000000E+0	0.000000E+0
7.774097E+1	-6.783112E+2	-2.220000E-1	-1.478400E+17	2.655554E+17	5.543163E-6	0.000000E+0	1.667725E-4	1.455136E-3	0.000000E+0	0.000000E+0	0.000000E+0
8.691403E+1	-6.584135E+2	-1.580000E-1	-2.971689E+17	-4.956124E-18	3.261806E-6	0.000000E+0	1.970561E-4	1.492790E-3	0.000000E+0	0.000000E+0	0.000000E+0
8.542288E+1	-6.405087E+2	-9.500000E-2	-4.717429E+17	-4.928282E+17	2.540258E-6	0.000000E+0	2.045820E-4	1.533975E-3	0.000000E+0	0.000000E+0	0.000000E+0
7.316437E+1	-6.238713E+2	-3.200000E-2	-9.427576E-19	-9.426377E-19	3.861653E-6	0.000000E+0	1.854289E-4	1.581149E-3	0.000000E+0	0.000000E+0	0.000000E+0
8.507874E+1	-6.081133E+2	3.200000E-2	-3.096135E+17	4.406614E-18	4.133896E-6	0.000000E+0	2.256490E-4	1.612861E-3	0.000000E+0	0.000000E+0	0.000000E+0
8.034158E+1	-5.933450E+2	9.500000E-2	-4.715167E+17	-5.481549E+17	3.412377E-6	0.000000E+0	2.240967E-4	1.655016E-3	0.000000E+0	0.000000E+0	0.000000E+0
7.781818E+1	-5.792343E+2	1.580000E-1	-1.067113E+17	-5.230656E+17	1.158658E-6	0.000000E+0	2.278263E-4	1.695809E-3	0.000000E+0	0.000000E+0	0.000000E+0
7.693549E+1	-5.660812E+2	2.220000E-1	-3.021231E-18	2.162610E+17	2.963101E-6	0.000000E+0	2.357331E-4	1.734493E-3	0.000000E+0	0.000000E+0	0.000000E+0
7.641052E+1	-5.535070E+2	2.850000E-1	-3.411601E-18	5.558819E-18	5.816639E-6	0.000000E+0	2.447419E-4	1.772876E-3	0.000000E+0	0.000000E+0	0.000000E+0
5.209714E+1	-5.397178E+2	3.480000E-1	4.155990E+17	-2.187937E-18	2.030778E-6	0.000000E+0	1.771955E-4	1.835716E-3	0.000000E+0	0.000000E+0	0.000000E+0
5.537546E+1	-5.307854E+2	4.110000E-1	-4.316353E+17	4.857998E-18	1.819972E-6	0.000000E+0	1.944366E-4	1.863716E-3	0.000000E+0	0.000000E+0	0.000000E+0
4.375793E+1	-5.178412E+2	4.750000E-1	-3.851510E-18	-6.874123E-18	5.600450E-7	0.000000E+0	1.620218E-4	1.917403E-3	0.000000E+0	0.000000E+0	0.000000E+0
4.257245E+1	-5.090894E+2	5.380000E-1	4.766215E-20	4.558806E+17	1.881410E-6	0.000000E+0	1.631226E-4	1.950650E-3	0.000000E+0	0.000000E+0	0.000000E+0
6.353339E+1	-5.004187E+2	6.010000E-1	1.388541E-18	6.784133E-18	5.756407E-6	0.000000E+0	2.496838E-4	1.966627E-3	0.000000E+0	0.000000E+0	0.000000E+0
6.488791E+1	-4.921725E+2	6.650000E-1	3.311088E+17	-3.632303E-18	5.007219E-6	0.000000E+0	2.632965E-4	1.997095E-3	0.000000E+0	0.000000E+0	0.000000E+0
7.552750E+1	-4.853391E+2	7.280000E-1	-7.975154E-19	6.323277E-18	5.307131E-6	0.000000E+0	3.130564E-4	2.011698E-3	0.000000E+0	0.000000E+0	0.000000E+0
6.801559E+1	-4.783604E+2	7.910000E-1	-4.524503E+17	2.055852E+17	6.117782E-6	0.000000E+0	2.913437E-4	2.049049E-3	0.000000E+0	0.000000E+0	0.000000E+0
6.977676E+1	-4.731202E+2	8.540000E-1	-6.904569E-18	-4.080324E+17	6.417689E-6	0.000000E+0	3.050863E-4	2.068633E-3	0.000000E+0	0.000000E+0	0.000000E+0
7.079465E+1	-4.686334E+2	9.180000E-1	2.547933E-18	-3.558762E+16	4.647049E-6	0.000000E+0	3.151624E-4	2.086254E-3	0.000000E+0	0.000000E+0	0.000000E+0
7.040790E+1	-4.630978E+2	9.810000E-1	-1.734759E+17	1.089529E+17	4.436268E-6	0.000000E+0	3.208865E-4	2.110585E-3	0.000000E+0	0.000000E+0	0.000000E+0
5.244650E+1	-4.557191E+2	1.044000E+0	-5.201041E+17	1.796536E+17	5.246897E-6	0.000000E+0	2.492343E-4	2.165651E-3	0.000000E+0	0.000000E+0	0.000000E+0
5.214011E+1	-4.540101E+2	1.108000E+0	3.883248E+17	-5.707470E+17	2.965535E-6	0.000000E+0	2.496608E-4	2.173922E-3	0.000000E+0	0.000000E+0	0.000000E+0
6.446860E+1	-4.539463E+2	1.171000E+0	-2.820974E+17	-3.562291E+17	1.733279E-6	0.000000E+0	3.066670E-4	2.159351E-3	0.000000E+0	0.000000E+0	0.000000E+0
5.764993E+1	-4.489269E+2	1.234000E+0	7.433461E+16	-3.376204E+17	7.651186E-6	0.000000E+0	2.814129E-4	2.191396E-3	0.000000E+0	0.000000E+0	0.000000E+0
5.455432E+1	-4.470692E+2	1.297000E+0	4.345814E+17	8.421242E+16	2.843837E-6	0.000000E+0	2.689431E-4	2.203972E-3	0.000000E+0	0.000000E+0	0.000000E+0
4.089642E+1	-4.401235E+2	1.361000E+0	5.364300E+17	-2.871878E+17	5.158996E-6	0.000000E+0	2.093160E-4	2.252640E-3	0.000000E+0	0.000000E+0	0.000000E+0
6.991846E+1	-4.432755E+2	1.424000E+0	6.386846E-18	1.659667E-18	5.458933E-6	0.000000E+0	3.471936E-4	2.201170E-3	0.000000E+0	0.000000E+0	0.000000E+0
6.668835E+1	-4.393561E+2	1.487000E+0	9.225652E+16	2.295762E-18	3.205212E-6	0.000000E+0	3.376948E-4	2.224801E-3	0.000000E+0	0.000000E+0	0.000000E+0
6.779486E+1	-4.399918E+2	1.551000E+0	4.020355E+17	1.855177E+17	5.520371E-6	0.000000E+0	3.420719E-4	2.220062E-3	0.000000E+0	0.000000E+0	0.000000E+0
6.991724E+1	-4.406123E+2	1.614000E+0	1.676929E-18	4.035830E-18	3.266687E-6	0.000000E+0	3.512942E-4	2.213825E-3	0.000000E+0	0.000000E+0	0.000000E+0
6.966818E+1	-4.390392E+2	1.677000E+0	-2.680825E+17	-5.492346E+17	5.098758E-6	0.000000E+0	3.525556E-4	2.221756E-3	0.000000E+0	0.000000E+0	0.000000E+0
5.595004E+1	-4.359265E+2	1.741000E+0	6.309741E-18	-4.155966E-18	4.349575E-6	0.000000E+0	2.896530E-4	2.256788E-3	0.000000E+0	0.000000E+0	0.000000E+0
5.634689E+1	-4.374448E+2	1.804000E+0	2.579781E+17	4.569561E-19	5.637121E-7	0.000000E+0	2.896522E-4	2.248693E-3	0.000000E+0	0.000000E+0	0.000000E+0
6.256616E+1	-4.403646E+2	1.867000E+0	2.915631E-18	5.325299E+16	5.460141E-6	0.000000E+0	3.162534E-4	2.225913E-3	0.000000E+0	0.000000E+0	0.000000E+0
6.434427E+1	-4.404339E+2	1.930000E+0	-1.980656E+17	1.958093E+16	1.674278E-6	0.000000E+0	3.247706E-4	2.223042E-3	0.000000E+0	0.000000E+0	0.000000E+0
7.160791E+1	-4.415361E+2	1.994000E+0	4.169888E-18	3.559669E+13	5.521601E-6	0.000000E+0	3.578931E-4	2.206778E-3	0.000000E+0	0.000000E+0	0.000000E+0
6.006561E+1	-4.417792E+2	2.057000E+0	5.785078E-19	5.234687E+17	1.225009E-6	0.000000E+0	3.021763E-4	2.222489E-3	0.000000E+0	0.000000E+0	0.000000E+0
7.534863E+1	-4.440688E+2	2.120000E+0	-2.375418E+17	1.295985E-19	2.546367E-6	0.000000E+0	3.714051E-4	2.188884E-3	0.000000E+0	0.000000E+0	0.000000E+0
6.655661E+1	-4.446154E+2	2.184000E+0	-5.351627E-18	2.391872E+17	4.350804E-6	0.000000E+0	3.293045E-4	2.199840E-3	0.000000E+0	0.000000E+0	0.000000E+0
6.575284E+1	-4.460667E+2	2.247000E+0	2.587905E+17	2.524315E-18	3.118548E-6	0.000000E+0	3.234293E-4	2.194142E-3	0.000000E+0	0.000000E+0	0.000000E+0
6.893283E+1	-4.500113E+2	2.310000E+0	-3.127958E+17	5.964970E-18	3.418463E-6	0.000000E+0	3.325880E-4	2.171221E-3	0.000000E+0	0.000000E+0	0.000000E+0
6.749072E+1	-4.496660E+2	2.373000E+0	6.653843E-18	-4.395667E+17	2.186236E-6	0.000000E+0	3.264293E-4	2.174879E-3	0.000000E+0	0.000000E+0	0.000000E+0
5.499609E+1	-4.481838E+2	2.437000E+0	-1.137863E-18	-4.190346E+17	4.155881E-7	0.000000E+0	2.697298E-4	2.198129E-3	0.000000E+0	0.000000E+0	0.000000E+0
5.374286E+1	-4.509618E+2	2.500000E+0	-9.275714E-19	-3.780201E-18	2.758403E-6	0.000000E+0	2.605653E-4	2.186430E-3	0.000000E+0	0.000000E+0	0.000000E+0
