Real / Ohm	Ximag / Ohm	V_DC / V	I_a c / A	V_ac / V	I_DC / A
1.214320E+3	-1.224063E+4	-2.500000E+0	-3.567381E+17	-4.283094E-18	1.662062E-6	5.623413E+6	8.025506E-6	8.089898E-5	0.000000E+0	0.000000E+0	0.000000E+0
1.215499E+3	-1.189170E+4	-2.437000E+0	-1.808722E+17	6.906363E-18	3.494133E-6	0.000000E+0	8.506538E-6	8.322278E-5	0.000000E+0	0.000000E+0	0.000000E+0
1.213423E+3	-1.146184E+4	-2.373000E+0	-5.704680E+17	1.371951E+17	1.212771E-6	0.000000E+0	9.134046E-6	8.627904E-5	0.000000E+0	0.000000E+0	0.000000E+0
1.234671E+3	-1.110276E+4	-2.310000E+0	-6.194311E-18	5.356395E+17	4.577058E-6	0.000000E+0	9.893539E-6	8.896749E-5	0.000000E+0	0.000000E+0	0.000000E+0
1.237727E+3	-1.091808E+4	-2.247000E+0	2.517955E+17	3.793714E+16	7.911731E-7	0.000000E+0	1.025148E-5	9.042904E-5	0.000000E+0	0.000000E+0	0.000000E+0
1.246566E+3	-1.082830E+4	-2.184000E+0	4.553607E+17	-2.686618E+17	1.091117E-6	0.000000E+0	1.049245E-5	9.114270E-5	0.000000E+0	0.000000E+0	0.000000E+0
1.239002E+3	-1.071125E+4	-2.120000E+0	8.250878E-19	3.413458E-18	2.384812E-6	0.000000E+0	1.065661E-5	9.212710E-5	0.000000E+0	0.000000E+0	0.000000E+0
1.236463E+3	-1.063087E+4	-2.057000E+0	6.288344E-18	-3.928899E-18	1.311128E-7	0.000000E+0	1.079463E-5	9.281017E-5	0.000000E+0	0.000000E+0	0.000000E+0
1.242188E+3	-1.049564E+4	-1.994000E+0	-2.651570E-18	4.670974E-18	1.452492E-6	0.000000E+0	1.112060E-5	9.396150E-5	0.000000E+0	0.000000E+0	0.000000E+0
1.252846E+3	-1.027974E+4	-1.930000E+0	2.907620E+17	-1.496570E-18	1.724700E-6	0.000000E+0	1.168235E-5	9.585494E-5	0.000000E+0	0.000000E+0	0.000000E+0
1.255533E+3	-1.001702E+4	-1.867000E+0	-2.052452E-18	3.493290E-18	4.924368E-7	0.000000E+0	1.231917E-5	9.828601E-5	0.000000E+0	0.000000E+0	0.000000E+0
1.265603E+3	-9.661211E+3	-1.804000E+0	5.725574E-18	6.181569E-18	2.835295E-6	0.000000E+0	1.333045E-5	1.017604E-4	0.000000E+0	0.000000E+0	0.000000E+0
1.246307E+3	-9.192230E+3	-1.741000E+0	-6.504745E+16	2.369913E+17	1.603032E-6	0.000000E+0	1.448346E-5	1.068238E-4	0.000000E+0	0.000000E+0	0.000000E+0
1.110704E+3	-8.678211E+3	-1.677000E+0	-4.960950E+17	-5.508904E-18	2.386019E-6	0.000000E+0	1.451047E-5	1.133740E-4	0.000000E+0	0.000000E+0	0.000000E+0
8.955903E+2	-8.160474E+3	-1.614000E+0	2.127762E-18	3.298054E+15	1.664463E-6	0.000000E+0	1.328859E-5	1.210835E-4	0.000000E+0	0.000000E+0	0.000000E+0
6.805557E+2	-7.639561E+3	-1.551000E+0	8.607266E+16	1.699868E-17	1.964407E-6	0.000000E+0	1.156895E-5	1.298670E-4	0.000000E+0	0.000000E+0	0.000000E+0
5.061650E+2	-6.993727E+3	-1.487000E+0	-3.654067E-18	-2.240669E+17	1.725966E-6	0.000000E+0	1.029451E-5	1.422402E-4	0.000000E+0	0.000000E+0	0.000000E+0
3.702612E+2	-6.191221E+3	-1.424000E+0	2.698511E+17	2.405250E+17	4.937028E-7	0.000000E+0	9.625096E-6	1.609434E-4	0.000000E+0	0.000000E+0	0.000000E+0
2.625815E+2	-5.249739E+3	-1.361000E+0	-6.256276E-18	1.399337E+17	2.828674E-7	0.000000E+0	9.503937E-6	1.900103E-4	0.000000E+0	0.000000E+0	0.000000E+0
1.905181E+2	-4.324225E+3	-1.297000E+0	-1.006173E-18	-5.687810E-18	1.065855E-6	0.000000E+0	1.016898E-5	2.308073E-4	0.000000E+0	0.000000E+0	0.000000E+0
1.414807E+2	-3.479083E+3	-1.234000E+0	1.311717E+15	5.049488E-18	2.387249E-6	0.000000E+0	1.166944E-5	2.869575E-4	0.000000E+0	0.000000E+0	0.000000E+0
1.086340E+2	-2.839625E+3	-1.171000E+0	2.472319E-19	4.245176E+17	4.730071E-6	0.000000E+0	1.345267E-5	3.516445E-4	0.000000E+0	0.000000E+0	0.000000E+0
8.751416E+1	-2.372788E+3	-1.108000E+0	-5.203440E-18	3.843920E-18	-5.879556E-7	0.000000E+0	1.552280E-5	4.208726E-4	0.000000E+0	0.000000E+0	0.000000E+0
7.280859E+1	-2.045745E+3	-1.044000E+0	-1.183520E-18	-5.342346E-18	1.216453E-6	0.000000E+0	1.737520E-5	4.882011E-4	0.000000E+0	0.000000E+0	0.000000E+0
4.979089E+1	-1.823944E+3	-9.810000E-1	-5.319197E+16	-4.994279E+17	-1.547949E-6	0.000000E+0	1.495558E-5	5.478542E-4	0.000000E+0	0.000000E+0	0.000000E+0
5.467004E+1	-1.660289E+3	-9.180000E-1	2.088264E+17	-2.195880E+17	3.348472E-6	0.000000E+0	1.981123E-5	6.016524E-4	0.000000E+0	0.000000E+0	0.000000E+0
5.690295E+1	-1.530760E+3	-8.540000E-1	-7.964855E+16	-3.372652E-18	-1.486511E-6	0.000000E+0	2.425051E-5	6.523688E-4	0.000000E+0	0.000000E+0	0.000000E+0
4.814612E+1	-1.427261E+3	-7.910000E-1	-1.774996E-18	1.580559E+17	-1.651460E-7	0.000000E+0	2.360808E-5	6.998463E-4	0.000000E+0	0.000000E+0	0.000000E+0
5.049695E+1	-1.340817E+3	-7.280000E-1	-4.775830E-18	6.138991E-18	1.666962E-6	0.000000E+0	2.804856E-5	7.447576E-4	0.000000E+0	0.000000E+0	0.000000E+0
4.732495E+1	-1.269428E+3	-6.650000E-1	1.829862E+17	1.849291E+17	1.456159E-6	0.000000E+0	2.932722E-5	7.866630E-4	0.000000E+0	0.000000E+0	0.000000E+0
4.635675E+1	-1.208981E+3	-6.010000E-1	4.410889E+17	3.940187E-18	3.771314E-6	0.000000E+0	3.166912E-5	8.259285E-4	0.000000E+0	0.000000E+0	0.000000E+0
4.490930E+1	-1.159551E+3	-5.380000E-1	-2.037276E-18	3.318154E+17	4.581940E-6	0.000000E+0	3.335075E-5	8.611111E-4	0.000000E+0	0.000000E+0	0.000000E+0
4.453351E+1	-1.118044E+3	-4.750000E-1	-4.319920E+17	-4.172230E+17	2.838962E-6	0.000000E+0	3.556974E-5	8.930024E-4	0.000000E+0	0.000000E+0	0.000000E+0
4.457294E+1	-1.081355E+3	-4.110000E-1	2.945531E-18	-1.599031E-19	1.068322E-6	0.000000E+0	3.805375E-5	9.231971E-4	0.000000E+0	0.000000E+0	0.000000E+0
4.392639E+1	-1.049904E+3	-3.480000E-1	-1.696221E+17	-6.427781E-19	3.921887E-6	0.000000E+0	3.978018E-5	9.508037E-4	0.000000E+0	0.000000E+0	0.000000E+0
3.776404E+1	-1.021888E+3	-2.850000E-1	-2.725480E+17	1.903750E-18	3.711082E-6	0.000000E+0	3.611430E-5	9.772462E-4	0.000000E+0	0.000000E+0	0.000000E+0
4.113690E+1	-9.962046E+2	-2.220000E-1	-1.478400E+17	2.655554E+17	-5.855218E-7	0.000000E+0	4.138039E-5	1.002101E-3	0.000000E+0	0.000000E+0	0.000000E+0
4.363892E+1	-9.729789E+2	-1.580000E-1	-2.971689E+17	-4.956124E-18	1.974640E-7	0.000000E+0	4.600387E-5	1.025708E-3	0.000000E+0	0.000000E+0	0.000000E+0
4.308020E+1	-9.515778E+2	-9.500000E-2	-4.717429E+17	-4.928282E+17	1.008087E-6	0.000000E+0	4.747882E-5	1.048737E-3	0.000000E+0	0.000000E+0	0.000000E+0
4.314850E+1	-9.319338E+2	-3.200000E-2	-9.427576E-19	-9.426377E-19	-7.348892E-7	0.000000E+0	4.957533E-5	1.070742E-3	0.000000E+0	0.000000E+0	0.000000E+0
4.208978E+1	-9.132640E+2	3.200000E-2	-3.096135E+17	4.406614E-18	1.580268E-6	0.000000E+0	5.035731E-5	1.092653E-3	0.000000E+0	0.000000E+0	0.000000E+0
4.186792E+1	-8.965759E+2	9.500000E-2	-4.715167E+17	-5.481549E+17	1.369463E-6	0.000000E+0	5.197102E-5	1.112928E-3	0.000000E+0	0.000000E+0	0.000000E+0
4.169672E+1	-8.808359E+2	1.580000E-1	-1.067113E+17	-5.230656E+17	-8.842271E-7	0.000000E+0	5.362160E-5	1.132747E-3	0.000000E+0	0.000000E+0	0.000000E+0
4.221936E+1	-8.659459E+2	2.220000E-1	-3.021231E-18	2.162610E+17	2.452387E-6	0.000000E+0	5.616930E-5	1.152068E-3	0.000000E+0	0.000000E+0	0.000000E+0
4.246338E+1	-8.525397E+2	2.850000E-1	-3.411601E-18	5.558819E-18	-1.844217E-6	0.000000E+0	5.827862E-5	1.170063E-3	0.000000E+0	0.000000E+0	0.000000E+0
4.213757E+1	-8.399708E+2	3.480000E-1	4.155990E+17	-2.187937E-18	-1.544307E-6	0.000000E+0	5.957301E-5	1.187529E-3	0.000000E+0	0.000000E+0	0.000000E+0
3.923804E+1	-8.283635E+2	4.110000E-1	-4.316353E+17	4.857998E-18	1.819972E-6	0.000000E+0	5.705478E-5	1.204497E-3	0.000000E+0	0.000000E+0	0.000000E+0
4.424219E+1	-8.173735E+2	4.750000E-1	-3.851510E-18	-6.874123E-18	3.113673E-6	0.000000E+0	6.602752E-5	1.219857E-3	0.000000E+0	0.000000E+0	0.000000E+0
4.444202E+1	-8.075775E+2	5.380000E-1	4.766215E-20	4.558806E+17	8.599818E-7	0.000000E+0	6.793790E-5	1.234533E-3	0.000000E+0	0.000000E+0	0.000000E+0
4.427594E+1	-7.983108E+2	6.010000E-1	1.388541E-18	6.784133E-18	-3.722780E-7	0.000000E+0	6.926119E-5	1.248804E-3	0.000000E+0	0.000000E+0	0.000000E+0
4.464032E+1	-7.898201E+2	6.650000E-1	3.311088E+17	-3.632303E-18	-6.107512E-7	0.000000E+0	7.133223E-5	1.262079E-3	0.000000E+0	0.000000E+0	0.000000E+0
4.502380E+1	-7.821991E+2	7.280000E-1	-7.975154E-19	6.323277E-18	2.753502E-6	0.000000E+0	7.334508E-5	1.274225E-3	0.000000E+0	0.000000E+0	0.000000E+0
4.459399E+1	-7.751029E+2	7.910000E-1	-4.524503E+17	2.055852E+17	1.521268E-6	0.000000E+0	7.398138E-5	1.285895E-3	0.000000E+0	0.000000E+0	0.000000E+0
4.438245E+1	-7.686577E+2	8.540000E-1	-6.904569E-18	-4.080324E+17	1.310462E-6	0.000000E+0	7.486862E-5	1.296646E-3	0.000000E+0	0.000000E+0	0.000000E+0
4.438568E+1	-7.625366E+2	9.180000E-1	2.547933E-18	-3.558762E+16	-4.601789E-7	0.000000E+0	7.607685E-5	1.306984E-3	0.000000E+0	0.000000E+0	0.000000E+0
4.457739E+1	-7.572407E+2	9.810000E-1	-1.734759E+17	1.089529E+17	4.946982E-6	0.000000E+0	7.747192E-5	1.316023E-3	0.000000E+0	0.000000E+0	0.000000E+0
4.423346E+1	-7.524044E+2	1.044000E+0	-5.201041E+17	1.796536E+17	6.503833E-7	0.000000E+0	7.786635E-5	1.324495E-3	0.000000E+0	0.000000E+0	0.000000E+0
4.547638E+1	-7.478401E+2	1.108000E+0	3.883248E+17	-5.707470E+17	1.433364E-6	0.000000E+0	8.101499E-5	1.332258E-3	0.000000E+0	0.000000E+0	0.000000E+0
4.626263E+1	-7.436997E+2	1.171000E+0	-2.820974E+17	-3.562291E+17	2.244022E-6	0.000000E+0	8.332164E-5	1.339446E-3	0.000000E+0	0.000000E+0	0.000000E+0
4.662994E+1	-7.400149E+2	1.234000E+0	7.433461E+16	-3.376204E+17	2.033215E-6	0.000000E+0	8.481310E-5	1.345980E-3	0.000000E+0	0.000000E+0	0.000000E+0
4.591754E+1	-7.365121E+2	1.297000E+0	4.345814E+17	8.421242E+16	-7.312192E-7	0.000000E+0	8.432068E-5	1.352494E-3	0.000000E+0	0.000000E+0	0.000000E+0
4.623810E+1	-7.332410E+2	1.361000E+0	5.364300E+17	-2.871878E+17	3.116111E-6	0.000000E+0	8.566096E-5	1.358406E-3	0.000000E+0	0.000000E+0	0.000000E+0
4.678540E+1	-7.303193E+2	1.424000E+0	6.386846E-18	1.659667E-18	2.394590E-6	0.000000E+0	8.735870E-5	1.363668E-3	0.000000E+0	0.000000E+0	0.000000E+0
4.669867E+1	-7.276914E+2	1.487000E+0	9.225652E+16	2.295762E-18	1.162327E-6	0.000000E+0	8.782642E-5	1.368573E-3	0.000000E+0	0.000000E+0	0.000000E+0
4.578955E+1	-7.252437E+2	1.551000E+0	4.020355E+17	1.855177E+17	2.456029E-6	0.000000E+0	8.671030E-5	1.373372E-3	0.000000E+0	0.000000E+0	0.000000E+0
4.596613E+1	-7.228029E+2	1.614000E+0	1.676929E-18	4.035830E-18	7.130584E-7	0.000000E+0	8.762849E-5	1.377930E-3	0.000000E+0	0.000000E+0	0.000000E+0
4.610358E+1	-7.207955E+2	1.677000E+0	-2.680825E+17	-5.492346E+17	-8.469215E-9	0.000000E+0	8.837662E-5	1.381703E-3	0.000000E+0	0.000000E+0	0.000000E+0
4.528448E+1	-7.188848E+2	1.741000E+0	6.309741E-18	-4.155966E-18	-7.576527E-7	0.000000E+0	8.727922E-5	1.385546E-3	0.000000E+0	0.000000E+0	0.000000E+0
4.685315E+1	-7.175942E+2	1.804000E+0	2.579781E+17	4.569561E-19	2.095883E-6	0.000000E+0	9.060110E-5	1.387630E-3	0.000000E+0	0.000000E+0	0.000000E+0
4.641919E+1	-7.156072E+2	1.867000E+0	2.915631E-18	5.325299E+16	2.395798E-6	0.000000E+0	9.026608E-5	1.391559E-3	0.000000E+0	0.000000E+0	0.000000E+0
4.677502E+1	-7.143613E+2	1.930000E+0	-1.980656E+17	1.958093E+16	6.528207E-7	0.000000E+0	9.126834E-5	1.393876E-3	0.000000E+0	0.000000E+0	0.000000E+0
4.571228E+1	-7.130450E+2	1.994000E+0	4.169888E-18	3.559669E+13	-9.637006E-8	0.000000E+0	8.954014E-5	1.396696E-3	0.000000E+0	0.000000E+0	0.000000E+0
4.606232E+1	-7.118926E+2	2.057000E+0	5.785078E-19	5.234687E+17	1.735723E-6	0.000000E+0	9.051122E-5	1.398850E-3	0.000000E+0	0.000000E+0	0.000000E+0
4.679449E+1	-7.109818E+2	2.120000E+0	-2.375418E+17	1.295985E-19	5.034817E-7	0.000000E+0	9.217232E-5	1.400439E-3	0.000000E+0	0.000000E+0	0.000000E+0
4.634216E+1	-7.099805E+2	2.184000E+0	-5.351627E-18	2.391872E+17	-2.457382E-7	0.000000E+0	9.154551E-5	1.402514E-3	0.000000E+0	0.000000E+0	0.000000E+0
4.606213E+1	-7.093289E+2	2.247000E+0	2.587905E+17	2.524315E-18	1.075663E-6	0.000000E+0	9.116354E-5	1.403863E-3	0.000000E+0	0.000000E+0	0.000000E+0
4.462268E+1	-7.079539E+2	2.310000E+0	-3.127958E+17	5.964970E-18	-2.199507E-6	0.000000E+0	8.867960E-5	1.406932E-3	0.000000E+0	0.000000E+0	0.000000E+0
4.582953E+1	-7.073755E+2	2.373000E+0	6.653843E-18	-4.395667E+17	-1.899563E-6	0.000000E+0	9.120659E-5	1.407767E-3	0.000000E+0	0.000000E+0	0.000000E+0
4.507361E+1	-7.065625E+2	2.437000E+0	-1.137863E-18	-4.190346E+17	9.263022E-7	0.000000E+0	8.992023E-5	1.409567E-3	0.000000E+0	0.000000E+0	0.000000E+0
4.626056E+1	-7.061399E+2	2.500000E+0	-9.275714E-19	-3.780201E-18	2.047746E-7	0.000000E+0	9.237819E-5	1.410098E-3	0.000000E+0	0.000000E+0	0.000000E+0
