Real / Ohm	Ximag / Ohm	V_DC / V	I_a c / A	V_ac / V	I_DC / A
4.580856E+1	-5.658376E+2	2.500000E+0	-9.275714E-19	-3.780201E-18	1.736946E-6	5.623413E+6	1.421431E-4	1.755784E-3	0.000000E+0	0.000000E+0	0.000000E+0
4.840863E+1	-5.696870E+2	2.437000E+0	-1.137863E-18	-4.190346E+17	1.437016E-6	0.000000E+0	1.480899E-4	1.742766E-3	0.000000E+0	0.000000E+0	0.000000E+0
5.114182E+1	-5.726487E+2	2.373000E+0	6.653843E-18	-4.395667E+17	6.540649E-7	0.000000E+0	1.547211E-4	1.732454E-3	0.000000E+0	0.000000E+0	0.000000E+0
4.767270E+1	-5.756060E+2	2.310000E+0	-3.127958E+17	5.964970E-18	3.541209E-7	0.000000E+0	1.429059E-4	1.725464E-3	0.000000E+0	0.000000E+0	0.000000E+0
4.873132E+1	-5.787141E+2	2.247000E+0	2.587905E+17	2.524315E-18	2.607834E-6	0.000000E+0	1.444812E-4	1.715803E-3	0.000000E+0	0.000000E+0	0.000000E+0
5.009668E+1	-5.817859E+2	2.184000E+0	-5.351627E-18	2.391872E+17	2.307890E-6	0.000000E+0	1.469178E-4	1.706195E-3	0.000000E+0	0.000000E+0	0.000000E+0
5.077777E+1	-5.849675E+2	2.120000E+0	-2.375418E+17	1.295985E-19	3.057081E-6	0.000000E+0	1.472821E-4	1.696712E-3	0.000000E+0	0.000000E+0	0.000000E+0
4.988928E+1	-5.879613E+2	2.057000E+0	5.785078E-19	5.234687E+17	7.142953E-7	0.000000E+0	1.432828E-4	1.688634E-3	0.000000E+0	0.000000E+0	0.000000E+0
5.009351E+1	-5.911276E+2	1.994000E+0	4.169888E-18	3.559669E+13	4.500143E-6	0.000000E+0	1.423349E-4	1.679620E-3	0.000000E+0	0.000000E+0	0.000000E+0
5.083600E+1	-5.943352E+2	1.930000E+0	-1.980656E+17	1.958093E+16	2.184992E-6	0.000000E+0	1.428705E-4	1.670332E-3	0.000000E+0	0.000000E+0	0.000000E+0
4.940472E+1	-5.974128E+2	1.867000E+0	2.915631E-18	5.325299E+16	2.906541E-6	0.000000E+0	1.374863E-4	1.662515E-3	0.000000E+0	0.000000E+0	0.000000E+0
4.734796E+1	-6.003719E+2	1.804000E+0	2.579781E+17	4.569561E-19	2.606597E-6	0.000000E+0	1.305473E-4	1.655339E-3	0.000000E+0	0.000000E+0	0.000000E+0
4.914581E+1	-6.036226E+2	1.741000E+0	6.309741E-18	-4.155966E-18	1.285232E-6	0.000000E+0	1.339942E-4	1.645755E-3	0.000000E+0	0.000000E+0	0.000000E+0
5.134375E+1	-6.067764E+2	1.677000E+0	-2.680825E+17	-5.492346E+17	-5.192123E-7	0.000000E+0	1.384624E-4	1.636337E-3	0.000000E+0	0.000000E+0	0.000000E+0
4.267798E+1	-6.097681E+2	1.614000E+0	1.676929E-18	4.035830E-18	7.130584E-7	0.000000E+0	1.142226E-4	1.631973E-3	0.000000E+0	0.000000E+0	0.000000E+0
4.810876E+1	-6.131844E+2	1.551000E+0	4.020355E+17	1.855177E+17	2.966743E-6	0.000000E+0	1.271677E-4	1.620854E-3	0.000000E+0	0.000000E+0	0.000000E+0
5.000574E+1	-6.166199E+2	1.487000E+0	9.225652E+16	2.295762E-18	2.694498E-6	0.000000E+0	1.306586E-4	1.611149E-3	0.000000E+0	0.000000E+0	0.000000E+0
5.019318E+1	-6.199856E+2	1.424000E+0	6.386846E-18	1.659667E-18	2.905304E-6	0.000000E+0	1.297312E-4	1.602438E-3	0.000000E+0	0.000000E+0	0.000000E+0
4.918054E+1	-6.234224E+2	1.361000E+0	5.364300E+17	-2.871878E+17	1.583940E-6	0.000000E+0	1.257576E-4	1.594128E-3	0.000000E+0	0.000000E+0	0.000000E+0
4.930243E+1	-6.269873E+2	1.297000E+0	4.345814E+17	8.421242E+16	2.843837E-6	0.000000E+0	1.246447E-4	1.585127E-3	0.000000E+0	0.000000E+0	0.000000E+0
4.988745E+1	-6.307728E+2	1.234000E+0	7.433461E+16	-3.376204E+17	1.522472E-6	0.000000E+0	1.246055E-4	1.575502E-3	0.000000E+0	0.000000E+0	0.000000E+0
4.877045E+1	-6.346046E+2	1.171000E+0	-2.820974E+17	-3.562291E+17	1.222565E-6	0.000000E+0	1.203907E-4	1.566532E-3	0.000000E+0	0.000000E+0	0.000000E+0
4.774799E+1	-6.385212E+2	1.108000E+0	3.883248E+17	-5.707470E+17	2.454821E-6	0.000000E+0	1.164616E-4	1.557410E-3	0.000000E+0	0.000000E+0	0.000000E+0
4.824786E+1	-6.428060E+2	1.044000E+0	-5.201041E+17	1.796536E+17	2.693298E-6	0.000000E+0	1.161123E-4	1.546964E-3	0.000000E+0	0.000000E+0	0.000000E+0
5.083789E+1	-6.473782E+2	9.810000E-1	-1.734759E+17	1.089529E+17	1.371900E-6	0.000000E+0	1.205595E-4	1.535225E-3	0.000000E+0	0.000000E+0	0.000000E+0
4.413904E+1	-6.521493E+2	9.180000E-1	2.547933E-18	-3.558762E+16	3.114877E-6	0.000000E+0	1.033104E-4	1.526399E-3	0.000000E+0	0.000000E+0	0.000000E+0
4.388635E+1	-6.573042E+2	8.540000E-1	-6.904569E-18	-4.080324E+17	4.885518E-6	0.000000E+0	1.011265E-4	1.514614E-3	0.000000E+0	0.000000E+0	0.000000E+0
5.074854E+1	-6.634937E+2	7.910000E-1	-4.524503E+17	2.055852E+17	2.542725E-6	0.000000E+0	1.146084E-4	1.498407E-3	0.000000E+0	0.000000E+0	0.000000E+0
5.034906E+1	-6.698560E+2	7.280000E-1	-7.975154E-19	6.323277E-18	3.264246E-6	0.000000E+0	1.115788E-4	1.484471E-3	0.000000E+0	0.000000E+0	0.000000E+0
4.970502E+1	-6.771786E+2	6.650000E-1	3.311088E+17	-3.632303E-18	9.214200E-7	0.000000E+0	1.078103E-4	1.468802E-3	0.000000E+0	0.000000E+0	0.000000E+0
4.999408E+1	-6.857770E+2	6.010000E-1	1.388541E-18	6.784133E-18	3.713521E-6	0.000000E+0	1.057428E-4	1.450491E-3	0.000000E+0	0.000000E+0	0.000000E+0
5.102881E+1	-6.959036E+2	5.380000E-1	4.766215E-20	4.558806E+17	3.924324E-6	0.000000E+0	1.048065E-4	1.429295E-3	0.000000E+0	0.000000E+0	0.000000E+0
4.960693E+1	-7.081493E+2	4.750000E-1	-3.851510E-18	-6.874123E-18	3.624387E-6	0.000000E+0	9.843889E-5	1.405236E-3	0.000000E+0	0.000000E+0	0.000000E+0
4.950488E+1	-7.234465E+2	4.110000E-1	-4.316353E+17	4.857998E-18	1.819972E-6	0.000000E+0	9.414696E-5	1.375830E-3	0.000000E+0	0.000000E+0	0.000000E+0
5.114459E+1	-7.410521E+2	3.480000E-1	4.155990E+17	-2.187937E-18	2.541492E-6	0.000000E+0	9.269120E-5	1.343036E-3	0.000000E+0	0.000000E+0	0.000000E+0
5.243365E+1	-7.597439E+2	2.850000E-1	-3.411601E-18	5.558819E-18	1.730839E-6	0.000000E+0	9.040907E-5	1.309993E-3	0.000000E+0	0.000000E+0	0.000000E+0
5.075537E+1	-7.791523E+2	2.220000E-1	-3.021231E-18	2.162610E+17	3.473815E-6	0.000000E+0	8.325269E-5	1.278023E-3	0.000000E+0	0.000000E+0	0.000000E+0
5.161792E+1	-7.984391E+2	1.580000E-1	-1.067113E+17	-5.230656E+17	4.223029E-6	0.000000E+0	8.063166E-5	1.247231E-3	0.000000E+0	0.000000E+0	0.000000E+0
5.490051E+1	-8.192992E+2	9.500000E-2	-4.715167E+17	-5.481549E+17	4.944548E-6	0.000000E+0	8.142272E-5	1.215099E-3	0.000000E+0	0.000000E+0	0.000000E+0
5.422662E+1	-8.424203E+2	3.200000E-2	-3.096135E+17	4.406614E-18	2.601725E-6	0.000000E+0	7.609552E-5	1.182158E-3	0.000000E+0	0.000000E+0	0.000000E+0
5.363843E+1	-8.702379E+2	-3.200000E-2	-9.427576E-19	-9.426377E-19	5.904538E-6	0.000000E+0	7.055914E-5	1.144762E-3	0.000000E+0	0.000000E+0	0.000000E+0
5.499158E+1	-9.023557E+2	-9.500000E-2	-4.717429E+17	-4.928282E+17	3.561715E-6	0.000000E+0	6.728693E-5	1.104110E-3	0.000000E+0	0.000000E+0	0.000000E+0
5.743811E+1	-9.413265E+2	-1.580000E-1	-2.971689E+17	-4.956124E-18	7.081780E-7	0.000000E+0	6.458112E-5	1.058390E-3	0.000000E+0	0.000000E+0	0.000000E+0
5.720538E+1	-9.899391E+2	-2.220000E-1	-1.478400E+17	2.655554E+17	5.032449E-6	0.000000E+0	5.817978E-5	1.006801E-3	0.000000E+0	0.000000E+0	0.000000E+0
5.929443E+1	-1.050184E+3	-2.850000E-1	-2.725480E+17	1.903750E-18	6.467399E-7	0.000000E+0	5.359211E-5	9.491882E-4	0.000000E+0	0.000000E+0	0.000000E+0
6.541229E+1	-1.128427E+3	-3.480000E-1	-1.696221E+17	-6.427781E-19	3.411144E-6	0.000000E+0	5.119830E-5	8.832215E-4	0.000000E+0	0.000000E+0	0.000000E+0
6.788904E+1	-1.235422E+3	-4.110000E-1	2.945531E-18	-1.599031E-19	2.600493E-6	0.000000E+0	4.434652E-5	8.070031E-4	0.000000E+0	0.000000E+0	0.000000E+0
7.818481E+1	-1.388509E+3	-4.750000E-1	-4.319920E+17	-4.172230E+17	2.328248E-6	0.000000E+0	4.042501E-5	7.179207E-4	0.000000E+0	0.000000E+0	0.000000E+0
8.804504E+1	-1.615455E+3	-5.380000E-1	-2.037276E-18	3.318154E+17	3.560512E-6	0.000000E+0	3.363776E-5	6.171873E-4	0.000000E+0	0.000000E+0	0.000000E+0
1.054703E+2	-1.981384E+3	-6.010000E-1	4.410889E+17	3.940187E-18	1.962289E-7	0.000000E+0	2.678947E-5	5.032717E-4	0.000000E+0	0.000000E+0	0.000000E+0
1.341997E+2	-2.596713E+3	-6.650000E-1	1.829862E+17	1.849291E+17	1.966873E-6	0.000000E+0	1.984930E-5	3.840764E-4	0.000000E+0	0.000000E+0	0.000000E+0
1.968228E+2	-3.598866E+3	-7.280000E-1	-4.775830E-18	6.138991E-18	6.263475E-6	0.000000E+0	1.515120E-5	2.770367E-4	0.000000E+0	0.000000E+0	0.000000E+0
3.404595E+2	-5.162216E+3	-7.910000E-1	-1.774996E-18	1.580559E+17	1.877768E-6	0.000000E+0	1.272062E-5	1.928763E-4	0.000000E+0	0.000000E+0	0.000000E+0
6.030518E+2	-7.390471E+3	-8.540000E-1	-7.964855E+16	-3.372652E-18	2.088575E-6	0.000000E+0	1.096802E-5	1.344144E-4	0.000000E+0	0.000000E+0	0.000000E+0
7.656914E+2	-9.880180E+3	-9.180000E-1	2.088264E+17	-2.195880E+17	5.902100E-6	0.000000E+0	7.796928E-6	1.006085E-4	0.000000E+0	0.000000E+0	0.000000E+0
5.487881E+2	-1.181484E+4	-9.810000E-1	-5.319197E+16	-4.994279E+17	3.048564E-6	0.000000E+0	3.922952E-6	8.445710E-5	0.000000E+0	0.000000E+0	0.000000E+0
3.361689E+2	-1.295991E+4	-1.044000E+0	-1.183520E-18	-5.342346E-18	3.259367E-6	0.000000E+0	2.000145E-6	7.710915E-5	0.000000E+0	0.000000E+0	0.000000E+0
2.504932E+2	-1.373977E+4	-1.108000E+0	-5.203440E-18	3.843920E-18	2.987101E-6	0.000000E+0	1.326456E-6	7.275724E-5	0.000000E+0	0.000000E+0	0.000000E+0
2.270967E+2	-1.437738E+4	-1.171000E+0	2.472319E-19	4.245176E+17	3.708643E-6	0.000000E+0	1.098356E-6	6.953635E-5	0.000000E+0	0.000000E+0	0.000000E+0
2.246572E+2	-1.493379E+4	-1.234000E+0	1.311717E+15	5.049488E-18	4.940877E-6	0.000000E+0	1.007122E-6	6.694709E-5	0.000000E+0	0.000000E+0	0.000000E+0
2.179287E+2	-1.547105E+4	-1.297000E+0	-1.006173E-18	-5.687810E-18	3.108769E-6	0.000000E+0	9.103087E-7	6.462403E-5	0.000000E+0	0.000000E+0	0.000000E+0
2.410322E+2	-1.596303E+4	-1.361000E+0	-6.256276E-18	1.399337E+17	1.304354E-6	0.000000E+0	9.456826E-7	6.263047E-5	0.000000E+0	0.000000E+0	0.000000E+0
2.000684E+2	-1.641413E+4	-1.424000E+0	2.698511E+17	2.405250E+17	3.047331E-6	0.000000E+0	7.424689E-7	6.091407E-5	0.000000E+0	0.000000E+0	0.000000E+0
2.038105E+2	-1.678289E+4	-1.487000E+0	-3.654067E-18	-2.240669E+17	7.044800E-7	0.000000E+0	7.234841E-7	5.957571E-5	0.000000E+0	0.000000E+0	0.000000E+0
2.257734E+2	-1.715509E+4	-1.551000E+0	8.607266E+16	1.699868E-17	2.475121E-6	0.000000E+0	7.670286E-7	5.828164E-5	0.000000E+0	0.000000E+0	0.000000E+0
2.206738E+2	-1.746360E+4	-1.614000E+0	2.127762E-18	3.298054E+15	1.664463E-6	0.000000E+0	7.234589E-7	5.725282E-5	0.000000E+0	0.000000E+0	0.000000E+0
2.079248E+2	-1.772186E+4	-1.677000E+0	-4.960950E+17	-5.508904E-18	8.538191E-7	0.000000E+0	6.619542E-7	5.641972E-5	0.000000E+0	0.000000E+0	0.000000E+0
2.297031E+2	-1.800188E+4	-1.741000E+0	-6.504745E+16	2.369913E+17	1.092318E-6	0.000000E+0	7.086967E-7	5.554071E-5	0.000000E+0	0.000000E+0	0.000000E+0
2.419561E+2	-1.818657E+4	-1.804000E+0	5.725574E-18	6.181569E-18	1.303095E-6	0.000000E+0	7.314053E-7	5.497590E-5	0.000000E+0	0.000000E+0	0.000000E+0
2.274307E+2	-1.836285E+4	-1.867000E+0	-2.052452E-18	3.493290E-18	2.535351E-6	0.000000E+0	6.743763E-7	5.444943E-5	0.000000E+0	0.000000E+0	0.000000E+0
2.090176E+2	-1.847462E+4	-1.930000E+0	2.907620E+17	-1.496570E-18	2.746187E-6	0.000000E+0	6.123169E-7	5.412138E-5	0.000000E+0	0.000000E+0	0.000000E+0
2.093252E+2	-1.860943E+4	-1.994000E+0	-2.651570E-18	4.670974E-18	1.963206E-6	0.000000E+0	6.043666E-7	5.372940E-5	0.000000E+0	0.000000E+0	0.000000E+0
2.400166E+2	-1.868040E+4	-2.057000E+0	6.288344E-18	-3.928899E-18	2.684683E-6	0.000000E+0	6.876972E-7	5.352321E-5	0.000000E+0	0.000000E+0	0.000000E+0
2.318398E+2	-1.871488E+4	-2.120000E+0	8.250878E-19	3.413458E-18	2.895526E-6	0.000000E+0	6.618312E-7	5.342522E-5	0.000000E+0	0.000000E+0	0.000000E+0
2.231104E+2	-1.879619E+4	-2.184000E+0	4.553607E+17	-2.686618E+17	3.133973E-6	0.000000E+0	6.314209E-7	5.319478E-5	0.000000E+0	0.000000E+0	0.000000E+0
2.547520E+2	-1.880779E+4	-2.247000E+0	2.517955E+17	3.793714E+16	3.855515E-6	0.000000E+0	7.200496E-7	5.315970E-5	0.000000E+0	0.000000E+0	0.000000E+0
2.186582E+2	-1.885180E+4	-2.310000E+0	-6.194311E-18	5.356395E+17	5.598486E-6	0.000000E+0	6.151793E-7	5.303820E-5	0.000000E+0	0.000000E+0	0.000000E+0
2.411055E+2	-1.884407E+4	-2.373000E+0	-5.704680E+17	1.371951E+17	4.787827E-6	0.000000E+0	6.788700E-7	5.305841E-5	0.000000E+0	0.000000E+0	0.000000E+0
2.587754E+2	-1.886345E+4	-2.437000E+0	-1.808722E+17	6.906363E-18	3.494133E-6	0.000000E+0	7.271082E-7	5.300260E-5	0.000000E+0	0.000000E+0	0.000000E+0
1.853125E+2	-1.890996E+4	-2.500000E+0	-3.567381E+17	-4.283094E-18	5.237118E-6	0.000000E+0	5.181814E-7	5.287711E-5	0.000000E+0	0.000000E+0	0.000000E+0
