Real / Ohm	Ximag / Ohm	V_DC / V	I_a c / A	V_ac / V	I_DC / A
4.000071E+1	3.939590E-1	-2.500000E+0	-3.567381E+17	-4.283094E-18	-1.381803E-2	1.000000E+6	2.499713E-2	-2.461918E-4	0.000000E+0	0.000000E+0	0.000000E+0
3.650641E+1	-1.603230E+0	-2.437000E+0	-1.808722E+17	6.906363E-18	-1.632131E-2	0.000000E+0	2.733972E-2	1.200662E-3	0.000000E+0	0.000000E+0	0.000000E+0
4.220461E+1	1.235783E+0	-2.373000E+0	-5.704680E+17	1.371951E+17	-1.919998E-2	0.000000E+0	2.367380E-2	-6.931867E-4	0.000000E+0	0.000000E+0	0.000000E+0
4.212606E+1	2.215752E+0	-2.310000E+0	-6.194311E-18	5.356395E+17	-1.487844E-2	0.000000E+0	2.367278E-2	-1.245144E-3	0.000000E+0	0.000000E+0	0.000000E+0
4.160928E+1	2.704210E+0	-2.247000E+0	2.517955E+17	3.793714E+16	-1.368560E-2	0.000000E+0	2.393202E-2	-1.555355E-3	0.000000E+0	0.000000E+0	0.000000E+0
4.167199E+1	2.495493E+0	-2.184000E+0	4.553607E+17	-2.686618E+17	-1.283954E-2	0.000000E+0	2.391119E-2	-1.431902E-3	0.000000E+0	0.000000E+0	0.000000E+0
4.027309E+1	3.132044E+0	-2.120000E+0	8.250878E-19	3.413458E-18	-1.202313E-2	0.000000E+0	2.468120E-2	-1.919460E-3	0.000000E+0	0.000000E+0	0.000000E+0
2.803549E+1	1.968904E+0	-2.057000E+0	6.288344E-18	-3.928899E-18	-1.114439E-2	0.000000E+0	3.549401E-2	-2.492709E-3	0.000000E+0	0.000000E+0	0.000000E+0
3.405560E+1	1.240105E+0	-1.994000E+0	-2.651570E-18	4.670974E-18	-1.023960E-2	0.000000E+0	2.932486E-2	-1.067839E-3	0.000000E+0	0.000000E+0	0.000000E+0
4.346675E+1	3.978024E+0	-1.930000E+0	2.907620E+17	-1.496570E-18	-1.224136E-2	0.000000E+0	2.281500E-2	-2.088001E-3	0.000000E+0	0.000000E+0	0.000000E+0
4.453578E+1	4.592720E+0	-1.867000E+0	-2.052452E-18	3.493290E-18	-8.235963E-3	0.000000E+0	2.221758E-2	-2.291172E-3	0.000000E+0	0.000000E+0	0.000000E+0
4.998680E+1	3.124531E+0	-1.804000E+0	5.725574E-18	6.181569E-18	-7.215234E-3	0.000000E+0	1.992742E-2	-1.245606E-3	0.000000E+0	0.000000E+0	0.000000E+0
2.993442E+1	1.521620E+0	-1.741000E+0	-6.504745E+16	2.369913E+17	-5.951912E-3	0.000000E+0	3.332026E-2	-1.693729E-3	0.000000E+0	0.000000E+0	0.000000E+0
3.649385E+1	3.040852E+0	-1.677000E+0	-4.960950E+17	-5.508904E-18	-7.316295E-3	0.000000E+0	2.721294E-2	-2.267519E-3	0.000000E+0	0.000000E+0	0.000000E+0
2.443424E+2	6.639200E+1	-1.614000E+0	2.127762E-18	3.298054E+15	-4.149504E-3	0.000000E+0	3.811234E-3	-1.035577E-3	0.000000E+0	0.000000E+0	0.000000E+0
4.440118E+2	-2.776926E+1	-1.551000E+0	8.607266E+16	1.699868E-17	-2.198237E-3	0.000000E+0	2.243417E-3	1.403072E-4	0.000000E+0	0.000000E+0	0.000000E+0
4.414678E+2	-2.620105E+1	-1.487000E+0	-3.654067E-18	-2.240669E+17	-2.075901E-3	0.000000E+0	2.257220E-3	1.339657E-4	0.000000E+0	0.000000E+0	0.000000E+0
4.515483E+2	-2.135880E+1	-1.424000E+0	2.698511E+17	2.405250E+17	-1.972435E-3	0.000000E+0	2.209659E-3	1.045196E-4	0.000000E+0	0.000000E+0	0.000000E+0
5.687051E+2	-3.802701E+1	-1.361000E+0	-6.256276E-18	1.399337E+17	-1.830153E-3	0.000000E+0	1.750554E-3	1.170524E-4	0.000000E+0	0.000000E+0	0.000000E+0
6.190172E+2	-4.430554E+1	-1.297000E+0	-1.006173E-18	-5.687810E-18	-1.725183E-3	0.000000E+0	1.607230E-3	1.150359E-4	0.000000E+0	0.000000E+0	0.000000E+0
6.317837E+2	-4.373163E+1	-1.234000E+0	1.311717E+15	5.049488E-18	-1.622738E-3	0.000000E+0	1.575273E-3	1.090393E-4	0.000000E+0	0.000000E+0	0.000000E+0
6.320905E+2	-4.193213E+1	-1.171000E+0	2.472319E-19	4.245176E+17	-1.518250E-3	0.000000E+0	1.575120E-3	1.044916E-4	0.000000E+0	0.000000E+0	0.000000E+0
6.181874E+2	-4.023474E+1	-1.108000E+0	-5.203440E-18	3.843920E-18	-1.427041E-3	0.000000E+0	1.610809E-3	1.048395E-4	0.000000E+0	0.000000E+0	0.000000E+0
6.097085E+2	-4.072153E+1	-1.044000E+0	-1.183520E-18	-5.342346E-18	-1.321049E-3	0.000000E+0	1.632844E-3	1.090553E-4	0.000000E+0	0.000000E+0	0.000000E+0
6.779019E+2	-4.947491E+1	-9.810000E-1	-5.319197E+16	-4.994279E+17	-1.254355E-3	0.000000E+0	1.467324E-3	1.070888E-4	0.000000E+0	0.000000E+0	0.000000E+0
7.758397E+2	-6.707812E+1	-9.180000E-1	2.088264E+17	-2.195880E+17	-1.138631E-3	0.000000E+0	1.279363E-3	1.106121E-4	0.000000E+0	0.000000E+0	0.000000E+0
8.642981E+2	-8.747095E+1	-8.540000E-1	-7.964855E+16	-3.372652E-18	-1.071965E-3	0.000000E+0	1.145278E-3	1.159074E-4	0.000000E+0	0.000000E+0	0.000000E+0
8.852811E+2	-9.975372E+1	-7.910000E-1	-1.774996E-18	1.580559E+17	-1.002207E-3	0.000000E+0	1.115422E-3	1.256861E-4	0.000000E+0	0.000000E+0	0.000000E+0
8.372391E+2	-9.771863E+1	-7.280000E-1	-4.775830E-18	6.138991E-18	-9.324481E-4	0.000000E+0	1.178350E-3	1.375315E-4	0.000000E+0	0.000000E+0	0.000000E+0
7.940922E+2	-9.447137E+1	-6.650000E-1	1.829862E+17	1.849291E+17	-8.596254E-4	0.000000E+0	1.241725E-3	1.477252E-4	0.000000E+0	0.000000E+0	0.000000E+0
7.940128E+2	-9.708215E+1	-6.010000E-1	4.410889E+17	3.940187E-18	-7.852982E-4	0.000000E+0	1.240875E-3	1.517190E-4	0.000000E+0	0.000000E+0	0.000000E+0
8.205264E+2	-1.057958E+2	-5.380000E-1	-2.037276E-18	3.318154E+17	-7.002178E-4	0.000000E+0	1.198800E-3	1.545691E-4	0.000000E+0	0.000000E+0	0.000000E+0
8.544012E+2	-1.188286E+2	-4.750000E-1	-4.319920E+17	-4.172230E+17	-6.314808E-4	0.000000E+0	1.148201E-3	1.596898E-4	0.000000E+0	0.000000E+0	0.000000E+0
8.749832E+2	-1.306268E+2	-4.110000E-1	2.945531E-18	-1.599031E-19	-5.566429E-4	0.000000E+0	1.117962E-3	1.669013E-4	0.000000E+0	0.000000E+0	0.000000E+0
8.584924E+2	-1.322961E+2	-3.480000E-1	-1.696221E+17	-6.427781E-19	-4.822878E-4	0.000000E+0	1.137812E-3	1.753401E-4	0.000000E+0	0.000000E+0	0.000000E+0
8.300645E+2	-1.277455E+2	-2.850000E-1	-2.725480E+17	1.903750E-18	-4.069114E-4	0.000000E+0	1.176852E-3	1.811155E-4	0.000000E+0	0.000000E+0	0.000000E+0
7.776899E+2	-1.147045E+2	-2.220000E-1	-1.478400E+17	2.655554E+17	-3.335779E-4	0.000000E+0	1.258482E-3	1.856184E-4	0.000000E+0	0.000000E+0	0.000000E+0
6.973420E+2	-9.386401E+1	-1.580000E-1	-2.971689E+17	-4.956124E-18	-2.490361E-4	0.000000E+0	1.408498E-3	1.895874E-4	0.000000E+0	0.000000E+0	0.000000E+0
6.214910E+2	-7.553210E+1	-9.500000E-2	-4.717429E+17	-4.928282E+17	-1.537414E-4	0.000000E+0	1.585614E-3	1.927055E-4	0.000000E+0	0.000000E+0	0.000000E+0
5.913394E+2	-6.990771E+1	-3.200000E-2	-9.427576E-19	-9.426377E-19	-4.874300E-5	0.000000E+0	1.667768E-3	1.971623E-4	0.000000E+0	0.000000E+0	0.000000E+0
6.318936E+2	-7.702087E+1	3.200000E-2	-3.096135E+17	4.406614E-18	5.571706E-5	0.000000E+0	1.559377E-3	1.900709E-4	0.000000E+0	0.000000E+0	0.000000E+0
6.260957E+2	-8.195532E+1	9.500000E-2	-4.715167E+17	-5.481549E+17	1.540760E-4	0.000000E+0	1.570294E-3	2.055499E-4	0.000000E+0	0.000000E+0	0.000000E+0
6.524287E+2	-8.457147E+1	1.580000E-1	-1.067113E+17	-5.230656E+17	2.427313E-4	0.000000E+0	1.507406E-3	1.953984E-4	0.000000E+0	0.000000E+0	0.000000E+0
6.347896E+2	-8.857086E+1	2.220000E-1	-3.021231E-18	2.162610E+17	3.446377E-4	0.000000E+0	1.545242E-3	2.156044E-4	0.000000E+0	0.000000E+0	0.000000E+0
6.377432E+2	-9.228351E+1	2.850000E-1	-3.411601E-18	5.558819E-18	4.200140E-4	0.000000E+0	1.535870E-3	2.222453E-4	0.000000E+0	0.000000E+0	0.000000E+0
6.459131E+2	-9.779382E+1	3.480000E-1	4.155990E+17	-2.187937E-18	5.086693E-4	0.000000E+0	1.513502E-3	2.291502E-4	0.000000E+0	0.000000E+0	0.000000E+0
6.563403E+2	-1.051176E+2	4.110000E-1	-4.316353E+17	4.857998E-18	6.146891E-4	0.000000E+0	1.485496E-3	2.379129E-4	0.000000E+0	0.000000E+0	0.000000E+0
6.707570E+2	-1.127234E+2	4.750000E-1	-3.851510E-18	-6.874123E-18	7.002522E-4	0.000000E+0	1.449904E-3	2.436623E-4	0.000000E+0	0.000000E+0	0.000000E+0
6.832109E+2	-1.190742E+2	5.380000E-1	4.766215E-20	4.558806E+17	7.822681E-4	0.000000E+0	1.420527E-3	2.475783E-4	0.000000E+0	0.000000E+0	0.000000E+0
6.924877E+2	-1.261157E+2	6.010000E-1	1.388541E-18	6.784133E-18	8.586659E-4	0.000000E+0	1.397710E-3	2.545507E-4	0.000000E+0	0.000000E+0	0.000000E+0
6.963456E+2	-1.314894E+2	6.650000E-1	3.311088E+17	-3.632303E-18	9.365682E-4	0.000000E+0	1.386627E-3	2.618337E-4	0.000000E+0	0.000000E+0	0.000000E+0
7.018345E+2	-1.357716E+2	7.280000E-1	-7.975154E-19	6.323277E-18	1.007348E-3	0.000000E+0	1.373438E-3	2.656949E-4	0.000000E+0	0.000000E+0	0.000000E+0
6.796492E+2	-1.292703E+2	7.910000E-1	-4.524503E+17	2.055852E+17	1.083235E-3	0.000000E+0	1.419977E-3	2.700818E-4	0.000000E+0	0.000000E+0	0.000000E+0
6.722712E+2	-1.283793E+2	8.540000E-1	-6.904569E-18	-4.080324E+17	1.162698E-3	0.000000E+0	1.435159E-3	2.740630E-4	0.000000E+0	0.000000E+0	0.000000E+0
6.109399E+2	-9.588293E+1	9.180000E-1	2.547933E-18	-3.558762E+16	1.241621E-3	0.000000E+0	1.597474E-3	2.507129E-4	0.000000E+0	0.000000E+0	0.000000E+0
6.291028E+2	-1.038995E+2	9.810000E-1	-1.734759E+17	1.089529E+17	1.026906E-3	0.000000E+0	1.547359E-3	2.555542E-4	0.000000E+0	0.000000E+0	0.000000E+0
6.183315E+2	-1.019318E+2	1.044000E+0	-5.201041E+17	1.796536E+17	1.101261E-3	0.000000E+0	1.574469E-3	2.595508E-4	0.000000E+0	0.000000E+0	0.000000E+0
5.572813E+2	-8.186609E+1	1.108000E+0	3.883248E+17	-5.707470E+17	1.097448E-3	0.000000E+0	1.756520E-3	2.580373E-4	0.000000E+0	0.000000E+0	0.000000E+0
5.275616E+2	-7.089627E+1	1.171000E+0	-2.820974E+17	-3.562291E+17	1.097237E-3	0.000000E+0	1.861889E-3	2.502096E-4	0.000000E+0	0.000000E+0	0.000000E+0
5.275413E+2	-7.101840E+1	1.234000E+0	7.433461E+16	-3.376204E+17	1.108773E-3	0.000000E+0	1.861844E-3	2.506442E-4	0.000000E+0	0.000000E+0	0.000000E+0
5.742488E+2	-8.583344E+1	1.297000E+0	4.345814E+17	8.421242E+16	1.075365E-3	0.000000E+0	1.703350E-3	2.546011E-4	0.000000E+0	0.000000E+0	0.000000E+0
2.199641E+2	-2.663484E+1	1.361000E+0	5.364300E+17	-2.871878E+17	1.103216E-3	0.000000E+0	4.480503E-3	5.425316E-4	0.000000E+0	0.000000E+0	0.000000E+0
3.006683E+2	-3.405902E+1	1.424000E+0	6.386846E-18	1.659667E-18	2.361430E-3	0.000000E+0	3.283787E-3	3.719799E-4	0.000000E+0	0.000000E+0	0.000000E+0
2.658815E+2	-1.518837E+1	1.487000E+0	9.225652E+16	2.295762E-18	2.283589E-3	0.000000E+0	3.748841E-3	2.141510E-4	0.000000E+0	0.000000E+0	0.000000E+0
2.290351E+2	-6.767624E+0	1.551000E+0	4.020355E+17	1.855177E+17	2.569867E-3	0.000000E+0	4.362334E-3	1.289001E-4	0.000000E+0	0.000000E+0	0.000000E+0
2.827640E+2	-1.647296E+1	1.614000E+0	1.676929E-18	4.035830E-18	2.845448E-3	0.000000E+0	3.524556E-3	2.053298E-4	0.000000E+0	0.000000E+0	0.000000E+0
1.897321E+2	1.766006E+0	1.677000E+0	-2.680825E+17	-5.492346E+17	2.966278E-3	0.000000E+0	5.270133E-3	-4.905383E-5	0.000000E+0	0.000000E+0	0.000000E+0
2.073504E+2	1.385014E+1	1.741000E+0	6.309741E-18	-4.155966E-18	3.019666E-3	0.000000E+0	4.801332E-3	-3.207089E-4	0.000000E+0	0.000000E+0	0.000000E+0
1.553373E+2	-1.945778E+0	1.804000E+0	2.579781E+17	4.569561E-19	3.139475E-3	0.000000E+0	6.436594E-3	8.062573E-5	0.000000E+0	0.000000E+0	0.000000E+0
5.402008E+1	-2.596085E+0	1.867000E+0	2.915631E-18	5.325299E+16	1.235222E-2	0.000000E+0	1.846898E-2	8.875781E-4	0.000000E+0	0.000000E+0	0.000000E+0
5.610432E+1	-1.986797E+0	1.930000E+0	-1.980656E+17	1.958093E+16	1.183873E-2	0.000000E+0	1.780162E-2	6.304006E-4	0.000000E+0	0.000000E+0	0.000000E+0
5.955936E+1	-1.755505E+0	1.994000E+0	4.169888E-18	3.559669E+13	1.240335E-2	0.000000E+0	1.677540E-2	4.944529E-4	0.000000E+0	0.000000E+0	0.000000E+0
4.425245E+1	-5.485954E-1	2.057000E+0	5.785078E-19	5.234687E+17	1.276218E-2	0.000000E+0	2.259415E-2	2.800985E-4	0.000000E+0	0.000000E+0	0.000000E+0
5.109804E+1	8.471375E-1	2.120000E+0	-2.375418E+17	1.295985E-19	1.290906E-2	0.000000E+0	1.956484E-2	-3.243591E-4	0.000000E+0	0.000000E+0	0.000000E+0
3.907288E+1	1.787470E+0	2.184000E+0	-5.351627E-18	2.391872E+17	1.435621E-2	0.000000E+0	2.553975E-2	-1.168369E-3	0.000000E+0	0.000000E+0	0.000000E+0
4.430431E+1	1.720497E+0	2.247000E+0	2.587905E+17	2.524315E-18	1.476254E-2	0.000000E+0	2.253718E-2	-8.752004E-4	0.000000E+0	0.000000E+0	0.000000E+0
4.149317E+1	6.353088E+0	2.310000E+0	-3.127958E+17	5.964970E-18	1.886651E-2	0.000000E+0	2.354830E-2	-3.605520E-3	0.000000E+0	0.000000E+0	0.000000E+0
5.078458E+1	2.987713E+0	2.373000E+0	6.653843E-18	-4.395667E+17	1.687805E-2	0.000000E+0	1.962310E-2	-1.154449E-3	0.000000E+0	0.000000E+0	0.000000E+0
5.145018E+1	2.011597E+0	2.437000E+0	-1.137863E-18	-4.190346E+17	1.754073E-2	0.000000E+0	1.940661E-2	-7.587589E-4	0.000000E+0	0.000000E+0	0.000000E+0
5.560180E+1	3.671131E+0	2.500000E+0	-9.275714E-19	-3.780201E-18	2.249557E-2	0.000000E+0	1.790697E-2	-1.182315E-3	0.000000E+0	0.000000E+0	0.000000E+0
