Real / Ohm	Ximag / Ohm	V_DC / V	I_a c / A	V_ac / V	I_DC / A
2.568013E+2	-1.393702E+4	-2.500000E+0	-3.567381E+17	-4.283094E-18	3.194204E-6	1.000000E+7	1.321630E-6	7.172700E-5	0.000000E+0	0.000000E+0	0.000000E+0
2.771245E+2	-1.353749E+4	-2.437000E+0	-1.808722E+17	6.906363E-18	3.494133E-6	0.000000E+0	1.511530E-6	7.383799E-5	0.000000E+0	0.000000E+0	0.000000E+0
2.153330E+2	-1.301978E+4	-2.373000E+0	-5.704680E+17	1.371951E+17	3.255685E-6	0.000000E+0	1.269944E-6	7.678521E-5	0.000000E+0	0.000000E+0	0.000000E+0
2.884492E+2	-1.249858E+4	-2.310000E+0	-6.194311E-18	5.356395E+17	4.577058E-6	0.000000E+0	1.845511E-6	7.996650E-5	0.000000E+0	0.000000E+0	0.000000E+0
3.092930E+2	-1.200425E+4	-2.247000E+0	2.517955E+17	3.793714E+16	6.409144E-6	0.000000E+0	2.144924E-6	8.324857E-5	0.000000E+0	0.000000E+0	0.000000E+0
2.806797E+2	-1.137805E+4	-2.184000E+0	4.553607E+17	-2.686618E+17	3.133973E-6	0.000000E+0	2.166762E-6	8.783507E-5	0.000000E+0	0.000000E+0	0.000000E+0
3.289854E+2	-1.075624E+4	-2.120000E+0	8.250878E-19	3.413458E-18	3.406240E-6	0.000000E+0	2.840858E-6	9.288240E-5	0.000000E+0	0.000000E+0	0.000000E+0
2.924805E+2	-1.015371E+4	-2.057000E+0	6.288344E-18	-3.928899E-18	1.663255E-6	0.000000E+0	2.834570E-6	9.840452E-5	0.000000E+0	0.000000E+0	0.000000E+0
3.221582E+2	-9.518840E+3	-1.994000E+0	-2.651570E-18	4.670974E-18	5.027548E-6	0.000000E+0	3.551436E-6	1.049346E-4	0.000000E+0	0.000000E+0	0.000000E+0
3.205039E+2	-9.220439E+3	-1.930000E+0	2.907620E+17	-1.496570E-18	4.278329E-6	0.000000E+0	3.765353E-6	1.083238E-4	0.000000E+0	0.000000E+0	0.000000E+0
2.455195E+2	-9.155594E+3	-1.867000E+0	-2.052452E-18	3.493290E-18	3.556837E-6	0.000000E+0	2.926852E-6	1.091444E-4	0.000000E+0	0.000000E+0	0.000000E+0
2.730693E+2	-8.990563E+3	-1.804000E+0	5.725574E-18	6.181569E-18	-2.290471E-7	0.000000E+0	3.375193E-6	1.111252E-4	0.000000E+0	0.000000E+0	0.000000E+0
2.684136E+2	-8.931418E+3	-1.741000E+0	-6.504745E+16	2.369913E+17	4.667374E-6	0.000000E+0	3.361798E-6	1.118633E-4	0.000000E+0	0.000000E+0	0.000000E+0
2.639985E+2	-8.709035E+3	-1.677000E+0	-4.960950E+17	-5.508904E-18	2.386019E-6	0.000000E+0	3.477463E-6	1.147179E-4	0.000000E+0	0.000000E+0	0.000000E+0
3.131309E+2	-8.505848E+3	-1.614000E+0	2.127762E-18	3.298054E+15	4.218091E-6	0.000000E+0	4.322177E-6	1.174071E-4	0.000000E+0	0.000000E+0	0.000000E+0
3.735625E+2	-8.145798E+3	-1.551000E+0	8.607266E+16	1.699868E-17	1.453693E-6	0.000000E+0	5.618024E-6	1.225050E-4	0.000000E+0	0.000000E+0	0.000000E+0
3.634805E+2	-7.661306E+3	-1.487000E+0	-3.654067E-18	-2.240669E+17	4.279536E-6	0.000000E+0	6.178728E-6	1.302329E-4	0.000000E+0	0.000000E+0	0.000000E+0
3.791606E+2	-7.089319E+3	-1.424000E+0	2.698511E+17	2.405250E+17	4.068759E-6	0.000000E+0	7.522698E-6	1.406549E-4	0.000000E+0	0.000000E+0	0.000000E+0
3.536462E+2	-6.343347E+3	-1.361000E+0	-6.256276E-18	1.399337E+17	5.390153E-6	0.000000E+0	8.761618E-6	1.571570E-4	0.000000E+0	0.000000E+0	0.000000E+0
3.054661E+2	-5.481159E+3	-1.297000E+0	-1.006173E-18	-5.687810E-18	4.640970E-6	0.000000E+0	1.013611E-5	1.818783E-4	0.000000E+0	0.000000E+0	0.000000E+0
2.603804E+2	-4.626249E+3	-1.234000E+0	1.311717E+15	5.049488E-18	1.365792E-6	0.000000E+0	1.212765E-5	2.154753E-4	0.000000E+0	0.000000E+0	0.000000E+0
2.593508E+2	-3.735866E+3	-1.171000E+0	2.472319E-19	4.245176E+17	1.665729E-6	0.000000E+0	1.849341E-5	2.663917E-4	0.000000E+0	0.000000E+0	0.000000E+0
2.344286E+2	-2.972433E+3	-1.108000E+0	-5.203440E-18	3.843920E-18	5.030015E-6	0.000000E+0	2.636899E-5	3.343451E-4	0.000000E+0	0.000000E+0	0.000000E+0
2.572509E+2	-2.368823E+3	-1.044000E+0	-1.183520E-18	-5.342346E-18	4.280795E-6	0.000000E+0	4.531059E-5	4.172299E-4	0.000000E+0	0.000000E+0	0.000000E+0
2.747797E+2	-1.933548E+3	-9.810000E-1	-5.319197E+16	-4.994279E+17	2.537821E-6	0.000000E+0	7.204291E-5	5.069458E-4	0.000000E+0	0.000000E+0	0.000000E+0
3.297234E+2	-1.629767E+3	-9.180000E-1	2.088264E+17	-2.195880E+17	3.348472E-6	0.000000E+0	1.192551E-4	5.894578E-4	0.000000E+0	0.000000E+0	0.000000E+0
2.924108E+2	-1.472428E+3	-8.540000E-1	-7.964855E+16	-3.372652E-18	6.685088E-6	0.000000E+0	1.297557E-4	6.533820E-4	0.000000E+0	0.000000E+0	0.000000E+0
1.645848E+2	-1.289522E+3	-7.910000E-1	-1.774996E-18	1.580559E+17	2.388482E-6	0.000000E+0	9.739004E-5	7.630510E-4	0.000000E+0	0.000000E+0	0.000000E+0
1.248383E+2	-1.140662E+3	-7.280000E-1	-4.775830E-18	6.138991E-18	3.199133E-6	0.000000E+0	9.481190E-5	8.663073E-4	0.000000E+0	0.000000E+0	0.000000E+0
1.132603E+2	-1.034057E+3	-6.650000E-1	1.829862E+17	1.849291E+17	1.966873E-6	0.000000E+0	1.046670E-4	9.556005E-4	0.000000E+0	0.000000E+0	0.000000E+0
7.825092E+1	-9.545823E+2	-6.010000E-1	4.410889E+17	3.940187E-18	2.239143E-6	0.000000E+0	8.530100E-5	1.040586E-3	0.000000E+0	0.000000E+0	0.000000E+0
7.373157E+1	-8.917007E+2	-5.380000E-1	-2.037276E-18	3.318154E+17	2.028341E-6	0.000000E+0	9.209925E-5	1.113837E-3	0.000000E+0	0.000000E+0	0.000000E+0
6.439920E+1	-8.394015E+2	-4.750000E-1	-4.319920E+17	-4.172230E+17	2.838962E-6	0.000000E+0	9.086408E-5	1.184354E-3	0.000000E+0	0.000000E+0	0.000000E+0
5.745935E+1	-7.961198E+2	-4.110000E-1	2.945531E-18	-1.599031E-19	5.154121E-6	0.000000E+0	9.018773E-5	1.249583E-3	0.000000E+0	0.000000E+0	0.000000E+0
5.322943E+1	-7.605049E+2	-3.480000E-1	-1.696221E+17	-6.427781E-19	2.900430E-6	0.000000E+0	9.158522E-5	1.308506E-3	0.000000E+0	0.000000E+0	0.000000E+0
4.559415E+1	-7.296887E+2	-2.850000E-1	-2.725480E+17	1.903750E-18	3.200339E-6	0.000000E+0	8.529853E-5	1.365118E-3	0.000000E+0	0.000000E+0	0.000000E+0
4.153778E+1	-7.034960E+2	-2.220000E-1	-1.478400E+17	2.655554E+17	6.053877E-6	0.000000E+0	8.363895E-5	1.416534E-3	0.000000E+0	0.000000E+0	0.000000E+0
6.020859E+1	-6.797688E+2	-1.580000E-1	-2.971689E+17	-4.956124E-18	1.974640E-7	0.000000E+0	1.292832E-4	1.459638E-3	0.000000E+0	0.000000E+0	0.000000E+0
5.791891E+1	-6.587605E+2	-9.500000E-2	-4.717429E+17	-4.928282E+17	2.029544E-6	0.000000E+0	1.324406E-4	1.506358E-3	0.000000E+0	0.000000E+0	0.000000E+0
5.730981E+1	-6.386532E+2	-3.200000E-2	-9.427576E-19	-9.426377E-19	2.840196E-6	0.000000E+0	1.393849E-4	1.553287E-3	0.000000E+0	0.000000E+0	0.000000E+0
6.504572E+1	-6.234164E+2	3.200000E-2	-3.096135E+17	4.406614E-18	2.601725E-6	0.000000E+0	1.655617E-4	1.586790E-3	0.000000E+0	0.000000E+0	0.000000E+0
6.265555E+1	-6.076931E+2	9.500000E-2	-4.715167E+17	-5.481549E+17	1.880206E-6	0.000000E+0	1.678798E-4	1.628258E-3	0.000000E+0	0.000000E+0	0.000000E+0
4.694608E+1	-5.920708E+2	1.580000E-1	-1.067113E+17	-5.230656E+17	2.180115E-6	0.000000E+0	1.330853E-4	1.678435E-3	0.000000E+0	0.000000E+0	0.000000E+0
3.610699E+1	-5.770768E+2	2.220000E-1	-3.021231E-18	2.162610E+17	1.941644E-6	0.000000E+0	1.080009E-4	1.726114E-3	0.000000E+0	0.000000E+0	0.000000E+0
4.432779E+1	-5.655328E+2	2.850000E-1	-3.411601E-18	5.558819E-18	1.220125E-6	0.000000E+0	1.377528E-4	1.757447E-3	0.000000E+0	0.000000E+0	0.000000E+0
4.146658E+1	-5.529487E+2	3.480000E-1	4.155990E+17	-2.187937E-18	2.030778E-6	0.000000E+0	1.348631E-4	1.798372E-3	0.000000E+0	0.000000E+0	0.000000E+0
3.557864E+1	-5.426564E+2	4.110000E-1	-4.316353E+17	4.857998E-18	2.841400E-6	0.000000E+0	1.203030E-4	1.834899E-3	0.000000E+0	0.000000E+0	0.000000E+0
5.250809E+1	-5.324268E+2	4.750000E-1	-3.851510E-18	-6.874123E-18	2.602959E-6	0.000000E+0	1.834437E-4	1.860101E-3	0.000000E+0	0.000000E+0	0.000000E+0
5.642105E+1	-5.228108E+2	5.380000E-1	4.766215E-20	4.558806E+17	3.413581E-6	0.000000E+0	2.040438E-4	1.890718E-3	0.000000E+0	0.000000E+0	0.000000E+0
5.170010E+1	-5.124802E+2	6.010000E-1	1.388541E-18	6.784133E-18	2.692064E-6	0.000000E+0	1.948676E-4	1.931636E-3	0.000000E+0	0.000000E+0	0.000000E+0
5.284576E+1	-5.041694E+2	6.650000E-1	3.311088E+17	-3.632303E-18	9.214200E-7	0.000000E+0	2.056420E-4	1.961905E-3	0.000000E+0	0.000000E+0	0.000000E+0
6.148294E+1	-4.980807E+2	7.280000E-1	-7.975154E-19	6.323277E-18	3.774960E-6	0.000000E+0	2.441111E-4	1.977574E-3	0.000000E+0	0.000000E+0	0.000000E+0
5.122787E+1	-4.905961E+2	7.910000E-1	-4.524503E+17	2.055852E+17	4.074896E-6	0.000000E+0	2.105467E-4	2.016351E-3	0.000000E+0	0.000000E+0	0.000000E+0
4.875757E+1	-4.840930E+2	8.540000E-1	-6.904569E-18	-4.080324E+17	4.374804E-6	0.000000E+0	2.059686E-4	2.044974E-3	0.000000E+0	0.000000E+0	0.000000E+0
3.811993E+1	-4.776508E+2	9.180000E-1	2.547933E-18	-3.558762E+16	2.604163E-6	0.000000E+0	1.660251E-4	2.080330E-3	0.000000E+0	0.000000E+0	0.000000E+0
4.453452E+1	-4.738028E+2	9.810000E-1	-1.734759E+17	1.089529E+17	1.882643E-6	0.000000E+0	1.966443E-4	2.092099E-3	0.000000E+0	0.000000E+0	0.000000E+0
3.825049E+1	-4.685821E+2	1.044000E+0	-5.201041E+17	1.796536E+17	3.714726E-6	0.000000E+0	1.730539E-4	2.119971E-3	0.000000E+0	0.000000E+0	0.000000E+0
3.748071E+1	-4.635413E+2	1.108000E+0	3.883248E+17	-5.707470E+17	1.944078E-6	0.000000E+0	1.733009E-4	2.143292E-3	0.000000E+0	0.000000E+0	0.000000E+0
4.080984E+1	-4.597312E+2	1.171000E+0	-2.820974E+17	-3.562291E+17	2.011075E-7	0.000000E+0	1.915791E-4	2.158178E-3	0.000000E+0	0.000000E+0	0.000000E+0
4.473486E+1	-4.586160E+2	1.234000E+0	7.433461E+16	-3.376204E+17	2.033215E-6	0.000000E+0	2.106857E-4	2.159922E-3	0.000000E+0	0.000000E+0	0.000000E+0
5.230594E+1	-4.530203E+2	1.297000E+0	4.345814E+17	8.421242E+16	5.397465E-6	0.000000E+0	2.515152E-4	2.178367E-3	0.000000E+0	0.000000E+0	0.000000E+0
5.237000E+1	-4.499014E+2	1.361000E+0	5.364300E+17	-2.871878E+17	3.116111E-6	0.000000E+0	2.552718E-4	2.192995E-3	0.000000E+0	0.000000E+0	0.000000E+0
5.297922E+1	-4.478809E+2	1.424000E+0	6.386846E-18	1.659667E-18	3.516761E-7	0.000000E+0	2.604629E-4	2.201927E-3	0.000000E+0	0.000000E+0	0.000000E+0
5.843704E+1	-4.468226E+2	1.487000E+0	9.225652E+16	2.295762E-18	3.205212E-6	0.000000E+0	2.877746E-4	2.200388E-3	0.000000E+0	0.000000E+0	0.000000E+0
4.951907E+1	-4.427176E+2	1.551000E+0	4.020355E+17	1.855177E+17	2.456029E-6	0.000000E+0	2.495279E-4	2.230866E-3	0.000000E+0	0.000000E+0	0.000000E+0
3.852380E+1	-4.404951E+2	1.614000E+0	1.676929E-18	4.035830E-18	1.734516E-6	0.000000E+0	1.970325E-4	2.252941E-3	0.000000E+0	0.000000E+0	0.000000E+0
4.032928E+1	-4.411765E+2	1.677000E+0	-2.680825E+17	-5.492346E+17	2.545159E-6	0.000000E+0	2.054857E-4	2.247882E-3	0.000000E+0	0.000000E+0	0.000000E+0
5.813348E+1	-4.422654E+2	1.741000E+0	6.309741E-18	-4.155966E-18	1.795946E-6	0.000000E+0	2.921601E-4	2.222683E-3	0.000000E+0	0.000000E+0	0.000000E+0
4.511572E+1	-4.388140E+2	1.804000E+0	2.579781E+17	4.569561E-19	1.074426E-6	0.000000E+0	2.318464E-4	2.255033E-3	0.000000E+0	0.000000E+0	0.000000E+0
6.665634E+1	-4.396743E+2	1.867000E+0	2.915631E-18	5.325299E+16	1.374341E-6	0.000000E+0	3.370626E-4	2.223311E-3	0.000000E+0	0.000000E+0	0.000000E+0
5.244510E+1	-4.388635E+2	1.930000E+0	-1.980656E+17	1.958093E+16	1.674278E-6	0.000000E+0	2.684651E-4	2.246531E-3	0.000000E+0	0.000000E+0	0.000000E+0
5.298816E+1	-4.390736E+2	1.994000E+0	4.169888E-18	3.559669E+13	2.457258E-6	0.000000E+0	2.709098E-4	2.244829E-3	0.000000E+0	0.000000E+0	0.000000E+0
5.347958E+1	-4.400830E+2	2.057000E+0	5.785078E-19	5.234687E+17	7.142953E-7	0.000000E+0	2.721149E-4	2.239231E-3	0.000000E+0	0.000000E+0	0.000000E+0
5.239828E+1	-4.410374E+2	2.120000E+0	-2.375418E+17	1.295985E-19	4.589281E-6	0.000000E+0	2.656311E-4	2.235823E-3	0.000000E+0	0.000000E+0	0.000000E+0
6.124979E+1	-4.435462E+2	2.184000E+0	-5.351627E-18	2.391872E+17	3.329347E-6	0.000000E+0	3.055084E-4	2.212369E-3	0.000000E+0	0.000000E+0	0.000000E+0
3.656107E+1	-4.407126E+2	2.247000E+0	2.587905E+17	2.524315E-18	1.075663E-6	0.000000E+0	1.869517E-4	2.253543E-3	0.000000E+0	0.000000E+0	0.000000E+0
3.180624E+1	-4.438220E+2	2.310000E+0	-3.127958E+17	5.964970E-18	8.648640E-7	0.000000E+0	1.606460E-4	2.241643E-3	0.000000E+0	0.000000E+0	0.000000E+0
4.030304E+1	-4.455768E+2	2.373000E+0	6.653843E-18	-4.395667E+17	2.186236E-6	0.000000E+0	2.013511E-4	2.226070E-3	0.000000E+0	0.000000E+0	0.000000E+0
3.071872E+1	-4.450888E+2	2.437000E+0	-1.137863E-18	-4.190346E+17	2.458473E-6	0.000000E+0	1.543285E-4	2.236091E-3	0.000000E+0	0.000000E+0	0.000000E+0
4.385730E+1	-4.477121E+2	2.500000E+0	-9.275714E-19	-3.780201E-18	1.736946E-6	0.000000E+0	2.167188E-4	2.212349E-3	0.000000E+0	0.000000E+0	0.000000E+0
