Real / Ohm	Ximag / Ohm	V_DC / V	I_a c / A	V_ac / V	I_DC / A
1.383037E+2	-4.321741E+3	2.500000E+0	-9.275714E-19	-3.780201E-18	2.247660E-6	1.000000E+6	7.397275E-6	2.311515E-4	0.000000E+0	0.000000E+0	0.000000E+0
1.434268E+2	-4.363107E+3	2.437000E+0	-1.137863E-18	-4.190346E+17	4.155881E-7	0.000000E+0	7.526092E-6	2.289471E-4	0.000000E+0	0.000000E+0	0.000000E+0
1.704827E+2	-4.390547E+3	2.373000E+0	6.653843E-18	-4.395667E+17	1.164779E-6	0.000000E+0	8.830570E-6	2.274192E-4	0.000000E+0	0.000000E+0	0.000000E+0
1.479529E+2	-4.414345E+3	2.310000E+0	-3.127958E+17	5.964970E-18	3.929206E-6	0.000000E+0	7.584088E-6	2.262800E-4	0.000000E+0	0.000000E+0	0.000000E+0
1.490830E+2	-4.439064E+3	2.247000E+0	2.587905E+17	2.524315E-18	1.075663E-6	0.000000E+0	7.557110E-6	2.250189E-4	0.000000E+0	0.000000E+0	0.000000E+0
1.506282E+2	-4.463586E+3	2.184000E+0	-5.351627E-18	2.391872E+17	7.757189E-7	0.000000E+0	7.551691E-6	2.237803E-4	0.000000E+0	0.000000E+0	0.000000E+0
1.514988E+2	-4.489881E+3	2.120000E+0	-2.375418E+17	1.295985E-19	1.524910E-6	0.000000E+0	7.506636E-6	2.224698E-4	0.000000E+0	0.000000E+0	0.000000E+0
1.514038E+2	-4.514746E+3	2.057000E+0	5.785078E-19	5.234687E+17	3.267894E-6	0.000000E+0	7.419626E-6	2.212476E-4	0.000000E+0	0.000000E+0	0.000000E+0
1.522393E+2	-4.541008E+3	1.994000E+0	4.169888E-18	3.559669E+13	2.457258E-6	0.000000E+0	7.374531E-6	2.199682E-4	0.000000E+0	0.000000E+0	0.000000E+0
1.520076E+2	-4.567488E+3	1.930000E+0	-1.980656E+17	1.958093E+16	6.528207E-7	0.000000E+0	7.278296E-6	2.186965E-4	0.000000E+0	0.000000E+0	0.000000E+0
1.526448E+2	-4.595478E+3	1.867000E+0	2.915631E-18	5.325299E+16	2.395798E-6	0.000000E+0	7.220075E-6	2.173654E-4	0.000000E+0	0.000000E+0	0.000000E+0
1.516421E+2	-4.620336E+3	1.804000E+0	2.579781E+17	4.569561E-19	2.095883E-6	0.000000E+0	7.095861E-6	2.162016E-4	0.000000E+0	0.000000E+0	0.000000E+0
1.584385E+2	-4.649199E+3	1.741000E+0	6.309741E-18	-4.155966E-18	2.306690E-6	0.000000E+0	7.321505E-6	2.148413E-4	0.000000E+0	0.000000E+0	0.000000E+0
1.758940E+2	-4.677871E+3	1.677000E+0	-2.680825E+17	-5.492346E+17	1.012988E-6	0.000000E+0	8.026772E-6	2.134706E-4	0.000000E+0	0.000000E+0	0.000000E+0
1.516887E+2	-4.703897E+3	1.614000E+0	1.676929E-18	4.035830E-18	7.130584E-7	0.000000E+0	6.848355E-6	2.123688E-4	0.000000E+0	0.000000E+0	0.000000E+0
1.511619E+2	-4.732191E+3	1.551000E+0	4.020355E+17	1.855177E+17	2.966743E-6	0.000000E+0	6.743337E-6	2.111032E-4	0.000000E+0	0.000000E+0	0.000000E+0
1.492566E+2	-4.761961E+3	1.487000E+0	9.225652E+16	2.295762E-18	-3.698442E-7	0.000000E+0	6.575601E-6	2.097914E-4	0.000000E+0	0.000000E+0	0.000000E+0
1.481323E+2	-4.792162E+3	1.424000E+0	6.386846E-18	1.659667E-18	1.373133E-6	0.000000E+0	6.444244E-6	2.084749E-4	0.000000E+0	0.000000E+0	0.000000E+0
1.470569E+2	-4.823683E+3	1.361000E+0	5.364300E+17	-2.871878E+17	3.116111E-6	0.000000E+0	6.314289E-6	2.071180E-4	0.000000E+0	0.000000E+0	0.000000E+0
1.461450E+2	-4.856430E+3	1.297000E+0	4.345814E+17	8.421242E+16	1.822409E-6	0.000000E+0	6.190940E-6	2.057263E-4	0.000000E+0	0.000000E+0	0.000000E+0
1.458462E+2	-4.889758E+3	1.234000E+0	7.433461E+16	-3.376204E+17	3.565387E-6	0.000000E+0	6.094445E-6	2.043273E-4	0.000000E+0	0.000000E+0	0.000000E+0
1.449802E+2	-4.924138E+3	1.171000E+0	-2.820974E+17	-3.562291E+17	5.308364E-6	0.000000E+0	5.974093E-6	2.029053E-4	0.000000E+0	0.000000E+0	0.000000E+0
1.500569E+2	-4.960511E+3	1.108000E+0	3.883248E+17	-5.707470E+17	4.497706E-6	0.000000E+0	6.092645E-6	2.014078E-4	0.000000E+0	0.000000E+0	0.000000E+0
1.674504E+2	-5.000131E+3	1.044000E+0	-5.201041E+17	1.796536E+17	5.246897E-6	0.000000E+0	6.690162E-6	1.997707E-4	0.000000E+0	0.000000E+0	0.000000E+0
1.681677E+2	-5.042050E+3	9.810000E-1	-1.734759E+17	1.089529E+17	3.925525E-6	0.000000E+0	6.607626E-6	1.981116E-4	0.000000E+0	0.000000E+0	0.000000E+0
1.517856E+2	-5.084834E+3	9.180000E-1	2.547933E-18	-3.558762E+16	1.071992E-6	0.000000E+0	5.865300E-6	1.964882E-4	0.000000E+0	0.000000E+0	0.000000E+0
1.421638E+2	-5.134334E+3	8.540000E-1	-6.904569E-18	-4.080324E+17	3.353347E-6	0.000000E+0	5.388749E-6	1.946180E-4	0.000000E+0	0.000000E+0	0.000000E+0
1.430613E+2	-5.189716E+3	7.910000E-1	-4.524503E+17	2.055852E+17	5.096324E-6	0.000000E+0	5.307684E-6	1.925425E-4	0.000000E+0	0.000000E+0	0.000000E+0
1.410881E+2	-5.249444E+3	7.280000E-1	-7.975154E-19	6.323277E-18	3.774960E-6	0.000000E+0	5.116231E-6	1.903589E-4	0.000000E+0	0.000000E+0	0.000000E+0
1.428167E+2	-5.317724E+3	6.650000E-1	3.311088E+17	-3.632303E-18	9.214200E-7	0.000000E+0	5.046779E-6	1.879148E-4	0.000000E+0	0.000000E+0	0.000000E+0
1.426936E+2	-5.401025E+3	6.010000E-1	1.388541E-18	6.784133E-18	6.491791E-7	0.000000E+0	4.888201E-6	1.850209E-4	0.000000E+0	0.000000E+0	0.000000E+0
1.433254E+2	-5.498502E+3	5.380000E-1	4.766215E-20	4.558806E+17	2.392153E-6	0.000000E+0	4.737393E-6	1.817442E-4	0.000000E+0	0.000000E+0	0.000000E+0
1.464692E+2	-5.620244E+3	4.750000E-1	-3.851510E-18	-6.874123E-18	4.135130E-6	0.000000E+0	4.633841E-6	1.778075E-4	0.000000E+0	0.000000E+0	0.000000E+0
1.490210E+2	-5.770280E+3	4.110000E-1	-4.316353E+17	4.857998E-18	2.330686E-6	0.000000E+0	4.472642E-6	1.731863E-4	0.000000E+0	0.000000E+0	0.000000E+0
1.520366E+2	-5.934341E+3	3.480000E-1	4.155990E+17	-2.187937E-18	1.520035E-6	0.000000E+0	4.314378E-6	1.684002E-4	0.000000E+0	0.000000E+0	0.000000E+0
1.572339E+2	-6.097643E+3	2.850000E-1	-3.411601E-18	5.558819E-18	3.263011E-6	0.000000E+0	4.226039E-6	1.638888E-4	0.000000E+0	0.000000E+0	0.000000E+0
1.726245E+2	-6.262051E+3	2.220000E-1	-3.021231E-18	2.162610E+17	5.005986E-6	0.000000E+0	4.398852E-6	1.595708E-4	0.000000E+0	0.000000E+0	0.000000E+0
1.824678E+2	-6.440212E+3	1.580000E-1	-1.067113E+17	-5.230656E+17	-3.735131E-7	0.000000E+0	4.395795E-6	1.551498E-4	0.000000E+0	0.000000E+0	0.000000E+0
1.758921E+2	-6.638649E+3	9.500000E-2	-4.715167E+17	-5.481549E+17	4.433805E-6	0.000000E+0	3.988248E-6	1.505274E-4	0.000000E+0	0.000000E+0	0.000000E+0
1.775820E+2	-6.867579E+3	3.200000E-2	-3.096135E+17	4.406614E-18	3.623182E-6	0.000000E+0	3.762715E-6	1.455144E-4	0.000000E+0	0.000000E+0	0.000000E+0
1.841079E+2	-7.150989E+3	-3.200000E-2	-9.427576E-19	-9.426377E-19	3.861653E-6	0.000000E+0	3.597928E-6	1.397482E-4	0.000000E+0	0.000000E+0	0.000000E+0
1.940186E+2	-7.487635E+3	-9.500000E-2	-4.717429E+17	-4.928282E+17	-1.334092E-8	0.000000E+0	3.458299E-6	1.334639E-4	0.000000E+0	0.000000E+0	0.000000E+0
2.105537E+2	-7.903802E+3	-1.580000E-1	-2.971689E+17	-4.956124E-18	1.729635E-6	0.000000E+0	3.368082E-6	1.264317E-4	0.000000E+0	0.000000E+0	0.000000E+0
2.605469E+2	-8.445063E+3	-2.220000E-1	-1.478400E+17	2.655554E+17	2.478821E-6	0.000000E+0	3.649782E-6	1.182998E-4	0.000000E+0	0.000000E+0	0.000000E+0
2.895107E+2	-9.155137E+3	-2.850000E-1	-2.725480E+17	1.903750E-18	3.200339E-6	0.000000E+0	3.450649E-6	1.091192E-4	0.000000E+0	0.000000E+0	0.000000E+0
3.421294E+2	-1.012162E+4	-3.480000E-1	-1.696221E+17	-6.427781E-19	3.411144E-6	0.000000E+0	3.335757E-6	9.868566E-5	0.000000E+0	0.000000E+0	0.000000E+0
4.257275E+2	-1.152076E+4	-4.110000E-1	2.945531E-18	-1.599031E-19	3.621950E-6	0.000000E+0	3.203147E-6	8.668146E-5	0.000000E+0	0.000000E+0	0.000000E+0
5.343857E+2	-1.382144E+4	-4.750000E-1	-4.319920E+17	-4.172230E+17	4.881877E-6	0.000000E+0	2.793184E-6	7.224337E-5	0.000000E+0	0.000000E+0	0.000000E+0
7.172490E+2	-1.766955E+4	-5.380000E-1	-2.037276E-18	3.318154E+17	2.539055E-6	0.000000E+0	2.293528E-6	5.650144E-5	0.000000E+0	0.000000E+0	0.000000E+0
1.160984E+3	-2.432417E+4	-6.010000E-1	4.410889E+17	3.940187E-18	1.962289E-7	0.000000E+0	1.957771E-6	4.101793E-5	0.000000E+0	0.000000E+0	0.000000E+0
2.262191E+3	-3.492781E+4	-6.650000E-1	1.829862E+17	1.849291E+17	2.477587E-6	0.000000E+0	1.846582E-6	2.851088E-5	0.000000E+0	0.000000E+0	0.000000E+0
5.064027E+3	-4.863112E+4	-7.280000E-1	-4.775830E-18	6.138991E-18	3.709847E-6	0.000000E+0	2.118281E-6	2.034239E-5	0.000000E+0	0.000000E+0	0.000000E+0
9.294844E+3	-6.372680E+4	-7.910000E-1	-1.774996E-18	1.580559E+17	4.431367E-6	0.000000E+0	2.241072E-6	1.536511E-5	0.000000E+0	0.000000E+0	0.000000E+0
1.165350E+4	-7.792939E+4	-8.540000E-1	-7.964855E+16	-3.372652E-18	4.131460E-6	0.000000E+0	1.876935E-6	1.255145E-5	0.000000E+0	0.000000E+0	0.000000E+0
1.098170E+4	-8.903848E+4	-9.180000E-1	2.088264E+17	-2.195880E+17	3.859215E-6	0.000000E+0	1.364449E-6	1.106281E-5	0.000000E+0	0.000000E+0	0.000000E+0
1.030677E+4	-9.638992E+4	-9.810000E-1	-5.319197E+16	-4.994279E+17	-1.037235E-6	0.000000E+0	1.096786E-6	1.025725E-5	0.000000E+0	0.000000E+0	0.000000E+0
9.935313E+3	-1.014971E+5	-1.044000E+0	-1.183520E-18	-5.342346E-18	1.950248E-7	0.000000E+0	9.552844E-7	9.758988E-6	0.000000E+0	0.000000E+0	0.000000E+0
9.749156E+3	-1.070677E+5	-1.108000E+0	-5.203440E-18	3.843920E-18	2.476387E-6	0.000000E+0	8.434592E-7	9.263083E-6	0.000000E+0	0.000000E+0	0.000000E+0
9.083789E+3	-1.117347E+5	-1.171000E+0	2.472319E-19	4.245176E+17	1.665729E-6	0.000000E+0	7.228196E-7	8.891008E-6	0.000000E+0	0.000000E+0	0.000000E+0
9.493133E+3	-1.162091E+5	-1.234000E+0	1.311717E+15	5.049488E-18	1.876535E-6	0.000000E+0	6.982979E-7	8.548134E-6	0.000000E+0	0.000000E+0	0.000000E+0
8.916305E+3	-1.201993E+5	-1.297000E+0	-1.006173E-18	-5.687810E-18	3.619512E-6	0.000000E+0	6.137590E-7	8.273988E-6	0.000000E+0	0.000000E+0	0.000000E+0
8.939391E+3	-1.238396E+5	-1.361000E+0	-6.256276E-18	1.399337E+17	3.347210E-6	0.000000E+0	5.798715E-7	8.033103E-6	0.000000E+0	0.000000E+0	0.000000E+0
9.154617E+3	-1.261614E+5	-1.424000E+0	2.698511E+17	2.405250E+17	2.025845E-6	0.000000E+0	5.721455E-7	7.884838E-6	0.000000E+0	0.000000E+0	0.000000E+0
8.192719E+3	-1.292489E+5	-1.487000E+0	-3.654067E-18	-2.240669E+17	2.747394E-6	0.000000E+0	4.884644E-7	7.706047E-6	0.000000E+0	0.000000E+0	0.000000E+0
9.802750E+3	-1.316008E+5	-1.551000E+0	8.607266E+16	1.699868E-17	4.007321E-6	0.000000E+0	5.628956E-7	7.556809E-6	0.000000E+0	0.000000E+0	0.000000E+0
9.442141E+3	-1.330016E+5	-1.614000E+0	2.127762E-18	3.298054E+15	6.430346E-7	0.000000E+0	5.310965E-7	7.481003E-6	0.000000E+0	0.000000E+0	0.000000E+0
9.007703E+3	-1.347558E+5	-1.677000E+0	-4.960950E+17	-5.508904E-18	2.896733E-6	0.000000E+0	4.938362E-7	7.387821E-6	0.000000E+0	0.000000E+0	0.000000E+0
8.831445E+3	-1.359593E+5	-1.741000E+0	-6.504745E+16	2.369913E+17	1.603032E-6	0.000000E+0	4.757572E-7	7.324239E-6	0.000000E+0	0.000000E+0	0.000000E+0
8.512875E+3	-1.367889E+5	-1.804000E+0	5.725574E-18	6.181569E-18	3.856723E-6	0.000000E+0	4.532061E-7	7.282330E-6	0.000000E+0	0.000000E+0	0.000000E+0
8.925031E+3	-1.375589E+5	-1.867000E+0	-2.052452E-18	3.493290E-18	3.556837E-6	0.000000E+0	4.696864E-7	7.239139E-6	0.000000E+0	0.000000E+0	0.000000E+0
9.228430E+3	-1.373592E+5	-1.930000E+0	2.907620E+17	-1.496570E-18	2.235414E-6	0.000000E+0	4.869187E-7	7.247469E-6	0.000000E+0	0.000000E+0	0.000000E+0
8.567945E+3	-1.368274E+5	-1.994000E+0	-2.651570E-18	4.670974E-18	4.006062E-6	0.000000E+0	4.558594E-7	7.279932E-6	0.000000E+0	0.000000E+0	0.000000E+0
8.593875E+3	-1.383232E+5	-2.057000E+0	6.288344E-18	-3.928899E-18	2.173969E-6	0.000000E+0	4.474307E-7	7.201647E-6	0.000000E+0	0.000000E+0	0.000000E+0
8.838875E+3	-1.377752E+5	-2.120000E+0	8.250878E-19	3.413458E-18	3.916954E-6	0.000000E+0	4.637363E-7	7.228450E-6	0.000000E+0	0.000000E+0	0.000000E+0
8.364422E+3	-1.385213E+5	-2.184000E+0	4.553607E+17	-2.686618E+17	1.091117E-6	0.000000E+0	4.343324E-7	7.192880E-6	0.000000E+0	0.000000E+0	0.000000E+0
8.644516E+3	-1.391633E+5	-2.247000E+0	2.517955E+17	3.793714E+16	4.366229E-6	0.000000E+0	4.446504E-7	7.158182E-6	0.000000E+0	0.000000E+0	0.000000E+0
9.851313E+3	-1.385606E+5	-2.310000E+0	-6.194311E-18	5.356395E+17	5.598486E-6	0.000000E+0	5.105342E-7	7.180761E-6	0.000000E+0	0.000000E+0	0.000000E+0
9.343594E+3	-1.384372E+5	-2.373000E+0	-5.704680E+17	1.371951E+17	4.277113E-6	0.000000E+0	4.853270E-7	7.190736E-6	0.000000E+0	0.000000E+0	0.000000E+0
8.890250E+3	-1.388758E+5	-2.437000E+0	-1.808722E+17	6.906363E-18	4.515561E-6	0.000000E+0	4.590761E-7	7.171290E-6	0.000000E+0	0.000000E+0	0.000000E+0
8.916320E+3	-1.394597E+5	-2.500000E+0	-3.567381E+17	-4.283094E-18	4.215690E-6	0.000000E+0	4.565797E-7	7.141339E-6	0.000000E+0	0.000000E+0	0.000000E+0
