Real / Ohm	Ximag / Ohm	V_DC / V	I_a c / A	V_ac / V	I_DC / A
5.725156E+2	-1.157786E+5	-2.500000E+0	-3.567381E+17	-4.283094E-18	3.194204E-6	1.000000E+6	4.270907E-8	8.636964E-6	0.000000E+0	0.000000E+0	0.000000E+0
3.980469E+1	-1.081809E+5	-2.437000E+0	-1.808722E+17	6.906363E-18	5.537047E-6	0.000000E+0	3.401207E-9	9.243775E-6	0.000000E+0	0.000000E+0	0.000000E+0
1.498750E+2	-1.023647E+5	-2.373000E+0	-5.704680E+17	1.371951E+17	1.723485E-6	0.000000E+0	1.430302E-8	9.768972E-6	0.000000E+0	0.000000E+0	0.000000E+0
-8.118750E+1	-9.585383E+4	-2.310000E+0	-6.194311E-18	5.356395E+17	1.512715E-6	0.000000E+0	-8.836289E-9	1.043254E-5	0.000000E+0	0.000000E+0	0.000000E+0
1.139609E+2	-8.949639E+4	-2.247000E+0	2.517955E+17	3.793714E+16	1.812601E-6	0.000000E+0	1.422801E-8	1.117362E-5	0.000000E+0	0.000000E+0	0.000000E+0
2.890313E+2	-8.272939E+4	-2.184000E+0	4.553607E+17	-2.686618E+17	1.601831E-6	0.000000E+0	4.222989E-8	1.208746E-5	0.000000E+0	0.000000E+0	0.000000E+0
2.096484E+1	-7.645278E+4	-2.120000E+0	8.250878E-19	3.413458E-18	3.916954E-6	0.000000E+0	3.586782E-9	1.307997E-5	0.000000E+0	0.000000E+0	0.000000E+0
5.941016E+1	-7.057119E+4	-2.057000E+0	6.288344E-18	-3.928899E-18	2.173969E-6	0.000000E+0	1.192904E-8	1.417008E-5	0.000000E+0	0.000000E+0	0.000000E+0
1.769688E+2	-6.625683E+4	-1.994000E+0	-2.651570E-18	4.670974E-18	2.984634E-6	0.000000E+0	4.031181E-8	1.509268E-5	0.000000E+0	0.000000E+0	0.000000E+0
-5.832031E+0	-6.333166E+4	-1.930000E+0	2.907620E+17	-1.496570E-18	1.925582E-7	0.000000E+0	-1.454046E-9	1.578989E-5	0.000000E+0	0.000000E+0	0.000000E+0
3.554219E+2	-6.047198E+4	-1.867000E+0	-2.052452E-18	3.493290E-18	3.046065E-6	0.000000E+0	9.718983E-8	1.653601E-5	0.000000E+0	0.000000E+0	0.000000E+0
3.257578E+2	-5.701171E+4	-1.804000E+0	5.725574E-18	6.181569E-18	3.856723E-6	0.000000E+0	1.002196E-7	1.753968E-5	0.000000E+0	0.000000E+0	0.000000E+0
7.168359E+2	-5.351187E+4	-1.741000E+0	-6.504745E+16	2.369913E+17	4.156660E-6	0.000000E+0	2.502889E-7	1.868409E-5	0.000000E+0	0.000000E+0	0.000000E+0
1.256582E+3	-5.021904E+4	-1.677000E+0	-4.960950E+17	-5.508904E-18	2.896733E-6	0.000000E+0	4.979459E-7	1.990031E-5	0.000000E+0	0.000000E+0	0.000000E+0
2.240777E+3	-4.726157E+4	-1.614000E+0	2.127762E-18	3.298054E+15	-8.891657E-7	0.000000E+0	1.000938E-6	2.111138E-5	0.000000E+0	0.000000E+0	0.000000E+0
3.756687E+3	-4.421327E+4	-1.551000E+0	8.607266E+16	1.699868E-17	1.964407E-6	0.000000E+0	1.907988E-6	2.245553E-5	0.000000E+0	0.000000E+0	0.000000E+0
5.385396E+3	-4.101770E+4	-1.487000E+0	-3.654067E-18	-2.240669E+17	1.937660E-7	0.000000E+0	3.146678E-6	2.396658E-5	0.000000E+0	0.000000E+0	0.000000E+0
6.409041E+3	-3.730854E+4	-1.424000E+0	2.698511E+17	2.405250E+17	1.515131E-6	0.000000E+0	4.472455E-6	2.603521E-5	0.000000E+0	0.000000E+0	0.000000E+0
6.798742E+3	-3.320536E+4	-1.361000E+0	-6.256276E-18	1.399337E+17	-7.385606E-7	0.000000E+0	5.918028E-6	2.890391E-5	0.000000E+0	0.000000E+0	0.000000E+0
6.396629E+3	-2.935590E+4	-1.297000E+0	-1.006173E-18	-5.687810E-18	3.108769E-6	0.000000E+0	7.086219E-6	3.252062E-5	0.000000E+0	0.000000E+0	0.000000E+0
5.532059E+3	-2.525118E+4	-1.234000E+0	1.311717E+15	5.049488E-18	1.876535E-6	0.000000E+0	8.278727E-6	3.778840E-5	0.000000E+0	0.000000E+0	0.000000E+0
4.464006E+3	-2.165139E+4	-1.171000E+0	2.472319E-19	4.245176E+17	3.708643E-6	0.000000E+0	9.134263E-6	4.430314E-5	0.000000E+0	0.000000E+0	0.000000E+0
3.431346E+3	-1.852139E+4	-1.108000E+0	-5.203440E-18	3.843920E-18	2.987101E-6	0.000000E+0	9.670775E-6	5.219998E-5	0.000000E+0	0.000000E+0	0.000000E+0
2.577781E+3	-1.585582E+4	-1.044000E+0	-1.183520E-18	-5.342346E-18	3.770081E-6	0.000000E+0	9.989387E-6	6.144429E-5	0.000000E+0	0.000000E+0	0.000000E+0
1.958499E+3	-1.377376E+4	-9.810000E-1	-5.319197E+16	-4.994279E+17	3.048564E-6	0.000000E+0	1.011871E-5	7.116303E-5	0.000000E+0	0.000000E+0	0.000000E+0
1.514490E+3	-1.216672E+4	-9.180000E-1	2.088264E+17	-2.195880E+17	5.391386E-6	0.000000E+0	1.007492E-5	8.093731E-5	0.000000E+0	0.000000E+0	0.000000E+0
1.166902E+3	-1.092965E+4	-8.540000E-1	-7.964855E+16	-3.372652E-18	3.110003E-6	0.000000E+0	9.658273E-6	9.046307E-5	0.000000E+0	0.000000E+0	0.000000E+0
9.270415E+2	-1.000017E+4	-7.910000E-1	-1.774996E-18	1.580559E+17	2.899196E-6	0.000000E+0	9.191114E-6	9.914626E-5	0.000000E+0	0.000000E+0	0.000000E+0
7.533887E+2	-9.282477E+3	-7.280000E-1	-4.775830E-18	6.138991E-18	4.220561E-6	0.000000E+0	8.686401E-6	1.070249E-4	0.000000E+0	0.000000E+0	0.000000E+0
6.240122E+2	-8.719973E+3	-6.650000E-1	1.829862E+17	1.849291E+17	4.009788E-6	0.000000E+0	8.164779E-6	1.140950E-4	0.000000E+0	0.000000E+0	0.000000E+0
5.162520E+2	-8.245891E+3	-6.010000E-1	4.410889E+17	3.940187E-18	1.728400E-6	0.000000E+0	7.562887E-6	1.207990E-4	0.000000E+0	0.000000E+0	0.000000E+0
4.481416E+2	-7.859167E+3	-5.380000E-1	-2.037276E-18	3.318154E+17	1.517597E-6	0.000000E+0	7.231900E-6	1.268276E-4	0.000000E+0	0.000000E+0	0.000000E+0
3.827041E+2	-7.524542E+3	-4.750000E-1	-4.319920E+17	-4.172230E+17	4.371133E-6	0.000000E+0	6.741879E-6	1.325556E-4	0.000000E+0	0.000000E+0	0.000000E+0
3.285083E+2	-7.224322E+3	-4.110000E-1	2.945531E-18	-1.599031E-19	4.132693E-6	0.000000E+0	6.281380E-6	1.381357E-4	0.000000E+0	0.000000E+0	0.000000E+0
3.009912E+2	-6.955765E+3	-3.480000E-1	-1.696221E+17	-6.427781E-19	3.411144E-6	0.000000E+0	6.209427E-6	1.434969E-4	0.000000E+0	0.000000E+0	0.000000E+0
2.776523E+2	-6.714733E+3	-2.850000E-1	-2.725480E+17	1.903750E-18	3.711082E-6	0.000000E+0	6.147547E-6	1.486720E-4	0.000000E+0	0.000000E+0	0.000000E+0
2.534521E+2	-6.490311E+3	-2.220000E-1	-1.478400E+17	2.655554E+17	5.032449E-6	0.000000E+0	6.007629E-6	1.538412E-4	0.000000E+0	0.000000E+0	0.000000E+0
2.385269E+2	-6.276626E+3	-1.580000E-1	-2.971689E+17	-4.956124E-18	4.793977E-6	0.000000E+0	6.045860E-6	1.590915E-4	0.000000E+0	0.000000E+0	0.000000E+0
2.287285E+2	-6.078770E+3	-9.500000E-2	-4.717429E+17	-4.928282E+17	-5.240840E-7	0.000000E+0	6.181223E-6	1.642744E-4	0.000000E+0	0.000000E+0	0.000000E+0
2.117271E+2	-5.886513E+3	-3.200000E-2	-9.427576E-19	-9.426377E-19	4.372367E-6	0.000000E+0	6.102373E-6	1.696604E-4	0.000000E+0	0.000000E+0	0.000000E+0
1.886865E+2	-5.702210E+3	3.200000E-2	-3.096135E+17	4.406614E-18	1.580268E-6	0.000000E+0	5.796678E-6	1.751788E-4	0.000000E+0	0.000000E+0	0.000000E+0
1.771111E+2	-5.527677E+3	9.500000E-2	-4.715167E+17	-5.481549E+17	2.901634E-6	0.000000E+0	5.790484E-6	1.807223E-4	0.000000E+0	0.000000E+0	0.000000E+0
1.796514E+2	-5.359177E+3	1.580000E-1	-1.067113E+17	-5.230656E+17	3.201572E-6	0.000000E+0	6.248081E-6	1.863864E-4	0.000000E+0	0.000000E+0	0.000000E+0
1.861042E+2	-5.200562E+3	2.220000E-1	-3.021231E-18	2.162610E+17	3.473815E-6	0.000000E+0	6.872264E-6	1.920410E-4	0.000000E+0	0.000000E+0	0.000000E+0
1.969570E+2	-5.053792E+3	2.850000E-1	-3.411601E-18	5.558819E-18	1.220125E-6	0.000000E+0	7.699767E-6	1.975711E-4	0.000000E+0	0.000000E+0	0.000000E+0
2.018513E+2	-4.918871E+3	3.480000E-1	4.155990E+17	-2.187937E-18	2.541492E-6	0.000000E+0	8.328561E-6	2.029569E-4	0.000000E+0	0.000000E+0	0.000000E+0
2.062166E+2	-4.795995E+3	4.110000E-1	-4.316353E+17	4.857998E-18	2.841400E-6	0.000000E+0	8.948783E-6	2.081225E-4	0.000000E+0	0.000000E+0	0.000000E+0
2.066743E+2	-4.680911E+3	4.750000E-1	-3.851510E-18	-6.874123E-18	4.135130E-6	0.000000E+0	9.414124E-6	2.132180E-4	0.000000E+0	0.000000E+0	0.000000E+0
1.907800E+2	-4.579842E+3	5.380000E-1	4.766215E-20	4.558806E+17	1.881410E-6	0.000000E+0	9.079855E-6	2.179699E-4	0.000000E+0	0.000000E+0	0.000000E+0
2.095920E+2	-4.490549E+3	6.010000E-1	1.388541E-18	6.784133E-18	3.202778E-6	0.000000E+0	1.037124E-5	2.222059E-4	0.000000E+0	0.000000E+0	0.000000E+0
2.051230E+2	-4.409967E+3	6.650000E-1	3.311088E+17	-3.632303E-18	4.107060E-7	0.000000E+0	1.052459E-5	2.262695E-4	0.000000E+0	0.000000E+0	0.000000E+0
1.855864E+2	-4.340400E+3	7.280000E-1	-7.975154E-19	6.323277E-18	2.242788E-6	0.000000E+0	9.833166E-6	2.299731E-4	0.000000E+0	0.000000E+0	0.000000E+0
2.008008E+2	-4.280396E+3	7.910000E-1	-4.524503E+17	2.055852E+17	2.542725E-6	0.000000E+0	1.093561E-5	2.331102E-4	0.000000E+0	0.000000E+0	0.000000E+0
2.006780E+2	-4.231328E+3	8.540000E-1	-6.904569E-18	-4.080324E+17	2.842633E-6	0.000000E+0	1.118332E-5	2.358020E-4	0.000000E+0	0.000000E+0	0.000000E+0
2.136292E+2	-4.187686E+3	9.180000E-1	2.547933E-18	-3.558762E+16	3.625621E-6	0.000000E+0	1.215021E-5	2.381755E-4	0.000000E+0	0.000000E+0	0.000000E+0
2.171748E+2	-4.153583E+3	9.810000E-1	-1.734759E+17	1.089529E+17	5.968439E-6	0.000000E+0	1.255388E-5	2.400996E-4	0.000000E+0	0.000000E+0	0.000000E+0
1.932227E+2	-4.127002E+3	1.044000E+0	-5.201041E+17	1.796536E+17	1.161097E-6	0.000000E+0	1.131978E-5	2.417767E-4	0.000000E+0	0.000000E+0	0.000000E+0
2.053806E+2	-4.104621E+3	1.108000E+0	3.883248E+17	-5.707470E+17	1.433364E-6	0.000000E+0	1.215983E-5	2.430194E-4	0.000000E+0	0.000000E+0	0.000000E+0
2.112893E+2	-4.086191E+3	1.171000E+0	-2.820974E+17	-3.562291E+17	4.286907E-6	0.000000E+0	1.262062E-5	2.440741E-4	0.000000E+0	0.000000E+0	0.000000E+0
2.015305E+2	-4.072302E+3	1.234000E+0	7.433461E+16	-3.376204E+17	5.097558E-6	0.000000E+0	1.212268E-5	2.449614E-4	0.000000E+0	0.000000E+0	0.000000E+0
2.025200E+2	-4.059734E+3	1.297000E+0	4.345814E+17	8.421242E+16	3.354580E-6	0.000000E+0	1.225726E-5	2.457101E-4	0.000000E+0	0.000000E+0	0.000000E+0
2.067185E+2	-4.048333E+3	1.361000E+0	5.364300E+17	-2.871878E+17	3.116111E-6	0.000000E+0	1.258044E-5	2.463729E-4	0.000000E+0	0.000000E+0	0.000000E+0
1.898433E+2	-4.039969E+3	1.424000E+0	6.386846E-18	1.659667E-18	2.394590E-6	0.000000E+0	1.160597E-5	2.469813E-4	0.000000E+0	0.000000E+0	0.000000E+0
2.010461E+2	-4.032055E+3	1.487000E+0	9.225652E+16	2.295762E-18	4.737383E-6	0.000000E+0	1.233572E-5	2.473974E-4	0.000000E+0	0.000000E+0	0.000000E+0
2.069309E+2	-4.027222E+3	1.551000E+0	4.020355E+17	1.855177E+17	3.477486E-6	0.000000E+0	1.272533E-5	2.476563E-4	0.000000E+0	0.000000E+0	0.000000E+0
1.915654E+2	-4.023250E+3	1.614000E+0	1.676929E-18	4.035830E-18	3.777401E-6	0.000000E+0	1.180809E-5	2.479930E-4	0.000000E+0	0.000000E+0	0.000000E+0
2.160623E+2	-4.021165E+3	1.677000E+0	-2.680825E+17	-5.492346E+17	2.034416E-6	0.000000E+0	1.332365E-5	2.479683E-4	0.000000E+0	0.000000E+0	0.000000E+0
1.986172E+2	-4.022866E+3	1.741000E+0	6.309741E-18	-4.155966E-18	6.392489E-6	0.000000E+0	1.224301E-5	2.479745E-4	0.000000E+0	0.000000E+0	0.000000E+0
2.211438E+2	-4.029111E+3	1.804000E+0	2.579781E+17	4.569561E-19	4.138768E-6	0.000000E+0	1.358157E-5	2.474483E-4	0.000000E+0	0.000000E+0	0.000000E+0
2.110452E+2	-4.039233E+3	1.867000E+0	2.915631E-18	5.325299E+16	1.374341E-6	0.000000E+0	1.290012E-5	2.468977E-4	0.000000E+0	0.000000E+0	0.000000E+0
2.028284E+2	-4.054322E+3	1.930000E+0	-1.980656E+17	1.958093E+16	1.674278E-6	0.000000E+0	1.230854E-5	2.460346E-4	0.000000E+0	0.000000E+0	0.000000E+0
2.072271E+2	-4.072182E+3	1.994000E+0	4.169888E-18	3.559669E+13	9.250871E-7	0.000000E+0	1.246433E-5	2.449343E-4	0.000000E+0	0.000000E+0	0.000000E+0
2.133452E+2	-4.093408E+3	2.057000E+0	5.785078E-19	5.234687E+17	3.267894E-6	0.000000E+0	1.269798E-5	2.436334E-4	0.000000E+0	0.000000E+0	0.000000E+0
1.971958E+2	-4.114987E+3	2.120000E+0	-2.375418E+17	1.295985E-19	3.057081E-6	0.000000E+0	1.161889E-5	2.424573E-4	0.000000E+0	0.000000E+0	0.000000E+0
2.047664E+2	-4.140000E+3	2.184000E+0	-5.351627E-18	2.391872E+17	3.840061E-6	0.000000E+0	1.191782E-5	2.409564E-4	0.000000E+0	0.000000E+0	0.000000E+0
1.940596E+2	-4.167010E+3	2.247000E+0	2.587905E+17	2.524315E-18	7.204348E-6	0.000000E+0	1.115180E-5	2.394609E-4	0.000000E+0	0.000000E+0	0.000000E+0
1.946436E+2	-4.192750E+3	2.310000E+0	-3.127958E+17	5.964970E-18	3.418463E-6	0.000000E+0	1.104860E-5	2.379940E-4	0.000000E+0	0.000000E+0	0.000000E+0
2.138958E+2	-4.220551E+3	2.373000E+0	6.653843E-18	-4.395667E+17	1.433218E-7	0.000000E+0	1.197705E-5	2.363289E-4	0.000000E+0	0.000000E+0	0.000000E+0
2.259878E+2	-4.249154E+3	2.437000E+0	-1.137863E-18	-4.190346E+17	3.479930E-6	0.000000E+0	1.248111E-5	2.346772E-4	0.000000E+0	0.000000E+0	0.000000E+0
2.044744E+2	-4.276634E+3	2.500000E+0	-9.275714E-19	-3.780201E-18	2.758403E-6	0.000000E+0	1.115432E-5	2.332954E-4	0.000000E+0	0.000000E+0	0.000000E+0
