Real / Ohm	Ximag / Ohm	V_DC / V	I_a c / A	V_ac / V	I_DC / A
2.325313E+3	-2.147172E+4	-2.500000E+0	-3.567381E+17	-4.283094E-18	1.662062E-6	3.162278E+6	4.985215E-6	4.603301E-5	0.000000E+0	0.000000E+0	0.000000E+0
2.262004E+3	-2.269093E+4	-2.437000E+0	-1.808722E+17	6.906363E-18	2.983419E-6	0.000000E+0	4.350050E-6	4.363683E-5	0.000000E+0	0.000000E+0	0.000000E+0
2.291320E+3	-2.319564E+4	-2.373000E+0	-5.704680E+17	1.371951E+17	1.212771E-6	0.000000E+0	4.217506E-6	4.269494E-5	0.000000E+0	0.000000E+0	0.000000E+0
2.237906E+3	-2.328396E+4	-2.310000E+0	-6.194311E-18	5.356395E+17	4.066285E-6	0.000000E+0	4.090107E-6	4.255491E-5	0.000000E+0	0.000000E+0	0.000000E+0
2.260270E+3	-2.316810E+4	-2.247000E+0	2.517955E+17	3.793714E+16	1.301887E-6	0.000000E+0	4.171243E-6	4.275585E-5	0.000000E+0	0.000000E+0	0.000000E+0
2.312713E+3	-2.298511E+4	-2.184000E+0	4.553607E+17	-2.686618E+17	2.112545E-6	0.000000E+0	4.333651E-6	4.307038E-5	0.000000E+0	0.000000E+0	0.000000E+0
2.262324E+3	-2.271780E+4	-2.120000E+0	8.250878E-19	3.413458E-18	3.406240E-6	0.000000E+0	4.340468E-6	4.358611E-5	0.000000E+0	0.000000E+0	0.000000E+0
2.273363E+3	-2.237069E+4	-2.057000E+0	6.288344E-18	-3.928899E-18	2.173969E-6	0.000000E+0	4.496225E-6	4.424443E-5	0.000000E+0	0.000000E+0	0.000000E+0
2.293863E+3	-2.183093E+4	-1.994000E+0	-2.651570E-18	4.670974E-18	1.963206E-6	0.000000E+0	4.760520E-6	4.530636E-5	0.000000E+0	0.000000E+0	0.000000E+0
2.284621E+3	-2.128773E+4	-1.930000E+0	2.907620E+17	-1.496570E-18	5.299815E-6	0.000000E+0	4.984045E-6	4.644052E-5	0.000000E+0	0.000000E+0	0.000000E+0
2.308375E+3	-2.053100E+4	-1.867000E+0	-2.052452E-18	3.493290E-18	1.513923E-6	0.000000E+0	5.407923E-6	4.809880E-5	0.000000E+0	0.000000E+0	0.000000E+0
2.324277E+3	-1.975530E+4	-1.804000E+0	5.725574E-18	6.181569E-18	2.835295E-6	0.000000E+0	5.874220E-6	4.992821E-5	0.000000E+0	0.000000E+0	0.000000E+0
2.310115E+3	-1.885093E+4	-1.741000E+0	-6.504745E+16	2.369913E+17	2.624460E-6	0.000000E+0	6.404636E-6	5.226292E-5	0.000000E+0	0.000000E+0	0.000000E+0
2.361695E+3	-1.782621E+4	-1.677000E+0	-4.960950E+17	-5.508904E-18	2.896733E-6	0.000000E+0	7.303804E-6	5.512953E-5	0.000000E+0	0.000000E+0	0.000000E+0
2.400270E+3	-1.670758E+4	-1.614000E+0	2.127762E-18	3.298054E+15	1.664463E-6	0.000000E+0	8.424822E-6	5.864273E-5	0.000000E+0	0.000000E+0	0.000000E+0
2.356426E+3	-1.558235E+4	-1.551000E+0	8.607266E+16	1.699868E-17	1.453693E-6	0.000000E+0	9.487854E-6	6.274038E-5	0.000000E+0	0.000000E+0	0.000000E+0
2.059545E+3	-1.459492E+4	-1.487000E+0	-3.654067E-18	-2.240669E+17	3.258108E-6	0.000000E+0	9.479920E-6	6.717924E-5	0.000000E+0	0.000000E+0	0.000000E+0
1.582342E+3	-1.374495E+4	-1.424000E+0	2.698511E+17	2.405250E+17	3.047331E-6	0.000000E+0	8.266014E-6	7.180240E-5	0.000000E+0	0.000000E+0	0.000000E+0
1.110706E+3	-1.275797E+4	-1.361000E+0	-6.256276E-18	1.399337E+17	-7.385606E-7	0.000000E+0	6.772620E-6	7.779275E-5	0.000000E+0	0.000000E+0	0.000000E+0
7.118193E+2	-1.114386E+4	-1.297000E+0	-1.006173E-18	-5.687810E-18	2.598055E-6	0.000000E+0	5.708607E-6	8.937087E-5	0.000000E+0	0.000000E+0	0.000000E+0
4.464619E+2	-9.017869E+3	-1.234000E+0	1.311717E+15	5.049488E-18	-4.762893E-6	0.000000E+0	5.476630E-6	1.106198E-4	0.000000E+0	0.000000E+0	0.000000E+0
2.855132E+2	-6.944555E+3	-1.171000E+0	2.472319E-19	4.245176E+17	-1.398614E-6	0.000000E+0	5.910223E-6	1.437547E-4	0.000000E+0	0.000000E+0	0.000000E+0
1.891646E+2	-5.375516E+3	-1.108000E+0	-5.203440E-18	3.843920E-18	2.987101E-6	0.000000E+0	6.538258E-6	1.857986E-4	0.000000E+0	0.000000E+0	0.000000E+0
1.312207E+2	-4.300945E+3	-1.044000E+0	-1.183520E-18	-5.342346E-18	7.057388E-7	0.000000E+0	7.087132E-6	2.322908E-4	0.000000E+0	0.000000E+0	0.000000E+0
1.001389E+2	-3.649463E+3	-9.810000E-1	-5.319197E+16	-4.994279E+17	-1.037235E-6	0.000000E+0	7.513080E-6	2.738068E-4	0.000000E+0	0.000000E+0	0.000000E+0
8.203516E+1	-3.222157E+3	-9.180000E-1	2.088264E+17	-2.195880E+17	3.859215E-6	0.000000E+0	7.896329E-6	3.101501E-4	0.000000E+0	0.000000E+0	0.000000E+0
7.233936E+1	-2.907232E+3	-8.540000E-1	-7.964855E+16	-3.372652E-18	3.620746E-6	0.000000E+0	8.553552E-6	3.437570E-4	0.000000E+0	0.000000E+0	0.000000E+0
6.523828E+1	-2.669746E+3	-7.910000E-1	-1.774996E-18	1.580559E+17	3.409939E-6	0.000000E+0	9.147520E-6	3.743439E-4	0.000000E+0	0.000000E+0	0.000000E+0
6.043408E+1	-2.478639E+3	-7.280000E-1	-4.775830E-18	6.138991E-18	2.177676E-6	0.000000E+0	9.830990E-6	4.032075E-4	0.000000E+0	0.000000E+0	0.000000E+0
5.005298E+1	-2.324768E+3	-6.650000E-1	1.829862E+17	1.849291E+17	3.499044E-6	0.000000E+0	9.256982E-6	4.299511E-4	0.000000E+0	0.000000E+0	0.000000E+0
5.436914E+1	-2.197740E+3	-6.010000E-1	4.410889E+17	3.940187E-18	1.217686E-6	0.000000E+0	1.124952E-5	4.547346E-4	0.000000E+0	0.000000E+0	0.000000E+0
5.041846E+1	-2.097742E+3	-5.380000E-1	-2.037276E-18	3.318154E+17	4.071226E-6	0.000000E+0	1.145077E-5	4.764278E-4	0.000000E+0	0.000000E+0	0.000000E+0
5.219763E+1	-2.015040E+3	-4.750000E-1	-4.319920E+17	-4.172230E+17	7.960771E-7	0.000000E+0	1.284672E-5	4.959353E-4	0.000000E+0	0.000000E+0	0.000000E+0
5.088293E+1	-1.943615E+3	-4.110000E-1	2.945531E-18	-1.599031E-19	-9.745636E-7	0.000000E+0	1.346028E-5	5.141528E-4	0.000000E+0	0.000000E+0	0.000000E+0
5.043127E+1	-1.883533E+3	-3.480000E-1	-1.696221E+17	-6.427781E-19	-1.639128E-7	0.000000E+0	1.420503E-5	5.305368E-4	0.000000E+0	0.000000E+0	0.000000E+0
4.989868E+1	-1.830183E+3	-2.850000E-1	-2.725480E+17	1.903750E-18	1.157454E-6	0.000000E+0	1.488598E-5	5.459876E-4	0.000000E+0	0.000000E+0	0.000000E+0
4.899243E+1	-1.782533E+3	-2.220000E-1	-1.478400E+17	2.655554E+17	4.010992E-6	0.000000E+0	1.540728E-5	5.605760E-4	0.000000E+0	0.000000E+0	0.000000E+0
4.751624E+1	-1.739052E+3	-1.580000E-1	-2.971689E+17	-4.956124E-18	2.751063E-6	0.000000E+0	1.569975E-5	5.745970E-4	0.000000E+0	0.000000E+0	0.000000E+0
4.766699E+1	-1.699804E+3	-9.500000E-2	-4.717429E+17	-4.928282E+17	2.029544E-6	0.000000E+0	1.648461E-5	5.878409E-4	0.000000E+0	0.000000E+0	0.000000E+0
4.814160E+1	-1.663765E+3	-3.200000E-2	-9.427576E-19	-9.426377E-19	1.818739E-6	0.000000E+0	1.737693E-5	6.005436E-4	0.000000E+0	0.000000E+0	0.000000E+0
4.418799E+1	-1.629551E+3	3.200000E-2	-3.096135E+17	4.406614E-18	4.133896E-6	0.000000E+0	1.662835E-5	6.132151E-4	0.000000E+0	0.000000E+0	0.000000E+0
4.873486E+1	-1.599471E+3	9.500000E-2	-4.715167E+17	-5.481549E+17	-6.734222E-7	0.000000E+0	1.903198E-5	6.246268E-4	0.000000E+0	0.000000E+0	0.000000E+0
4.947668E+1	-1.570851E+3	1.580000E-1	-1.067113E+17	-5.230656E+17	1.372300E-7	0.000000E+0	2.003088E-5	6.359667E-4	0.000000E+0	0.000000E+0	0.000000E+0
4.890320E+1	-1.544013E+3	2.220000E-1	-3.021231E-18	2.162610E+17	3.984558E-6	0.000000E+0	2.049273E-5	6.470139E-4	0.000000E+0	0.000000E+0	0.000000E+0
4.955884E+1	-1.519704E+3	2.850000E-1	-3.411601E-18	5.558819E-18	3.773754E-6	0.000000E+0	2.143589E-5	6.573238E-4	0.000000E+0	0.000000E+0	0.000000E+0
4.959595E+1	-1.497042E+3	3.480000E-1	4.155990E+17	-2.187937E-18	2.030778E-6	0.000000E+0	2.210558E-5	6.672516E-4	0.000000E+0	0.000000E+0	0.000000E+0
5.040063E+1	-1.476176E+3	4.110000E-1	-4.316353E+17	4.857998E-18	3.862857E-6	0.000000E+0	2.310222E-5	6.766372E-4	0.000000E+0	0.000000E+0	0.000000E+0
5.051440E+1	-1.456288E+3	4.750000E-1	-3.851510E-18	-6.874123E-18	4.645844E-6	0.000000E+0	2.379022E-5	6.858521E-4	0.000000E+0	0.000000E+0	0.000000E+0
5.077563E+1	-1.438578E+3	5.380000E-1	4.766215E-20	4.558806E+17	2.392153E-6	0.000000E+0	2.450461E-5	6.942660E-4	0.000000E+0	0.000000E+0	0.000000E+0
4.952222E+1	-1.422060E+3	6.010000E-1	1.388541E-18	6.784133E-18	1.384360E-7	0.000000E+0	2.445896E-5	7.023534E-4	0.000000E+0	0.000000E+0	0.000000E+0
5.037695E+1	-1.406688E+3	6.650000E-1	3.311088E+17	-3.632303E-18	9.214200E-7	0.000000E+0	2.542609E-5	7.099791E-4	0.000000E+0	0.000000E+0	0.000000E+0
5.153064E+1	-1.393010E+3	7.280000E-1	-7.975154E-19	6.323277E-18	2.242788E-6	0.000000E+0	2.651937E-5	7.168889E-4	0.000000E+0	0.000000E+0	0.000000E+0
4.718884E+1	-1.380464E+3	7.910000E-1	-4.524503E+17	2.055852E+17	3.564153E-6	0.000000E+0	2.473329E-5	7.235487E-4	0.000000E+0	0.000000E+0	0.000000E+0
4.089392E+1	-1.368740E+3	8.540000E-1	-6.904569E-18	-4.080324E+17	-1.753880E-6	0.000000E+0	2.180868E-5	7.299474E-4	0.000000E+0	0.000000E+0	0.000000E+0
5.499280E+1	-1.357881E+3	9.180000E-1	2.547933E-18	-3.558762E+16	5.612783E-7	0.000000E+0	2.977630E-5	7.352356E-4	0.000000E+0	0.000000E+0	0.000000E+0
5.468005E+1	-1.348312E+3	9.810000E-1	-1.734759E+17	1.089529E+17	8.611860E-7	0.000000E+0	3.002855E-5	7.404503E-4	0.000000E+0	0.000000E+0	0.000000E+0
5.410571E+1	-1.339363E+3	1.044000E+0	-5.201041E+17	1.796536E+17	6.503833E-7	0.000000E+0	3.011191E-5	7.454072E-4	0.000000E+0	0.000000E+0	0.000000E+0
5.423511E+1	-1.331086E+3	1.108000E+0	3.883248E+17	-5.707470E+17	-6.095506E-7	0.000000E+0	3.055962E-5	7.500211E-4	0.000000E+0	0.000000E+0	0.000000E+0
5.446960E+1	-1.323509E+3	1.171000E+0	-2.820974E+17	-3.562291E+17	1.733279E-6	0.000000E+0	3.104312E-5	7.542896E-4	0.000000E+0	0.000000E+0	0.000000E+0
5.401880E+1	-1.316773E+3	1.234000E+0	7.433461E+16	-3.376204E+17	1.011758E-6	0.000000E+0	3.110232E-5	7.581564E-4	0.000000E+0	0.000000E+0	0.000000E+0
5.372949E+1	-1.310399E+3	1.297000E+0	4.345814E+17	8.421242E+16	-7.312192E-7	0.000000E+0	3.123749E-5	7.618455E-4	0.000000E+0	0.000000E+0	0.000000E+0
5.430981E+1	-1.304475E+3	1.361000E+0	5.364300E+17	-2.871878E+17	-9.696887E-7	0.000000E+0	3.186065E-5	7.652655E-4	0.000000E+0	0.000000E+0	0.000000E+0
5.437756E+1	-1.299271E+3	1.424000E+0	6.386846E-18	1.659667E-18	3.416018E-6	0.000000E+0	3.215586E-5	7.683166E-4	0.000000E+0	0.000000E+0	0.000000E+0
5.168738E+1	-1.294672E+3	1.487000E+0	9.225652E+16	2.295762E-18	6.516129E-7	0.000000E+0	3.078742E-5	7.711673E-4	0.000000E+0	0.000000E+0	0.000000E+0
4.407654E+1	-1.289979E+3	1.551000E+0	4.020355E+17	1.855177E+17	2.966743E-6	0.000000E+0	2.645669E-5	7.743024E-4	0.000000E+0	0.000000E+0	0.000000E+0
5.646899E+1	-1.286109E+3	1.614000E+0	1.676929E-18	4.035830E-18	2.023444E-7	0.000000E+0	3.407360E-5	7.760430E-4	0.000000E+0	0.000000E+0	0.000000E+0
4.966919E+1	-1.282270E+3	1.677000E+0	-2.680825E+17	-5.492346E+17	1.523702E-6	0.000000E+0	3.016317E-5	7.786986E-4	0.000000E+0	0.000000E+0	0.000000E+0
5.531592E+1	-1.278782E+3	1.741000E+0	6.309741E-18	-4.155966E-18	-2.469387E-7	0.000000E+0	3.376333E-5	7.805336E-4	0.000000E+0	0.000000E+0	0.000000E+0
5.372388E+1	-1.275607E+3	1.804000E+0	2.579781E+17	4.569561E-19	5.637121E-7	0.000000E+0	3.295823E-5	7.825524E-4	0.000000E+0	0.000000E+0	0.000000E+0
5.414734E+1	-1.273061E+3	1.867000E+0	2.915631E-18	5.325299E+16	-1.179258E-6	0.000000E+0	3.334984E-5	7.840898E-4	0.000000E+0	0.000000E+0	0.000000E+0
5.348901E+1	-1.270605E+3	1.930000E+0	-1.980656E+17	1.958093E+16	2.184992E-6	0.000000E+0	3.307307E-5	7.856344E-4	0.000000E+0	0.000000E+0	0.000000E+0
5.397351E+1	-1.268214E+3	1.994000E+0	4.169888E-18	3.559669E+13	4.143440E-7	0.000000E+0	3.349729E-5	7.870849E-4	0.000000E+0	0.000000E+0	0.000000E+0
5.430347E+1	-1.266187E+3	2.057000E+0	5.785078E-19	5.234687E+17	7.142953E-7	0.000000E+0	3.380912E-5	7.883228E-4	0.000000E+0	0.000000E+0	0.000000E+0
5.349719E+1	-1.264575E+3	2.120000E+0	-2.375418E+17	1.295985E-19	1.524910E-6	0.000000E+0	3.339375E-5	7.893668E-4	0.000000E+0	0.000000E+0	0.000000E+0
5.420093E+1	-1.262773E+3	2.184000E+0	-5.351627E-18	2.391872E+17	1.797176E-6	0.000000E+0	3.392789E-5	7.904517E-4	0.000000E+0	0.000000E+0	0.000000E+0
5.469592E+1	-1.261191E+3	2.247000E+0	2.587905E+17	2.524315E-18	3.118548E-6	0.000000E+0	3.432236E-5	7.914128E-4	0.000000E+0	0.000000E+0	0.000000E+0
5.552319E+1	-1.259835E+3	2.310000E+0	-3.127958E+17	5.964970E-18	1.886292E-6	0.000000E+0	3.491438E-5	7.922160E-4	0.000000E+0	0.000000E+0	0.000000E+0
5.480640E+1	-1.258474E+3	2.373000E+0	6.653843E-18	-4.395667E+17	-8.781062E-7	0.000000E+0	3.453981E-5	7.931090E-4	0.000000E+0	0.000000E+0	0.000000E+0
5.423120E+1	-1.257033E+3	2.437000E+0	-1.137863E-18	-4.190346E+17	1.437016E-6	0.000000E+0	3.425692E-5	7.940461E-4	0.000000E+0	0.000000E+0	0.000000E+0
5.353394E+1	-1.255618E+3	2.500000E+0	-9.275714E-19	-3.780201E-18	-1.327397E-6	0.000000E+0	3.389420E-5	7.949755E-4	0.000000E+0	0.000000E+0	0.000000E+0
