Real / Ohm	Ximag / Ohm	V_DC / V	I_a c / A	V_ac / V	I_DC / A
5.849334E+1	1.055115E+1	2.500000E+0	-9.275714E-19	-3.780201E-18	1.750017E-2	1.000000E+7	1.655723E-2	-2.986627E-3	0.000000E+0	0.000000E+0	0.000000E+0
2.193326E+1	6.563177E-1	2.437000E+0	-1.137863E-18	-4.190346E+17	1.851366E-2	0.000000E+0	4.555207E-2	-1.363073E-3	0.000000E+0	0.000000E+0	0.000000E+0
6.720242E+1	1.887932E-1	2.373000E+0	6.653843E-18	-4.395667E+17	1.907978E-2	0.000000E+0	1.488030E-2	-4.180354E-5	0.000000E+0	0.000000E+0	0.000000E+0
9.640532E+1	-6.829453E-2	2.310000E+0	-3.127958E+17	5.964970E-18	1.869439E-2	0.000000E+0	1.037287E-2	7.348246E-6	0.000000E+0	0.000000E+0	0.000000E+0
6.244250E+1	-3.894114E+0	2.247000E+0	2.587905E+17	2.524315E-18	1.616959E-2	0.000000E+0	1.595269E-2	9.948608E-4	0.000000E+0	0.000000E+0	0.000000E+0
1.156756E+2	-9.624638E+0	2.184000E+0	-5.351627E-18	2.391872E+17	1.426735E-2	0.000000E+0	8.585430E-3	7.143395E-4	0.000000E+0	0.000000E+0	0.000000E+0
1.099395E+2	-4.484055E+0	2.120000E+0	-2.375418E+17	1.295985E-19	1.490701E-2	0.000000E+0	9.080806E-3	3.703749E-4	0.000000E+0	0.000000E+0	0.000000E+0
9.189331E+1	-2.743614E+0	2.057000E+0	5.785078E-19	5.234687E+17	1.273971E-2	0.000000E+0	1.087249E-2	3.246148E-4	0.000000E+0	0.000000E+0	0.000000E+0
8.751855E+1	-1.065050E+1	1.994000E+0	4.169888E-18	3.559669E+13	1.212296E-2	0.000000E+0	1.125940E-2	1.370204E-3	0.000000E+0	0.000000E+0	0.000000E+0
1.031672E+2	-7.031242E+0	1.930000E+0	-1.980656E+17	1.958093E+16	1.153843E-2	0.000000E+0	9.648188E-3	6.575612E-4	0.000000E+0	0.000000E+0	0.000000E+0
1.272945E+2	-7.491451E+0	1.867000E+0	2.915631E-18	5.325299E+16	1.444415E-2	0.000000E+0	7.828684E-3	4.607285E-4	0.000000E+0	0.000000E+0	0.000000E+0
1.143557E+2	-8.745148E+0	1.804000E+0	2.579781E+17	4.569561E-19	1.109758E-2	0.000000E+0	8.693802E-3	6.648430E-4	0.000000E+0	0.000000E+0	0.000000E+0
1.146181E+2	-1.360935E+1	1.741000E+0	6.309741E-18	-4.155966E-18	1.045121E-2	0.000000E+0	8.603333E-3	1.021529E-3	0.000000E+0	0.000000E+0	0.000000E+0
1.089356E+2	-1.279914E+1	1.677000E+0	-2.680825E+17	-5.492346E+17	1.071601E-2	0.000000E+0	9.054739E-3	1.063866E-3	0.000000E+0	0.000000E+0	0.000000E+0
1.292867E+2	-1.161117E+1	1.614000E+0	1.676929E-18	4.035830E-18	1.097209E-2	0.000000E+0	7.672860E-3	6.890955E-4	0.000000E+0	0.000000E+0	0.000000E+0
1.160058E+2	-1.479210E+1	1.551000E+0	4.020355E+17	1.855177E+17	9.498352E-3	0.000000E+0	8.482342E-3	1.081598E-3	0.000000E+0	0.000000E+0	0.000000E+0
1.302497E+2	-1.588407E+1	1.487000E+0	9.225652E+16	2.295762E-18	8.923516E-3	0.000000E+0	7.565053E-3	9.225652E-4	0.000000E+0	0.000000E+0	0.000000E+0
1.270585E+2	-1.375920E+1	1.424000E+0	6.386846E-18	1.659667E-18	9.598903E-3	0.000000E+0	7.779166E-3	8.424080E-4	0.000000E+0	0.000000E+0	0.000000E+0
1.172336E+2	-1.585743E+1	1.361000E+0	5.364300E+17	-2.871878E+17	8.087369E-3	0.000000E+0	8.376716E-3	1.133064E-3	0.000000E+0	0.000000E+0	0.000000E+0
1.051648E+2	-1.883135E+1	1.297000E+0	4.345814E+17	8.421242E+16	8.882295E-3	0.000000E+0	9.213462E-3	1.649810E-3	0.000000E+0	0.000000E+0	0.000000E+0
1.203827E+2	-1.468327E+1	1.234000E+0	7.433461E+16	-3.376204E+17	7.343695E-3	0.000000E+0	8.185072E-3	9.983462E-4	0.000000E+0	0.000000E+0	0.000000E+0
1.391860E+2	-1.547547E+1	1.171000E+0	-2.820974E+17	-3.562291E+17	8.059429E-3	0.000000E+0	7.096897E-3	7.890723E-4	0.000000E+0	0.000000E+0	0.000000E+0
1.316209E+2	-1.700415E+1	1.108000E+0	3.883248E+17	-5.707470E+17	6.959030E-3	0.000000E+0	7.472855E-3	9.654207E-4	0.000000E+0	0.000000E+0	0.000000E+0
1.206504E+2	-1.807966E+1	1.044000E+0	-5.201041E+17	1.796536E+17	6.312692E-3	0.000000E+0	8.106377E-3	1.214754E-3	0.000000E+0	0.000000E+0	0.000000E+0
1.259858E+2	-1.608123E+1	9.810000E-1	-1.734759E+17	1.089529E+17	6.028939E-3	0.000000E+0	7.810153E-3	9.969129E-4	0.000000E+0	0.000000E+0	0.000000E+0
1.237257E+2	-1.568738E+1	9.180000E-1	2.547933E-18	-3.558762E+16	6.219140E-3	0.000000E+0	7.954517E-3	1.008566E-3	0.000000E+0	0.000000E+0	0.000000E+0
1.155018E+2	-1.972258E+1	8.540000E-1	-6.904569E-18	-4.080324E+17	5.168308E-3	0.000000E+0	8.412584E-3	1.436496E-3	0.000000E+0	0.000000E+0	0.000000E+0
1.357758E+2	-1.740461E+1	7.910000E-1	-4.524503E+17	2.055852E+17	5.352890E-3	0.000000E+0	7.246018E-3	9.288409E-4	0.000000E+0	0.000000E+0	0.000000E+0
1.307954E+2	-1.567889E+1	7.280000E-1	-7.975154E-19	6.323277E-18	4.420518E-3	0.000000E+0	7.537222E-3	9.035124E-4	0.000000E+0	0.000000E+0	0.000000E+0
1.273114E+2	-1.754337E+1	6.650000E-1	3.311088E+17	-3.632303E-18	4.033600E-3	0.000000E+0	7.708385E-3	1.062207E-3	0.000000E+0	0.000000E+0	0.000000E+0
1.216466E+2	-1.874564E+1	6.010000E-1	1.388541E-18	6.784133E-18	3.667139E-3	0.000000E+0	8.029853E-3	1.237394E-3	0.000000E+0	0.000000E+0	0.000000E+0
1.380840E+2	-1.292051E+1	5.380000E-1	4.766215E-20	4.558806E+17	4.162241E-3	0.000000E+0	7.179113E-3	6.717491E-4	0.000000E+0	0.000000E+0	0.000000E+0
1.241524E+2	-1.489354E+1	4.750000E-1	-3.851510E-18	-6.874123E-18	3.707397E-3	0.000000E+0	7.940349E-3	9.525382E-4	0.000000E+0	0.000000E+0	0.000000E+0
1.197320E+2	-1.616291E+1	4.110000E-1	-4.316353E+17	4.857998E-18	2.440528E-3	0.000000E+0	8.202512E-3	1.107277E-3	0.000000E+0	0.000000E+0	0.000000E+0
1.286972E+2	-1.606919E+1	3.480000E-1	4.155990E+17	-2.187937E-18	2.217553E-3	0.000000E+0	7.650898E-3	9.552946E-4	0.000000E+0	0.000000E+0	0.000000E+0
1.282188E+2	-1.366591E+1	2.850000E-1	-3.411601E-18	5.558819E-18	1.915925E-3	0.000000E+0	7.711566E-3	8.219198E-4	0.000000E+0	0.000000E+0	0.000000E+0
1.304318E+2	-1.376395E+1	2.220000E-1	-3.021231E-18	2.162610E+17	1.537179E-3	0.000000E+0	7.582406E-3	8.001412E-4	0.000000E+0	0.000000E+0	0.000000E+0
1.044583E+2	-1.714265E+1	1.580000E-1	-1.067113E+17	-5.230656E+17	9.965601E-4	0.000000E+0	9.322134E-3	1.529855E-3	0.000000E+0	0.000000E+0	0.000000E+0
1.348120E+2	-1.359236E+1	9.500000E-2	-4.715167E+17	-5.481549E+17	7.832884E-4	0.000000E+0	7.343090E-3	7.403638E-4	0.000000E+0	0.000000E+0	0.000000E+0
1.277045E+2	-1.135044E+1	3.200000E-2	-3.096135E+17	4.406614E-18	2.365134E-4	0.000000E+0	7.769203E-3	6.905307E-4	0.000000E+0	0.000000E+0	0.000000E+0
1.110089E+2	-1.383852E+1	-3.200000E-2	-9.427576E-19	-9.426377E-19	-1.708061E-4	0.000000E+0	8.870436E-3	1.105801E-3	0.000000E+0	0.000000E+0	0.000000E+0
1.114826E+2	-1.477739E+1	-9.500000E-2	-4.717429E+17	-4.928282E+17	-6.450585E-4	0.000000E+0	8.815125E-3	1.168474E-3	0.000000E+0	0.000000E+0	0.000000E+0
1.270318E+2	-1.132835E+1	-1.580000E-1	-2.971689E+17	-4.956124E-18	-1.231670E-3	0.000000E+0	7.809935E-3	6.964688E-4	0.000000E+0	0.000000E+0	0.000000E+0
1.005055E+2	-1.184130E+1	-2.220000E-1	-1.478400E+17	2.655554E+17	-1.751349E-3	0.000000E+0	9.813484E-3	1.156199E-3	0.000000E+0	0.000000E+0	0.000000E+0
1.311151E+2	-1.074125E+1	-2.850000E-1	-2.725480E+17	1.903750E-18	-1.814468E-3	0.000000E+0	7.576042E-3	6.206467E-4	0.000000E+0	0.000000E+0	0.000000E+0
1.384734E+2	-1.237896E+1	-3.480000E-1	-1.696221E+17	-6.427781E-19	-2.167678E-3	0.000000E+0	7.164349E-3	6.404637E-4	0.000000E+0	0.000000E+0	0.000000E+0
1.332957E+2	-1.503999E+1	-4.110000E-1	2.945531E-18	-1.599031E-19	-2.962666E-3	0.000000E+0	7.407809E-3	8.358362E-4	0.000000E+0	0.000000E+0	0.000000E+0
1.435519E+2	-1.575993E+1	-4.750000E-1	-4.319920E+17	-4.172230E+17	-3.279587E-3	0.000000E+0	6.883160E-3	7.556718E-4	0.000000E+0	0.000000E+0	0.000000E+0
1.530828E+2	-1.752731E+1	-5.380000E-1	-2.037276E-18	3.318154E+17	-3.635861E-3	0.000000E+0	6.447886E-3	7.382547E-4	0.000000E+0	0.000000E+0	0.000000E+0
1.639824E+2	-1.608103E+1	-6.010000E-1	4.410889E+17	3.940187E-18	-3.829216E-3	0.000000E+0	6.040128E-3	5.923287E-4	0.000000E+0	0.000000E+0	0.000000E+0
1.689588E+2	-1.681654E+1	-6.650000E-1	1.829862E+17	1.849291E+17	-4.043993E-3	0.000000E+0	5.860546E-3	5.833026E-4	0.000000E+0	0.000000E+0	0.000000E+0
1.787808E+2	-1.825678E+1	-7.280000E-1	-4.775830E-18	6.138991E-18	-4.421207E-3	0.000000E+0	5.535715E-3	5.652974E-4	0.000000E+0	0.000000E+0	0.000000E+0
1.886611E+2	-1.672923E+1	-7.910000E-1	-1.774996E-18	1.580559E+17	-4.845919E-3	0.000000E+0	5.259157E-3	4.663476E-4	0.000000E+0	0.000000E+0	0.000000E+0
1.869380E+2	-1.643539E+1	-8.540000E-1	-7.964855E+16	-3.372652E-18	-5.666953E-3	0.000000E+0	5.308335E-3	4.667032E-4	0.000000E+0	0.000000E+0	0.000000E+0
1.366626E+2	-3.173092E+0	-9.180000E-1	2.088264E+17	-2.195880E+17	-5.581934E-3	0.000000E+0	7.313348E-3	1.698045E-4	0.000000E+0	0.000000E+0	0.000000E+0
1.789039E+2	-9.185982E+0	-9.810000E-1	-5.319197E+16	-4.994279E+17	-5.780395E-3	0.000000E+0	5.574895E-3	2.862480E-4	0.000000E+0	0.000000E+0	0.000000E+0
1.351176E+2	-5.958908E+0	-1.044000E+0	-1.183520E-18	-5.342346E-18	-6.518692E-3	0.000000E+0	7.386594E-3	3.257609E-4	0.000000E+0	0.000000E+0	0.000000E+0
1.586598E+2	-4.180290E+0	-1.108000E+0	-5.203440E-18	3.843920E-18	-7.278412E-3	0.000000E+0	6.298421E-3	1.659477E-4	0.000000E+0	0.000000E+0	0.000000E+0
1.420860E+2	-1.225269E+0	-1.171000E+0	2.472319E-19	4.245176E+17	-6.963084E-3	0.000000E+0	7.037468E-3	6.068713E-5	0.000000E+0	0.000000E+0	0.000000E+0
8.323531E+1	-2.346725E-1	-1.234000E+0	1.311717E+15	5.049488E-18	-7.513945E-3	0.000000E+0	1.201404E-2	3.387221E-5	0.000000E+0	0.000000E+0	0.000000E+0
1.113541E+2	2.212791E+0	-1.297000E+0	-1.006173E-18	-5.687810E-18	-9.324763E-3	0.000000E+0	8.976816E-3	-1.783843E-4	0.000000E+0	0.000000E+0	0.000000E+0
1.033213E+2	-3.488914E+0	-1.361000E+0	-6.256276E-18	1.399337E+17	-8.289797E-3	0.000000E+0	9.667523E-3	3.264492E-4	0.000000E+0	0.000000E+0	0.000000E+0
8.107407E+1	-6.259323E+0	-1.424000E+0	2.698511E+17	2.405250E+17	-9.877941E-3	0.000000E+0	1.226131E-2	9.466347E-4	0.000000E+0	0.000000E+0	0.000000E+0
9.382532E+1	-5.465782E+0	-1.487000E+0	-3.654067E-18	-2.240669E+17	-1.144923E-2	0.000000E+0	1.062206E-2	6.187865E-4	0.000000E+0	0.000000E+0	0.000000E+0
8.614928E+1	-1.334541E+0	-1.551000E+0	8.607266E+16	1.699868E-17	-1.577432E-2	0.000000E+0	1.160497E-2	1.797730E-4	0.000000E+0	0.000000E+0	0.000000E+0
6.670099E+1	7.300797E-1	-1.614000E+0	2.127762E-18	3.298054E+15	-1.125930E-2	0.000000E+0	1.499049E-2	-1.640793E-4	0.000000E+0	0.000000E+0	0.000000E+0
7.156985E+1	-5.496216E-1	-1.677000E+0	-4.960950E+17	-5.508904E-18	-1.172129E-2	0.000000E+0	1.397154E-2	1.072946E-4	0.000000E+0	0.000000E+0	0.000000E+0
8.317451E+1	-1.272491E+0	-1.741000E+0	-6.504745E+16	2.369913E+17	-1.507805E-2	0.000000E+0	1.202010E-2	1.838961E-4	0.000000E+0	0.000000E+0	0.000000E+0
8.094960E+1	-3.163986E-1	-1.804000E+0	5.725574E-18	6.181569E-18	-1.532605E-2	0.000000E+0	1.235318E-2	4.828347E-5	0.000000E+0	0.000000E+0	0.000000E+0
6.372369E+1	3.409958E-2	-1.867000E+0	-2.052452E-18	3.493290E-18	-1.758069E-2	0.000000E+0	1.569275E-2	-8.397443E-6	0.000000E+0	0.000000E+0	0.000000E+0
6.310605E+1	-4.065636E+0	-1.930000E+0	2.907620E+17	-1.496570E-18	-1.460397E-2	0.000000E+0	1.578084E-2	1.016688E-3	0.000000E+0	0.000000E+0	0.000000E+0
7.525880E+1	1.379456E+0	-1.994000E+0	-2.651570E-18	4.670974E-18	-2.332997E-2	0.000000E+0	1.328302E-2	-2.434711E-4	0.000000E+0	0.000000E+0	0.000000E+0
6.430899E+1	8.318176E-1	-2.057000E+0	6.288344E-18	-3.928899E-18	-1.580781E-2	0.000000E+0	1.554732E-2	-2.011000E-4	0.000000E+0	0.000000E+0	0.000000E+0
6.600931E+1	-5.616932E-1	-2.120000E+0	8.250878E-19	3.413458E-18	-1.697256E-2	0.000000E+0	1.514828E-2	1.289013E-4	0.000000E+0	0.000000E+0	0.000000E+0
6.021777E+1	-1.633884E+0	-2.184000E+0	4.553607E+17	-2.686618E+17	-1.936303E-2	0.000000E+0	1.659418E-2	4.502485E-4	0.000000E+0	0.000000E+0	0.000000E+0
6.557425E+1	-3.698158E-2	-2.247000E+0	2.517955E+17	3.793714E+16	-2.496086E-2	0.000000E+0	1.524988E-2	8.600400E-6	0.000000E+0	0.000000E+0	0.000000E+0
5.387850E+1	2.572527E+0	-2.310000E+0	-6.194311E-18	5.356395E+17	-2.147292E-2	0.000000E+0	1.851806E-2	-8.841786E-4	0.000000E+0	0.000000E+0	0.000000E+0
3.235098E+1	-3.554089E+0	-2.373000E+0	-5.704680E+17	1.371951E+17	-1.930213E-2	0.000000E+0	3.054234E-2	3.355391E-3	0.000000E+0	0.000000E+0	0.000000E+0
4.580797E+1	1.195354E-1	-2.437000E+0	-1.808722E+17	6.906363E-18	-3.417929E-2	0.000000E+0	2.183011E-2	-5.696544E-5	0.000000E+0	0.000000E+0	0.000000E+0
4.772130E+1	1.941889E+0	-2.500000E+0	-3.567381E+17	-4.283094E-18	-3.371484E-2	0.000000E+0	2.092036E-2	-8.512974E-4	0.000000E+0	0.000000E+0	0.000000E+0
