Real / Ohm	Ximag / Ohm	V_DC / V	I_a c / A	V_ac / V	I_DC / A
1.858145E+1	-5.483154E+2	2.500000E+0	-9.275714E-19	-3.780201E-18	5.312002E-6	1.000000E+7	6.173341E-5	1.821676E-3	0.000000E+0	0.000000E+0	0.000000E+0
2.250537E+1	-5.503241E+2	2.437000E+0	-1.137863E-18	-4.190346E+17	5.012102E-6	0.000000E+0	7.418625E-5	1.814077E-3	0.000000E+0	0.000000E+0	0.000000E+0
2.000769E+1	-5.514275E+2	2.373000E+0	6.653843E-18	-4.395667E+17	4.229121E-6	0.000000E+0	6.571261E-5	1.811091E-3	0.000000E+0	0.000000E+0	0.000000E+0
2.169043E+1	-5.531628E+2	2.310000E+0	-3.127958E+17	5.964970E-18	5.972091E-6	0.000000E+0	7.077746E-5	1.805011E-3	0.000000E+0	0.000000E+0	0.000000E+0
2.120792E+1	-5.548027E+2	2.247000E+0	2.587905E+17	2.524315E-18	5.161433E-6	0.000000E+0	6.879974E-5	1.799813E-3	0.000000E+0	0.000000E+0	0.000000E+0
2.115518E+1	-5.566344E+2	2.184000E+0	-5.351627E-18	2.391872E+17	7.415147E-6	0.000000E+0	6.817887E-5	1.793920E-3	0.000000E+0	0.000000E+0	0.000000E+0
2.113773E+1	-5.584475E+2	2.120000E+0	-2.375418E+17	1.295985E-19	6.632166E-6	0.000000E+0	6.768180E-5	1.788117E-3	0.000000E+0	0.000000E+0	0.000000E+0
2.162802E+1	-5.602860E+2	2.057000E+0	5.785078E-19	5.234687E+17	3.778638E-6	0.000000E+0	6.879400E-5	1.782147E-3	0.000000E+0	0.000000E+0	0.000000E+0
2.348334E+1	-5.626586E+2	1.994000E+0	4.169888E-18	3.559669E+13	5.521601E-6	0.000000E+0	7.404813E-5	1.774186E-3	0.000000E+0	0.000000E+0	0.000000E+0
2.157303E+1	-5.643722E+2	1.930000E+0	-1.980656E+17	1.958093E+16	4.227906E-6	0.000000E+0	6.763100E-5	1.769295E-3	0.000000E+0	0.000000E+0	0.000000E+0
2.178622E+1	-5.663320E+2	1.867000E+0	2.915631E-18	5.325299E+16	6.992312E-6	0.000000E+0	6.782620E-5	1.763140E-3	0.000000E+0	0.000000E+0	0.000000E+0
2.491833E+1	-5.686371E+2	1.804000E+0	2.579781E+17	4.569561E-19	7.203111E-6	0.000000E+0	7.691577E-5	1.755220E-3	0.000000E+0	0.000000E+0	0.000000E+0
2.376129E+1	-5.704507E+2	1.741000E+0	6.309741E-18	-4.155966E-18	5.881746E-6	0.000000E+0	7.289218E-5	1.749964E-3	0.000000E+0	0.000000E+0	0.000000E+0
2.167209E+1	-5.722654E+2	1.677000E+0	-2.680825E+17	-5.492346E+17	5.609501E-6	0.000000E+0	6.608203E-5	1.744938E-3	0.000000E+0	0.000000E+0	0.000000E+0
2.186761E+1	-5.742881E+2	1.614000E+0	1.676929E-18	4.035830E-18	4.288144E-6	0.000000E+0	6.620830E-5	1.738765E-3	0.000000E+0	0.000000E+0	0.000000E+0
2.191724E+1	-5.762811E+2	1.551000E+0	4.020355E+17	1.855177E+17	3.477486E-6	0.000000E+0	6.590060E-5	1.732758E-3	0.000000E+0	0.000000E+0	0.000000E+0
2.179526E+1	-5.784265E+2	1.487000E+0	9.225652E+16	2.295762E-18	5.248126E-6	0.000000E+0	6.505033E-5	1.726377E-3	0.000000E+0	0.000000E+0	0.000000E+0
2.153644E+1	-5.804493E+2	1.424000E+0	6.386846E-18	1.659667E-18	5.458933E-6	0.000000E+0	6.383339E-5	1.720435E-3	0.000000E+0	0.000000E+0	0.000000E+0
2.246725E+1	-5.826617E+2	1.361000E+0	5.364300E+17	-2.871878E+17	5.669739E-6	0.000000E+0	6.608026E-5	1.713714E-3	0.000000E+0	0.000000E+0	0.000000E+0
2.228363E+1	-5.849596E+2	1.297000E+0	4.345814E+17	8.421242E+16	3.865294E-6	0.000000E+0	6.502860E-5	1.707043E-3	0.000000E+0	0.000000E+0	0.000000E+0
2.185855E+1	-5.873011E+2	1.234000E+0	7.433461E+16	-3.376204E+17	6.119015E-6	0.000000E+0	6.328467E-5	1.700349E-3	0.000000E+0	0.000000E+0	0.000000E+0
2.190018E+1	-5.898416E+2	1.171000E+0	-2.820974E+17	-3.562291E+17	3.776193E-6	0.000000E+0	6.286061E-5	1.693036E-3	0.000000E+0	0.000000E+0	0.000000E+0
2.559161E+1	-5.927872E+2	1.108000E+0	3.883248E+17	-5.707470E+17	2.965535E-6	0.000000E+0	7.269278E-5	1.683808E-3	0.000000E+0	0.000000E+0	0.000000E+0
2.282169E+1	-5.951196E+2	1.044000E+0	-5.201041E+17	1.796536E+17	4.736183E-6	0.000000E+0	6.434297E-5	1.677867E-3	0.000000E+0	0.000000E+0	0.000000E+0
2.170569E+1	-5.979600E+2	9.810000E-1	-1.734759E+17	1.089529E+17	4.946982E-6	0.000000E+0	6.062580E-5	1.670152E-3	0.000000E+0	0.000000E+0	0.000000E+0
2.211499E+1	-6.009661E+2	9.180000E-1	2.547933E-18	-3.558762E+16	4.647049E-6	0.000000E+0	6.115037E-5	1.661737E-3	0.000000E+0	0.000000E+0	0.000000E+0
2.190665E+1	-6.045485E+2	8.540000E-1	-6.904569E-18	-4.080324E+17	5.906975E-6	0.000000E+0	5.986098E-5	1.651958E-3	0.000000E+0	0.000000E+0	0.000000E+0
2.206308E+1	-6.082501E+2	7.910000E-1	-4.524503E+17	2.055852E+17	4.585610E-6	0.000000E+0	5.955671E-5	1.641900E-3	0.000000E+0	0.000000E+0	0.000000E+0
2.203168E+1	-6.125303E+2	7.280000E-1	-7.975154E-19	6.323277E-18	3.264246E-6	0.000000E+0	5.864500E-5	1.630463E-3	0.000000E+0	0.000000E+0	0.000000E+0
2.242969E+1	-6.174260E+2	6.650000E-1	3.311088E+17	-3.632303E-18	3.985762E-6	0.000000E+0	5.875985E-5	1.617493E-3	0.000000E+0	0.000000E+0	0.000000E+0
2.247781E+1	-6.232883E+2	6.010000E-1	1.388541E-18	6.784133E-18	3.713521E-6	0.000000E+0	5.778453E-5	1.602310E-3	0.000000E+0	0.000000E+0	0.000000E+0
2.284698E+1	-6.302136E+2	5.380000E-1	4.766215E-20	4.558806E+17	2.902867E-6	0.000000E+0	5.744905E-5	1.584681E-3	0.000000E+0	0.000000E+0	0.000000E+0
2.296613E+1	-6.386648E+2	4.750000E-1	-3.851510E-18	-6.874123E-18	1.581502E-6	0.000000E+0	5.623163E-5	1.563745E-3	0.000000E+0	0.000000E+0	0.000000E+0
2.618707E+1	-6.495577E+2	4.110000E-1	-4.316353E+17	4.857998E-18	3.862857E-6	0.000000E+0	6.196496E-5	1.537011E-3	0.000000E+0	0.000000E+0	0.000000E+0
2.400940E+1	-6.617482E+2	3.480000E-1	4.155990E+17	-2.187937E-18	3.052206E-6	0.000000E+0	5.475508E-5	1.509162E-3	0.000000E+0	0.000000E+0	0.000000E+0
2.414508E+1	-6.758361E+2	2.850000E-1	-3.411601E-18	5.558819E-18	5.305925E-6	0.000000E+0	5.279489E-5	1.477763E-3	0.000000E+0	0.000000E+0	0.000000E+0
2.482336E+1	-6.910043E+2	2.220000E-1	-3.021231E-18	2.162610E+17	6.538157E-6	0.000000E+0	5.192051E-5	1.445304E-3	0.000000E+0	0.000000E+0	0.000000E+0
2.562280E+1	-7.074086E+2	1.580000E-1	-1.067113E+17	-5.230656E+17	4.733743E-6	0.000000E+0	5.113480E-5	1.411758E-3	0.000000E+0	0.000000E+0	0.000000E+0
2.617776E+1	-7.248464E+2	9.500000E-2	-4.715167E+17	-5.481549E+17	3.923091E-6	0.000000E+0	4.975932E-5	1.377806E-3	0.000000E+0	0.000000E+0	0.000000E+0
2.695142E+1	-7.446062E+2	3.200000E-2	-3.096135E+17	4.406614E-18	3.623182E-6	0.000000E+0	4.854670E-5	1.341235E-3	0.000000E+0	0.000000E+0	0.000000E+0
2.806351E+1	-7.674758E+2	-3.200000E-2	-9.427576E-19	-9.426377E-19	2.840196E-6	0.000000E+0	4.758086E-5	1.301233E-3	0.000000E+0	0.000000E+0	0.000000E+0
2.928812E+1	-7.932632E+2	-9.500000E-2	-4.717429E+17	-4.928282E+17	2.540258E-6	0.000000E+0	4.647991E-5	1.258900E-3	0.000000E+0	0.000000E+0	0.000000E+0
2.997977E+1	-8.237146E+2	-1.580000E-1	-2.971689E+17	-4.956124E-18	2.751063E-6	0.000000E+0	4.412654E-5	1.212407E-3	0.000000E+0	0.000000E+0	0.000000E+0
3.219156E+1	-8.608002E+2	-2.220000E-1	-1.478400E+17	2.655554E+17	3.500278E-6	0.000000E+0	4.338408E-5	1.160087E-3	0.000000E+0	0.000000E+0	0.000000E+0
3.617841E+1	-9.053831E+2	-2.850000E-1	-2.725480E+17	1.903750E-18	3.200339E-6	0.000000E+0	4.406480E-5	1.102744E-3	0.000000E+0	0.000000E+0	0.000000E+0
3.947955E+1	-9.621216E+2	-3.480000E-1	-1.696221E+17	-6.427781E-19	6.475486E-6	0.000000E+0	4.257764E-5	1.037623E-3	0.000000E+0	0.000000E+0	0.000000E+0
4.587378E+1	-1.039708E+3	-4.110000E-1	2.945531E-18	-1.599031E-19	3.111236E-6	0.000000E+0	4.235426E-5	9.599398E-4	0.000000E+0	0.000000E+0	0.000000E+0
5.886359E+1	-1.146737E+3	-4.750000E-1	-4.319920E+17	-4.172230E+17	2.853631E-7	0.000000E+0	4.464535E-5	8.697478E-4	0.000000E+0	0.000000E+0	0.000000E+0
8.948749E+1	-1.296850E+3	-5.380000E-1	-2.037276E-18	3.318154E+17	2.539055E-6	0.000000E+0	5.295657E-5	7.674450E-4	0.000000E+0	0.000000E+0	0.000000E+0
1.744386E+2	-1.495375E+3	-6.010000E-1	4.410889E+17	3.940187E-18	3.260571E-6	0.000000E+0	7.696131E-5	6.597509E-4	0.000000E+0	0.000000E+0	0.000000E+0
2.091865E+2	-1.743593E+3	-6.650000E-1	1.829862E+17	1.849291E+17	4.009788E-6	0.000000E+0	6.783234E-5	5.653902E-4	0.000000E+0	0.000000E+0	0.000000E+0
1.863627E+2	-2.221337E+3	-7.280000E-1	-4.775830E-18	6.138991E-18	2.688390E-6	0.000000E+0	3.750455E-5	4.470328E-4	0.000000E+0	0.000000E+0	0.000000E+0
2.200818E+2	-2.944989E+3	-7.910000E-1	-1.774996E-18	1.580559E+17	2.899196E-6	0.000000E+0	2.523470E-5	3.376740E-4	0.000000E+0	0.000000E+0	0.000000E+0
3.363872E+2	-3.962361E+3	-8.540000E-1	-7.964855E+16	-3.372652E-18	5.563743E-7	0.000000E+0	2.127221E-5	2.505689E-4	0.000000E+0	0.000000E+0	0.000000E+0
5.590420E+2	-5.305395E+3	-9.180000E-1	2.088264E+17	-2.195880E+17	3.348472E-6	0.000000E+0	1.964325E-5	1.864175E-4	0.000000E+0	0.000000E+0	0.000000E+0
8.255610E+2	-6.771602E+3	-9.810000E-1	-5.319197E+16	-4.994279E+17	3.048564E-6	0.000000E+0	1.774021E-5	1.455127E-4	0.000000E+0	0.000000E+0	0.000000E+0
9.525962E+2	-8.245215E+3	-1.044000E+0	-1.183520E-18	-5.342346E-18	3.770081E-6	0.000000E+0	1.382758E-5	1.196849E-4	0.000000E+0	0.000000E+0	0.000000E+0
8.963389E+2	-9.377090E+3	-1.108000E+0	-5.203440E-18	3.843920E-18	4.008558E-6	0.000000E+0	1.010150E-5	1.056773E-4	0.000000E+0	0.000000E+0	0.000000E+0
7.865659E+2	-1.015255E+4	-1.171000E+0	2.472319E-19	4.245176E+17	1.665729E-6	0.000000E+0	7.585529E-6	9.790974E-5	0.000000E+0	0.000000E+0	0.000000E+0
6.890786E+2	-1.070731E+4	-1.234000E+0	1.311717E+15	5.049488E-18	-1.664084E-7	0.000000E+0	5.985673E-6	9.300893E-5	0.000000E+0	0.000000E+0	0.000000E+0
6.680508E+2	-1.112879E+4	-1.297000E+0	-1.006173E-18	-5.687810E-18	5.551410E-7	0.000000E+0	5.374665E-6	8.953439E-5	0.000000E+0	0.000000E+0	0.000000E+0
6.618472E+2	-1.154916E+4	-1.361000E+0	-6.256276E-18	1.399337E+17	4.368696E-6	0.000000E+0	4.945760E-6	8.630296E-5	0.000000E+0	0.000000E+0	0.000000E+0
6.494727E+2	-1.193718E+4	-1.424000E+0	2.698511E+17	2.405250E+17	3.558045E-6	0.000000E+0	4.544370E-6	8.352463E-5	0.000000E+0	0.000000E+0	0.000000E+0
6.222622E+2	-1.225015E+4	-1.487000E+0	-3.654067E-18	-2.240669E+17	4.279536E-6	0.000000E+0	4.135914E-6	8.142156E-5	0.000000E+0	0.000000E+0	0.000000E+0
6.503101E+2	-1.256497E+4	-1.551000E+0	8.607266E+16	1.699868E-17	9.429787E-7	0.000000E+0	4.108051E-6	7.937373E-5	0.000000E+0	0.000000E+0	0.000000E+0
6.307393E+2	-1.289865E+4	-1.614000E+0	2.127762E-18	3.298054E+15	3.707377E-6	0.000000E+0	3.782023E-6	7.734255E-5	0.000000E+0	0.000000E+0	0.000000E+0
6.011411E+2	-1.312426E+4	-1.677000E+0	-4.960950E+17	-5.508904E-18	1.875305E-6	0.000000E+0	3.482704E-6	7.603525E-5	0.000000E+0	0.000000E+0	0.000000E+0
6.336821E+2	-1.334044E+4	-1.741000E+0	-6.504745E+16	2.369913E+17	4.156660E-6	0.000000E+0	3.552649E-6	7.479129E-5	0.000000E+0	0.000000E+0	0.000000E+0
6.335127E+2	-1.356804E+4	-1.804000E+0	5.725574E-18	6.181569E-18	3.856723E-6	0.000000E+0	3.433803E-6	7.354228E-5	0.000000E+0	0.000000E+0	0.000000E+0
6.005815E+2	-1.373947E+4	-1.867000E+0	-2.052452E-18	3.493290E-18	3.556837E-6	0.000000E+0	3.175433E-6	7.264421E-5	0.000000E+0	0.000000E+0	0.000000E+0
6.139902E+2	-1.385973E+4	-1.930000E+0	2.907620E+17	-1.496570E-18	1.925582E-7	0.000000E+0	3.190072E-6	7.201016E-5	0.000000E+0	0.000000E+0	0.000000E+0
6.211216E+2	-1.401387E+4	-1.994000E+0	-2.651570E-18	4.670974E-18	2.473920E-6	0.000000E+0	3.156517E-6	7.121797E-5	0.000000E+0	0.000000E+0	0.000000E+0
5.942295E+2	-1.409913E+4	-2.057000E+0	6.288344E-18	-3.928899E-18	2.684683E-6	0.000000E+0	2.984000E-6	7.080060E-5	0.000000E+0	0.000000E+0	0.000000E+0
6.056665E+2	-1.414647E+4	-2.120000E+0	8.250878E-19	3.413458E-18	3.406240E-6	0.000000E+0	3.020940E-6	7.055967E-5	0.000000E+0	0.000000E+0	0.000000E+0
6.172686E+2	-1.425134E+4	-2.184000E+0	4.553607E+17	-2.686618E+17	1.601831E-6	0.000000E+0	3.033534E-6	7.003745E-5	0.000000E+0	0.000000E+0	0.000000E+0
5.915513E+2	-1.428685E+4	-2.247000E+0	2.517955E+17	3.793714E+16	7.911731E-7	0.000000E+0	2.893180E-6	6.987464E-5	0.000000E+0	0.000000E+0	0.000000E+0
6.043862E+2	-1.428864E+4	-2.310000E+0	-6.194311E-18	5.356395E+17	4.912290E-7	0.000000E+0	2.954993E-6	6.986068E-5	0.000000E+0	0.000000E+0	0.000000E+0
6.301646E+2	-1.434367E+4	-2.373000E+0	-5.704680E+17	1.371951E+17	1.723485E-6	0.000000E+0	3.057004E-6	6.958286E-5	0.000000E+0	0.000000E+0	0.000000E+0
6.027666E+2	-1.437793E+4	-2.437000E+0	-1.808722E+17	6.906363E-18	1.961933E-6	0.000000E+0	2.910676E-6	6.942902E-5	0.000000E+0	0.000000E+0	0.000000E+0
5.845991E+2	-1.434823E+4	-2.500000E+0	-3.567381E+17	-4.283094E-18	2.172776E-6	0.000000E+0	2.834922E-6	6.957950E-5	0.000000E+0	0.000000E+0	0.000000E+0
