Real / Ohm	Ximag / Ohm	V_DC / V	I_a c / A	V_ac / V	I_DC / A
5.350725E+1	-2.376755E+0	2.500000E+0	-9.275714E-19	-3.780201E-18	2.563550E-2	1.000000E+7	1.865225E-2	8.285202E-4	0.000000E+0	0.000000E+0	0.000000E+0
5.732413E+1	-3.777489E+0	2.437000E+0	-1.137863E-18	-4.190346E+17	2.076749E-2	0.000000E+0	1.736924E-2	1.144581E-3	0.000000E+0	0.000000E+0	0.000000E+0
5.764377E+1	-4.647650E+0	2.373000E+0	6.653843E-18	-4.395667E+17	2.446945E-2	0.000000E+0	1.723588E-2	1.389679E-3	0.000000E+0	0.000000E+0	0.000000E+0
5.962684E+1	-3.405355E+0	2.310000E+0	-3.127958E+17	5.964970E-18	1.865098E-2	0.000000E+0	1.671645E-2	9.546949E-4	0.000000E+0	0.000000E+0	0.000000E+0
5.266790E+1	-2.800482E+0	2.247000E+0	2.587905E+17	2.524315E-18	1.800819E-2	0.000000E+0	1.893337E-2	1.006734E-3	0.000000E+0	0.000000E+0	0.000000E+0
5.778944E+1	-4.532858E+0	2.184000E+0	-5.351627E-18	2.391872E+17	2.085212E-2	0.000000E+0	1.719839E-2	1.348998E-3	0.000000E+0	0.000000E+0	0.000000E+0
6.306721E+1	-4.718050E+0	2.120000E+0	-2.375418E+17	1.295985E-19	1.904847E-2	0.000000E+0	1.576786E-2	1.179591E-3	0.000000E+0	0.000000E+0	0.000000E+0
6.458762E+1	-4.977705E+0	2.057000E+0	5.785078E-19	5.234687E+17	1.818403E-2	0.000000E+0	1.539142E-2	1.186202E-3	0.000000E+0	0.000000E+0	0.000000E+0
6.496744E+1	-5.352947E+0	1.994000E+0	4.169888E-18	3.559669E+13	1.482265E-2	0.000000E+0	1.528853E-2	1.259688E-3	0.000000E+0	0.000000E+0	0.000000E+0
6.643987E+1	-5.801666E+0	1.930000E+0	-1.980656E+17	1.958093E+16	1.408847E-2	0.000000E+0	1.493730E-2	1.304356E-3	0.000000E+0	0.000000E+0	0.000000E+0
6.730063E+1	-5.746655E+0	1.867000E+0	2.915631E-18	5.325299E+16	1.318623E-2	0.000000E+0	1.475115E-2	1.259569E-3	0.000000E+0	0.000000E+0	0.000000E+0
6.445020E+1	-4.472586E+0	1.804000E+0	2.579781E+17	4.569561E-19	1.306029E-2	0.000000E+0	1.544149E-2	1.071578E-3	0.000000E+0	0.000000E+0	0.000000E+0
7.368311E+1	-3.266293E+0	1.741000E+0	6.309741E-18	-4.155966E-18	1.281485E-2	0.000000E+0	1.354501E-2	6.004359E-4	0.000000E+0	0.000000E+0	0.000000E+0
7.366853E+1	-5.636700E+0	1.677000E+0	-2.680825E+17	-5.492346E+17	1.226657E-2	0.000000E+0	1.349531E-2	1.032585E-3	0.000000E+0	0.000000E+0	0.000000E+0
7.829237E+1	-5.296860E+0	1.614000E+0	1.676929E-18	4.035830E-18	1.281478E-2	0.000000E+0	1.271444E-2	8.601938E-4	0.000000E+0	0.000000E+0	0.000000E+0
7.122781E+1	-6.075729E+0	1.551000E+0	4.020355E+17	1.855177E+17	1.064493E-2	0.000000E+0	1.393805E-2	1.188915E-3	0.000000E+0	0.000000E+0	0.000000E+0
7.571873E+1	-6.453232E+0	1.487000E+0	9.225652E+16	2.295762E-18	1.001493E-2	0.000000E+0	1.311154E-2	1.117449E-3	0.000000E+0	0.000000E+0	0.000000E+0
9.856696E+1	-7.338814E+0	1.424000E+0	6.386846E-18	1.659667E-18	9.914532E-3	0.000000E+0	1.008946E-2	7.512116E-4	0.000000E+0	0.000000E+0	0.000000E+0
1.021945E+2	-9.670101E+0	1.361000E+0	5.364300E+17	-2.871878E+17	1.051331E-2	0.000000E+0	9.698425E-3	9.177084E-4	0.000000E+0	0.000000E+0	0.000000E+0
1.062835E+2	-1.141941E+1	1.297000E+0	4.345814E+17	8.421242E+16	8.478822E-3	0.000000E+0	9.301423E-3	9.993721E-4	0.000000E+0	0.000000E+0	0.000000E+0
1.162438E+2	-1.220586E+1	1.234000E+0	7.433461E+16	-3.376204E+17	8.022958E-3	0.000000E+0	8.508796E-3	8.934427E-4	0.000000E+0	0.000000E+0	0.000000E+0
1.233518E+2	-1.456440E+1	1.171000E+0	-2.820974E+17	-3.562291E+17	7.520106E-3	0.000000E+0	7.995430E-3	9.440368E-4	0.000000E+0	0.000000E+0	0.000000E+0
1.268188E+2	-1.605325E+1	1.108000E+0	3.883248E+17	-5.707470E+17	7.233289E-3	0.000000E+0	7.760909E-3	9.824081E-4	0.000000E+0	0.000000E+0	0.000000E+0
1.297821E+2	-1.673151E+1	1.044000E+0	-5.201041E+17	1.796536E+17	6.858656E-3	0.000000E+0	7.579253E-3	9.771174E-4	0.000000E+0	0.000000E+0	0.000000E+0
1.342988E+2	-1.803969E+1	9.810000E-1	-1.734759E+17	1.089529E+17	6.688285E-3	0.000000E+0	7.314113E-3	9.824684E-4	0.000000E+0	0.000000E+0	0.000000E+0
1.302612E+2	-1.813008E+1	9.180000E-1	2.547933E-18	-3.558762E+16	6.243655E-3	0.000000E+0	7.530994E-3	1.048183E-3	0.000000E+0	0.000000E+0	0.000000E+0
1.287653E+2	-2.013060E+1	8.540000E-1	-6.904569E-18	-4.080324E+17	5.770451E-3	0.000000E+0	7.580787E-3	1.185147E-3	0.000000E+0	0.000000E+0	0.000000E+0
1.352799E+2	-1.981935E+1	7.910000E-1	-4.524503E+17	2.055852E+17	5.827864E-3	0.000000E+0	7.236751E-3	1.060229E-3	0.000000E+0	0.000000E+0	0.000000E+0
1.410351E+2	-1.921237E+1	7.280000E-1	-7.975154E-19	6.323277E-18	5.437370E-3	0.000000E+0	6.961254E-3	9.482900E-4	0.000000E+0	0.000000E+0	0.000000E+0
1.395300E+2	-1.892626E+1	6.650000E-1	3.311088E+17	-3.632303E-18	4.822670E-3	0.000000E+0	7.037436E-3	9.545785E-4	0.000000E+0	0.000000E+0	0.000000E+0
1.267830E+2	-1.913725E+1	6.010000E-1	1.388541E-18	6.784133E-18	4.325973E-3	0.000000E+0	7.711785E-3	1.164055E-3	0.000000E+0	0.000000E+0	0.000000E+0
1.305381E+2	-1.612136E+1	5.380000E-1	4.766215E-20	4.558806E+17	4.070821E-3	0.000000E+0	7.545514E-3	9.318655E-4	0.000000E+0	0.000000E+0	0.000000E+0
1.275076E+2	-1.517776E+1	4.750000E-1	-3.851510E-18	-6.874123E-18	3.571544E-3	0.000000E+0	7.733098E-3	9.205029E-4	0.000000E+0	0.000000E+0	0.000000E+0
1.208329E+2	-1.388323E+1	4.110000E-1	-4.316353E+17	4.857998E-18	3.180057E-3	0.000000E+0	8.168064E-3	9.384788E-4	0.000000E+0	0.000000E+0	0.000000E+0
1.127359E+2	-1.173053E+1	3.480000E-1	4.155990E+17	-2.187937E-18	2.743088E-3	0.000000E+0	8.775278E-3	9.130957E-4	0.000000E+0	0.000000E+0	0.000000E+0
1.058783E+2	-1.051699E+1	2.850000E-1	-3.411601E-18	5.558819E-18	2.322973E-3	0.000000E+0	9.352528E-3	9.289953E-4	0.000000E+0	0.000000E+0	0.000000E+0
1.002767E+2	-9.481396E+0	2.220000E-1	-3.021231E-18	2.162610E+17	1.854338E-3	0.000000E+0	9.884042E-3	9.345592E-4	0.000000E+0	0.000000E+0	0.000000E+0
8.763800E+1	-1.004472E+1	1.580000E-1	-1.067113E+17	-5.230656E+17	1.356621E-3	0.000000E+0	1.126262E-2	1.290877E-3	0.000000E+0	0.000000E+0	0.000000E+0
9.374895E+1	-8.130112E+0	9.500000E-2	-4.715167E+17	-5.481549E+17	8.261892E-4	0.000000E+0	1.058716E-2	9.181417E-4	0.000000E+0	0.000000E+0	0.000000E+0
9.060989E+1	-7.980316E+0	3.200000E-2	-3.096135E+17	4.406614E-18	3.156757E-4	0.000000E+0	1.095137E-2	9.645241E-4	0.000000E+0	0.000000E+0	0.000000E+0
8.556863E+1	-7.554260E+0	-3.200000E-2	-9.427576E-19	-9.426377E-19	-2.428183E-4	0.000000E+0	1.159615E-2	1.023743E-3	0.000000E+0	0.000000E+0	0.000000E+0
8.138930E+1	-7.317825E+0	-9.500000E-2	-4.717429E+17	-4.928282E+17	-8.033831E-4	0.000000E+0	1.218810E-2	1.095849E-3	0.000000E+0	0.000000E+0	0.000000E+0
8.078531E+1	-7.236450E+0	-1.580000E-1	-2.971689E+17	-4.956124E-18	-1.387952E-3	0.000000E+0	1.227995E-2	1.099993E-3	0.000000E+0	0.000000E+0	0.000000E+0
9.038217E+1	-7.891994E+0	-2.220000E-1	-1.478400E+17	2.655554E+17	-1.976068E-3	0.000000E+0	1.098041E-2	9.587879E-4	0.000000E+0	0.000000E+0	0.000000E+0
1.207278E+2	-1.168430E+1	-2.850000E-1	-2.725480E+17	1.903750E-18	-2.445213E-3	0.000000E+0	8.206230E-3	7.942169E-4	0.000000E+0	0.000000E+0	0.000000E+0
1.771692E+2	-2.342494E+1	-3.480000E-1	-1.696221E+17	-6.427781E-19	-2.845410E-3	0.000000E+0	5.547346E-3	7.334584E-4	0.000000E+0	0.000000E+0	0.000000E+0
2.377899E+2	-4.107114E+1	-4.110000E-1	2.945531E-18	-1.599031E-19	-3.137844E-3	0.000000E+0	4.083571E-3	7.053155E-4	0.000000E+0	0.000000E+0	0.000000E+0
2.842777E+2	-5.824019E+1	-4.750000E-1	-4.319920E+17	-4.172230E+17	-3.464980E-3	0.000000E+0	3.375990E-3	6.916416E-4	0.000000E+0	0.000000E+0	0.000000E+0
3.294808E+2	-7.372940E+1	-5.380000E-1	-2.037276E-18	3.318154E+17	-3.637904E-3	0.000000E+0	2.890344E-3	6.467853E-4	0.000000E+0	0.000000E+0	0.000000E+0
3.458204E+2	-7.678362E+1	-6.010000E-1	4.410889E+17	3.940187E-18	-3.909911E-3	0.000000E+0	2.755816E-3	6.118827E-4	0.000000E+0	0.000000E+0	0.000000E+0
3.465641E+2	-7.162740E+1	-6.650000E-1	1.829862E+17	1.849291E+17	-4.220193E-3	0.000000E+0	2.767263E-3	5.719341E-4	0.000000E+0	0.000000E+0	0.000000E+0
3.357205E+2	-6.063864E+1	-7.280000E-1	-4.775830E-18	6.138991E-18	-4.696998E-3	0.000000E+0	2.884561E-3	5.210163E-4	0.000000E+0	0.000000E+0	0.000000E+0
3.095353E+2	-4.251694E+1	-7.910000E-1	-1.774996E-18	1.580559E+17	-4.743264E-3	0.000000E+0	3.170825E-3	4.355361E-4	0.000000E+0	0.000000E+0	0.000000E+0
2.569361E+2	-2.249313E+1	-8.540000E-1	-7.964855E+16	-3.372652E-18	-5.029058E-3	0.000000E+0	3.862417E-3	3.381302E-4	0.000000E+0	0.000000E+0	0.000000E+0
2.031628E+2	-9.265167E+0	-9.180000E-1	2.088264E+17	-2.195880E+17	-5.378666E-3	0.000000E+0	4.911945E-3	2.240075E-4	0.000000E+0	0.000000E+0	0.000000E+0
1.553208E+2	-3.520988E+0	-9.810000E-1	-5.319197E+16	-4.994279E+17	-5.837596E-3	0.000000E+0	6.434981E-3	1.458754E-4	0.000000E+0	0.000000E+0	0.000000E+0
1.152139E+2	2.225647E+0	-1.044000E+0	-1.183520E-18	-5.342346E-18	-6.214300E-3	0.000000E+0	8.676271E-3	-1.676040E-4	0.000000E+0	0.000000E+0	0.000000E+0
9.474890E+1	-2.269783E-1	-1.108000E+0	-5.203440E-18	3.843920E-18	-7.108851E-3	0.000000E+0	1.055415E-2	2.528328E-5	0.000000E+0	0.000000E+0	0.000000E+0
7.250473E+1	-7.826996E-1	-1.171000E+0	2.472319E-19	4.245176E+17	-7.393113E-3	0.000000E+0	1.379060E-2	1.488716E-4	0.000000E+0	0.000000E+0	0.000000E+0
5.452955E+1	-3.639631E+0	-1.234000E+0	1.311717E+15	5.049488E-18	-8.059911E-3	0.000000E+0	1.825734E-2	1.218605E-3	0.000000E+0	0.000000E+0	0.000000E+0
5.877525E+1	-3.762220E+0	-1.297000E+0	-1.006173E-18	-5.687810E-18	-1.044529E-2	0.000000E+0	1.694454E-2	1.084625E-3	0.000000E+0	0.000000E+0	0.000000E+0
6.518365E+1	-1.791265E+0	-1.361000E+0	-6.256276E-18	1.399337E+17	-1.205894E-2	0.000000E+0	1.532969E-2	4.212643E-4	0.000000E+0	0.000000E+0	0.000000E+0
5.988579E+1	-2.136732E+0	-1.424000E+0	2.698511E+17	2.405250E+17	-1.014658E-2	0.000000E+0	1.667722E-2	5.950452E-4	0.000000E+0	0.000000E+0	0.000000E+0
5.708408E+1	-4.054880E+0	-1.487000E+0	-3.654067E-18	-2.240669E+17	-1.070510E-2	0.000000E+0	1.743007E-2	1.238118E-3	0.000000E+0	0.000000E+0	0.000000E+0
5.543695E+1	-3.937845E+0	-1.551000E+0	8.607266E+16	1.699868E-17	-1.347197E-2	0.000000E+0	1.794795E-2	1.274894E-3	0.000000E+0	0.000000E+0	0.000000E+0
6.220445E+1	-4.315338E+0	-1.614000E+0	2.127762E-18	3.298054E+15	-1.266481E-2	0.000000E+0	1.599902E-2	1.109908E-3	0.000000E+0	0.000000E+0	0.000000E+0
5.825943E+1	-4.426233E+0	-1.677000E+0	-4.960950E+17	-5.508904E-18	-1.370393E-2	0.000000E+0	1.706610E-2	1.296589E-3	0.000000E+0	0.000000E+0	0.000000E+0
6.215657E+1	-2.237284E+0	-1.741000E+0	-6.504745E+16	2.369913E+17	-1.822513E-2	0.000000E+0	1.606759E-2	5.783420E-4	0.000000E+0	0.000000E+0	0.000000E+0
5.822212E+1	-2.223955E+0	-1.804000E+0	5.725574E-18	6.181569E-18	-1.777701E-2	0.000000E+0	1.715058E-2	6.551138E-4	0.000000E+0	0.000000E+0	0.000000E+0
4.734831E+1	-3.518295E+0	-1.867000E+0	-2.052452E-18	3.493290E-18	-1.715730E-2	0.000000E+0	2.100410E-2	1.560745E-3	0.000000E+0	0.000000E+0	0.000000E+0
4.048313E+1	-5.143196E+0	-1.930000E+0	2.907620E+17	-1.496570E-18	-1.920611E-2	0.000000E+0	2.430928E-2	3.088383E-3	0.000000E+0	0.000000E+0	0.000000E+0
5.625763E+1	-4.943962E+0	-1.994000E+0	-2.651570E-18	4.670974E-18	-1.798371E-2	0.000000E+0	1.763914E-2	1.550141E-3	0.000000E+0	0.000000E+0	0.000000E+0
5.418565E+1	-4.071014E+0	-2.057000E+0	6.288344E-18	-3.928899E-18	-2.434764E-2	0.000000E+0	1.835148E-2	1.378763E-3	0.000000E+0	0.000000E+0	0.000000E+0
5.406071E+1	-5.545887E+0	-2.120000E+0	8.250878E-19	3.413458E-18	-1.928768E-2	0.000000E+0	1.830508E-2	1.877850E-3	0.000000E+0	0.000000E+0	0.000000E+0
5.440702E+1	-6.571415E+0	-2.184000E+0	4.553607E+17	-2.686618E+17	-2.062247E-2	0.000000E+0	1.811570E-2	2.188059E-3	0.000000E+0	0.000000E+0	0.000000E+0
5.664153E+1	-5.634604E+0	-2.247000E+0	2.517955E+17	3.793714E+16	-2.095832E-2	0.000000E+0	1.748189E-2	1.739069E-3	0.000000E+0	0.000000E+0	0.000000E+0
5.675127E+1	-7.256737E+0	-2.310000E+0	-6.194311E-18	5.356395E+17	-2.158732E-2	0.000000E+0	1.733728E-2	2.216903E-3	0.000000E+0	0.000000E+0	0.000000E+0
3.879411E+1	-7.664835E+0	-2.373000E+0	-5.704680E+17	1.371951E+17	-2.302378E-2	0.000000E+0	2.480866E-2	4.901627E-3	0.000000E+0	0.000000E+0	0.000000E+0
5.173416E+1	-6.558990E+0	-2.437000E+0	-1.808722E+17	6.906363E-18	-2.967266E-2	0.000000E+0	1.902380E-2	2.411887E-3	0.000000E+0	0.000000E+0	0.000000E+0
4.472873E+1	-5.439680E+0	-2.500000E+0	-3.567381E+17	-4.283094E-18	-2.483027E-2	0.000000E+0	2.203115E-2	2.679316E-3	0.000000E+0	0.000000E+0	0.000000E+0
