Real / Ohm	Ximag / Ohm	V_DC / V	I_a c / A	V_ac / V	I_DC / A
8.256171E+1	-9.235978E+2	2.500000E+0	-9.275714E-19	-3.780201E-18	-3.059686E-7	5.623413E+6	9.601881E-5	1.074139E-3	0.000000E+0	0.000000E+0	0.000000E+0
6.525861E+1	-9.282407E+2	2.437000E+0	-1.137863E-18	-4.190346E+17	2.458473E-6	0.000000E+0	7.536598E-5	1.072008E-3	0.000000E+0	0.000000E+0	0.000000E+0
6.957831E+1	-9.336813E+2	2.373000E+0	6.653843E-18	-4.395667E+17	6.540649E-7	0.000000E+0	7.937276E-5	1.065114E-3	0.000000E+0	0.000000E+0	0.000000E+0
6.156689E+1	-9.373845E+2	2.310000E+0	-3.127958E+17	5.964970E-18	8.648640E-7	0.000000E+0	6.976575E-5	1.062216E-3	0.000000E+0	0.000000E+0	0.000000E+0
8.455511E+1	-9.429420E+2	2.247000E+0	2.587905E+17	2.524315E-18	5.420588E-8	0.000000E+0	9.433909E-5	1.052051E-3	0.000000E+0	0.000000E+0	0.000000E+0
5.107904E+1	-9.470984E+2	2.184000E+0	-5.351627E-18	2.391872E+17	-2.457382E-7	0.000000E+0	5.677944E-5	1.052794E-3	0.000000E+0	0.000000E+0	0.000000E+0
5.987408E+1	-9.534307E+2	2.120000E+0	-2.375418E+17	1.295985E-19	5.034817E-7	0.000000E+0	6.560716E-5	1.044724E-3	0.000000E+0	0.000000E+0	0.000000E+0
6.046198E+1	-9.589912E+2	2.057000E+0	5.785078E-19	5.234687E+17	7.142953E-7	0.000000E+0	6.548325E-5	1.038634E-3	0.000000E+0	0.000000E+0	0.000000E+0
7.015466E+1	-9.651202E+2	1.994000E+0	4.169888E-18	3.559669E+13	-6.070841E-7	0.000000E+0	7.492125E-5	1.030694E-3	0.000000E+0	0.000000E+0	0.000000E+0
7.922296E+1	-9.704122E+2	1.930000E+0	-1.980656E+17	1.958093E+16	1.163564E-6	0.000000E+0	8.357063E-5	1.023667E-3	0.000000E+0	0.000000E+0	0.000000E+0
8.509222E+1	-9.763429E+2	1.867000E+0	2.915631E-18	5.325299E+16	2.395798E-6	0.000000E+0	8.859287E-5	1.016509E-3	0.000000E+0	0.000000E+0	0.000000E+0
8.834949E+1	-9.827610E+2	1.804000E+0	2.579781E+17	4.569561E-19	5.637121E-7	0.000000E+0	9.074285E-5	1.009384E-3	0.000000E+0	0.000000E+0	0.000000E+0
6.924249E+1	-9.884705E+2	1.741000E+0	6.309741E-18	-4.155966E-18	2.637753E-7	0.000000E+0	7.052115E-5	1.006724E-3	0.000000E+0	0.000000E+0	0.000000E+0
7.867438E+1	-9.953519E+2	1.677000E+0	-2.680825E+17	-5.492346E+17	1.523702E-6	0.000000E+0	7.891784E-5	9.984320E-4	0.000000E+0	0.000000E+0	0.000000E+0
6.079425E+1	-1.001221E+3	1.614000E+0	1.676929E-18	4.035830E-18	3.777401E-6	0.000000E+0	6.042329E-5	9.951116E-4	0.000000E+0	0.000000E+0	0.000000E+0
8.150189E+1	-1.008550E+3	1.551000E+0	4.020355E+17	1.855177E+17	1.945315E-6	0.000000E+0	7.960602E-5	9.850894E-4	0.000000E+0	0.000000E+0	0.000000E+0
5.345367E+1	-1.015809E+3	1.487000E+0	9.225652E+16	2.295762E-18	6.516129E-7	0.000000E+0	5.165977E-5	9.817186E-4	0.000000E+0	0.000000E+0	0.000000E+0
5.991309E+1	-1.023552E+3	1.424000E+0	6.386846E-18	1.659667E-18	2.905304E-6	0.000000E+0	5.699233E-5	9.736539E-4	0.000000E+0	0.000000E+0	0.000000E+0
6.149554E+1	-1.031350E+3	1.361000E+0	5.364300E+17	-2.871878E+17	2.605397E-6	0.000000E+0	5.760898E-5	9.661679E-4	0.000000E+0	0.000000E+0	0.000000E+0
4.195898E+1	-1.039104E+3	1.297000E+0	4.345814E+17	8.421242E+16	2.902379E-7	0.000000E+0	3.879711E-5	9.608010E-4	0.000000E+0	0.000000E+0	0.000000E+0
8.113879E+1	-1.048667E+3	1.234000E+0	7.433461E+16	-3.376204E+17	2.033215E-6	0.000000E+0	7.334341E-5	9.479167E-4	0.000000E+0	0.000000E+0	0.000000E+0
8.409021E+1	-1.057943E+3	1.171000E+0	-2.820974E+17	-3.562291E+17	1.222565E-6	0.000000E+0	7.465961E-5	9.392962E-4	0.000000E+0	0.000000E+0	0.000000E+0
8.636469E+1	-1.067994E+3	1.108000E+0	3.883248E+17	-5.707470E+17	9.226496E-7	0.000000E+0	7.522598E-5	9.302516E-4	0.000000E+0	0.000000E+0	0.000000E+0
7.403754E+1	-1.078671E+3	1.044000E+0	-5.201041E+17	1.796536E+17	-1.903245E-6	0.000000E+0	6.333339E-5	9.227197E-4	0.000000E+0	0.000000E+0	0.000000E+0
7.838037E+1	-1.090221E+3	9.810000E-1	-1.734759E+17	1.089529E+17	2.393357E-6	0.000000E+0	6.560535E-5	9.125286E-4	0.000000E+0	0.000000E+0	0.000000E+0
8.131152E+1	-1.103029E+3	9.180000E-1	2.547933E-18	-3.558762E+16	2.093449E-6	0.000000E+0	6.646983E-5	9.016945E-4	0.000000E+0	0.000000E+0	0.000000E+0
7.545264E+1	-1.116736E+3	8.540000E-1	-6.904569E-18	-4.080324E+17	1.821176E-6	0.000000E+0	6.022757E-5	8.913975E-4	0.000000E+0	0.000000E+0	0.000000E+0
8.302563E+1	-1.131626E+3	7.910000E-1	-4.524503E+17	2.055852E+17	4.585610E-6	0.000000E+0	6.448740E-5	8.789528E-4	0.000000E+0	0.000000E+0	0.000000E+0
8.167493E+1	-1.148710E+3	7.280000E-1	-7.975154E-19	6.323277E-18	1.732074E-6	0.000000E+0	6.158543E-5	8.661629E-4	0.000000E+0	0.000000E+0	0.000000E+0
7.934399E+1	-1.168142E+3	6.650000E-1	3.311088E+17	-3.632303E-18	3.475048E-6	0.000000E+0	5.787936E-5	8.521290E-4	0.000000E+0	0.000000E+0	0.000000E+0
5.848035E+1	-1.191272E+3	6.010000E-1	1.388541E-18	6.784133E-18	2.181350E-6	0.000000E+0	4.110955E-5	8.374208E-4	0.000000E+0	0.000000E+0	0.000000E+0
7.959875E+1	-1.218414E+3	5.380000E-1	4.766215E-20	4.558806E+17	3.924324E-6	0.000000E+0	5.339085E-5	8.172511E-4	0.000000E+0	0.000000E+0	0.000000E+0
8.509119E+1	-1.250580E+3	4.750000E-1	-3.851510E-18	-6.874123E-18	2.602959E-6	0.000000E+0	5.415713E-5	7.959440E-4	0.000000E+0	0.000000E+0	0.000000E+0
8.768005E+1	-1.288952E+3	4.110000E-1	-4.316353E+17	4.857998E-18	2.841400E-6	0.000000E+0	5.253180E-5	7.722506E-4	0.000000E+0	0.000000E+0	0.000000E+0
6.704724E+1	-1.330235E+3	3.480000E-1	4.155990E+17	-2.187937E-18	1.009321E-6	0.000000E+0	3.779395E-5	7.498420E-4	0.000000E+0	0.000000E+0	0.000000E+0
8.408337E+1	-1.375361E+3	2.850000E-1	-3.411601E-18	5.558819E-18	1.220125E-6	0.000000E+0	4.428499E-5	7.243745E-4	0.000000E+0	0.000000E+0	0.000000E+0
8.982849E+1	-1.420835E+3	2.220000E-1	-3.021231E-18	2.162610E+17	2.963101E-6	0.000000E+0	4.431945E-5	7.010095E-4	0.000000E+0	0.000000E+0	0.000000E+0
9.143140E+1	-1.468705E+3	1.580000E-1	-1.067113E+17	-5.230656E+17	6.479440E-7	0.000000E+0	4.222274E-5	6.782434E-4	0.000000E+0	0.000000E+0	0.000000E+0
9.385168E+1	-1.517651E+3	9.500000E-2	-4.715167E+17	-5.481549E+17	1.880206E-6	0.000000E+0	4.059201E-5	6.564028E-4	0.000000E+0	0.000000E+0	0.000000E+0
9.451453E+1	-1.572569E+3	3.200000E-2	-3.096135E+17	4.406614E-18	5.588402E-7	0.000000E+0	3.808143E-5	6.336134E-4	0.000000E+0	0.000000E+0	0.000000E+0
9.873718E+1	-1.638680E+3	-3.200000E-2	-9.427576E-19	-9.426377E-19	1.818739E-6	0.000000E+0	3.663688E-5	6.080397E-4	0.000000E+0	0.000000E+0	0.000000E+0
7.582935E+1	-1.716083E+3	-9.500000E-2	-4.717429E+17	-4.928282E+17	2.540258E-6	0.000000E+0	2.569885E-5	5.815868E-4	0.000000E+0	0.000000E+0	0.000000E+0
1.005969E+2	-1.814578E+3	-1.580000E-1	-2.971689E+17	-4.956124E-18	2.751063E-6	0.000000E+0	3.045795E-5	5.494038E-4	0.000000E+0	0.000000E+0	0.000000E+0
1.091989E+2	-1.945201E+3	-2.220000E-1	-1.478400E+17	2.655554E+17	2.478821E-6	0.000000E+0	2.876887E-5	5.124707E-4	0.000000E+0	0.000000E+0	0.000000E+0
1.202311E+2	-2.125014E+3	-2.850000E-1	-2.725480E+17	1.903750E-18	1.668168E-6	0.000000E+0	2.654026E-5	4.690835E-4	0.000000E+0	0.000000E+0	0.000000E+0
1.117100E+2	-2.396591E+3	-3.480000E-1	-1.696221E+17	-6.427781E-19	2.900430E-6	0.000000E+0	1.940714E-5	4.163547E-4	0.000000E+0	0.000000E+0	0.000000E+0
1.444028E+2	-2.845630E+3	-4.110000E-1	2.945531E-18	-1.599031E-19	2.089779E-6	0.000000E+0	1.778696E-5	3.505134E-4	0.000000E+0	0.000000E+0	0.000000E+0
1.860266E+2	-3.633553E+3	-4.750000E-1	-4.319920E+17	-4.172230E+17	3.860419E-6	0.000000E+0	1.405320E-5	2.744932E-4	0.000000E+0	0.000000E+0	0.000000E+0
2.540068E+2	-4.962504E+3	-5.380000E-1	-2.037276E-18	3.318154E+17	3.049769E-6	0.000000E+0	1.028744E-5	2.009846E-4	0.000000E+0	0.000000E+0	0.000000E+0
4.408877E+2	-6.983236E+3	-6.010000E-1	4.410889E+17	3.940187E-18	1.728400E-6	0.000000E+0	9.005065E-6	1.426316E-4	0.000000E+0	0.000000E+0	0.000000E+0
8.961523E+2	-9.604738E+3	-6.650000E-1	1.829862E+17	1.849291E+17	4.009788E-6	0.000000E+0	9.630446E-6	1.032167E-4	0.000000E+0	0.000000E+0	0.000000E+0
1.512075E+3	-1.214173E+4	-7.280000E-1	-4.775830E-18	6.138991E-18	3.199133E-6	0.000000E+0	1.010016E-5	8.110276E-5	0.000000E+0	0.000000E+0	0.000000E+0
1.863423E+3	-1.437095E+4	-7.910000E-1	-1.774996E-18	1.580559E+17	1.367025E-6	0.000000E+0	8.873589E-6	6.843422E-5	0.000000E+0	0.000000E+0	0.000000E+0
1.801736E+3	-1.615645E+4	-8.540000E-1	-7.964855E+16	-3.372652E-18	4.131460E-6	0.000000E+0	6.817601E-6	6.113450E-5	0.000000E+0	0.000000E+0	0.000000E+0
1.652683E+3	-1.740238E+4	-9.180000E-1	2.088264E+17	-2.195880E+17	4.369929E-6	0.000000E+0	5.408451E-6	5.694977E-5	0.000000E+0	0.000000E+0	0.000000E+0
1.617554E+3	-1.837847E+4	-9.810000E-1	-5.319197E+16	-4.994279E+17	3.048564E-6	0.000000E+0	4.752136E-6	5.399324E-5	0.000000E+0	0.000000E+0	0.000000E+0
1.576729E+3	-1.928059E+4	-1.044000E+0	-1.183520E-18	-5.342346E-18	1.216453E-6	0.000000E+0	4.213293E-6	5.152108E-5	0.000000E+0	0.000000E+0	0.000000E+0
1.566107E+3	-2.003434E+4	-1.108000E+0	-5.203440E-18	3.843920E-18	1.454930E-6	0.000000E+0	3.878159E-6	4.961114E-5	0.000000E+0	0.000000E+0	0.000000E+0
1.522154E+3	-2.078922E+4	-1.171000E+0	2.472319E-19	4.245176E+17	-3.771856E-7	0.000000E+0	3.503162E-6	4.784536E-5	0.000000E+0	0.000000E+0	0.000000E+0
1.548195E+3	-2.144084E+4	-1.234000E+0	1.311717E+15	5.049488E-18	4.430163E-6	0.000000E+0	3.350299E-6	4.639805E-5	0.000000E+0	0.000000E+0	0.000000E+0
1.489039E+3	-2.200067E+4	-1.297000E+0	-1.006173E-18	-5.687810E-18	2.598055E-6	0.000000E+0	3.062312E-6	4.524590E-5	0.000000E+0	0.000000E+0	0.000000E+0
1.484971E+3	-2.256602E+4	-1.361000E+0	-6.256276E-18	1.399337E+17	1.815068E-6	0.000000E+0	2.903564E-6	4.412335E-5	0.000000E+0	0.000000E+0	0.000000E+0
1.497350E+3	-2.295463E+4	-1.424000E+0	2.698511E+17	2.405250E+17	2.536559E-6	0.000000E+0	2.829689E-6	4.337961E-5	0.000000E+0	0.000000E+0	0.000000E+0
1.456160E+3	-2.338434E+4	-1.487000E+0	-3.654067E-18	-2.240669E+17	1.725966E-6	0.000000E+0	2.652639E-6	4.259848E-5	0.000000E+0	0.000000E+0	0.000000E+0
1.484680E+3	-2.368380E+4	-1.551000E+0	8.607266E+16	1.699868E-17	1.453693E-6	0.000000E+0	2.636494E-6	4.205768E-5	0.000000E+0	0.000000E+0	0.000000E+0
1.448807E+3	-2.389626E+4	-1.614000E+0	2.127762E-18	3.298054E+15	2.685949E-6	0.000000E+0	2.527884E-6	4.169429E-5	0.000000E+0	0.000000E+0	0.000000E+0
1.496094E+3	-2.400762E+4	-1.677000E+0	-4.960950E+17	-5.508904E-18	3.918161E-6	0.000000E+0	2.585695E-6	4.149231E-5	0.000000E+0	0.000000E+0	0.000000E+0
1.475783E+3	-2.407239E+4	-1.741000E+0	-6.504745E+16	2.369913E+17	2.113746E-6	0.000000E+0	2.537201E-6	4.138582E-5	0.000000E+0	0.000000E+0	0.000000E+0
1.496436E+3	-2.413782E+4	-1.804000E+0	5.725574E-18	6.181569E-18	2.835295E-6	0.000000E+0	2.558563E-6	4.127014E-5	0.000000E+0	0.000000E+0	0.000000E+0
1.479797E+3	-2.410757E+4	-1.867000E+0	-2.052452E-18	3.493290E-18	-1.827721E-8	0.000000E+0	2.536658E-6	4.132504E-5	0.000000E+0	0.000000E+0	0.000000E+0
1.499123E+3	-2.409299E+4	-1.930000E+0	2.907620E+17	-1.496570E-18	1.724700E-6	0.000000E+0	2.572632E-6	4.134577E-5	0.000000E+0	0.000000E+0	0.000000E+0
1.468354E+3	-2.406677E+4	-1.994000E+0	-2.651570E-18	4.670974E-18	4.006062E-6	0.000000E+0	2.525699E-6	4.139697E-5	0.000000E+0	0.000000E+0	0.000000E+0
1.486898E+3	-2.401975E+4	-2.057000E+0	6.288344E-18	-3.928899E-18	3.195455E-6	0.000000E+0	2.567339E-6	4.147348E-5	0.000000E+0	0.000000E+0	0.000000E+0
1.472141E+3	-2.390942E+4	-2.120000E+0	8.250878E-19	3.413458E-18	8.526113E-7	0.000000E+0	2.565476E-6	4.166656E-5	0.000000E+0	0.000000E+0	0.000000E+0
1.522402E+3	-2.382073E+4	-2.184000E+0	4.553607E+17	-2.686618E+17	1.601831E-6	0.000000E+0	2.672077E-6	4.180947E-5	0.000000E+0	0.000000E+0	0.000000E+0
1.514682E+3	-2.369491E+4	-2.247000E+0	2.517955E+17	3.793714E+16	2.834087E-6	0.000000E+0	2.686831E-6	4.203140E-5	0.000000E+0	0.000000E+0	0.000000E+0
1.495896E+3	-2.358377E+4	-2.310000E+0	-6.194311E-18	5.356395E+17	5.087772E-6	0.000000E+0	2.678744E-6	4.223213E-5	0.000000E+0	0.000000E+0	0.000000E+0
1.555994E+3	-2.336954E+4	-2.373000E+0	-5.704680E+17	1.371951E+17	5.809256E-6	0.000000E+0	2.836524E-6	4.260188E-5	0.000000E+0	0.000000E+0	0.000000E+0
1.453184E+3	-2.314664E+4	-2.437000E+0	-1.808722E+17	6.906363E-18	1.961933E-6	0.000000E+0	2.701695E-6	4.303320E-5	0.000000E+0	0.000000E+0	0.000000E+0
1.493377E+3	-2.291497E+4	-2.500000E+0	-3.567381E+17	-4.283094E-18	3.194204E-6	0.000000E+0	2.831980E-6	4.345503E-5	0.000000E+0	0.000000E+0	0.000000E+0
