Real / Ohm	Ximag / Ohm	V_DC / V	I_a c / A	V_ac / V	I_DC / A
7.097714E+1	-5.136223E+2	2.500000E+0	-9.275714E-19	-3.780201E-18	2.047746E-7	1.000000E+7	2.640071E-4	1.910473E-3	0.000000E+0	0.000000E+0	0.000000E+0
7.466922E+1	-5.171190E+2	2.437000E+0	-1.137863E-18	-4.190346E+17	5.012102E-6	0.000000E+0	2.735261E-4	1.894295E-3	0.000000E+0	0.000000E+0	0.000000E+0
6.545956E+1	-5.156543E+2	2.373000E+0	6.653843E-18	-4.395667E+17	-8.781062E-7	0.000000E+0	2.422774E-4	1.908528E-3	0.000000E+0	0.000000E+0	0.000000E+0
7.630533E+1	-5.182294E+2	2.310000E+0	-3.127958E+17	5.964970E-18	2.397035E-6	0.000000E+0	2.780966E-4	1.888700E-3	0.000000E+0	0.000000E+0	0.000000E+0
7.903137E+1	-5.209419E+2	2.247000E+0	2.587905E+17	2.524315E-18	1.075663E-6	0.000000E+0	2.846680E-4	1.876413E-3	0.000000E+0	0.000000E+0	0.000000E+0
4.460535E+1	-5.207949E+2	2.184000E+0	-5.351627E-18	2.391872E+17	7.757189E-7	0.000000E+0	1.632598E-4	1.906159E-3	0.000000E+0	0.000000E+0	0.000000E+0
6.735593E+1	-5.249143E+2	2.120000E+0	-2.375418E+17	1.295985E-19	5.034817E-7	0.000000E+0	2.404952E-4	1.874213E-3	0.000000E+0	0.000000E+0	0.000000E+0
7.631131E+1	-5.282351E+2	2.057000E+0	5.785078E-19	5.234687E+17	-3.071618E-7	0.000000E+0	2.678946E-4	1.854395E-3	0.000000E+0	0.000000E+0	0.000000E+0
7.205933E+1	-5.319153E+2	1.994000E+0	4.169888E-18	3.559669E+13	-1.117827E-6	0.000000E+0	2.500962E-4	1.846118E-3	0.000000E+0	0.000000E+0	0.000000E+0
6.077039E+1	-5.322661E+2	1.930000E+0	-1.980656E+17	1.958093E+16	-1.390064E-6	0.000000E+0	2.117433E-4	1.854584E-3	0.000000E+0	0.000000E+0	0.000000E+0
6.199115E+1	-5.361257E+2	1.867000E+0	2.915631E-18	5.325299E+16	1.374341E-6	0.000000E+0	2.128279E-4	1.840625E-3	0.000000E+0	0.000000E+0	0.000000E+0
7.809109E+1	-5.409113E+2	1.804000E+0	2.579781E+17	4.569561E-19	4.138768E-6	0.000000E+0	2.614512E-4	1.810986E-3	0.000000E+0	0.000000E+0	0.000000E+0
6.276971E+1	-5.429836E+2	1.741000E+0	6.309741E-18	-4.155966E-18	2.306690E-6	0.000000E+0	2.100929E-4	1.817389E-3	0.000000E+0	0.000000E+0	0.000000E+0
6.912350E+1	-5.465665E+2	1.677000E+0	-2.680825E+17	-5.492346E+17	3.055873E-6	0.000000E+0	2.277448E-4	1.800801E-3	0.000000E+0	0.000000E+0	0.000000E+0
5.656052E+1	-5.482139E+2	1.614000E+0	1.676929E-18	4.035830E-18	1.734516E-6	0.000000E+0	1.862151E-4	1.804893E-3	0.000000E+0	0.000000E+0	0.000000E+0
5.753494E+1	-5.515839E+2	1.551000E+0	4.020355E+17	1.855177E+17	-1.629771E-6	0.000000E+0	1.870720E-4	1.793448E-3	0.000000E+0	0.000000E+0	0.000000E+0
7.737488E+1	-5.575369E+2	1.487000E+0	9.225652E+16	2.295762E-18	2.183784E-6	0.000000E+0	2.442125E-4	1.759711E-3	0.000000E+0	0.000000E+0	0.000000E+0
5.876791E+1	-5.590944E+2	1.424000E+0	6.386846E-18	1.659667E-18	1.883847E-6	0.000000E+0	1.859507E-4	1.769061E-3	0.000000E+0	0.000000E+0	0.000000E+0
5.710834E+1	-5.616510E+2	1.361000E+0	5.364300E+17	-2.871878E+17	1.583940E-6	0.000000E+0	1.791841E-4	1.762246E-3	0.000000E+0	0.000000E+0	0.000000E+0
7.803455E+1	-5.665837E+2	1.297000E+0	4.345814E+17	8.421242E+16	1.311666E-6	0.000000E+0	2.385601E-4	1.732108E-3	0.000000E+0	0.000000E+0	0.000000E+0
7.199240E+1	-5.703744E+2	1.234000E+0	7.433461E+16	-3.376204E+17	5.010443E-7	0.000000E+0	2.178222E-4	1.725741E-3	0.000000E+0	0.000000E+0	0.000000E+0
6.727090E+1	-5.762216E+2	1.171000E+0	-2.820974E+17	-3.562291E+17	2.754736E-6	0.000000E+0	1.998798E-4	1.712109E-3	0.000000E+0	0.000000E+0	0.000000E+0
5.567459E+1	-5.795814E+2	1.108000E+0	3.883248E+17	-5.707470E+17	1.944078E-6	0.000000E+0	1.642249E-4	1.709608E-3	0.000000E+0	0.000000E+0	0.000000E+0
6.159027E+1	-5.852623E+2	1.044000E+0	-5.201041E+17	1.796536E+17	-8.817879E-7	0.000000E+0	1.778393E-4	1.689921E-3	0.000000E+0	0.000000E+0	0.000000E+0
5.541550E+1	-5.900735E+2	9.810000E-1	-1.734759E+17	1.089529E+17	2.393357E-6	0.000000E+0	1.577631E-4	1.679888E-3	0.000000E+0	0.000000E+0	0.000000E+0
5.592365E+1	-5.960262E+2	9.180000E-1	2.547933E-18	-3.558762E+16	3.625621E-6	0.000000E+0	1.560480E-4	1.663137E-3	0.000000E+0	0.000000E+0	0.000000E+0
5.624249E+1	-6.027136E+2	8.540000E-1	-6.904569E-18	-4.080324E+17	3.864090E-6	0.000000E+0	1.534890E-4	1.644840E-3	0.000000E+0	0.000000E+0	0.000000E+0
5.773160E+1	-6.101409E+2	7.910000E-1	-4.524503E+17	2.055852E+17	3.053439E-6	0.000000E+0	1.537030E-4	1.624422E-3	0.000000E+0	0.000000E+0	0.000000E+0
5.409131E+1	-6.183605E+2	7.280000E-1	-7.975154E-19	6.323277E-18	1.732074E-6	0.000000E+0	1.403891E-4	1.604899E-3	0.000000E+0	0.000000E+0	0.000000E+0
5.521899E+1	-6.277183E+2	6.650000E-1	3.311088E+17	-3.632303E-18	2.453591E-6	0.000000E+0	1.390628E-4	1.580838E-3	0.000000E+0	0.000000E+0	0.000000E+0
6.955865E+1	-6.410753E+2	6.010000E-1	1.388541E-18	6.784133E-18	3.713521E-6	0.000000E+0	1.672823E-4	1.541729E-3	0.000000E+0	0.000000E+0	0.000000E+0
6.240240E+1	-6.551047E+2	5.380000E-1	4.766215E-20	4.558806E+17	-1.614753E-7	0.000000E+0	1.440977E-4	1.512747E-3	0.000000E+0	0.000000E+0	0.000000E+0
7.208041E+1	-6.726609E+2	4.750000E-1	-3.851510E-18	-6.874123E-18	4.135130E-6	0.000000E+0	1.574949E-4	1.469756E-3	0.000000E+0	0.000000E+0	0.000000E+0
5.963864E+1	-6.932964E+2	4.110000E-1	-4.316353E+17	4.857998E-18	2.330686E-6	0.000000E+0	1.231652E-4	1.431790E-3	0.000000E+0	0.000000E+0	0.000000E+0
5.630258E+1	-7.164274E+2	3.480000E-1	4.155990E+17	-2.187937E-18	1.009321E-6	0.000000E+0	1.090209E-4	1.387247E-3	0.000000E+0	0.000000E+0	0.000000E+0
7.534857E+1	-7.426014E+2	2.850000E-1	-3.411601E-18	5.558819E-18	-2.865674E-6	0.000000E+0	1.352431E-4	1.332895E-3	0.000000E+0	0.000000E+0	0.000000E+0
8.116101E+1	-7.686313E+2	2.220000E-1	-3.021231E-18	2.162610E+17	4.495272E-6	0.000000E+0	1.358613E-4	1.286668E-3	0.000000E+0	0.000000E+0	0.000000E+0
7.845520E+1	-7.974792E+2	1.580000E-1	-1.067113E+17	-5.230656E+17	1.669401E-6	0.000000E+0	1.221799E-4	1.241931E-3	0.000000E+0	0.000000E+0	0.000000E+0
8.350171E+1	-8.264861E+2	9.500000E-2	-4.715167E+17	-5.481549E+17	1.369463E-6	0.000000E+0	1.210079E-4	1.197716E-3	0.000000E+0	0.000000E+0	0.000000E+0
6.406332E+1	-8.576029E+2	3.200000E-2	-3.096135E+17	4.406614E-18	-1.484074E-6	0.000000E+0	8.662042E-5	1.159570E-3	0.000000E+0	0.000000E+0	0.000000E+0
6.704413E+1	-8.958502E+2	-3.200000E-2	-9.427576E-19	-9.426377E-19	2.840196E-6	0.000000E+0	8.307385E-5	1.110041E-3	0.000000E+0	0.000000E+0	0.000000E+0
8.982208E+1	-9.410374E+2	-9.500000E-2	-4.717429E+17	-4.928282E+17	1.008087E-6	0.000000E+0	1.005149E-4	1.053063E-3	0.000000E+0	0.000000E+0	0.000000E+0
7.792603E+1	-9.994476E+2	-1.580000E-1	-2.971689E+17	-4.956124E-18	3.261806E-6	0.000000E+0	7.754081E-5	9.945069E-4	0.000000E+0	0.000000E+0	0.000000E+0
9.513403E+1	-1.078405E+3	-2.220000E-1	-1.478400E+17	2.655554E+17	2.989535E-6	0.000000E+0	8.117184E-5	9.201346E-4	0.000000E+0	0.000000E+0	0.000000E+0
1.014436E+2	-1.187646E+3	-2.850000E-1	-2.725480E+17	1.903750E-18	2.178911E-6	0.000000E+0	7.139924E-5	8.359031E-4	0.000000E+0	0.000000E+0	0.000000E+0
1.369586E+2	-1.355884E+3	-3.480000E-1	-1.696221E+17	-6.427781E-19	3.411144E-6	0.000000E+0	7.374550E-5	7.300771E-4	0.000000E+0	0.000000E+0	0.000000E+0
2.493544E+2	-1.586207E+3	-4.110000E-1	2.945531E-18	-1.599031E-19	5.576076E-7	0.000000E+0	9.671533E-5	6.152309E-4	0.000000E+0	0.000000E+0	0.000000E+0
2.977847E+2	-1.930162E+3	-4.750000E-1	-4.319920E+17	-4.172230E+17	4.881877E-6	0.000000E+0	7.807263E-5	5.060462E-4	0.000000E+0	0.000000E+0	0.000000E+0
2.982137E+2	-2.612346E+3	-5.380000E-1	-2.037276E-18	3.318154E+17	4.071226E-6	0.000000E+0	4.313634E-5	3.778734E-4	0.000000E+0	0.000000E+0	0.000000E+0
3.550796E+2	-3.689972E+3	-6.010000E-1	4.410889E+17	3.940187E-18	1.728400E-6	0.000000E+0	2.583905E-5	2.685183E-4	0.000000E+0	0.000000E+0	0.000000E+0
5.740747E+2	-5.017860E+3	-6.650000E-1	1.829862E+17	1.849291E+17	-7.601193E-8	0.000000E+0	2.250525E-5	1.967134E-4	0.000000E+0	0.000000E+0	0.000000E+0
9.315664E+2	-6.245836E+3	-7.280000E-1	-4.775830E-18	6.138991E-18	2.688390E-6	0.000000E+0	2.336024E-5	1.566225E-4	0.000000E+0	0.000000E+0	0.000000E+0
1.177491E+3	-7.327212E+3	-7.910000E-1	-1.774996E-18	1.580559E+17	1.367025E-6	0.000000E+0	2.137996E-5	1.330418E-4	0.000000E+0	0.000000E+0	0.000000E+0
1.208066E+3	-8.283930E+3	-8.540000E-1	-7.964855E+16	-3.372652E-18	1.577831E-6	0.000000E+0	1.723767E-5	1.182018E-4	0.000000E+0	0.000000E+0	0.000000E+0
1.136879E+3	-9.031455E+3	-9.180000E-1	2.088264E+17	-2.195880E+17	-2.265842E-7	0.000000E+0	1.372053E-5	1.089970E-4	0.000000E+0	0.000000E+0	0.000000E+0
1.121962E+3	-9.602324E+3	-9.810000E-1	-5.319197E+16	-4.994279E+17	2.027107E-6	0.000000E+0	1.200429E-5	1.027388E-4	0.000000E+0	0.000000E+0	0.000000E+0
1.082999E+3	-1.010758E+4	-1.044000E+0	-1.183520E-18	-5.342346E-18	2.237910E-6	0.000000E+0	1.048036E-5	9.781271E-5	0.000000E+0	0.000000E+0	0.000000E+0
1.051542E+3	-1.055030E+4	-1.108000E+0	-5.203440E-18	3.843920E-18	2.476387E-6	0.000000E+0	9.354143E-6	9.385171E-5	0.000000E+0	0.000000E+0	0.000000E+0
1.062591E+3	-1.092044E+4	-1.171000E+0	2.472319E-19	4.245176E+17	6.442715E-7	0.000000E+0	8.826598E-6	9.071255E-5	0.000000E+0	0.000000E+0	0.000000E+0
1.079356E+3	-1.127239E+4	-1.234000E+0	1.311717E+15	5.049488E-18	3.408706E-6	0.000000E+0	8.417227E-6	8.790636E-5	0.000000E+0	0.000000E+0	0.000000E+0
1.094078E+3	-1.163700E+4	-1.297000E+0	-1.006173E-18	-5.687810E-18	2.598055E-6	0.000000E+0	8.008372E-6	8.517988E-5	0.000000E+0	0.000000E+0	0.000000E+0
1.033249E+3	-1.193283E+4	-1.361000E+0	-6.256276E-18	1.399337E+17	3.857982E-6	0.000000E+0	7.202347E-6	8.317878E-5	0.000000E+0	0.000000E+0	0.000000E+0
1.025616E+3	-1.215854E+4	-1.424000E+0	2.698511E+17	2.405250E+17	2.025845E-6	0.000000E+0	6.888785E-6	8.166562E-5	0.000000E+0	0.000000E+0	0.000000E+0
1.058956E+3	-1.236303E+4	-1.487000E+0	-3.654067E-18	-2.240669E+17	2.236680E-6	0.000000E+0	6.877861E-6	8.029720E-5	0.000000E+0	0.000000E+0	0.000000E+0
1.059503E+3	-1.256729E+4	-1.551000E+0	8.607266E+16	1.699868E-17	2.985835E-6	0.000000E+0	6.661056E-6	7.901008E-5	0.000000E+0	0.000000E+0	0.000000E+0
1.048442E+3	-1.270585E+4	-1.614000E+0	2.127762E-18	3.298054E+15	3.196663E-6	0.000000E+0	6.450448E-6	7.817164E-5	0.000000E+0	0.000000E+0	0.000000E+0
1.022269E+3	-1.279429E+4	-1.677000E+0	-4.960950E+17	-5.508904E-18	8.538191E-7	0.000000E+0	6.205390E-6	7.766405E-5	0.000000E+0	0.000000E+0	0.000000E+0
1.031105E+3	-1.282961E+4	-1.741000E+0	-6.504745E+16	2.369913E+17	1.092318E-6	0.000000E+0	6.224147E-6	7.744446E-5	0.000000E+0	0.000000E+0	0.000000E+0
1.065239E+3	-1.288291E+4	-1.804000E+0	5.725574E-18	6.181569E-18	3.346009E-6	0.000000E+0	6.374703E-6	7.709511E-5	0.000000E+0	0.000000E+0	0.000000E+0
1.089276E+3	-1.294990E+4	-1.867000E+0	-2.052452E-18	3.493290E-18	5.599693E-6	0.000000E+0	6.449754E-6	7.667815E-5	0.000000E+0	0.000000E+0	0.000000E+0
1.049676E+3	-1.297133E+4	-1.930000E+0	2.907620E+17	-1.496570E-18	6.321243E-6	0.000000E+0	6.198000E-6	7.659154E-5	0.000000E+0	0.000000E+0	0.000000E+0
1.030309E+3	-1.297337E+4	-1.994000E+0	-2.651570E-18	4.670974E-18	3.495348E-6	0.000000E+0	6.083190E-6	7.659786E-5	0.000000E+0	0.000000E+0	0.000000E+0
1.073733E+3	-1.295903E+4	-2.057000E+0	6.288344E-18	-3.928899E-18	3.195455E-6	0.000000E+0	6.350092E-6	7.664013E-5	0.000000E+0	0.000000E+0	0.000000E+0
1.083613E+3	-1.301739E+4	-2.120000E+0	8.250878E-19	3.413458E-18	2.384812E-6	0.000000E+0	6.350784E-6	7.629165E-5	0.000000E+0	0.000000E+0	0.000000E+0
1.065450E+3	-1.304904E+4	-2.184000E+0	4.553607E+17	-2.686618E+17	1.601831E-6	0.000000E+0	6.215703E-6	7.612648E-5	0.000000E+0	0.000000E+0	0.000000E+0
1.013839E+3	-1.304588E+4	-2.247000E+0	2.517955E+17	3.793714E+16	2.323315E-6	0.000000E+0	5.921166E-6	7.619240E-5	0.000000E+0	0.000000E+0	0.000000E+0
1.027032E+3	-1.302848E+4	-2.310000E+0	-6.194311E-18	5.356395E+17	3.555571E-6	0.000000E+0	6.013206E-6	7.628091E-5	0.000000E+0	0.000000E+0	0.000000E+0
1.062920E+3	-1.301540E+4	-2.373000E+0	-5.704680E+17	1.371951E+17	1.212771E-6	0.000000E+0	6.233022E-6	7.632303E-5	0.000000E+0	0.000000E+0	0.000000E+0
1.058720E+3	-1.303613E+4	-2.437000E+0	-1.808722E+17	6.906363E-18	1.961933E-6	0.000000E+0	6.189116E-6	7.620724E-5	0.000000E+0	0.000000E+0	0.000000E+0
1.021796E+3	-1.302338E+4	-2.500000E+0	-3.567381E+17	-4.283094E-18	4.215690E-6	0.000000E+0	5.987583E-6	7.631520E-5	0.000000E+0	0.000000E+0	0.000000E+0
