Real / Ohm	Ximag / Ohm	V_DC / V	I_a c / A	V_ac / V	I_DC / A
6.508347E+1	-4.300976E+0	-2.500000E+0	-3.567381E+17	-4.283094E-18	-1.912292E-2	5.623413E+6	1.529808E-2	1.010958E-3	0.000000E+0	0.000000E+0	0.000000E+0
8.716187E+1	-2.939537E+0	-2.437000E+0	-1.808722E+17	6.906363E-18	-1.402508E-2	0.000000E+0	1.145987E-2	3.864846E-4	0.000000E+0	0.000000E+0	0.000000E+0
1.047314E+2	-3.704712E+0	-2.373000E+0	-5.704680E+17	1.371951E+17	-1.485117E-2	0.000000E+0	9.536302E-3	3.373320E-4	0.000000E+0	0.000000E+0	0.000000E+0
7.279971E+1	-5.019127E+0	-2.310000E+0	-6.194311E-18	5.356395E+17	-1.487334E-2	0.000000E+0	1.367133E-2	9.425609E-4	0.000000E+0	0.000000E+0	0.000000E+0
6.095661E+1	-4.010880E+0	-2.247000E+0	2.517955E+17	3.793714E+16	-1.716926E-2	0.000000E+0	1.633439E-2	1.074786E-3	0.000000E+0	0.000000E+0	0.000000E+0
6.853772E+1	-3.783237E+0	-2.184000E+0	4.553607E+17	-2.686618E+17	-1.781145E-2	0.000000E+0	1.454618E-2	8.029398E-4	0.000000E+0	0.000000E+0	0.000000E+0
1.105634E+2	-5.070572E-1	-2.120000E+0	8.250878E-19	3.413458E-18	-1.135562E-2	0.000000E+0	9.044394E-3	4.147869E-5	0.000000E+0	0.000000E+0	0.000000E+0
1.021692E+2	-3.654854E+0	-2.057000E+0	6.288344E-18	-3.928899E-18	-1.230935E-2	0.000000E+0	9.775176E-3	3.496831E-4	0.000000E+0	0.000000E+0	0.000000E+0
1.098156E+2	-1.811279E+0	-1.994000E+0	-2.651570E-18	4.670974E-18	-1.072121E-2	0.000000E+0	9.103698E-3	1.501548E-4	0.000000E+0	0.000000E+0	0.000000E+0
1.082966E+2	-2.399422E+0	-1.930000E+0	2.907620E+17	-1.496570E-18	-1.263564E-2	0.000000E+0	9.229370E-3	2.044861E-4	0.000000E+0	0.000000E+0	0.000000E+0
1.112404E+2	5.689240E-1	-1.867000E+0	-2.052452E-18	3.493290E-18	-9.895816E-3	0.000000E+0	8.989305E-3	-4.597458E-5	0.000000E+0	0.000000E+0	0.000000E+0
1.030141E+2	-6.794815E-1	-1.804000E+0	5.725574E-18	6.181569E-18	-9.714209E-3	0.000000E+0	9.706987E-3	6.402733E-5	0.000000E+0	0.000000E+0	0.000000E+0
9.576357E+1	-4.431221E+0	-1.741000E+0	-6.504745E+16	2.369913E+17	-8.643942E-3	0.000000E+0	1.042007E-2	4.821630E-4	0.000000E+0	0.000000E+0	0.000000E+0
1.194925E+2	-1.950546E+0	-1.677000E+0	-4.960950E+17	-5.508904E-18	-9.046631E-3	0.000000E+0	8.366497E-3	1.365712E-4	0.000000E+0	0.000000E+0	0.000000E+0
1.064479E+2	-3.407974E+0	-1.614000E+0	2.127762E-18	3.298054E+15	-8.268496E-3	0.000000E+0	9.384648E-3	3.004534E-4	0.000000E+0	0.000000E+0	0.000000E+0
1.281563E+2	1.892044E+0	-1.551000E+0	8.607266E+16	1.699868E-17	-9.246746E-3	0.000000E+0	7.801271E-3	-1.151746E-4	0.000000E+0	0.000000E+0	0.000000E+0
1.222209E+2	-2.408691E+0	-1.487000E+0	-3.654067E-18	-2.240669E+17	-7.418078E-3	0.000000E+0	8.178730E-3	1.611838E-4	0.000000E+0	0.000000E+0	0.000000E+0
1.404344E+2	-1.476776E+0	-1.424000E+0	2.698511E+17	2.405250E+17	-6.866197E-3	0.000000E+0	7.119975E-3	7.487203E-5	0.000000E+0	0.000000E+0	0.000000E+0
1.359172E+2	-6.074677E-1	-1.361000E+0	-6.256276E-18	1.399337E+17	-6.786734E-3	0.000000E+0	7.357274E-3	3.288256E-5	0.000000E+0	0.000000E+0	0.000000E+0
1.248812E+2	1.915962E+0	-1.297000E+0	-1.006173E-18	-5.687810E-18	-6.033143E-3	0.000000E+0	8.005726E-3	-1.228261E-4	0.000000E+0	0.000000E+0	0.000000E+0
1.185254E+2	3.478256E+0	-1.234000E+0	1.311717E+15	5.049488E-18	-5.855623E-3	0.000000E+0	8.429750E-3	-2.473801E-4	0.000000E+0	0.000000E+0	0.000000E+0
1.539052E+2	3.231270E+0	-1.171000E+0	2.472319E-19	4.245176E+17	-5.528970E-3	0.000000E+0	6.494643E-3	-1.363563E-4	0.000000E+0	0.000000E+0	0.000000E+0
1.391298E+2	3.383987E+0	-1.108000E+0	-5.203440E-18	3.843920E-18	-4.799356E-3	0.000000E+0	7.183283E-3	-1.747155E-4	0.000000E+0	0.000000E+0	0.000000E+0
1.567509E+2	2.975723E+0	-1.044000E+0	-1.183520E-18	-5.342346E-18	-4.784782E-3	0.000000E+0	6.377250E-3	-1.210643E-4	0.000000E+0	0.000000E+0	0.000000E+0
3.087427E+2	-3.849065E+1	-9.810000E-1	-5.319197E+16	-4.994279E+17	-4.352921E-3	0.000000E+0	3.189373E-3	3.976160E-4	0.000000E+0	0.000000E+0	0.000000E+0
2.606671E+2	-1.210100E+1	-9.180000E-1	2.088264E+17	-2.195880E+17	-4.284183E-3	0.000000E+0	3.828061E-3	1.777108E-4	0.000000E+0	0.000000E+0	0.000000E+0
3.044358E+2	-5.046793E+1	-8.540000E-1	-7.964855E+16	-3.372652E-18	-4.415167E-3	0.000000E+0	3.196909E-3	5.299685E-4	0.000000E+0	0.000000E+0	0.000000E+0
3.004952E+2	-5.445038E+1	-7.910000E-1	-1.774996E-18	1.580559E+17	-4.193724E-3	0.000000E+0	3.222047E-3	5.838418E-4	0.000000E+0	0.000000E+0	0.000000E+0
2.556154E+2	-3.820927E+1	-7.280000E-1	-4.775830E-18	6.138991E-18	-3.623966E-3	0.000000E+0	3.826625E-3	5.720021E-4	0.000000E+0	0.000000E+0	0.000000E+0
2.291614E+2	-2.960469E+1	-6.650000E-1	1.829862E+17	1.849291E+17	-3.406097E-3	0.000000E+0	4.292104E-3	5.544844E-4	0.000000E+0	0.000000E+0	0.000000E+0
2.084313E+2	-2.379039E+1	-6.010000E-1	4.410889E+17	3.940187E-18	-3.096837E-3	0.000000E+0	4.736043E-3	5.405729E-4	0.000000E+0	0.000000E+0	0.000000E+0
1.948486E+2	-2.044537E+1	-5.380000E-1	-2.037276E-18	3.318154E+17	-2.815638E-3	0.000000E+0	5.076299E-3	5.326536E-4	0.000000E+0	0.000000E+0	0.000000E+0
1.847714E+2	-1.760580E+1	-4.750000E-1	-4.319920E+17	-4.172230E+17	-2.614624E-3	0.000000E+0	5.363398E-3	5.110473E-4	0.000000E+0	0.000000E+0	0.000000E+0
1.742162E+2	-1.540372E+1	-4.110000E-1	2.945531E-18	-1.599031E-19	-2.170532E-3	0.000000E+0	5.695469E-3	5.035778E-4	0.000000E+0	0.000000E+0	0.000000E+0
1.602028E+2	-1.398600E+1	-3.480000E-1	-1.696221E+17	-6.427781E-19	-2.069619E-3	0.000000E+0	6.194873E-3	5.408239E-4	0.000000E+0	0.000000E+0	0.000000E+0
1.546966E+2	-1.240485E+1	-2.850000E-1	-2.725480E+17	1.903750E-18	-1.514673E-3	0.000000E+0	6.422966E-3	5.150464E-4	0.000000E+0	0.000000E+0	0.000000E+0
1.461698E+2	-1.102164E+1	-2.220000E-1	-1.478400E+17	2.655554E+17	-1.250328E-3	0.000000E+0	6.802681E-3	5.129425E-4	0.000000E+0	0.000000E+0	0.000000E+0
1.511934E+2	-7.847961E+0	-1.580000E-1	-2.971689E+17	-4.956124E-18	-1.026359E-3	0.000000E+0	6.596273E-3	3.423912E-4	0.000000E+0	0.000000E+0	0.000000E+0
1.487951E+2	-1.202255E+1	-9.500000E-2	-4.717429E+17	-4.928282E+17	-5.194203E-4	0.000000E+0	6.677060E-3	5.395022E-4	0.000000E+0	0.000000E+0	0.000000E+0
1.586575E+2	-1.261149E+1	-3.200000E-2	-9.427576E-19	-9.426377E-19	-1.447592E-4	0.000000E+0	6.263311E-3	4.978629E-4	0.000000E+0	0.000000E+0	0.000000E+0
1.690315E+2	-1.449930E+1	3.200000E-2	-3.096135E+17	4.406614E-18	1.956555E-4	0.000000E+0	5.872845E-3	5.037649E-4	0.000000E+0	0.000000E+0	0.000000E+0
1.691931E+2	-1.687157E+1	9.500000E-2	-4.715167E+17	-5.481549E+17	5.044329E-4	0.000000E+0	5.852214E-3	5.835701E-4	0.000000E+0	0.000000E+0	0.000000E+0
1.736357E+2	-1.825656E+1	1.580000E-1	-1.067113E+17	-5.230656E+17	8.418108E-4	0.000000E+0	5.696213E-3	5.989163E-4	0.000000E+0	0.000000E+0	0.000000E+0
1.783408E+2	-1.930334E+1	2.220000E-1	-3.021231E-18	2.162610E+17	1.125535E-3	0.000000E+0	5.542311E-3	5.998914E-4	0.000000E+0	0.000000E+0	0.000000E+0
1.569196E+2	-2.226496E+1	2.850000E-1	-3.411601E-18	5.558819E-18	1.530839E-3	0.000000E+0	6.246926E-3	8.863620E-4	0.000000E+0	0.000000E+0	0.000000E+0
1.779211E+2	-2.168842E+1	3.480000E-1	4.155990E+17	-2.187937E-18	1.693550E-3	0.000000E+0	5.538175E-3	6.750985E-4	0.000000E+0	0.000000E+0	0.000000E+0
1.861285E+2	-2.270096E+1	4.110000E-1	-4.316353E+17	4.857998E-18	2.346044E-3	0.000000E+0	5.293885E-3	6.456629E-4	0.000000E+0	0.000000E+0	0.000000E+0
1.842758E+2	-2.382809E+1	4.750000E-1	-3.851510E-18	-6.874123E-18	2.412711E-3	0.000000E+0	5.337406E-3	6.901622E-4	0.000000E+0	0.000000E+0	0.000000E+0
1.874982E+2	-2.223322E+1	5.380000E-1	4.766215E-20	4.558806E+17	3.034562E-3	0.000000E+0	5.259433E-3	6.236546E-4	0.000000E+0	0.000000E+0	0.000000E+0
1.841073E+2	-2.637225E+1	6.010000E-1	1.388541E-18	6.784133E-18	3.313207E-3	0.000000E+0	5.322406E-3	7.624022E-4	0.000000E+0	0.000000E+0	0.000000E+0
1.952990E+2	-2.593213E+1	6.650000E-1	3.311088E+17	-3.632303E-18	3.132172E-3	0.000000E+0	5.031641E-3	6.681098E-4	0.000000E+0	0.000000E+0	0.000000E+0
1.843920E+2	-2.758897E+1	7.280000E-1	-7.975154E-19	6.323277E-18	3.583952E-3	0.000000E+0	5.304480E-3	7.936632E-4	0.000000E+0	0.000000E+0	0.000000E+0
1.725613E+2	-2.962723E+1	7.910000E-1	-4.524503E+17	2.055852E+17	3.851361E-3	0.000000E+0	5.629108E-3	9.664675E-4	0.000000E+0	0.000000E+0	0.000000E+0
1.837217E+2	-2.818112E+1	8.540000E-1	-6.904569E-18	-4.080324E+17	4.559524E-3	0.000000E+0	5.317893E-3	8.157130E-4	0.000000E+0	0.000000E+0	0.000000E+0
1.996562E+2	-2.923566E+1	9.180000E-1	2.547933E-18	-3.558762E+16	4.638448E-3	0.000000E+0	4.903471E-3	7.180153E-4	0.000000E+0	0.000000E+0	0.000000E+0
1.663339E+2	-3.264723E+1	9.810000E-1	-1.734759E+17	1.089529E+17	4.679095E-3	0.000000E+0	5.788989E-3	1.136235E-3	0.000000E+0	0.000000E+0	0.000000E+0
1.842656E+2	-3.099750E+1	1.044000E+0	-5.201041E+17	1.796536E+17	4.615044E-3	0.000000E+0	5.277600E-3	8.878077E-4	0.000000E+0	0.000000E+0	0.000000E+0
1.965612E+2	-2.764133E+1	1.108000E+0	3.883248E+17	-5.707470E+17	5.690902E-3	0.000000E+0	4.988819E-3	7.015504E-4	0.000000E+0	0.000000E+0	0.000000E+0
1.939112E+2	-2.924866E+1	1.171000E+0	-2.820974E+17	-3.562291E+17	5.164645E-3	0.000000E+0	5.042281E-3	7.605542E-4	0.000000E+0	0.000000E+0	0.000000E+0
1.857024E+2	-2.819606E+1	1.234000E+0	7.433461E+16	-3.376204E+17	6.765044E-3	0.000000E+0	5.263614E-3	7.991990E-4	0.000000E+0	0.000000E+0	0.000000E+0
1.911960E+2	-3.065353E+1	1.297000E+0	4.345814E+17	8.421242E+16	5.697419E-3	0.000000E+0	5.099165E-3	8.175245E-4	0.000000E+0	0.000000E+0	0.000000E+0
1.922530E+2	-2.921126E+1	1.361000E+0	5.364300E+17	-2.871878E+17	6.204330E-3	0.000000E+0	5.084106E-3	7.724881E-4	0.000000E+0	0.000000E+0	0.000000E+0
1.861721E+2	-2.951387E+1	1.424000E+0	6.386846E-18	1.659667E-18	6.421178E-3	0.000000E+0	5.239691E-3	8.306485E-4	0.000000E+0	0.000000E+0	0.000000E+0
1.961926E+2	-2.916191E+1	1.487000E+0	9.225652E+16	2.295762E-18	6.908708E-3	0.000000E+0	4.986855E-3	7.412420E-4	0.000000E+0	0.000000E+0	0.000000E+0
1.949624E+2	-2.811015E+1	1.551000E+0	4.020355E+17	1.855177E+17	7.225119E-3	0.000000E+0	5.024737E-3	7.244787E-4	0.000000E+0	0.000000E+0	0.000000E+0
1.809162E+2	-2.526912E+1	1.614000E+0	1.676929E-18	4.035830E-18	7.267298E-3	0.000000E+0	5.421652E-3	7.572588E-4	0.000000E+0	0.000000E+0	0.000000E+0
1.522686E+2	-2.126385E+1	1.677000E+0	-2.680825E+17	-5.492346E+17	7.107231E-3	0.000000E+0	6.441720E-3	8.995668E-4	0.000000E+0	0.000000E+0	0.000000E+0
1.651088E+2	-1.902979E+1	1.741000E+0	6.309741E-18	-4.155966E-18	8.550297E-3	0.000000E+0	5.977211E-3	6.889098E-4	0.000000E+0	0.000000E+0	0.000000E+0
1.810290E+2	-2.054622E+1	1.804000E+0	2.579781E+17	4.569561E-19	8.258974E-3	0.000000E+0	5.453724E-3	6.189805E-4	0.000000E+0	0.000000E+0	0.000000E+0
1.706489E+2	-1.606474E+1	1.867000E+0	2.915631E-18	5.325299E+16	7.814435E-3	0.000000E+0	5.808509E-3	5.468080E-4	0.000000E+0	0.000000E+0	0.000000E+0
1.097358E+2	-8.620110E+0	1.930000E+0	-1.980656E+17	1.958093E+16	1.078970E-2	0.000000E+0	9.056910E-3	7.114502E-4	0.000000E+0	0.000000E+0	0.000000E+0
1.358238E+2	-7.866791E+0	1.994000E+0	4.169888E-18	3.559669E+13	8.733287E-3	0.000000E+0	7.337864E-3	4.250024E-4	0.000000E+0	0.000000E+0	0.000000E+0
1.681507E+2	-1.231953E+1	2.057000E+0	5.785078E-19	5.234687E+17	8.982310E-3	0.000000E+0	5.915295E-3	4.333830E-4	0.000000E+0	0.000000E+0	0.000000E+0
1.618589E+2	-1.300870E+1	2.120000E+0	-2.375418E+17	1.295985E-19	9.017341E-3	0.000000E+0	6.138569E-3	4.933606E-4	0.000000E+0	0.000000E+0	0.000000E+0
1.464062E+2	-1.048135E+1	2.184000E+0	-5.351627E-18	2.391872E+17	9.927211E-3	0.000000E+0	6.795483E-3	4.864947E-4	0.000000E+0	0.000000E+0	0.000000E+0
1.350262E+2	-5.215172E+0	2.247000E+0	2.587905E+17	2.524315E-18	9.873886E-3	0.000000E+0	7.394939E-3	2.856177E-4	0.000000E+0	0.000000E+0	0.000000E+0
8.817706E+1	1.160567E+1	2.310000E+0	-3.127958E+17	5.964970E-18	1.214997E-2	0.000000E+0	1.114770E-2	-1.467236E-3	0.000000E+0	0.000000E+0	0.000000E+0
6.505563E+1	-2.792908E+0	2.373000E+0	6.653843E-18	-4.395667E+17	1.056958E-2	0.000000E+0	1.534318E-2	6.586992E-4	0.000000E+0	0.000000E+0	0.000000E+0
1.130940E+2	-2.176132E-1	2.437000E+0	-1.137863E-18	-4.190346E+17	1.435126E-2	0.000000E+0	8.842169E-3	1.701392E-5	0.000000E+0	0.000000E+0	0.000000E+0
1.110460E+2	-1.826820E+0	2.500000E+0	-9.275714E-19	-3.780201E-18	1.119171E-2	0.000000E+0	9.002841E-3	1.481059E-4	0.000000E+0	0.000000E+0	0.000000E+0
