Real / Ohm	Ximag / Ohm	V_DC / V	I_a c / A	V_ac / V	I_DC / A
7.550014E+0	8.096863E-4	3.000000E+0	-9.275714E-19	-3.780148E-18	8.983453E-2	1.000000E+4	1.324501E-1	-1.420435E-5	0.000000E+0	0.000000E+0	0.000000E+0
7.458600E+0	-1.801550E-3	2.873000E+0	-1.137863E-18	-4.188961E+17	8.534007E-2	0.000000E+0	1.340734E-1	3.238409E-5	0.000000E+0	0.000000E+0	0.000000E+0
7.434396E+0	-1.965611E-3	2.747000E+0	6.653843E-18	-4.395667E+17	8.245337E-2	0.000000E+0	1.345099E-1	3.556364E-5	0.000000E+0	0.000000E+0	0.000000E+0
7.366953E+0	-2.024849E-4	2.620000E+0	-3.848534E+17	-9.739225E-19	7.868263E-2	0.000000E+0	1.357413E-1	3.730928E-6	0.000000E+0	0.000000E+0	0.000000E+0
7.345545E+0	1.346109E-3	2.494000E+0	2.587907E+17	-4.848260E-18	7.463914E-2	0.000000E+0	1.361369E-1	-2.494779E-5	0.000000E+0	0.000000E+0	0.000000E+0
7.355830E+0	-1.070920E-3	2.367000E+0	-5.351627E-18	2.391872E+17	7.046187E-2	0.000000E+0	1.359466E-1	1.979218E-5	0.000000E+0	0.000000E+0	0.000000E+0
7.186228E+0	-7.273871E-3	2.241000E+0	3.390598E+17	1.295985E-19	6.681675E-2	0.000000E+0	1.391549E-1	1.408520E-4	0.000000E+0	0.000000E+0	0.000000E+0
7.200665E+0	-6.785549E-3	2.114000E+0	5.785012E-19	5.234687E+17	6.356746E-2	0.000000E+0	1.388759E-1	1.308698E-4	0.000000E+0	0.000000E+0	0.000000E+0
7.161030E+0	-3.103488E-2	1.987000E+0	-2.714796E-18	1.441508E+17	5.991929E-2	0.000000E+0	1.396421E-1	6.051889E-4	0.000000E+0	0.000000E+0	0.000000E+0
6.933169E+0	-7.594134E-3	1.861000E+0	-1.980656E+17	2.858813E+16	5.620266E-2	0.000000E+0	1.442340E-1	1.579844E-4	0.000000E+0	0.000000E+0	0.000000E+0
6.686171E+0	-6.412312E-3	1.734000E+0	2.915631E-18	5.325354E+16	5.239771E-2	0.000000E+0	1.495623E-1	1.434364E-4	0.000000E+0	0.000000E+0	0.000000E+0
6.636765E+0	-5.950680E-3	1.608000E+0	2.579781E+17	4.569569E-19	4.877403E-2	0.000000E+0	1.506757E-1	1.350994E-4	0.000000E+0	0.000000E+0	0.000000E+0
6.585299E+0	-3.384248E-3	1.481000E+0	5.241928E+17	-4.155966E-18	4.495068E-2	0.000000E+0	1.518534E-1	7.803889E-5	0.000000E+0	0.000000E+0	0.000000E+0
6.544123E+0	-4.006084E-3	1.354000E+0	-2.680825E+17	-5.132058E+17	4.108852E-2	0.000000E+0	1.528088E-1	9.354423E-5	0.000000E+0	0.000000E+0	0.000000E+0
6.514812E+0	-6.802890E-3	1.228000E+0	1.676928E-18	4.035830E-18	3.727486E-2	0.000000E+0	1.534962E-1	1.602836E-4	0.000000E+0	0.000000E+0	0.000000E+0
6.475784E+0	-6.755889E-3	1.101000E+0	1.138051E+17	1.810141E+17	3.336366E-2	0.000000E+0	1.544213E-1	1.611007E-4	0.000000E+0	0.000000E+0	0.000000E+0
6.413050E+0	-5.795125E-3	9.750000E-1	9.197504E+16	2.296609E-18	2.958269E-2	0.000000E+0	1.559319E-1	1.409072E-4	0.000000E+0	0.000000E+0	0.000000E+0
6.396699E+0	-4.049931E-3	8.480000E-1	-5.520479E-19	1.659667E-18	2.580378E-2	0.000000E+0	1.563306E-1	9.897730E-5	0.000000E+0	0.000000E+0	0.000000E+0
6.530043E+0	-2.758160E-3	7.220000E-1	5.318055E+17	-2.871880E+17	2.165099E-2	0.000000E+0	1.531383E-1	6.468257E-5	0.000000E+0	0.000000E+0	0.000000E+0
6.405663E+0	-1.898844E-3	5.950000E-1	4.333500E+17	8.421242E+16	1.792213E-2	0.000000E+0	1.561119E-1	4.627656E-5	0.000000E+0	0.000000E+0	0.000000E+0
6.373723E+0	-3.523275E-4	4.680000E-1	7.433461E+16	-3.421240E+17	1.418101E-2	0.000000E+0	1.568942E-1	8.672817E-6	0.000000E+0	0.000000E+0	0.000000E+0
6.391506E+0	-7.435987E-3	3.420000E-1	-2.798456E+17	-3.562291E+17	1.040310E-2	0.000000E+0	1.564574E-1	1.820252E-4	0.000000E+0	0.000000E+0	0.000000E+0
6.370298E+0	-4.116984E-3	2.150000E-1	3.883600E+17	-5.707470E+17	6.541450E-3	0.000000E+0	1.569785E-1	1.014517E-4	0.000000E+0	0.000000E+0	0.000000E+0
6.478053E+0	1.413114E-4	8.900000E-2	-5.196819E+17	1.790907E+17	2.708885E-3	0.000000E+0	1.543674E-1	-3.367350E-6	0.000000E+0	0.000000E+0	0.000000E+0
6.618830E+0	-3.421528E-3	-3.800000E-2	-1.554791E+17	1.089529E+17	-1.151742E-3	0.000000E+0	1.510841E-1	7.810117E-5	0.000000E+0	0.000000E+0	0.000000E+0
6.606031E+0	-2.957808E-3	-1.650000E-1	2.547933E-18	-3.215913E-19	-4.989898E-3	0.000000E+0	1.513768E-1	6.777799E-5	0.000000E+0	0.000000E+0	0.000000E+0
6.621930E+0	-2.429173E-3	-2.910000E-1	-6.904543E-18	-8.377323E+16	-8.798460E-3	0.000000E+0	1.510134E-1	5.539738E-5	0.000000E+0	0.000000E+0	0.000000E+0
6.782343E+0	-7.090555E-4	-4.180000E-1	-4.524462E+17	2.055148E+17	-1.258197E-2	0.000000E+0	1.474417E-1	1.541419E-5	0.000000E+0	0.000000E+0	0.000000E+0
6.839112E+0	-5.669111E-3	-5.440000E-1	-7.975154E-19	6.323277E-18	-1.626693E-2	0.000000E+0	1.462177E-1	1.212035E-4	0.000000E+0	0.000000E+0	0.000000E+0
6.804788E+0	-2.820559E-3	-6.710000E-1	3.266052E+17	-3.632521E-18	-2.012194E-2	0.000000E+0	1.469553E-1	6.091243E-5	0.000000E+0	0.000000E+0	0.000000E+0
6.917963E+0	-2.469667E-4	-7.970000E-1	1.388541E-18	6.784146E-18	-2.394838E-2	0.000000E+0	1.445512E-1	5.160383E-6	0.000000E+0	0.000000E+0	0.000000E+0
6.971309E+0	-2.339003E-3	-9.240000E-1	4.766215E-20	4.558806E+17	-2.776713E-2	0.000000E+0	1.434451E-1	4.812847E-5	0.000000E+0	0.000000E+0	0.000000E+0
7.025417E+0	-5.646059E-3	-1.051000E+0	-3.849816E-18	-6.877525E-18	-3.144850E-2	0.000000E+0	1.423402E-1	1.143934E-4	0.000000E+0	0.000000E+0	0.000000E+0
7.090184E+0	-4.458129E-3	-1.177000E+0	-4.316265E+17	4.857998E-18	-3.522437E-2	0.000000E+0	1.410400E-1	8.868240E-5	0.000000E+0	0.000000E+0	0.000000E+0
7.169693E+0	-2.771174E-3	-1.304000E+0	4.155990E+17	-4.532139E-19	-3.909419E-2	0.000000E+0	1.394760E-1	5.390917E-5	0.000000E+0	0.000000E+0	0.000000E+0
7.198766E+0	-3.862439E-3	-1.430000E+0	-3.194978E-18	5.558819E-18	-4.284044E-2	0.000000E+0	1.389127E-1	7.453245E-5	0.000000E+0	0.000000E+0	0.000000E+0
7.259726E+0	-3.718973E-3	-1.557000E+0	-3.021231E-18	2.523250E+17	-4.659484E-2	0.000000E+0	1.377462E-1	7.056388E-5	0.000000E+0	0.000000E+0	0.000000E+0
6.984407E+0	-2.781511E-4	-1.684000E+0	4.697494E+17	-5.230656E+17	-5.037425E-2	0.000000E+0	1.431761E-1	5.701928E-6	0.000000E+0	0.000000E+0	0.000000E+0
7.133608E+0	-2.162504E-3	-1.810000E+0	-4.715168E+17	-5.436513E+17	-5.468333E-2	0.000000E+0	1.401815E-1	4.249506E-5	0.000000E+0	0.000000E+0	0.000000E+0
7.158722E+0	-3.358019E-3	-1.937000E+0	-3.093320E+17	4.406614E-18	-5.816296E-2	0.000000E+0	1.396897E-1	6.552576E-5	0.000000E+0	0.000000E+0	0.000000E+0
7.221929E+0	-3.788191E-3	-2.063000E+0	-9.427510E-19	-9.422141E-19	-6.188623E-2	0.000000E+0	1.384671E-1	7.263155E-5	0.000000E+0	0.000000E+0	0.000000E+0
7.317609E+0	-3.176240E-3	-2.190000E+0	-4.716725E+17	-4.928293E+17	-6.574635E-2	0.000000E+0	1.366566E-1	5.931641E-5	0.000000E+0	0.000000E+0	0.000000E+0
7.382521E+0	-4.064167E-3	-2.316000E+0	-2.971689E+17	-4.901914E-18	-6.945992E-2	0.000000E+0	1.354550E-1	7.456964E-5	0.000000E+0	0.000000E+0	0.000000E+0
7.386039E+0	-5.686078E-3	-2.443000E+0	-1.478400E+17	2.700612E+17	-7.365303E-2	0.000000E+0	1.353905E-1	1.042292E-4	0.000000E+0	0.000000E+0	0.000000E+0
7.386548E+0	-3.804109E-3	-2.570000E+0	-2.726899E+17	1.903750E-18	-7.743399E-2	0.000000E+0	1.353812E-1	6.972199E-5	0.000000E+0	0.000000E+0	0.000000E+0
7.318851E+0	-5.541387E-3	-2.696000E+0	-1.696221E+17	-6.410840E-19	-8.115776E-2	0.000000E+0	1.366334E-1	1.034505E-4	0.000000E+0	0.000000E+0	0.000000E+0
7.281812E+0	-5.731197E-3	-2.823000E+0	6.411590E-18	-1.599031E-19	-8.525588E-2	0.000000E+0	1.373284E-1	1.080852E-4	0.000000E+0	0.000000E+0	0.000000E+0
7.194186E+0	-4.583694E-3	-2.949000E+0	-4.319920E+17	-4.172230E+17	-8.930498E-2	0.000000E+0	1.390011E-1	8.856296E-5	0.000000E+0	0.000000E+0	0.000000E+0
7.083236E+0	-5.267320E-3	-3.076000E+0	-5.506670E-18	3.318154E+17	-9.335253E-2	0.000000E+0	1.411783E-1	1.049847E-4	0.000000E+0	0.000000E+0	0.000000E+0
7.149863E+0	-1.450256E-2	-3.203000E+0	4.410889E+17	3.939340E-18	-9.750225E-2	0.000000E+0	1.398622E-1	2.836922E-4	0.000000E+0	0.000000E+0	0.000000E+0
7.309880E+0	1.164113E-1	-3.329000E+0	3.271013E+17	1.849291E+17	-1.016269E-1	0.000000E+0	1.367665E-1	-2.178033E-3	0.000000E+0	0.000000E+0	0.000000E+0
7.254446E+0	3.171831E-1	-3.456000E+0	-4.775830E-18	6.138991E-18	-1.046112E-1	0.000000E+0	1.375835E-1	-6.015505E-3	0.000000E+0	0.000000E+0	0.000000E+0
6.509607E+0	-3.596161E-3	-3.582000E+0	-2.208677E-18	1.807661E-18	-1.101960E-1	0.000000E+0	1.536191E-1	8.486516E-5	0.000000E+0	0.000000E+0	0.000000E+0
6.368682E+0	-9.305222E-3	-3.709000E+0	-7.957818E+16	-3.372665E-18	-1.147512E-1	0.000000E+0	1.570180E-1	2.294176E-4	0.000000E+0	0.000000E+0	0.000000E+0
6.343589E+0	-8.569289E-3	-3.835000E+0	2.088242E+17	-2.195880E+17	-1.187426E-1	0.000000E+0	1.576392E-1	2.129482E-4	0.000000E+0	0.000000E+0	0.000000E+0
6.442240E+0	3.046371E-2	-3.962000E+0	5.232691E+17	-3.553127E+17	-1.227840E-1	0.000000E+0	1.552220E-1	-7.340054E-4	0.000000E+0	0.000000E+0	0.000000E+0
6.314052E+0	1.885538E-1	-4.089000E+0	-1.183523E-18	-5.342346E-18	-1.261743E-1	0.000000E+0	1.582358E-1	-4.725327E-3	0.000000E+0	0.000000E+0	0.000000E+0
5.567718E+0	-5.203229E-1	-4.215000E+0	-5.203440E-18	3.843920E-18	-1.242326E-1	0.000000E+0	1.780518E-1	1.663957E-2	0.000000E+0	0.000000E+0	0.000000E+0
5.917471E+0	7.280193E-2	-4.342000E+0	3.723455E-18	4.245176E+17	-1.245274E-1	0.000000E+0	1.689655E-1	-2.078763E-3	0.000000E+0	0.000000E+0	0.000000E+0
4.010517E+0	8.109944E-1	-4.468000E+0	1.311717E+15	5.157902E-18	-1.241812E-1	0.000000E+0	2.395489E-1	-4.844083E-2	0.000000E+0	0.000000E+0	0.000000E+0
7.933295E+0	3.844400E-1	-4.595000E+0	-4.475620E-18	-5.687704E-18	-1.335403E-1	0.000000E+0	1.257557E-1	-6.094004E-3	0.000000E+0	0.000000E+0	0.000000E+0
-2.678809E-1	3.346752E+0	-4.722000E+0	-6.256276E-18	1.400744E+17	-1.202257E-1	0.000000E+0	-2.376409E-2	-2.968950E-1	0.000000E+0	0.000000E+0	0.000000E+0
2.721667E+0	-9.218073E-1	-4.848000E+0	2.653475E+17	2.403843E+17	-1.242003E-1	0.000000E+0	3.296114E-1	1.116368E-1	0.000000E+0	0.000000E+0	0.000000E+0
5.778124E+0	1.992768E+0	-4.975000E+0	-3.335094E+16	-2.240669E+17	-1.241263E-1	0.000000E+0	1.546696E-1	-5.334270E-2	0.000000E+0	0.000000E+0	0.000000E+0
6.313329E+0	8.232546E-1	-5.101000E+0	8.607211E+16	1.700546E-17	-1.241111E-1	0.000000E+0	1.557467E-1	-2.030929E-2	0.000000E+0	0.000000E+0	0.000000E+0
7.154858E+0	5.447501E-1	-5.228000E+0	2.127762E-18	3.293656E+15	-1.242077E-1	0.000000E+0	1.389596E-1	-1.057998E-2	0.000000E+0	0.000000E+0	0.000000E+0
7.311802E+0	4.085301E-1	-5.354000E+0	8.036571E+16	-5.942611E-18	-1.241260E-1	0.000000E+0	1.363396E-1	-7.617660E-3	0.000000E+0	0.000000E+0	0.000000E+0
7.499138E+0	1.084850E+0	-5.481000E+0	-6.504745E+16	2.369911E+17	-1.240643E-1	0.000000E+0	1.306152E-1	-1.889523E-2	0.000000E+0	0.000000E+0	0.000000E+0
7.209329E+0	5.745517E-1	-5.608000E+0	5.725574E-18	6.181145E-18	-1.240991E-1	0.000000E+0	1.378337E-1	-1.098474E-2	0.000000E+0	0.000000E+0	0.000000E+0
7.421022E+0	2.065616E-1	-5.734000E+0	-2.052875E-18	3.493290E-18	-1.241140E-1	0.000000E+0	1.346480E-1	-3.747881E-3	0.000000E+0	0.000000E+0	0.000000E+0
7.511319E+0	3.538715E-1	-5.861000E+0	2.907620E+17	-1.496570E-18	-1.240727E-1	0.000000E+0	1.328376E-1	-6.258213E-3	0.000000E+0	0.000000E+0	0.000000E+0
6.891246E+0	1.112499E-1	-5.987000E+0	-2.649665E-18	4.664198E-18	-1.240575E-1	0.000000E+0	1.450738E-1	-2.342022E-3	0.000000E+0	0.000000E+0	0.000000E+0
8.277988E+0	1.196212E+0	-6.114000E+0	6.288344E-18	-3.929323E-18	-1.241147E-1	0.000000E+0	1.183313E-1	-1.709949E-2	0.000000E+0	0.000000E+0	0.000000E+0
7.659039E+0	2.106259E-1	-6.241000E+0	8.250878E-19	2.835790E+17	-1.240438E-1	0.000000E+0	1.304660E-1	-3.587855E-3	0.000000E+0	0.000000E+0	0.000000E+0
7.640182E+0	2.140162E-1	-6.367000E+0	4.508571E+17	-2.686618E+17	-1.240142E-1	0.000000E+0	1.307843E-1	-3.663520E-3	0.000000E+0	0.000000E+0	0.000000E+0
7.741249E+0	2.044071E-1	-6.494000E+0	2.517955E+17	3.793721E+16	-1.240128E-1	0.000000E+0	1.290881E-1	-3.408562E-3	0.000000E+0	0.000000E+0	0.000000E+0
7.439456E+0	1.607289E-1	-6.620000E+0	-6.194310E-18	5.176240E+17	-1.239429E-1	0.000000E+0	1.343557E-1	-2.902745E-3	0.000000E+0	0.000000E+0	0.000000E+0
7.175189E+0	3.053914E-1	-6.747000E+0	-5.749716E+17	1.371841E+17	-1.240303E-1	0.000000E+0	1.391171E-1	-5.921123E-3	0.000000E+0	0.000000E+0	0.000000E+0
7.650070E+0	1.793217E-1	-6.873000E+0	-4.691027E+17	6.689522E-18	-1.240309E-1	0.000000E+0	1.306460E-1	-3.062411E-3	0.000000E+0	0.000000E+0	0.000000E+0
7.563140E+0	1.446695E-1	-7.000000E+0	-3.567381E+17	-4.286482E-18	-1.240447E-1	0.000000E+0	1.321719E-1	-2.528214E-3	0.000000E+0	0.000000E+0	0.000000E+0
