Real / Ohm	Ximag / Ohm	V_DC / V	I_a c / A	V_ac / V	I_DC / A
7.010916E+0	-1.206101E+0	-2.000000E+0	-3.567381E+17	-4.286482E-18	-6.092270E-2	1.000000E+7	1.385348E-1	2.383240E-2	0.000000E+0	0.000000E+0	0.000000E+0
6.980783E+0	-1.227240E+0	-1.949000E+0	-4.691027E+17	6.689522E-18	-5.905894E-2	0.000000E+0	1.389558E-1	2.442879E-2	0.000000E+0	0.000000E+0	0.000000E+0
7.044588E+0	-1.189974E+0	-1.899000E+0	-5.749716E+17	1.371841E+17	-5.802713E-2	0.000000E+0	1.380148E-1	2.331351E-2	0.000000E+0	0.000000E+0	0.000000E+0
6.965935E+0	-1.205288E+0	-1.848000E+0	-6.194310E-18	5.176240E+17	-5.577574E-2	0.000000E+0	1.393829E-1	2.411687E-2	0.000000E+0	0.000000E+0	0.000000E+0
6.878891E+0	-1.217788E+0	-1.797000E+0	2.517955E+17	3.793721E+16	-5.474038E-2	0.000000E+0	1.409547E-1	2.495357E-2	0.000000E+0	0.000000E+0	0.000000E+0
6.833270E+0	-1.193270E+0	-1.747000E+0	4.508571E+17	-2.686618E+17	-5.290928E-2	0.000000E+0	1.420122E-1	2.479910E-2	0.000000E+0	0.000000E+0	0.000000E+0
6.680901E+0	-1.247024E+0	-1.696000E+0	8.250878E-19	2.835790E+17	-5.178455E-2	0.000000E+0	1.446411E-1	2.699799E-2	0.000000E+0	0.000000E+0	0.000000E+0
6.709408E+0	-1.167104E+0	-1.646000E+0	6.288344E-18	-3.929323E-18	-4.997337E-2	0.000000E+0	1.446670E-1	2.516488E-2	0.000000E+0	0.000000E+0	0.000000E+0
6.330727E+0	-1.253706E+0	-1.595000E+0	-2.649665E-18	4.664198E-18	-4.867448E-2	0.000000E+0	1.519987E-1	3.010107E-2	0.000000E+0	0.000000E+0	0.000000E+0
6.578196E+0	-1.232589E+0	-1.544000E+0	2.907620E+17	-1.496570E-18	-4.686026E-2	0.000000E+0	1.468612E-1	2.751810E-2	0.000000E+0	0.000000E+0	0.000000E+0
6.481076E+0	-1.230345E+0	-1.494000E+0	-2.052875E-18	3.493290E-18	-4.587238E-2	0.000000E+0	1.489283E-1	2.827203E-2	0.000000E+0	0.000000E+0	0.000000E+0
6.428149E+0	-1.245015E+0	-1.443000E+0	5.725574E-18	6.181145E-18	-4.392026E-2	0.000000E+0	1.499411E-1	2.904085E-2	0.000000E+0	0.000000E+0	0.000000E+0
6.357776E+0	-1.224618E+0	-1.392000E+0	-6.504745E+16	2.369911E+17	-4.278072E-2	0.000000E+0	1.516609E-1	2.921252E-2	0.000000E+0	0.000000E+0	0.000000E+0
6.375323E+0	-1.234854E+0	-1.342000E+0	8.036571E+16	-5.942611E-18	-4.079998E-2	0.000000E+0	1.511829E-1	2.928303E-2	0.000000E+0	0.000000E+0	0.000000E+0
6.353672E+0	-1.213464E+0	-1.291000E+0	2.127762E-18	3.293656E+15	-3.959046E-2	0.000000E+0	1.518504E-1	2.900135E-2	0.000000E+0	0.000000E+0	0.000000E+0
6.289405E+0	-1.226782E+0	-1.241000E+0	8.607211E+16	1.700546E-17	-3.786100E-2	0.000000E+0	1.531700E-1	2.987662E-2	0.000000E+0	0.000000E+0	0.000000E+0
6.233983E+0	-1.217516E+0	-1.190000E+0	-3.335094E+16	-2.240669E+17	-3.658918E-2	0.000000E+0	1.545173E-1	3.017770E-2	0.000000E+0	0.000000E+0	0.000000E+0
6.237766E+0	-1.224656E+0	-1.139000E+0	2.653475E+17	2.403843E+17	-3.472695E-2	0.000000E+0	1.543638E-1	3.030614E-2	0.000000E+0	0.000000E+0	0.000000E+0
6.202871E+0	-1.216779E+0	-1.089000E+0	-6.256276E-18	1.400744E+17	-3.324366E-2	0.000000E+0	1.552419E-1	3.045285E-2	0.000000E+0	0.000000E+0	0.000000E+0
5.907623E+0	-1.233342E+0	-1.038000E+0	-4.475620E-18	-5.687704E-18	-3.191718E-2	0.000000E+0	1.622031E-1	3.386335E-2	0.000000E+0	0.000000E+0	0.000000E+0
6.081231E+0	-1.226751E+0	-9.870000E-1	1.311717E+15	5.157902E-18	-3.044107E-2	0.000000E+0	1.580103E-1	3.187501E-2	0.000000E+0	0.000000E+0	0.000000E+0
6.007594E+0	-1.227562E+0	-9.370000E-1	3.723455E-18	4.245176E+17	-2.868556E-2	0.000000E+0	1.597845E-1	3.264958E-2	0.000000E+0	0.000000E+0	0.000000E+0
5.921009E+0	-1.224207E+0	-8.860000E-1	-5.203440E-18	3.843920E-18	-2.721251E-2	0.000000E+0	1.619664E-1	3.348759E-2	0.000000E+0	0.000000E+0	0.000000E+0
5.902951E+0	-1.215110E+0	-8.350000E-1	-1.183523E-18	-5.342346E-18	-2.553261E-2	0.000000E+0	1.625203E-1	3.345445E-2	0.000000E+0	0.000000E+0	0.000000E+0
5.910911E+0	-1.214982E+0	-7.850000E-1	5.232691E+17	-3.553127E+17	-2.416117E-2	0.000000E+0	1.623206E-1	3.336483E-2	0.000000E+0	0.000000E+0	0.000000E+0
5.946430E+0	-1.222395E+0	-7.340000E-1	2.088242E+17	-2.195880E+17	-2.237403E-2	0.000000E+0	1.613498E-1	3.316833E-2	0.000000E+0	0.000000E+0	0.000000E+0
5.891127E+0	-1.192607E+0	-6.840000E-1	-7.957818E+16	-3.372665E-18	-2.103119E-2	0.000000E+0	1.630640E-1	3.301089E-2	0.000000E+0	0.000000E+0	0.000000E+0
5.851170E+0	-1.209985E+0	-6.330000E-1	-2.208677E-18	1.807661E-18	-1.935129E-2	0.000000E+0	1.638972E-1	3.389290E-2	0.000000E+0	0.000000E+0	0.000000E+0
5.843943E+0	-1.209148E+0	-5.820000E-1	-4.775830E-18	6.138991E-18	-1.791297E-2	0.000000E+0	1.640925E-1	3.395176E-2	0.000000E+0	0.000000E+0	0.000000E+0
5.688120E+0	-1.222619E+0	-5.320000E-1	3.271013E+17	1.849291E+17	-1.642508E-2	0.000000E+0	1.680414E-1	3.611926E-2	0.000000E+0	0.000000E+0	0.000000E+0
5.573410E+0	-1.215286E+0	-4.810000E-1	4.410889E+17	3.939340E-18	-1.478809E-2	0.000000E+0	1.712797E-1	3.734766E-2	0.000000E+0	0.000000E+0	0.000000E+0
5.670701E+0	-1.212657E+0	-4.300000E-1	-5.506670E-18	3.318154E+17	-1.326856E-2	0.000000E+0	1.686334E-1	3.606159E-2	0.000000E+0	0.000000E+0	0.000000E+0
5.641097E+0	-1.196798E+0	-3.800000E-1	-4.319920E+17	-4.172230E+17	-1.169180E-2	0.000000E+0	1.696351E-1	3.598927E-2	0.000000E+0	0.000000E+0	0.000000E+0
5.521973E+0	-1.208942E+0	-3.290000E-1	6.411590E-18	-1.599031E-19	-1.011252E-2	0.000000E+0	1.728115E-1	3.783415E-2	0.000000E+0	0.000000E+0	0.000000E+0
5.577961E+0	-1.183657E+0	-2.780000E-1	-1.696221E+17	-6.410840E-19	-8.580741E-3	0.000000E+0	1.715520E-1	3.640376E-2	0.000000E+0	0.000000E+0	0.000000E+0
5.560909E+0	-1.225318E+0	-2.280000E-1	-2.726899E+17	1.903750E-18	-7.039734E-3	0.000000E+0	1.715001E-1	3.778917E-2	0.000000E+0	0.000000E+0	0.000000E+0
5.583577E+0	-1.180219E+0	-1.770000E-1	-1.478400E+17	2.700612E+17	-5.448706E-3	0.000000E+0	1.714371E-1	3.623722E-2	0.000000E+0	0.000000E+0	0.000000E+0
5.567494E+0	-1.209314E+0	-1.270000E-1	-2.971689E+17	-4.901914E-18	-3.885741E-3	0.000000E+0	1.715216E-1	3.725617E-2	0.000000E+0	0.000000E+0	0.000000E+0
5.558218E+0	-1.196138E+0	-7.600000E-2	-4.716725E+17	-4.928293E+17	-2.309524E-3	0.000000E+0	1.719504E-1	3.700403E-2	0.000000E+0	0.000000E+0	0.000000E+0
5.518746E+0	-1.183008E+0	-2.500000E-2	-9.427510E-19	-9.422141E-19	-7.516935E-4	0.000000E+0	1.732400E-1	3.713604E-2	0.000000E+0	0.000000E+0	0.000000E+0
5.451396E+0	-1.239953E+0	2.500000E-2	-3.093320E+17	4.406614E-18	8.097397E-4	0.000000E+0	1.744156E-1	3.967189E-2	0.000000E+0	0.000000E+0	0.000000E+0
5.450454E+0	-1.202166E+0	7.600000E-2	-4.715168E+17	-5.436513E+17	2.386467E-3	0.000000E+0	1.749596E-1	3.858952E-2	0.000000E+0	0.000000E+0	0.000000E+0
5.477249E+0	-1.200432E+0	1.270000E-1	4.697494E+17	-5.230656E+17	3.960640E-3	0.000000E+0	1.742056E-1	3.818011E-2	0.000000E+0	0.000000E+0	0.000000E+0
5.490201E+0	-1.167234E+0	1.770000E-1	-3.021231E-18	2.523250E+17	5.523604E-3	0.000000E+0	1.742659E-1	3.704947E-2	0.000000E+0	0.000000E+0	0.000000E+0
5.450788E+0	-1.210164E+0	2.280000E-1	-3.194978E-18	5.558819E-18	7.060495E-3	0.000000E+0	1.748416E-1	3.881768E-2	0.000000E+0	0.000000E+0	0.000000E+0
5.456839E+0	-1.203132E+0	2.780000E-1	4.155990E+17	-4.532139E-19	8.622438E-3	0.000000E+0	1.747608E-1	3.853152E-2	0.000000E+0	0.000000E+0	0.000000E+0
5.498764E+0	-1.214318E+0	3.290000E-1	-4.316265E+17	4.857998E-18	1.017210E-2	0.000000E+0	1.734026E-1	3.829331E-2	0.000000E+0	0.000000E+0	0.000000E+0
5.483902E+0	-1.186352E+0	3.800000E-1	-3.849816E-18	-6.877525E-18	1.175802E-2	0.000000E+0	1.741993E-1	3.768516E-2	0.000000E+0	0.000000E+0	0.000000E+0
5.516599E+0	-1.225149E+0	4.300000E-1	4.766215E-20	4.558806E+17	1.333784E-2	0.000000E+0	1.727508E-1	3.836521E-2	0.000000E+0	0.000000E+0	0.000000E+0
5.499529E+0	-1.209095E+0	4.810000E-1	1.388541E-18	6.784146E-18	1.491150E-2	0.000000E+0	1.734499E-1	3.813370E-2	0.000000E+0	0.000000E+0	0.000000E+0
5.545040E+0	-1.183634E+0	5.320000E-1	3.266052E+17	-3.632521E-18	1.643766E-2	0.000000E+0	1.724823E-1	3.681775E-2	0.000000E+0	0.000000E+0	0.000000E+0
5.371265E+0	-1.217680E+0	5.820000E-1	-7.975154E-19	6.323277E-18	1.807213E-2	0.000000E+0	1.770753E-1	4.014343E-2	0.000000E+0	0.000000E+0	0.000000E+0
5.461027E+0	-1.206710E+0	6.330000E-1	-4.524462E+17	2.055148E+17	1.959115E-2	0.000000E+0	1.745910E-1	3.857896E-2	0.000000E+0	0.000000E+0	0.000000E+0
5.458331E+0	-1.192190E+0	6.840000E-1	-6.904543E-18	-8.377323E+16	2.141047E-2	0.000000E+0	1.748642E-1	3.819323E-2	0.000000E+0	0.000000E+0	0.000000E+0
5.515732E+0	-1.221048E+0	7.340000E-1	2.547933E-18	-3.215913E-19	2.267108E-2	0.000000E+0	1.728297E-1	3.826027E-2	0.000000E+0	0.000000E+0	0.000000E+0
5.460306E+0	-1.245611E+0	7.850000E-1	-1.554791E+17	1.089529E+17	2.436732E-2	0.000000E+0	1.740809E-1	3.971152E-2	0.000000E+0	0.000000E+0	0.000000E+0
5.485863E+0	-1.226205E+0	8.350000E-1	-5.196819E+17	1.790907E+17	2.585930E-2	0.000000E+0	1.736128E-1	3.880608E-2	0.000000E+0	0.000000E+0	0.000000E+0
5.563020E+0	-1.206562E+0	8.860000E-1	3.883600E+17	-5.707470E+17	2.754277E-2	0.000000E+0	1.716823E-1	3.723614E-2	0.000000E+0	0.000000E+0	0.000000E+0
5.544167E+0	-1.214986E+0	9.370000E-1	-2.798456E+17	-3.562291E+17	2.893563E-2	0.000000E+0	1.721044E-1	3.771611E-2	0.000000E+0	0.000000E+0	0.000000E+0
5.683109E+0	-1.221772E+0	9.870000E-1	7.433461E+16	-3.421240E+17	3.045927E-2	0.000000E+0	1.681868E-1	3.615731E-2	0.000000E+0	0.000000E+0	0.000000E+0
5.639973E+0	-1.237432E+0	1.038000E+0	4.333500E+17	8.421242E+16	3.196041E-2	0.000000E+0	1.691627E-1	3.711494E-2	0.000000E+0	0.000000E+0	0.000000E+0
5.677871E+0	-1.228507E+0	1.089000E+0	5.318055E+17	-2.871880E+17	3.364030E-2	0.000000E+0	1.682459E-1	3.640296E-2	0.000000E+0	0.000000E+0	0.000000E+0
5.520565E+0	-1.229163E+0	1.139000E+0	-5.520479E-19	1.659667E-18	3.505617E-2	0.000000E+0	1.725852E-1	3.842638E-2	0.000000E+0	0.000000E+0	0.000000E+0
5.693929E+0	-1.239898E+0	1.190000E+0	9.197504E+16	2.296609E-18	3.684179E-2	0.000000E+0	1.676748E-1	3.651250E-2	0.000000E+0	0.000000E+0	0.000000E+0
5.679184E+0	-1.224753E+0	1.241000E+0	1.138051E+17	1.810141E+17	3.837102E-2	0.000000E+0	1.682564E-1	3.628559E-2	0.000000E+0	0.000000E+0	0.000000E+0
5.720018E+0	-1.230445E+0	1.291000E+0	1.676928E-18	4.035830E-18	3.997893E-2	0.000000E+0	1.670927E-1	3.594366E-2	0.000000E+0	0.000000E+0	0.000000E+0
5.651754E+0	-1.276049E+0	1.342000E+0	-2.680825E+17	-5.132058E+17	4.134370E-2	0.000000E+0	1.683542E-1	3.801088E-2	0.000000E+0	0.000000E+0	0.000000E+0
5.728823E+0	-1.254191E+0	1.392000E+0	5.241928E+17	-4.155966E-18	4.308338E-2	0.000000E+0	1.665723E-1	3.646709E-2	0.000000E+0	0.000000E+0	0.000000E+0
5.903865E+0	-1.236524E+0	1.443000E+0	2.579781E+17	4.569569E-19	4.447727E-2	0.000000E+0	1.622627E-1	3.398481E-2	0.000000E+0	0.000000E+0	0.000000E+0
5.859946E+0	-1.239411E+0	1.494000E+0	2.915631E-18	5.325354E+16	4.602233E-2	0.000000E+0	1.633430E-1	3.454794E-2	0.000000E+0	0.000000E+0	0.000000E+0
6.067955E+0	-1.267020E+0	1.544000E+0	-1.980656E+17	2.858813E+16	4.754393E-2	0.000000E+0	1.579151E-1	3.297349E-2	0.000000E+0	0.000000E+0	0.000000E+0
6.019362E+0	-1.257728E+0	1.595000E+0	-2.714796E-18	1.441508E+17	4.915947E-2	0.000000E+0	1.591809E-1	3.326038E-2	0.000000E+0	0.000000E+0	0.000000E+0
6.081708E+0	-1.261221E+0	1.646000E+0	5.785012E-19	5.234687E+17	5.057532E-2	0.000000E+0	1.576477E-1	3.269288E-2	0.000000E+0	0.000000E+0	0.000000E+0
5.963593E+0	-1.267184E+0	1.696000E+0	3.390598E+17	1.295985E-19	5.212348E-2	0.000000E+0	1.604402E-1	3.409140E-2	0.000000E+0	0.000000E+0	0.000000E+0
5.960319E+0	-1.265728E+0	1.747000E+0	-5.351627E-18	2.391872E+17	5.375178E-2	0.000000E+0	1.605366E-1	3.409142E-2	0.000000E+0	0.000000E+0	0.000000E+0
6.187092E+0	-1.208581E+0	1.797000E+0	2.587907E+17	-4.848260E-18	5.575296E-2	0.000000E+0	1.556862E-1	3.041161E-2	0.000000E+0	0.000000E+0	0.000000E+0
6.127912E+0	-1.283642E+0	1.848000E+0	-3.848534E+17	-9.739225E-19	5.667697E-2	0.000000E+0	1.563281E-1	3.274677E-2	0.000000E+0	0.000000E+0	0.000000E+0
6.083906E+0	-1.283950E+0	1.899000E+0	6.653843E-18	-4.395667E+17	5.851111E-2	0.000000E+0	1.573596E-1	3.320923E-2	0.000000E+0	0.000000E+0	0.000000E+0
6.100488E+0	-1.266710E+0	1.949000E+0	-1.137863E-18	-4.188961E+17	5.999389E-2	0.000000E+0	1.571460E-1	3.262992E-2	0.000000E+0	0.000000E+0	0.000000E+0
6.449594E+0	-1.232811E+0	2.000000E+0	-9.275714E-19	-3.780148E-18	6.161147E-2	0.000000E+0	1.495833E-1	2.859217E-2	0.000000E+0	0.000000E+0	0.000000E+0
