Real / Ohm	Ximag / Ohm	V_DC / V	I_a c / A	V_ac / V	I_DC / A
8.757895E+0	7.717182E-2	3.000000E+0	-9.275714E-19	-3.780148E-18	8.355057E-2	1.000000E+5	1.141738E-1	-1.006064E-3	0.000000E+0	0.000000E+0	0.000000E+0
8.805159E+0	5.393496E-2	2.924000E+0	-1.137863E-18	-4.188961E+17	8.070180E-2	0.000000E+0	1.135655E-1	-6.956322E-4	0.000000E+0	0.000000E+0	0.000000E+0
8.894262E+0	5.238932E-2	2.848000E+0	6.653843E-18	-4.395667E+17	7.894650E-2	0.000000E+0	1.124281E-1	-6.622285E-4	0.000000E+0	0.000000E+0	0.000000E+0
8.803299E+0	6.463410E-2	2.772000E+0	-3.848534E+17	-9.739225E-19	7.704666E-2	0.000000E+0	1.135877E-1	-8.339642E-4	0.000000E+0	0.000000E+0	0.000000E+0
8.758436E+0	7.890382E-2	2.696000E+0	2.587907E+17	-4.848260E-18	7.398443E-2	0.000000E+0	1.141664E-1	-1.028513E-3	0.000000E+0	0.000000E+0	0.000000E+0
8.921215E+0	6.259425E-2	2.620000E+0	-5.351627E-18	2.391872E+17	7.299265E-2	0.000000E+0	1.120868E-1	-7.864390E-4	0.000000E+0	0.000000E+0	0.000000E+0
9.586006E+0	3.280205E-2	2.544000E+0	3.390598E+17	1.295985E-19	7.015717E-2	0.000000E+0	1.043175E-1	-3.569608E-4	0.000000E+0	0.000000E+0	0.000000E+0
9.725771E+0	5.556440E-2	2.468000E+0	5.785012E-19	5.234687E+17	6.822567E-2	0.000000E+0	1.028163E-1	-5.874006E-4	0.000000E+0	0.000000E+0	0.000000E+0
9.085773E+0	4.893649E-2	2.392000E+0	-2.714796E-18	1.441508E+17	6.639223E-2	0.000000E+0	1.100590E-1	-5.927840E-4	0.000000E+0	0.000000E+0	0.000000E+0
9.243250E+0	5.716591E-2	2.316000E+0	-1.980656E+17	2.858813E+16	6.442752E-2	0.000000E+0	1.081829E-1	-6.690693E-4	0.000000E+0	0.000000E+0	0.000000E+0
9.375671E+0	4.148530E-2	2.241000E+0	2.915631E-18	5.325354E+16	6.153739E-2	0.000000E+0	1.066569E-1	-4.719337E-4	0.000000E+0	0.000000E+0	0.000000E+0
1.018584E+1	1.827648E-2	2.165000E+0	2.579781E+17	4.569569E-19	5.986585E-2	0.000000E+0	9.817519E-2	-1.761560E-4	0.000000E+0	0.000000E+0	0.000000E+0
9.487154E+0	4.180536E-2	2.089000E+0	5.241928E+17	-4.155966E-18	5.786693E-2	0.000000E+0	1.054036E-1	-4.644635E-4	0.000000E+0	0.000000E+0	0.000000E+0
9.425270E+0	2.773215E-2	2.013000E+0	-2.680825E+17	-5.132058E+17	5.560806E-2	0.000000E+0	1.060968E-1	-3.121707E-4	0.000000E+0	0.000000E+0	0.000000E+0
1.112024E+1	-2.272860E-4	1.937000E+0	1.676928E-18	4.035830E-18	5.252079E-2	0.000000E+0	8.992612E-2	1.837995E-6	0.000000E+0	0.000000E+0	0.000000E+0
9.408707E+0	3.044365E-2	1.861000E+0	1.138051E+17	1.810141E+17	5.142943E-2	0.000000E+0	1.062834E-1	-3.439001E-4	0.000000E+0	0.000000E+0	0.000000E+0
9.596903E+0	1.955416E-2	1.785000E+0	9.197504E+16	2.296609E-18	4.982734E-2	0.000000E+0	1.041998E-1	-2.123123E-4	0.000000E+0	0.000000E+0	0.000000E+0
9.499649E+0	2.507523E-2	1.709000E+0	-5.520479E-19	1.659667E-18	4.735754E-2	0.000000E+0	1.052663E-1	-2.778605E-4	0.000000E+0	0.000000E+0	0.000000E+0
9.648499E+0	1.749969E-2	1.633000E+0	5.318055E+17	-2.871880E+17	4.505067E-2	0.000000E+0	1.036427E-1	-1.879790E-4	0.000000E+0	0.000000E+0	0.000000E+0
9.358801E+0	1.809656E-2	1.557000E+0	4.333500E+17	8.421242E+16	4.334337E-2	0.000000E+0	1.068509E-1	-2.066113E-4	0.000000E+0	0.000000E+0	0.000000E+0
9.877354E+0	6.051563E-3	1.481000E+0	7.433461E+16	-3.421240E+17	4.122086E-2	0.000000E+0	1.012417E-1	-6.202777E-5	0.000000E+0	0.000000E+0	0.000000E+0
9.674931E+0	9.476466E-3	1.405000E+0	-2.798456E+17	-3.562291E+17	3.850131E-2	0.000000E+0	1.033598E-1	-1.012396E-4	0.000000E+0	0.000000E+0	0.000000E+0
9.510321E+0	9.985818E-4	1.329000E+0	3.883600E+17	-5.707470E+17	3.674091E-2	0.000000E+0	1.051489E-1	-1.104062E-5	0.000000E+0	0.000000E+0	0.000000E+0
9.402180E+0	5.486906E-3	1.253000E+0	-5.196819E+17	1.790907E+17	3.487325E-2	0.000000E+0	1.063583E-1	-6.206836E-5	0.000000E+0	0.000000E+0	0.000000E+0
1.041767E+1	9.716958E-2	1.177000E+0	-1.554791E+17	1.089529E+17	3.275482E-2	0.000000E+0	9.598240E-2	-8.952645E-4	0.000000E+0	0.000000E+0	0.000000E+0
9.609646E+0	1.728581E-2	1.101000E+0	2.547933E-18	-3.215913E-19	3.002915E-2	0.000000E+0	1.040618E-1	-1.871861E-4	0.000000E+0	0.000000E+0	0.000000E+0
9.458210E+0	1.128893E-2	1.025000E+0	-6.904543E-18	-8.377323E+16	2.784842E-2	0.000000E+0	1.057281E-1	-1.261927E-4	0.000000E+0	0.000000E+0	0.000000E+0
1.020543E+1	-2.943007E-2	9.490000E-1	-4.524462E+17	2.055148E+17	2.628413E-2	0.000000E+0	9.798624E-2	2.825694E-4	0.000000E+0	0.000000E+0	0.000000E+0
9.473934E+0	-4.433703E-3	8.730000E-1	-7.975154E-19	6.323277E-18	2.426479E-2	0.000000E+0	1.055527E-1	4.939759E-5	0.000000E+0	0.000000E+0	0.000000E+0
9.416573E+0	5.171391E-3	7.970000E-1	3.266052E+17	-3.632521E-18	2.226434E-2	0.000000E+0	1.061957E-1	-5.832053E-5	0.000000E+0	0.000000E+0	0.000000E+0
9.701300E+0	1.427650E-2	7.220000E-1	1.388541E-18	6.784146E-18	2.011013E-2	0.000000E+0	1.030787E-1	-1.516914E-4	0.000000E+0	0.000000E+0	0.000000E+0
9.957071E+0	-3.864433E-3	6.460000E-1	4.766215E-20	4.558806E+17	1.765157E-2	0.000000E+0	1.004311E-1	3.897827E-5	0.000000E+0	0.000000E+0	0.000000E+0
9.712927E+0	-8.593893E-3	5.700000E-1	-3.849816E-18	-6.877525E-18	1.573947E-2	0.000000E+0	1.029555E-1	9.109391E-5	0.000000E+0	0.000000E+0	0.000000E+0
9.448610E+0	3.812312E-3	4.940000E-1	-4.316265E+17	4.857998E-18	1.369051E-2	0.000000E+0	1.058357E-1	-4.270242E-5	0.000000E+0	0.000000E+0	0.000000E+0
9.488523E+0	3.356583E-3	4.180000E-1	4.155990E+17	-4.532139E-19	1.162673E-2	0.000000E+0	1.053905E-1	-3.728208E-5	0.000000E+0	0.000000E+0	0.000000E+0
9.804453E+0	-1.325899E-2	3.420000E-1	-3.194978E-18	5.558819E-18	9.524651E-3	0.000000E+0	1.019943E-1	1.379313E-4	0.000000E+0	0.000000E+0	0.000000E+0
9.777922E+0	-4.745504E-3	2.660000E-1	-3.021231E-18	2.523250E+17	7.344429E-3	0.000000E+0	1.022712E-1	4.963512E-5	0.000000E+0	0.000000E+0	0.000000E+0
9.728607E+0	-4.688857E-3	1.900000E-1	4.697494E+17	-5.230656E+17	5.318445E-3	0.000000E+0	1.027896E-1	4.954109E-5	0.000000E+0	0.000000E+0	0.000000E+0
9.540367E+0	7.416880E-3	1.140000E-1	-4.715168E+17	-5.436513E+17	3.173463E-3	0.000000E+0	1.048177E-1	-8.148747E-5	0.000000E+0	0.000000E+0	0.000000E+0
9.406387E+0	4.486984E-3	3.800000E-2	-3.093320E+17	4.406614E-18	1.071382E-3	0.000000E+0	1.063107E-1	-5.071177E-5	0.000000E+0	0.000000E+0	0.000000E+0
9.577019E+0	-4.503007E-3	-3.800000E-2	-9.427510E-19	-9.422141E-19	-1.067472E-3	0.000000E+0	1.044166E-1	4.909552E-5	0.000000E+0	0.000000E+0	0.000000E+0
9.718405E+0	2.807382E-3	-1.140000E-1	-4.716725E+17	-4.928293E+17	-3.117460E-3	0.000000E+0	1.028975E-1	-2.972429E-5	0.000000E+0	0.000000E+0	0.000000E+0
9.766428E+0	5.973497E-3	-1.900000E-1	-2.971689E+17	-4.901914E-18	-5.160809E-3	0.000000E+0	1.023915E-1	-6.262633E-5	0.000000E+0	0.000000E+0	0.000000E+0
9.438848E+0	5.360036E-3	-2.660000E-1	-1.478400E+17	2.700612E+17	-7.376784E-3	0.000000E+0	1.059451E-1	-6.016301E-5	0.000000E+0	0.000000E+0	0.000000E+0
9.373957E+0	2.594679E-4	-3.420000E-1	-2.726899E+17	1.903750E-18	-9.423198E-3	0.000000E+0	1.066785E-1	-2.952825E-6	0.000000E+0	0.000000E+0	0.000000E+0
9.688608E+0	1.290144E-2	-4.180000E-1	-1.696221E+17	-6.410840E-19	-1.161261E-2	0.000000E+0	1.032138E-1	-1.374405E-4	0.000000E+0	0.000000E+0	0.000000E+0
9.479952E+0	1.292971E-2	-4.940000E-1	6.411590E-18	-1.599031E-19	-1.359723E-2	0.000000E+0	1.054856E-1	-1.438718E-4	0.000000E+0	0.000000E+0	0.000000E+0
9.476681E+0	-6.652595E-3	-5.700000E-1	-4.319920E+17	-4.172230E+17	-1.577285E-2	0.000000E+0	1.055221E-1	7.407614E-5	0.000000E+0	0.000000E+0	0.000000E+0
9.231457E+0	8.243525E-3	-6.460000E-1	-5.506670E-18	3.318154E+17	-1.790252E-2	0.000000E+0	1.083252E-1	-9.673243E-5	0.000000E+0	0.000000E+0	0.000000E+0
9.366535E+0	-5.071942E-3	-7.220000E-1	4.410889E+17	3.939340E-18	-2.031614E-2	0.000000E+0	1.067630E-1	5.781177E-5	0.000000E+0	0.000000E+0	0.000000E+0
9.223633E+0	4.743236E-3	-7.970000E-1	3.271013E+17	1.849291E+17	-2.241416E-2	0.000000E+0	1.084171E-1	-5.575330E-5	0.000000E+0	0.000000E+0	0.000000E+0
9.392876E+0	8.845419E-3	-8.730000E-1	-4.775830E-18	6.138991E-18	-2.457089E-2	0.000000E+0	1.064636E-1	-1.002584E-4	0.000000E+0	0.000000E+0	0.000000E+0
9.305767E+0	1.449515E-3	-9.490000E-1	-2.208677E-18	1.807661E-18	-2.582364E-2	0.000000E+0	1.074602E-1	-1.673857E-5	0.000000E+0	0.000000E+0	0.000000E+0
9.224480E+0	-2.255745E-3	-1.025000E+0	-7.957818E+16	-3.372665E-18	-2.845024E-2	0.000000E+0	1.084072E-1	2.650978E-5	0.000000E+0	0.000000E+0	0.000000E+0
9.334299E+0	-1.645020E-3	-1.101000E+0	2.088242E+17	-2.195880E+17	-3.069890E-2	0.000000E+0	1.071318E-1	1.888025E-5	0.000000E+0	0.000000E+0	0.000000E+0
9.187542E+0	2.543288E-2	-1.177000E+0	5.232691E+17	-3.553127E+17	-3.289597E-2	0.000000E+0	1.088422E-1	-3.012961E-4	0.000000E+0	0.000000E+0	0.000000E+0
9.327168E+0	-3.989212E-3	-1.253000E+0	-1.183523E-18	-5.342346E-18	-3.191788E-2	0.000000E+0	1.072137E-1	4.585508E-5	0.000000E+0	0.000000E+0	0.000000E+0
9.226532E+0	7.152634E-3	-1.329000E+0	-5.203440E-18	3.843920E-18	-3.723089E-2	0.000000E+0	1.083830E-1	-8.402118E-5	0.000000E+0	0.000000E+0	0.000000E+0
9.315638E+0	9.427156E-3	-1.405000E+0	3.723455E-18	4.245176E+17	-3.921856E-2	0.000000E+0	1.073463E-1	-1.086313E-4	0.000000E+0	0.000000E+0	0.000000E+0
9.242592E+0	1.571347E-2	-1.481000E+0	1.311717E+15	5.157902E-18	-4.156324E-2	0.000000E+0	1.081944E-1	-1.839430E-4	0.000000E+0	0.000000E+0	0.000000E+0
9.039337E+0	2.209992E-2	-1.557000E+0	-4.475620E-18	-5.687704E-18	-4.385787E-2	0.000000E+0	1.106269E-1	-2.704674E-4	0.000000E+0	0.000000E+0	0.000000E+0
9.063320E+0	2.794925E-2	-1.633000E+0	-6.256276E-18	1.400744E+17	-4.549979E-2	0.000000E+0	1.103338E-1	-3.402447E-4	0.000000E+0	0.000000E+0	0.000000E+0
9.341715E+0	3.210848E-2	-1.709000E+0	2.653475E+17	2.403843E+17	-4.774844E-2	0.000000E+0	1.070455E-1	-3.679268E-4	0.000000E+0	0.000000E+0	0.000000E+0
9.193323E+0	3.361499E-2	-1.785000E+0	-3.335094E+16	-2.240669E+17	-5.004562E-2	0.000000E+0	1.087731E-1	-3.977243E-4	0.000000E+0	0.000000E+0	0.000000E+0
9.031260E+0	4.082131E-2	-1.861000E+0	8.607211E+16	1.700546E-17	-5.186783E-2	0.000000E+0	1.107243E-1	-5.004738E-4	0.000000E+0	0.000000E+0	0.000000E+0
9.027622E+0	3.609370E-2	-1.937000E+0	2.127762E-18	3.293656E+15	-5.364253E-2	0.000000E+0	1.107694E-1	-4.428715E-4	0.000000E+0	0.000000E+0	0.000000E+0
9.195152E+0	4.520836E-2	-2.013000E+0	8.036571E+16	-5.942611E-18	-5.630080E-2	0.000000E+0	1.087503E-1	-5.346757E-4	0.000000E+0	0.000000E+0	0.000000E+0
8.947340E+0	4.683930E-2	-2.089000E+0	-6.504745E+16	2.369911E+17	-5.833086E-2	0.000000E+0	1.117620E-1	-5.850737E-4	0.000000E+0	0.000000E+0	0.000000E+0
8.892115E+0	7.660529E-2	-2.165000E+0	5.725574E-18	6.181145E-18	-6.028994E-2	0.000000E+0	1.124508E-1	-9.687604E-4	0.000000E+0	0.000000E+0	0.000000E+0
8.717331E+0	6.612262E-2	-2.241000E+0	-2.052875E-18	3.493290E-18	-6.174034E-2	0.000000E+0	1.147074E-1	-8.700776E-4	0.000000E+0	0.000000E+0	0.000000E+0
8.664909E+0	7.173851E-2	-2.316000E+0	2.907620E+17	-1.496570E-18	-6.395277E-2	0.000000E+0	1.154001E-1	-9.554205E-4	0.000000E+0	0.000000E+0	0.000000E+0
8.627062E+0	7.480465E-2	-2.392000E+0	-2.649665E-18	4.664198E-18	-6.731787E-2	0.000000E+0	1.159056E-1	-1.005009E-3	0.000000E+0	0.000000E+0	0.000000E+0
8.555454E+0	7.267636E-2	-2.468000E+0	6.288344E-18	-3.929323E-18	-6.901394E-2	0.000000E+0	1.168761E-1	-9.928319E-4	0.000000E+0	0.000000E+0	0.000000E+0
8.486200E+0	9.046131E-2	-2.544000E+0	8.250878E-19	2.835790E+17	-7.178506E-2	0.000000E+0	1.178250E-1	-1.255992E-3	0.000000E+0	0.000000E+0	0.000000E+0
8.424883E+0	7.689014E-2	-2.620000E+0	4.508571E+17	-2.686618E+17	-7.288153E-2	0.000000E+0	1.186861E-1	-1.083195E-3	0.000000E+0	0.000000E+0	0.000000E+0
8.366594E+0	8.850622E-2	-2.696000E+0	2.517955E+17	3.793721E+16	-7.532069E-2	0.000000E+0	1.195096E-1	-1.264235E-3	0.000000E+0	0.000000E+0	0.000000E+0
8.167194E+0	1.064240E-1	-2.772000E+0	-6.194310E-18	5.176240E+17	-7.783289E-2	0.000000E+0	1.224203E-1	-1.595218E-3	0.000000E+0	0.000000E+0	0.000000E+0
8.107956E+0	1.199166E-1	-2.848000E+0	-5.749716E+17	1.371841E+17	-7.705449E-2	0.000000E+0	1.233087E-1	-1.823734E-3	0.000000E+0	0.000000E+0	0.000000E+0
8.077589E+0	1.077237E-1	-2.924000E+0	-4.691027E+17	6.689522E-18	-8.093542E-2	0.000000E+0	1.237773E-1	-1.650709E-3	0.000000E+0	0.000000E+0	0.000000E+0
8.005428E+0	1.025251E-1	-3.000000E+0	-3.567381E+17	-4.286482E-18	-8.359522E-2	0.000000E+0	1.248948E-1	-1.599521E-3	0.000000E+0	0.000000E+0	0.000000E+0
