Real / Ohm	Ximag / Ohm	V_DC / V	I_a c / A	V_ac / V	I_DC / A
2.045920E+3	-4.632580E+4	-3.000000E+0	-3.567381E+17	-4.286482E-18	1.705630E-6	1.000000E+5	9.514732E-7	2.154422E-5	0.000000E+0	0.000000E+0	0.000000E+0
1.987761E+3	-4.568315E+4	-2.924000E+0	-4.691027E+17	6.689522E-18	1.135195E-6	0.000000E+0	9.506718E-7	2.184854E-5	0.000000E+0	0.000000E+0	0.000000E+0
1.933299E+3	-4.517877E+4	-2.848000E+0	-5.749716E+17	1.371841E+17	1.586130E-6	0.000000E+0	9.454437E-7	2.209383E-5	0.000000E+0	0.000000E+0	0.000000E+0
1.893339E+3	-4.488230E+4	-2.772000E+0	-6.194310E-18	5.176240E+17	-5.733455E-9	0.000000E+0	9.382229E-7	2.224092E-5	0.000000E+0	0.000000E+0	0.000000E+0
1.846641E+3	-4.467748E+4	-2.696000E+0	2.517955E+17	3.793721E+16	1.977402E-6	0.000000E+0	9.235573E-7	2.234447E-5	0.000000E+0	0.000000E+0	0.000000E+0
1.814822E+3	-4.451842E+4	-2.620000E+0	4.508571E+17	-2.686618E+17	1.917666E-6	0.000000E+0	9.141836E-7	2.242534E-5	0.000000E+0	0.000000E+0	0.000000E+0
1.785397E+3	-4.440556E+4	-2.544000E+0	8.250878E-19	2.835790E+17	2.879373E-6	0.000000E+0	9.039795E-7	2.248336E-5	0.000000E+0	0.000000E+0	0.000000E+0
1.752440E+3	-4.429113E+4	-2.468000E+0	6.288344E-18	-3.929323E-18	-2.447487E-7	0.000000E+0	8.919290E-7	2.254259E-5	0.000000E+0	0.000000E+0	0.000000E+0
1.730652E+3	-4.419394E+4	-2.392000E+0	-2.649665E-18	4.664198E-18	2.759858E-6	0.000000E+0	8.847464E-7	2.259289E-5	0.000000E+0	0.000000E+0	0.000000E+0
1.713396E+3	-4.408741E+4	-2.316000E+0	2.907620E+17	-1.496570E-18	1.465232E-7	0.000000E+0	8.801833E-7	2.264801E-5	0.000000E+0	0.000000E+0	0.000000E+0
1.689659E+3	-4.401887E+4	-2.241000E+0	-2.052875E-18	3.493290E-18	1.135879E-6	0.000000E+0	8.707267E-7	2.268411E-5	0.000000E+0	0.000000E+0	0.000000E+0
1.673232E+3	-4.392643E+4	-2.165000E+0	5.725574E-18	6.181145E-18	5.654583E-7	0.000000E+0	8.659138E-7	2.273235E-5	0.000000E+0	0.000000E+0	0.000000E+0
1.661302E+3	-4.384101E+4	-2.089000E+0	-6.504745E+16	2.369911E+17	2.037865E-6	0.000000E+0	8.631064E-7	2.277699E-5	0.000000E+0	0.000000E+0	0.000000E+0
1.652769E+3	-4.375488E+4	-2.013000E+0	8.036571E+16	-5.942611E-18	1.978144E-6	0.000000E+0	8.620649E-7	2.282203E-5	0.000000E+0	0.000000E+0	0.000000E+0
1.618723E+3	-4.367322E+4	-1.937000E+0	2.127762E-18	3.293656E+15	1.918372E-6	0.000000E+0	8.475121E-7	2.286591E-5	0.000000E+0	0.000000E+0	0.000000E+0
1.604654E+3	-4.357331E+4	-1.861000E+0	8.607211E+16	1.700546E-17	3.390844E-6	0.000000E+0	8.440180E-7	2.291875E-5	0.000000E+0	0.000000E+0	0.000000E+0
1.576113E+3	-4.347643E+4	-1.785000E+0	-3.335094E+16	-2.240669E+17	2.667148E-7	0.000000E+0	8.327396E-7	2.297078E-5	0.000000E+0	0.000000E+0	0.000000E+0
1.591280E+3	-4.338370E+4	-1.709000E+0	2.653475E+17	2.403843E+17	1.228422E-6	0.000000E+0	8.443248E-7	2.301916E-5	0.000000E+0	0.000000E+0	0.000000E+0
1.571885E+3	-4.328098E+4	-1.633000E+0	-6.256276E-18	1.400744E+17	2.190129E-6	0.000000E+0	8.380195E-7	2.307440E-5	0.000000E+0	0.000000E+0	0.000000E+0
1.567653E+3	-4.317477E+4	-1.557000E+0	-4.475620E-18	-5.687704E-18	5.982001E-7	0.000000E+0	8.398809E-7	2.313118E-5	0.000000E+0	0.000000E+0	0.000000E+0
1.503788E+3	-4.305882E+4	-1.481000E+0	1.311717E+15	5.157902E-18	2.070679E-6	0.000000E+0	8.100895E-7	2.319575E-5	0.000000E+0	0.000000E+0	0.000000E+0
1.545908E+3	-4.293496E+4	-1.405000E+0	3.723455E-18	4.245176E+17	-1.564156E-6	0.000000E+0	8.375271E-7	2.326089E-5	0.000000E+0	0.000000E+0	0.000000E+0
1.534197E+3	-4.281559E+4	-1.329000E+0	-5.203440E-18	3.843920E-18	4.190370E-7	0.000000E+0	8.358339E-7	2.332603E-5	0.000000E+0	0.000000E+0	0.000000E+0
1.543878E+3	-4.268892E+4	-1.253000E+0	-1.183523E-18	-5.342346E-18	-2.194378E-6	0.000000E+0	8.460869E-7	2.339468E-5	0.000000E+0	0.000000E+0	0.000000E+0
1.525024E+3	-4.255218E+4	-1.177000E+0	5.232691E+17	-3.553127E+17	3.874644E-6	0.000000E+0	8.411541E-7	2.347041E-5	0.000000E+0	0.000000E+0	0.000000E+0
1.525161E+3	-4.240774E+4	-1.101000E+0	2.088242E+17	-2.195880E+17	2.793429E-6	0.000000E+0	8.469623E-7	2.355014E-5	0.000000E+0	0.000000E+0	0.000000E+0
1.507725E+3	-4.226609E+4	-1.025000E+0	-7.957818E+16	-3.372665E-18	-8.413772E-7	0.000000E+0	8.429187E-7	2.362956E-5	0.000000E+0	0.000000E+0	0.000000E+0
1.497007E+3	-4.211041E+4	-9.490000E-1	-2.208677E-18	1.807661E-18	3.184672E-6	0.000000E+0	8.431336E-7	2.371712E-5	0.000000E+0	0.000000E+0	0.000000E+0
1.508000E+3	-4.195143E+4	-8.730000E-1	-4.775830E-18	6.138991E-18	1.592776E-6	0.000000E+0	8.557502E-7	2.380633E-5	0.000000E+0	0.000000E+0	0.000000E+0
1.490578E+3	-4.178585E+4	-7.970000E-1	3.271013E+17	1.849291E+17	2.043766E-6	0.000000E+0	8.525973E-7	2.390113E-5	0.000000E+0	0.000000E+0	0.000000E+0
1.488973E+3	-4.159608E+4	-7.220000E-1	4.410889E+17	3.939340E-18	-2.074117E-6	0.000000E+0	8.594604E-7	2.400996E-5	0.000000E+0	0.000000E+0	0.000000E+0
1.486087E+3	-4.140649E+4	-6.460000E-1	-5.506670E-18	3.318154E+17	-9.095675E-8	0.000000E+0	8.656620E-7	2.411973E-5	0.000000E+0	0.000000E+0	0.000000E+0
1.485702E+3	-4.121785E+4	-5.700000E-1	-4.319920E+17	-4.172230E+17	-2.193596E-6	0.000000E+0	8.733677E-7	2.422985E-5	0.000000E+0	0.000000E+0	0.000000E+0
1.471160E+3	-4.101248E+4	-4.940000E-1	6.411590E-18	-1.599031E-19	2.343195E-6	0.000000E+0	8.735130E-7	2.435149E-5	0.000000E+0	0.000000E+0	0.000000E+0
1.473831E+3	-4.079093E+4	-4.180000E-1	-1.696221E+17	-6.410840E-19	-2.701872E-7	0.000000E+0	8.846142E-7	2.448329E-5	0.000000E+0	0.000000E+0	0.000000E+0
1.475678E+3	-4.057602E+4	-3.420000E-1	-2.726899E+17	1.903750E-18	1.202261E-6	0.000000E+0	8.951147E-7	2.461254E-5	0.000000E+0	0.000000E+0	0.000000E+0
1.464766E+3	-4.034673E+4	-2.660000E-1	-1.478400E+17	2.700612E+17	1.653250E-6	0.000000E+0	8.986272E-7	2.475253E-5	0.000000E+0	0.000000E+0	0.000000E+0
1.449410E+3	-4.010867E+4	-1.900000E-1	-2.971689E+17	-4.901914E-18	6.132814E-8	0.000000E+0	8.998041E-7	2.489975E-5	0.000000E+0	0.000000E+0	0.000000E+0
1.463445E+3	-3.984445E+4	-1.140000E-1	-4.716725E+17	-4.928293E+17	1.023032E-6	0.000000E+0	9.205667E-7	2.506379E-5	0.000000E+0	0.000000E+0	0.000000E+0
1.467073E+3	-3.958948E+4	-3.800000E-2	-9.427510E-19	-9.422141E-19	2.495480E-6	0.000000E+0	9.347515E-7	2.522460E-5	0.000000E+0	0.000000E+0	0.000000E+0
1.462550E+3	-3.930373E+4	3.800000E-2	-3.093320E+17	4.406614E-18	-1.179008E-7	0.000000E+0	9.454580E-7	2.540770E-5	0.000000E+0	0.000000E+0	0.000000E+0
1.454971E+3	-3.902614E+4	1.140000E-1	-4.715168E+17	-5.436513E+17	-6.883674E-7	0.000000E+0	9.539814E-7	2.558828E-5	0.000000E+0	0.000000E+0	0.000000E+0
1.443967E+3	-3.872779E+4	1.900000E-1	4.697494E+17	-5.230656E+17	-2.373772E-7	0.000000E+0	9.614097E-7	2.578541E-5	0.000000E+0	0.000000E+0	0.000000E+0
1.454137E+3	-3.842505E+4	2.660000E-1	-3.021231E-18	2.523250E+17	1.235072E-6	0.000000E+0	9.834560E-7	2.598747E-5	0.000000E+0	0.000000E+0	0.000000E+0
1.438416E+3	-3.809150E+4	3.420000E-1	-3.194978E-18	5.558819E-18	-1.889024E-6	0.000000E+0	9.899414E-7	2.621519E-5	0.000000E+0	0.000000E+0	0.000000E+0
1.436890E+3	-3.775848E+4	4.180000E-1	4.155990E+17	-4.532139E-19	2.137023E-6	0.000000E+0	1.006389E-6	2.644582E-5	0.000000E+0	0.000000E+0	0.000000E+0
1.447709E+3	-3.740252E+4	4.940000E-1	-4.316265E+17	4.857998E-18	1.055841E-6	0.000000E+0	1.033307E-6	2.669617E-5	0.000000E+0	0.000000E+0	0.000000E+0
1.448419E+3	-3.703634E+4	5.700000E-1	-3.849816E-18	-6.877525E-18	-5.360816E-7	0.000000E+0	1.054325E-6	2.695928E-5	0.000000E+0	0.000000E+0	0.000000E+0
1.407476E+3	-3.665201E+4	6.460000E-1	4.766215E-20	4.558806E+17	9.363648E-7	0.000000E+0	1.046178E-6	2.724346E-5	0.000000E+0	0.000000E+0	0.000000E+0
1.423010E+3	-3.624663E+4	7.220000E-1	1.388541E-18	6.784146E-18	-1.448461E-7	0.000000E+0	1.081443E-6	2.754632E-5	0.000000E+0	0.000000E+0	0.000000E+0
1.428510E+3	-3.586559E+4	7.970000E-1	3.266052E+17	-3.632521E-18	8.445277E-7	0.000000E+0	1.108763E-6	2.783772E-5	0.000000E+0	0.000000E+0	0.000000E+0
1.412749E+3	-3.550963E+4	8.730000E-1	-7.975154E-19	6.323277E-18	-7.473682E-7	0.000000E+0	1.118628E-6	2.811687E-5	0.000000E+0	0.000000E+0	0.000000E+0
1.390413E+3	-3.525395E+4	9.490000E-1	-4.524462E+17	2.055148E+17	2.143352E-7	0.000000E+0	1.117000E-6	2.832156E-5	0.000000E+0	0.000000E+0	0.000000E+0
1.354451E+3	-3.523660E+4	1.025000E+0	-6.904543E-18	-8.377323E+16	-8.668430E-7	0.000000E+0	1.089266E-6	2.833771E-5	0.000000E+0	0.000000E+0	0.000000E+0
1.303719E+3	-3.540392E+4	1.101000E+0	2.547933E-18	-3.215913E-19	-2.458764E-6	0.000000E+0	1.038706E-6	2.820721E-5	0.000000E+0	0.000000E+0	0.000000E+0
1.250766E+3	-3.581923E+4	1.177000E+0	-1.554791E+17	1.089529E+17	-9.863215E-7	0.000000E+0	9.736757E-7	2.788397E-5	0.000000E+0	0.000000E+0	0.000000E+0
1.166718E+3	-3.676482E+4	1.253000E+0	-5.196819E+17	1.790907E+17	4.860995E-7	0.000000E+0	8.623109E-7	2.717255E-5	0.000000E+0	0.000000E+0	0.000000E+0
1.064362E+3	-3.804841E+4	1.329000E+0	3.883600E+17	-5.707470E+17	-1.105829E-6	0.000000E+0	7.346435E-7	2.626176E-5	0.000000E+0	0.000000E+0	0.000000E+0
9.863516E+2	-3.904253E+4	1.405000E+0	-2.798456E+17	-3.562291E+17	-1.441222E-7	0.000000E+0	6.466641E-7	2.559676E-5	0.000000E+0	0.000000E+0	0.000000E+0
8.894536E+2	-3.958923E+4	1.481000E+0	7.433461E+16	-3.421240E+17	-1.736014E-6	0.000000E+0	5.672180E-7	2.524665E-5	0.000000E+0	0.000000E+0	0.000000E+0
8.853958E+2	-3.990508E+4	1.557000E+0	4.333500E+17	8.421242E+16	2.290035E-6	0.000000E+0	5.557345E-7	2.504714E-5	0.000000E+0	0.000000E+0	0.000000E+0
8.934080E+2	-4.011943E+4	1.633000E+0	5.318055E+17	-2.871880E+17	-1.344779E-6	0.000000E+0	5.547854E-7	2.491322E-5	0.000000E+0	0.000000E+0	0.000000E+0
8.767913E+2	-4.026905E+4	1.709000E+0	-5.520479E-19	1.659667E-18	-1.404529E-6	0.000000E+0	5.404402E-7	2.482120E-5	0.000000E+0	0.000000E+0	0.000000E+0
8.501416E+2	-4.040723E+4	1.785000E+0	9.197504E+16	2.296609E-18	-2.996421E-6	0.000000E+0	5.204523E-7	2.473710E-5	0.000000E+0	0.000000E+0	0.000000E+0
8.658396E+2	-4.051859E+4	1.861000E+0	1.138051E+17	1.810141E+17	-1.013264E-6	0.000000E+0	5.271455E-7	2.466877E-5	0.000000E+0	0.000000E+0	0.000000E+0
8.515000E+2	-4.062534E+4	1.937000E+0	1.676928E-18	4.035830E-18	-3.626650E-6	0.000000E+0	5.157033E-7	2.460437E-5	0.000000E+0	0.000000E+0	0.000000E+0
8.519026E+2	-4.073723E+4	2.013000E+0	-2.680825E+17	-5.132058E+17	-1.113076E-7	0.000000E+0	5.131178E-7	2.453684E-5	0.000000E+0	0.000000E+0	0.000000E+0
8.495034E+2	-4.084383E+4	2.089000E+0	5.241928E+17	-4.155966E-18	-4.767571E-6	0.000000E+0	5.090077E-7	2.447292E-5	0.000000E+0	0.000000E+0	0.000000E+0
8.511455E+2	-4.093013E+4	2.165000E+0	2.579781E+17	4.569569E-19	2.799206E-7	0.000000E+0	5.078434E-7	2.442132E-5	0.000000E+0	0.000000E+0	0.000000E+0
8.449673E+2	-4.103896E+4	2.241000E+0	2.915631E-18	5.325354E+16	-3.354871E-6	0.000000E+0	5.014910E-7	2.435676E-5	0.000000E+0	0.000000E+0	0.000000E+0
8.142927E+2	-4.112025E+4	2.316000E+0	-1.980656E+17	2.858813E+16	-3.226014E-7	0.000000E+0	4.813919E-7	2.430939E-5	0.000000E+0	0.000000E+0	0.000000E+0
8.385557E+2	-4.122252E+4	2.392000E+0	-2.714796E-18	1.441508E+17	1.149834E-6	0.000000E+0	4.932683E-7	2.424855E-5	0.000000E+0	0.000000E+0	0.000000E+0
8.495251E+2	-4.131393E+4	2.468000E+0	5.785012E-19	5.234687E+17	-3.506415E-6	0.000000E+0	4.975075E-7	2.419468E-5	0.000000E+0	0.000000E+0	0.000000E+0
8.426875E+2	-4.140109E+4	2.544000E+0	3.390598E+17	1.295985E-19	-1.523280E-6	0.000000E+0	4.914316E-7	2.414395E-5	0.000000E+0	0.000000E+0	0.000000E+0
8.364431E+2	-4.147662E+4	2.620000E+0	-5.351627E-18	2.391872E+17	-2.604458E-6	0.000000E+0	4.860188E-7	2.410017E-5	0.000000E+0	0.000000E+0	0.000000E+0
8.502327E+2	-4.157038E+4	2.696000E+0	2.587907E+17	-4.848260E-18	9.108626E-7	0.000000E+0	4.917996E-7	2.404553E-5	0.000000E+0	0.000000E+0	0.000000E+0
8.336838E+2	-4.164597E+4	2.772000E+0	-3.848534E+17	-9.739225E-19	-6.810587E-7	0.000000E+0	4.804867E-7	2.400231E-5	0.000000E+0	0.000000E+0	0.000000E+0
8.361841E+2	-4.174280E+4	2.848000E+0	6.653843E-18	-4.395667E+17	2.806773E-7	0.000000E+0	4.796943E-7	2.394662E-5	0.000000E+0	0.000000E+0	0.000000E+0
8.450991E+2	-4.180879E+4	2.924000E+0	-1.137863E-18	-4.188961E+17	-3.354129E-6	0.000000E+0	4.832758E-7	2.390865E-5	0.000000E+0	0.000000E+0	0.000000E+0
8.455435E+2	-4.188182E+4	3.000000E+0	-9.275714E-19	-3.780148E-18	-1.370994E-6	0.000000E+0	4.818456E-7	2.386698E-5	0.000000E+0	0.000000E+0	0.000000E+0
