Real / Ohm	Ximag / Ohm	V_DC / V	I_a c / A	V_ac / V	I_DC / A
8.613836E+0	1.227648E+0	3.000000E+0	-9.275714E-19	-3.780148E-18	6.994946E-2	1.000000E+4	1.137812E-1	-1.621615E-2	0.000000E+0	0.000000E+0	0.000000E+0
1.305484E+1	-1.843050E-1	2.924000E+0	-1.137863E-18	-4.188961E+17	7.288671E-2	0.000000E+0	7.658468E-2	1.081204E-3	0.000000E+0	0.000000E+0	0.000000E+0
1.284666E+1	-5.802765E-3	2.848000E+0	6.653843E-18	-4.395667E+17	6.578769E-2	0.000000E+0	7.784123E-2	3.516045E-5	0.000000E+0	0.000000E+0	0.000000E+0
1.357596E+1	-8.341566E-2	2.772000E+0	-3.848534E+17	-9.739225E-19	6.155793E-2	0.000000E+0	7.365684E-2	4.525745E-4	0.000000E+0	0.000000E+0	0.000000E+0
1.296235E+1	6.003433E-1	2.696000E+0	2.587907E+17	-4.848260E-18	6.169691E-2	0.000000E+0	7.698138E-2	-3.565345E-3	0.000000E+0	0.000000E+0	0.000000E+0
1.458005E+1	1.960098E-1	2.620000E+0	-5.351627E-18	2.391872E+17	5.669647E-2	0.000000E+0	6.857448E-2	-9.218946E-4	0.000000E+0	0.000000E+0	0.000000E+0
1.413075E+1	1.996874E-1	2.544000E+0	3.390598E+17	1.295985E-19	5.615874E-2	0.000000E+0	7.075352E-2	-9.998469E-4	0.000000E+0	0.000000E+0	0.000000E+0
1.341541E+1	1.854411E-1	2.468000E+0	5.785012E-19	5.234687E+17	5.423286E-2	0.000000E+0	7.452690E-2	-1.030185E-3	0.000000E+0	0.000000E+0	0.000000E+0
1.622330E+1	-8.649349E-2	2.392000E+0	-2.714796E-18	1.441508E+17	5.577122E-2	0.000000E+0	6.163799E-2	3.286190E-4	0.000000E+0	0.000000E+0	0.000000E+0
1.735704E+1	3.425612E-1	2.316000E+0	-1.980656E+17	2.858813E+16	5.012470E-2	0.000000E+0	5.759108E-2	-1.136626E-3	0.000000E+0	0.000000E+0	0.000000E+0
1.522231E+1	8.622441E-2	2.241000E+0	2.915631E-18	5.325354E+16	4.372690E-2	0.000000E+0	6.569094E-2	-3.720961E-4	0.000000E+0	0.000000E+0	0.000000E+0
1.444169E+1	-2.650194E-1	2.165000E+0	2.579781E+17	4.569569E-19	4.293023E-2	0.000000E+0	6.922066E-2	1.270268E-3	0.000000E+0	0.000000E+0	0.000000E+0
1.835219E+1	1.176494E-1	2.089000E+0	5.241928E+17	-4.155966E-18	4.440372E-2	0.000000E+0	5.448717E-2	-3.492980E-4	0.000000E+0	0.000000E+0	0.000000E+0
1.591833E+1	4.460054E-1	2.013000E+0	-2.680825E+17	-5.132058E+17	4.427713E-2	0.000000E+0	6.277138E-2	-1.758751E-3	0.000000E+0	0.000000E+0	0.000000E+0
1.776603E+1	6.297077E-1	1.937000E+0	1.676928E-18	4.035830E-18	3.834308E-2	0.000000E+0	5.621657E-2	-1.992567E-3	0.000000E+0	0.000000E+0	0.000000E+0
1.815891E+1	4.539099E-1	1.861000E+0	1.138051E+17	1.810141E+17	3.663681E-2	0.000000E+0	5.503500E-2	-1.375684E-3	0.000000E+0	0.000000E+0	0.000000E+0
1.746365E+1	4.813285E-1	1.785000E+0	9.197504E+16	2.296609E-18	3.615117E-2	0.000000E+0	5.721833E-2	-1.577037E-3	0.000000E+0	0.000000E+0	0.000000E+0
1.167542E+1	2.903274E-1	1.709000E+0	-5.520479E-19	1.659667E-18	3.345665E-2	0.000000E+0	8.559710E-2	-2.128504E-3	0.000000E+0	0.000000E+0	0.000000E+0
1.196686E+1	1.245216E-2	1.633000E+0	5.318055E+17	-2.871880E+17	4.359357E-2	0.000000E+0	8.356402E-2	-8.695285E-5	0.000000E+0	0.000000E+0	0.000000E+0
1.152334E+1	-3.288355E-2	1.557000E+0	4.333500E+17	8.421242E+16	4.316002E-2	0.000000E+0	8.677969E-2	2.476386E-4	0.000000E+0	0.000000E+0	0.000000E+0
1.323299E+1	1.159529E-3	1.481000E+0	7.433461E+16	-3.421240E+17	4.145579E-2	0.000000E+0	7.556871E-2	-6.621641E-6	0.000000E+0	0.000000E+0	0.000000E+0
1.277241E+1	4.875632E-3	1.405000E+0	-2.798456E+17	-3.562291E+17	3.553247E-2	0.000000E+0	7.829375E-2	-2.988719E-5	0.000000E+0	0.000000E+0	0.000000E+0
1.330221E+1	2.745669E-3	1.329000E+0	3.883600E+17	-5.707470E+17	3.304173E-2	0.000000E+0	7.517548E-2	-1.551674E-5	0.000000E+0	0.000000E+0	0.000000E+0
1.256977E+1	1.045698E-2	1.253000E+0	-5.196819E+17	1.790907E+17	3.077673E-2	0.000000E+0	7.955590E-2	-6.618374E-5	0.000000E+0	0.000000E+0	0.000000E+0
1.298806E+1	-9.631764E-3	1.177000E+0	-1.554791E+17	1.089529E+17	2.925688E-2	0.000000E+0	7.699375E-2	5.709749E-5	0.000000E+0	0.000000E+0	0.000000E+0
1.320221E+1	-4.510374E-3	1.101000E+0	2.547933E-18	-3.215913E-19	2.749953E-2	0.000000E+0	7.574489E-2	2.587732E-5	0.000000E+0	0.000000E+0	0.000000E+0
1.347572E+1	3.871147E-3	1.025000E+0	-6.904543E-18	-8.377323E+16	2.560583E-2	0.000000E+0	7.420753E-2	-2.131747E-5	0.000000E+0	0.000000E+0	0.000000E+0
1.469455E+1	-1.492665E-2	9.490000E-1	-4.524462E+17	2.055148E+17	2.266616E-2	0.000000E+0	6.805237E-2	6.912726E-5	0.000000E+0	0.000000E+0	0.000000E+0
1.155449E+1	3.768110E-2	8.730000E-1	-7.975154E-19	6.323277E-18	2.305335E-2	0.000000E+0	8.654552E-2	-2.822392E-4	0.000000E+0	0.000000E+0	0.000000E+0
1.386096E+1	7.721139E-4	7.970000E-1	3.266052E+17	-3.632521E-18	1.954626E-2	0.000000E+0	7.214507E-2	-4.018785E-6	0.000000E+0	0.000000E+0	0.000000E+0
1.344576E+1	-1.756041E-2	7.220000E-1	1.388541E-18	6.784146E-18	1.774446E-2	0.000000E+0	7.437276E-2	9.713219E-5	0.000000E+0	0.000000E+0	0.000000E+0
1.389978E+1	1.063064E-2	6.460000E-1	4.766215E-20	4.558806E+17	1.603308E-2	0.000000E+0	7.194354E-2	-5.502288E-5	0.000000E+0	0.000000E+0	0.000000E+0
1.354739E+1	-1.163816E-2	5.700000E-1	-3.849816E-18	-6.877525E-18	1.401323E-2	0.000000E+0	7.381490E-2	6.341219E-5	0.000000E+0	0.000000E+0	0.000000E+0
1.377399E+1	-8.038819E-3	4.940000E-1	-4.316265E+17	4.857998E-18	1.260113E-2	0.000000E+0	7.260058E-2	4.237138E-5	0.000000E+0	0.000000E+0	0.000000E+0
1.330117E+1	8.330662E-4	4.180000E-1	4.155990E+17	-4.532139E-19	1.041938E-2	0.000000E+0	7.518136E-2	-4.708687E-6	0.000000E+0	0.000000E+0	0.000000E+0
1.382310E+1	-3.830860E-3	3.420000E-1	-3.194978E-18	5.558819E-18	8.482773E-3	0.000000E+0	7.234267E-2	2.004866E-5	0.000000E+0	0.000000E+0	0.000000E+0
1.322167E+1	7.307287E-4	2.660000E-1	-3.021231E-18	2.523250E+17	6.572724E-3	0.000000E+0	7.563341E-2	-4.180070E-6	0.000000E+0	0.000000E+0	0.000000E+0
1.122117E+1	2.361723E-2	1.900000E-1	4.697494E+17	-5.230656E+17	4.662675E-3	0.000000E+0	8.911687E-2	-1.875645E-4	0.000000E+0	0.000000E+0	0.000000E+0
1.377113E+1	-1.071621E-2	1.140000E-1	-4.715168E+17	-5.436513E+17	2.833831E-3	0.000000E+0	7.261564E-2	5.650694E-5	0.000000E+0	0.000000E+0	0.000000E+0
1.384761E+1	-8.183828E-3	3.800000E-2	-3.093320E+17	4.406614E-18	9.523829E-4	0.000000E+0	7.221460E-2	4.267826E-5	0.000000E+0	0.000000E+0	0.000000E+0
1.361894E+1	-5.100907E-3	-3.800000E-2	-9.427510E-19	-9.422141E-19	-9.551130E-4	0.000000E+0	7.342714E-2	2.750178E-5	0.000000E+0	0.000000E+0	0.000000E+0
1.376778E+1	-5.929979E-3	-1.140000E-1	-4.716725E+17	-4.928293E+17	-2.847798E-3	0.000000E+0	7.263334E-2	3.128421E-5	0.000000E+0	0.000000E+0	0.000000E+0
1.331869E+1	-3.114147E-4	-1.900000E-1	-2.971689E+17	-4.901914E-18	-4.719543E-3	0.000000E+0	7.508246E-2	1.755562E-6	0.000000E+0	0.000000E+0	0.000000E+0
1.340668E+1	-1.314400E-2	-2.660000E-1	-1.478400E+17	2.700612E+17	-6.676069E-3	0.000000E+0	7.458961E-2	7.312816E-5	0.000000E+0	0.000000E+0	0.000000E+0
1.388923E+1	-4.217911E-3	-3.420000E-1	-2.726899E+17	1.903750E-18	-8.555477E-3	0.000000E+0	7.199823E-2	2.186457E-5	0.000000E+0	0.000000E+0	0.000000E+0
1.329966E+1	-5.584083E-3	-4.180000E-1	-1.696221E+17	-6.410840E-19	-1.036491E-2	0.000000E+0	7.518988E-2	3.156972E-5	0.000000E+0	0.000000E+0	0.000000E+0
1.360760E+1	-9.679489E-3	-4.940000E-1	6.411590E-18	-1.599031E-19	-1.416975E-2	0.000000E+0	7.348831E-2	5.227441E-5	0.000000E+0	0.000000E+0	0.000000E+0
1.128846E+1	1.831764E-2	-5.700000E-1	-4.319920E+17	-4.172230E+17	-1.446182E-2	0.000000E+0	8.858581E-2	-1.437471E-4	0.000000E+0	0.000000E+0	0.000000E+0
1.074120E+1	3.147473E-3	-6.460000E-1	-5.506670E-18	3.318154E+17	-1.838158E-2	0.000000E+0	9.309946E-2	-2.728075E-5	0.000000E+0	0.000000E+0	0.000000E+0
1.143676E+1	-3.424928E-2	-7.220000E-1	4.410889E+17	3.939340E-18	-1.832380E-2	0.000000E+0	8.743657E-2	2.618433E-4	0.000000E+0	0.000000E+0	0.000000E+0
1.233794E+1	-1.305840E-2	-7.970000E-1	3.271013E+17	1.849291E+17	-2.247749E-2	0.000000E+0	8.105072E-2	8.578358E-5	0.000000E+0	0.000000E+0	0.000000E+0
1.244842E+1	-3.734273E-4	-8.730000E-1	-4.775830E-18	6.138991E-18	-2.225118E-2	0.000000E+0	8.033148E-2	2.409781E-6	0.000000E+0	0.000000E+0	0.000000E+0
1.196412E+1	1.150134E-2	-9.490000E-1	-2.208677E-18	1.807661E-18	-2.713365E-2	0.000000E+0	8.358317E-2	-8.035012E-5	0.000000E+0	0.000000E+0	0.000000E+0
1.203917E+1	1.924162E-3	-1.025000E+0	-7.957818E+16	-3.372665E-18	-2.619794E-2	0.000000E+0	8.306220E-2	-1.327543E-5	0.000000E+0	0.000000E+0	0.000000E+0
1.130375E+1	2.231970E-3	-1.101000E+0	2.088242E+17	-2.195880E+17	-2.794456E-2	0.000000E+0	8.846621E-2	-1.746800E-5	0.000000E+0	0.000000E+0	0.000000E+0
1.087437E+1	-1.063318E-2	-1.177000E+0	5.232691E+17	-3.553127E+17	-3.007830E-2	0.000000E+0	9.195926E-2	8.991964E-5	0.000000E+0	0.000000E+0	0.000000E+0
9.353693E+0	-2.790903E-2	-1.253000E+0	-1.183523E-18	-5.342346E-18	-3.261247E-2	0.000000E+0	1.069087E-1	3.189882E-4	0.000000E+0	0.000000E+0	0.000000E+0
1.105169E+1	5.771127E-4	-1.329000E+0	-5.203440E-18	3.843920E-18	-3.479116E-2	0.000000E+0	9.048390E-2	-4.725016E-6	0.000000E+0	0.000000E+0	0.000000E+0
1.103119E+1	1.094582E-2	-1.405000E+0	3.723455E-18	4.245176E+17	-3.701530E-2	0.000000E+0	9.065196E-2	-8.995041E-5	0.000000E+0	0.000000E+0	0.000000E+0
1.055950E+1	4.222753E-3	-1.481000E+0	1.311717E+15	5.157902E-18	-3.892075E-2	0.000000E+0	9.470144E-2	-3.787119E-5	0.000000E+0	0.000000E+0	0.000000E+0
1.056480E+1	1.548535E-2	-1.557000E+0	-4.475620E-18	-5.687704E-18	-4.080016E-2	0.000000E+0	9.465374E-2	-1.387387E-4	0.000000E+0	0.000000E+0	0.000000E+0
9.985786E+0	5.349727E-2	-1.633000E+0	-6.256276E-18	1.400744E+17	-4.265505E-2	0.000000E+0	1.001395E-1	-5.364814E-4	0.000000E+0	0.000000E+0	0.000000E+0
1.057418E+1	-7.253177E-3	-1.709000E+0	2.653475E+17	2.403843E+17	-4.461975E-2	0.000000E+0	9.456994E-2	6.486862E-5	0.000000E+0	0.000000E+0	0.000000E+0
1.057087E+1	7.387996E-5	-1.785000E+0	-3.335094E+16	-2.240669E+17	-4.722591E-2	0.000000E+0	9.459959E-2	-6.611579E-7	0.000000E+0	0.000000E+0	0.000000E+0
1.016582E+1	-1.711495E-3	-1.861000E+0	8.607211E+16	1.700546E-17	-5.030450E-2	0.000000E+0	9.836884E-2	1.656116E-5	0.000000E+0	0.000000E+0	0.000000E+0
8.514631E+0	2.251482E-4	-1.937000E+0	2.127762E-18	3.293656E+15	-5.715479E-2	0.000000E+0	1.174449E-1	-3.105538E-6	0.000000E+0	0.000000E+0	0.000000E+0
9.704103E+0	-3.658357E-2	-2.013000E+0	8.036571E+16	-5.942611E-18	-5.289274E-2	0.000000E+0	1.030477E-1	3.884804E-4	0.000000E+0	0.000000E+0	0.000000E+0
9.506086E+0	-1.303291E-2	-2.089000E+0	-6.504745E+16	2.369911E+17	-5.478235E-2	0.000000E+0	1.051956E-1	1.442239E-4	0.000000E+0	0.000000E+0	0.000000E+0
1.012440E+1	6.360600E-3	-2.165000E+0	5.725574E-18	6.181145E-18	-5.715512E-2	0.000000E+0	9.877125E-2	-6.205251E-5	0.000000E+0	0.000000E+0	0.000000E+0
1.015351E+1	6.373854E-3	-2.241000E+0	-2.052875E-18	3.493290E-18	-6.049418E-2	0.000000E+0	9.848807E-2	-6.182577E-5	0.000000E+0	0.000000E+0	0.000000E+0
9.764900E+0	1.579093E-2	-2.316000E+0	2.907620E+17	-1.496570E-18	-6.187003E-2	0.000000E+0	1.024073E-1	-1.656041E-4	0.000000E+0	0.000000E+0	0.000000E+0
9.546595E+0	-1.133426E-2	-2.392000E+0	-2.649665E-18	4.664198E-18	-6.351757E-2	0.000000E+0	1.047492E-1	1.243643E-4	0.000000E+0	0.000000E+0	0.000000E+0
1.000363E+1	3.696012E-2	-2.468000E+0	6.288344E-18	-3.929323E-18	-6.485766E-2	0.000000E+0	9.996235E-2	-3.693280E-4	0.000000E+0	0.000000E+0	0.000000E+0
9.589499E+0	1.267522E-2	-2.544000E+0	8.250878E-19	2.835790E+17	-6.721102E-2	0.000000E+0	1.042806E-1	-1.378361E-4	0.000000E+0	0.000000E+0	0.000000E+0
9.240376E+0	9.048967E-2	-2.620000E+0	4.508571E+17	-2.686618E+17	-6.921197E-2	0.000000E+0	1.082103E-1	-1.059688E-3	0.000000E+0	0.000000E+0	0.000000E+0
7.923462E+0	5.962830E-2	-2.696000E+0	2.517955E+17	3.793721E+16	-7.286412E-2	0.000000E+0	1.262003E-1	-9.497250E-4	0.000000E+0	0.000000E+0	0.000000E+0
8.330132E+0	-8.386388E-2	-2.772000E+0	-6.194310E-18	5.176240E+17	-7.432677E-2	0.000000E+0	1.200340E-1	1.208446E-3	0.000000E+0	0.000000E+0	0.000000E+0
7.139389E+0	2.675759E-2	-2.848000E+0	-5.749716E+17	1.371841E+17	-8.468981E-2	0.000000E+0	1.400660E-1	-5.249510E-4	0.000000E+0	0.000000E+0	0.000000E+0
7.440597E+0	5.790414E-3	-2.924000E+0	-4.691027E+17	6.689522E-18	-8.556055E-2	0.000000E+0	1.343977E-1	-1.045909E-4	0.000000E+0	0.000000E+0	0.000000E+0
7.300691E+0	3.079791E-2	-3.000000E+0	-3.567381E+17	-4.286482E-18	-8.824433E-2	0.000000E+0	1.369709E-1	-5.778107E-4	0.000000E+0	0.000000E+0	0.000000E+0
