Real / Ohm	Ximag / Ohm	V_DC / V	I_a c / A	V_ac / V	I_DC / A
1.294145E+1	-5.787778E-1	2.000000E+0	-9.275714E-19	-3.780148E-18	4.551855E-2	1.000000E+7	7.711685E-2	3.448881E-3	0.000000E+0	0.000000E+0	0.000000E+0
1.278816E+1	-5.105224E-1	1.949000E+0	-1.137863E-18	-4.188961E+17	4.524570E-2	0.000000E+0	7.807291E-2	3.116787E-3	0.000000E+0	0.000000E+0	0.000000E+0
1.235602E+1	-5.813789E-1	1.899000E+0	6.653843E-18	-4.395667E+17	4.465975E-2	0.000000E+0	8.075343E-2	3.799633E-3	0.000000E+0	0.000000E+0	0.000000E+0
1.139828E+1	-1.036858E+0	1.848000E+0	-3.848534E+17	-9.739225E-19	4.525973E-2	0.000000E+0	8.701252E-2	7.915197E-3	0.000000E+0	0.000000E+0	0.000000E+0
1.351907E+1	-5.165591E-1	1.797000E+0	2.587907E+17	-4.848260E-18	4.323050E-2	0.000000E+0	7.386175E-2	2.822232E-3	0.000000E+0	0.000000E+0	0.000000E+0
1.340654E+1	-5.222864E-1	1.747000E+0	-5.351627E-18	2.391872E+17	4.189225E-2	0.000000E+0	7.447743E-2	2.901461E-3	0.000000E+0	0.000000E+0	0.000000E+0
1.271783E+1	-6.079531E-1	1.696000E+0	3.390598E+17	1.295985E-19	4.033545E-2	0.000000E+0	7.845050E-2	3.750186E-3	0.000000E+0	0.000000E+0	0.000000E+0
1.285087E+1	-7.018518E-1	1.646000E+0	5.785012E-19	5.234687E+17	3.964633E-2	0.000000E+0	7.758432E-2	4.237277E-3	0.000000E+0	0.000000E+0	0.000000E+0
1.374133E+1	-7.424355E-1	1.595000E+0	-2.714796E-18	1.441508E+17	3.799248E-2	0.000000E+0	7.256134E-2	3.920444E-3	0.000000E+0	0.000000E+0	0.000000E+0
1.547779E+1	-4.498014E-1	1.544000E+0	-1.980656E+17	2.858813E+16	3.622475E-2	0.000000E+0	6.455419E-2	1.876015E-3	0.000000E+0	0.000000E+0	0.000000E+0
1.382156E+1	-1.051376E+0	1.494000E+0	2.915631E-18	5.325354E+16	3.204942E-2	0.000000E+0	7.193450E-2	5.471901E-3	0.000000E+0	0.000000E+0	0.000000E+0
1.407508E+1	-8.483014E-1	1.443000E+0	2.579781E+17	4.569569E-19	3.329343E-2	0.000000E+0	7.079041E-2	4.266520E-3	0.000000E+0	0.000000E+0	0.000000E+0
1.420375E+1	-8.889523E-1	1.392000E+0	5.241928E+17	-4.155966E-18	3.221364E-2	0.000000E+0	7.012925E-2	4.389091E-3	0.000000E+0	0.000000E+0	0.000000E+0
1.345337E+1	-1.017746E+0	1.342000E+0	-2.680825E+17	-5.132058E+17	3.108683E-2	0.000000E+0	7.390785E-2	5.591121E-3	0.000000E+0	0.000000E+0	0.000000E+0
1.286178E+1	-1.265141E+0	1.291000E+0	1.676928E-18	4.035830E-18	3.029815E-2	0.000000E+0	7.700467E-2	7.574517E-3	0.000000E+0	0.000000E+0	0.000000E+0
1.496209E+1	-8.773570E-1	1.241000E+0	1.138051E+17	1.810141E+17	2.981843E-2	0.000000E+0	6.660656E-2	3.905720E-3	0.000000E+0	0.000000E+0	0.000000E+0
1.447977E+1	-9.705944E-1	1.190000E+0	9.197504E+16	2.296609E-18	2.823966E-2	0.000000E+0	6.875295E-2	4.608584E-3	0.000000E+0	0.000000E+0	0.000000E+0
1.346463E+1	-1.127556E+0	1.139000E+0	-5.520479E-19	1.659667E-18	2.629777E-2	0.000000E+0	7.375146E-2	6.176100E-3	0.000000E+0	0.000000E+0	0.000000E+0
1.364630E+1	-1.164192E+0	1.089000E+0	5.318055E+17	-2.871880E+17	2.607393E-2	0.000000E+0	7.275045E-2	6.206480E-3	0.000000E+0	0.000000E+0	0.000000E+0
1.569569E+1	-1.012229E+0	1.038000E+0	4.333500E+17	8.421242E+16	2.480568E-2	0.000000E+0	6.344787E-2	4.091810E-3	0.000000E+0	0.000000E+0	0.000000E+0
1.500759E+1	-1.200388E+0	9.870000E-1	7.433461E+16	-3.421240E+17	2.310382E-2	0.000000E+0	6.620937E-2	5.295782E-3	0.000000E+0	0.000000E+0	0.000000E+0
1.571382E+1	-1.349250E+0	9.370000E-1	-2.798456E+17	-3.562291E+17	2.105669E-2	0.000000E+0	6.317250E-2	5.424238E-3	0.000000E+0	0.000000E+0	0.000000E+0
1.549271E+1	-1.322644E+0	8.860000E-1	3.883600E+17	-5.707470E+17	2.047383E-2	0.000000E+0	6.407945E-2	5.470592E-3	0.000000E+0	0.000000E+0	0.000000E+0
1.574027E+1	-1.309908E+0	8.350000E-1	-5.196819E+17	1.790907E+17	1.910343E-2	0.000000E+0	6.309435E-2	5.250722E-3	0.000000E+0	0.000000E+0	0.000000E+0
1.388411E+1	-1.529636E+0	7.850000E-1	-1.554791E+17	1.089529E+17	1.806498E-2	0.000000E+0	7.116104E-2	7.839933E-3	0.000000E+0	0.000000E+0	0.000000E+0
1.392855E+1	-1.526465E+0	7.340000E-1	2.547933E-18	-3.215913E-19	1.722421E-2	0.000000E+0	7.094292E-2	7.774814E-3	0.000000E+0	0.000000E+0	0.000000E+0
1.519000E+1	-1.345672E+0	6.840000E-1	-6.904543E-18	-8.377323E+16	1.648658E-2	0.000000E+0	6.532015E-2	5.786668E-3	0.000000E+0	0.000000E+0	0.000000E+0
1.489767E+1	-1.372671E+0	6.330000E-1	-4.524462E+17	2.055148E+17	1.461312E-2	0.000000E+0	6.655952E-2	6.132792E-3	0.000000E+0	0.000000E+0	0.000000E+0
1.479360E+1	-1.400238E+0	5.820000E-1	-7.975154E-19	6.323277E-18	1.368195E-2	0.000000E+0	6.699658E-2	6.341334E-3	0.000000E+0	0.000000E+0	0.000000E+0
1.509916E+1	-1.394121E+0	5.320000E-1	3.266052E+17	-3.632521E-18	1.255514E-2	0.000000E+0	6.566902E-2	6.063288E-3	0.000000E+0	0.000000E+0	0.000000E+0
1.724026E+1	-1.211899E+0	4.810000E-1	1.388541E-18	6.784146E-18	1.126340E-2	0.000000E+0	5.771856E-2	4.057309E-3	0.000000E+0	0.000000E+0	0.000000E+0
1.571326E+1	-1.517254E+0	4.300000E-1	4.766215E-20	4.558806E+17	9.811796E-3	0.000000E+0	6.305264E-2	6.088289E-3	0.000000E+0	0.000000E+0	0.000000E+0
1.600648E+1	-1.464555E+0	3.800000E-1	-3.849816E-18	-6.877525E-18	8.797858E-3	0.000000E+0	6.195601E-2	5.668828E-3	0.000000E+0	0.000000E+0	0.000000E+0
1.605305E+1	-1.490024E+0	3.290000E-1	-4.316265E+17	4.857998E-18	7.534208E-3	0.000000E+0	6.176136E-2	5.732613E-3	0.000000E+0	0.000000E+0	0.000000E+0
1.623267E+1	-1.500146E+0	2.780000E-1	4.155990E+17	-4.532139E-19	6.438072E-3	0.000000E+0	6.108248E-2	5.644952E-3	0.000000E+0	0.000000E+0	0.000000E+0
1.521716E+1	-1.916377E+0	2.280000E-1	-3.194978E-18	5.558819E-18	5.258149E-3	0.000000E+0	6.468933E-2	8.146668E-3	0.000000E+0	0.000000E+0	0.000000E+0
1.539917E+1	-1.436091E+0	1.770000E-1	-3.021231E-18	2.523250E+17	4.113494E-3	0.000000E+0	6.437866E-2	6.003805E-3	0.000000E+0	0.000000E+0	0.000000E+0
1.576428E+1	-1.612321E+0	1.270000E-1	4.697494E+17	-5.230656E+17	3.019375E-3	0.000000E+0	6.277786E-2	6.420722E-3	0.000000E+0	0.000000E+0	0.000000E+0
1.594437E+1	-1.512817E+0	7.600000E-2	-4.715168E+17	-5.436513E+17	1.819563E-3	0.000000E+0	6.215849E-2	5.897656E-3	0.000000E+0	0.000000E+0	0.000000E+0
1.578279E+1	-1.502730E+0	2.500000E-2	-3.093320E+17	4.406614E-18	6.100466E-4	0.000000E+0	6.279092E-2	5.978525E-3	0.000000E+0	0.000000E+0	0.000000E+0
1.628600E+1	-1.434600E+0	-2.500000E-2	-9.427510E-19	-9.422141E-19	-5.663006E-4	0.000000E+0	6.092965E-2	5.367167E-3	0.000000E+0	0.000000E+0	0.000000E+0
1.735939E+1	-1.352130E+0	-7.600000E-2	-4.716725E+17	-4.928293E+17	-1.729341E-3	0.000000E+0	5.725833E-2	4.459875E-3	0.000000E+0	0.000000E+0	0.000000E+0
1.637460E+1	-1.607087E+0	-1.270000E-1	-2.971689E+17	-4.901914E-18	-2.920472E-3	0.000000E+0	6.048755E-2	5.936558E-3	0.000000E+0	0.000000E+0	0.000000E+0
1.648763E+1	-1.478498E+0	-1.770000E-1	-1.478400E+17	2.700612E+17	-4.078433E-3	0.000000E+0	6.016771E-2	5.395429E-3	0.000000E+0	0.000000E+0	0.000000E+0
1.628557E+1	-1.438925E+0	-2.280000E-1	-2.726899E+17	1.903750E-18	-5.305314E-3	0.000000E+0	6.092840E-2	5.383379E-3	0.000000E+0	0.000000E+0	0.000000E+0
1.623010E+1	-1.461978E+0	-2.780000E-1	-1.696221E+17	-6.410840E-19	-6.416289E-3	0.000000E+0	6.111800E-2	5.505399E-3	0.000000E+0	0.000000E+0	0.000000E+0
1.520666E+1	-1.790501E+0	-3.290000E-1	6.411590E-18	-1.599031E-19	-7.594652E-3	0.000000E+0	6.486144E-2	7.637079E-3	0.000000E+0	0.000000E+0	0.000000E+0
1.555974E+1	-1.363417E+0	-3.800000E-1	-4.319920E+17	-4.172230E+17	-8.856263E-3	0.000000E+0	6.377873E-2	5.588590E-3	0.000000E+0	0.000000E+0	0.000000E+0
1.546328E+1	-1.468749E+0	-4.300000E-1	-5.506670E-18	3.318154E+17	-1.023843E-2	0.000000E+0	6.409112E-2	6.087568E-3	0.000000E+0	0.000000E+0	0.000000E+0
1.534213E+1	-1.355743E+0	-4.810000E-1	4.410889E+17	3.939340E-18	-1.118595E-2	0.000000E+0	6.467496E-2	5.715154E-3	0.000000E+0	0.000000E+0	0.000000E+0
1.526320E+1	-1.337570E+0	-5.320000E-1	3.271013E+17	1.849291E+17	-1.270905E-2	0.000000E+0	6.501775E-2	5.697743E-3	0.000000E+0	0.000000E+0	0.000000E+0
1.562309E+1	-1.264515E+0	-5.820000E-1	-4.775830E-18	6.138991E-18	-1.345026E-2	0.000000E+0	6.359123E-2	5.147001E-3	0.000000E+0	0.000000E+0	0.000000E+0
1.659595E+1	-1.070127E+0	-6.330000E-1	-2.208677E-18	1.807661E-18	-1.496417E-2	0.000000E+0	6.000617E-2	3.869271E-3	0.000000E+0	0.000000E+0	0.000000E+0
1.580113E+1	-1.250916E+0	-6.840000E-1	-7.957818E+16	-3.372665E-18	-1.545663E-2	0.000000E+0	6.289245E-2	4.978958E-3	0.000000E+0	0.000000E+0	0.000000E+0
1.647459E+1	-1.269341E+0	-7.340000E-1	2.088242E+17	-2.195880E+17	-1.687812E-2	0.000000E+0	6.034132E-2	4.649203E-3	0.000000E+0	0.000000E+0	0.000000E+0
1.534599E+1	-1.226765E+0	-7.850000E-1	5.232691E+17	-3.553127E+17	-1.811164E-2	0.000000E+0	6.474982E-2	5.176128E-3	0.000000E+0	0.000000E+0	0.000000E+0
1.523666E+1	-1.178050E+0	-8.350000E-1	-1.183523E-18	-5.342346E-18	-1.974815E-2	0.000000E+0	6.524118E-2	5.044240E-3	0.000000E+0	0.000000E+0	0.000000E+0
1.440096E+1	-1.311996E+0	-8.860000E-1	-5.203440E-18	3.843920E-18	-2.065328E-2	0.000000E+0	6.886820E-2	6.274221E-3	0.000000E+0	0.000000E+0	0.000000E+0
1.514338E+1	-1.014500E+0	-9.370000E-1	3.723455E-18	4.245176E+17	-2.233113E-2	0.000000E+0	6.574041E-2	4.404145E-3	0.000000E+0	0.000000E+0	0.000000E+0
1.448582E+1	-1.088529E+0	-9.870000E-1	1.311717E+15	5.157902E-18	-2.349215E-2	0.000000E+0	6.864541E-2	5.158322E-3	0.000000E+0	0.000000E+0	0.000000E+0
1.451328E+1	-1.089628E+0	-1.038000E+0	-4.475620E-18	-5.687704E-18	-2.488042E-2	0.000000E+0	6.851621E-2	5.144060E-3	0.000000E+0	0.000000E+0	0.000000E+0
1.468854E+1	-1.048778E+0	-1.089000E+0	-6.256276E-18	1.400744E+17	-2.587033E-2	0.000000E+0	6.773496E-2	4.836351E-3	0.000000E+0	0.000000E+0	0.000000E+0
1.478387E+1	-8.738155E-1	-1.139000E+0	2.653475E+17	2.403843E+17	-2.711358E-2	0.000000E+0	6.740580E-2	3.984088E-3	0.000000E+0	0.000000E+0	0.000000E+0
1.524426E+1	-7.094116E-1	-1.190000E+0	-3.335094E+16	-2.240669E+17	-2.785629E-2	0.000000E+0	6.545671E-2	3.046114E-3	0.000000E+0	0.000000E+0	0.000000E+0
1.465882E+1	-8.351507E-1	-1.241000E+0	8.607211E+16	1.700546E-17	-2.941719E-2	0.000000E+0	6.799760E-2	3.873998E-3	0.000000E+0	0.000000E+0	0.000000E+0
1.553582E+1	-7.191100E-1	-1.291000E+0	2.127762E-18	3.293656E+15	-2.922939E-2	0.000000E+0	6.422977E-2	2.973018E-3	0.000000E+0	0.000000E+0	0.000000E+0
1.474238E+1	-6.171484E-1	-1.342000E+0	8.036571E+16	-5.942611E-18	-3.163554E-2	0.000000E+0	6.771299E-2	2.834614E-3	0.000000E+0	0.000000E+0	0.000000E+0
1.462771E+1	-5.459847E-1	-1.392000E+0	-6.504745E+16	2.369911E+17	-3.248605E-2	0.000000E+0	6.826829E-2	2.548139E-3	0.000000E+0	0.000000E+0	0.000000E+0
1.352923E+1	-7.464061E-1	-1.443000E+0	5.725574E-18	6.181145E-18	-3.392488E-2	0.000000E+0	7.368975E-2	4.065455E-3	0.000000E+0	0.000000E+0	0.000000E+0
1.476202E+1	-2.701187E-1	-1.494000E+0	-2.052875E-18	3.493290E-18	-3.655727E-2	0.000000E+0	6.771873E-2	1.239132E-3	0.000000E+0	0.000000E+0	0.000000E+0
1.346412E+1	-4.521699E-1	-1.544000E+0	2.907620E+17	-1.496570E-18	-3.827703E-2	0.000000E+0	7.418780E-2	2.491473E-3	0.000000E+0	0.000000E+0	0.000000E+0
1.340860E+1	-4.222107E-1	-1.595000E+0	-2.649665E-18	4.664198E-18	-3.854579E-2	0.000000E+0	7.450513E-2	2.346021E-3	0.000000E+0	0.000000E+0	0.000000E+0
1.318407E+1	-4.011002E-1	-1.646000E+0	6.288344E-18	-3.929323E-18	-4.034366E-2	0.000000E+0	7.577897E-2	2.305431E-3	0.000000E+0	0.000000E+0	0.000000E+0
1.312233E+1	-2.588530E-1	-1.696000E+0	8.250878E-19	2.835790E+17	-4.098631E-2	0.000000E+0	7.617634E-2	1.502666E-3	0.000000E+0	0.000000E+0	0.000000E+0
1.350031E+1	-1.863775E-1	-1.747000E+0	4.508571E+17	-2.686618E+17	-4.271624E-2	0.000000E+0	7.405826E-2	1.022406E-3	0.000000E+0	0.000000E+0	0.000000E+0
1.343083E+1	-3.676414E-4	-1.797000E+0	2.517955E+17	3.793721E+16	-4.201517E-2	0.000000E+0	7.445556E-2	2.038068E-6	0.000000E+0	0.000000E+0	0.000000E+0
1.357630E+1	2.076654E-1	-1.848000E+0	-6.194310E-18	5.176240E+17	-4.449333E-2	0.000000E+0	7.364054E-2	-1.126418E-3	0.000000E+0	0.000000E+0	0.000000E+0
1.319379E+1	1.016040E-1	-1.899000E+0	-5.749716E+17	1.371841E+17	-4.512726E-2	0.000000E+0	7.578874E-2	-5.836412E-4	0.000000E+0	0.000000E+0	0.000000E+0
1.285456E+1	3.013992E-2	-1.949000E+0	-4.691027E+17	6.689522E-18	-4.722035E-2	0.000000E+0	7.779298E-2	-1.824002E-4	0.000000E+0	0.000000E+0	0.000000E+0
1.214088E+1	-9.188318E-2	-2.000000E+0	-3.567381E+17	-4.286482E-18	-4.900597E-2	0.000000E+0	8.236164E-2	6.233196E-4	0.000000E+0	0.000000E+0	0.000000E+0
