Real / Ohm	Ximag / Ohm	V_DC / V	I_a c / A	V_ac / V	I_DC / A
7.547433E+0	1.526589E-2	-2.000000E+0	-3.567381E+17	-4.286482E-18	-5.836346E-2	1.000000E+4	1.324948E-1	-2.679920E-4	0.000000E+0	0.000000E+0	0.000000E+0
7.477905E+0	1.064955E-2	-1.949000E+0	-4.691027E+17	6.689522E-18	-5.709776E-2	0.000000E+0	1.337270E-1	-1.904454E-4	0.000000E+0	0.000000E+0	0.000000E+0
7.395055E+0	4.760951E-3	-1.899000E+0	-5.749716E+17	1.371841E+17	-5.580600E-2	0.000000E+0	1.352254E-1	-8.705841E-5	0.000000E+0	0.000000E+0	0.000000E+0
7.469874E+0	1.056745E-2	-1.848000E+0	-6.194310E-18	5.176240E+17	-5.418534E-2	0.000000E+0	1.338708E-1	-1.893838E-4	0.000000E+0	0.000000E+0	0.000000E+0
7.518548E+0	2.915323E-3	-1.797000E+0	2.517955E+17	3.793721E+16	-5.273017E-2	0.000000E+0	1.330044E-1	-5.157256E-5	0.000000E+0	0.000000E+0	0.000000E+0
7.524716E+0	2.526194E-3	-1.747000E+0	4.508571E+17	-2.686618E+17	-5.056557E-2	0.000000E+0	1.328954E-1	-4.461557E-5	0.000000E+0	0.000000E+0	0.000000E+0
7.303910E+0	5.498149E-3	-1.696000E+0	8.250878E-19	2.835790E+17	-5.055422E-2	0.000000E+0	1.369129E-1	-1.030636E-4	0.000000E+0	0.000000E+0	0.000000E+0
7.224277E+0	3.760286E-3	-1.646000E+0	6.288344E-18	-3.929323E-18	-4.872362E-2	0.000000E+0	1.384221E-1	-7.204967E-5	0.000000E+0	0.000000E+0	0.000000E+0
8.396759E+0	1.509390E-2	-1.595000E+0	-2.649665E-18	4.664198E-18	-4.651310E-2	0.000000E+0	1.190932E-1	-2.140803E-4	0.000000E+0	0.000000E+0	0.000000E+0
8.125372E+0	1.894660E-2	-1.544000E+0	2.907620E+17	-1.496570E-18	-4.460337E-2	0.000000E+0	1.230706E-1	-2.869739E-4	0.000000E+0	0.000000E+0	0.000000E+0
7.907838E+0	4.529789E-3	-1.494000E+0	-2.052875E-18	3.493290E-18	-4.335808E-2	0.000000E+0	1.264568E-1	-7.243731E-5	0.000000E+0	0.000000E+0	0.000000E+0
7.778226E+0	4.022509E-3	-1.443000E+0	5.725574E-18	6.181145E-18	-4.169657E-2	0.000000E+0	1.285640E-1	-6.648686E-5	0.000000E+0	0.000000E+0	0.000000E+0
7.843778E+0	4.857019E-3	-1.392000E+0	-6.504745E+16	2.369911E+17	-4.025927E-2	0.000000E+0	1.274895E-1	-7.894399E-5	0.000000E+0	0.000000E+0	0.000000E+0
7.824717E+0	3.189243E-3	-1.342000E+0	8.036571E+16	-5.942611E-18	-3.878466E-2	0.000000E+0	1.278001E-1	-5.208951E-5	0.000000E+0	0.000000E+0	0.000000E+0
8.204008E+0	-2.135202E-3	-1.291000E+0	2.127762E-18	3.293656E+15	-3.738720E-2	0.000000E+0	1.218916E-1	3.172392E-5	0.000000E+0	0.000000E+0	0.000000E+0
7.248766E+0	2.976269E-3	-1.241000E+0	8.607211E+16	1.700546E-17	-3.737836E-2	0.000000E+0	1.379545E-1	-5.664270E-5	0.000000E+0	0.000000E+0	0.000000E+0
7.105920E+0	2.302215E-3	-1.190000E+0	-3.335094E+16	-2.240669E+17	-3.566068E-2	0.000000E+0	1.407277E-1	-4.559374E-5	0.000000E+0	0.000000E+0	0.000000E+0
7.164035E+0	-4.934452E-3	-1.139000E+0	2.653475E+17	2.403843E+17	-3.372491E-2	0.000000E+0	1.395861E-1	9.614425E-5	0.000000E+0	0.000000E+0	0.000000E+0
7.876848E+0	5.627140E-3	-1.089000E+0	-6.256276E-18	1.400744E+17	-3.248677E-2	0.000000E+0	1.269543E-1	-9.069484E-5	0.000000E+0	0.000000E+0	0.000000E+0
8.018915E+0	-6.244145E-3	-1.038000E+0	-4.475620E-18	-5.687704E-18	-3.029614E-2	0.000000E+0	1.247051E-1	9.710498E-5	0.000000E+0	0.000000E+0	0.000000E+0
7.389585E+0	1.025945E-4	-9.870000E-1	1.311717E+15	5.157902E-18	-2.886191E-2	0.000000E+0	1.353256E-1	-1.878815E-6	0.000000E+0	0.000000E+0	0.000000E+0
7.903739E+0	-7.152855E-4	-9.370000E-1	3.723455E-18	4.245176E+17	-2.734389E-2	0.000000E+0	1.265224E-1	1.145023E-5	0.000000E+0	0.000000E+0	0.000000E+0
7.836359E+0	-4.224502E-3	-8.860000E-1	-5.203440E-18	3.843920E-18	-2.589944E-2	0.000000E+0	1.276102E-1	6.879340E-5	0.000000E+0	0.000000E+0	0.000000E+0
7.653660E+0	-4.962534E-4	-8.350000E-1	-1.183523E-18	-5.342346E-18	-2.436101E-2	0.000000E+0	1.306564E-1	8.471595E-6	0.000000E+0	0.000000E+0	0.000000E+0
7.837899E+0	3.268920E-3	-7.850000E-1	5.232691E+17	-3.553127E+17	-2.301715E-2	0.000000E+0	1.275852E-1	-5.321143E-5	0.000000E+0	0.000000E+0	0.000000E+0
7.487095E+0	2.089337E-3	-7.340000E-1	2.088242E+17	-2.195880E+17	-2.159619E-2	0.000000E+0	1.335631E-1	-3.727192E-5	0.000000E+0	0.000000E+0	0.000000E+0
7.503018E+0	-5.121902E-4	-6.840000E-1	-7.957818E+16	-3.372665E-18	-2.007664E-2	0.000000E+0	1.332797E-1	9.098280E-6	0.000000E+0	0.000000E+0	0.000000E+0
7.418233E+0	8.058175E-4	-6.330000E-1	-2.208677E-18	1.807661E-18	-1.869603E-2	0.000000E+0	1.348030E-1	-1.464319E-5	0.000000E+0	0.000000E+0	0.000000E+0
7.478019E+0	6.413288E-3	-5.820000E-1	-4.775830E-18	6.138991E-18	-1.715301E-2	0.000000E+0	1.337252E-1	-1.146852E-4	0.000000E+0	0.000000E+0	0.000000E+0
7.844297E+0	-3.684938E-3	-5.320000E-1	3.271013E+17	1.849291E+17	-1.446134E-2	0.000000E+0	1.274811E-1	5.988555E-5	0.000000E+0	0.000000E+0	0.000000E+0
7.119444E+0	-1.712143E-5	-4.810000E-1	4.410889E+17	3.939340E-18	-1.407205E-2	0.000000E+0	1.404604E-1	3.377908E-7	0.000000E+0	0.000000E+0	0.000000E+0
7.755403E+0	2.761200E-3	-4.300000E-1	-5.506670E-18	3.318154E+17	-1.274149E-2	0.000000E+0	1.289423E-1	-4.590807E-5	0.000000E+0	0.000000E+0	0.000000E+0
7.615301E+0	5.428642E-4	-3.800000E-1	-4.319920E+17	-4.172230E+17	-1.107485E-2	0.000000E+0	1.313146E-1	-9.360888E-6	0.000000E+0	0.000000E+0	0.000000E+0
7.597483E+0	-2.119526E-3	-3.290000E-1	6.411590E-18	-1.599031E-19	-9.645723E-3	0.000000E+0	1.316225E-1	3.671971E-5	0.000000E+0	0.000000E+0	0.000000E+0
7.664679E+0	7.739067E-4	-2.780000E-1	-1.696221E+17	-6.410840E-19	-8.156328E-3	0.000000E+0	1.304686E-1	-1.317348E-5	0.000000E+0	0.000000E+0	0.000000E+0
7.665849E+0	-5.376682E-3	-2.280000E-1	-2.726899E+17	1.903750E-18	-6.676609E-3	0.000000E+0	1.304486E-1	9.149421E-5	0.000000E+0	0.000000E+0	0.000000E+0
8.334641E+0	-2.040289E-3	-1.770000E-1	-1.478400E+17	2.700612E+17	-5.128993E-3	0.000000E+0	1.199812E-1	2.937094E-5	0.000000E+0	0.000000E+0	0.000000E+0
7.456438E+0	1.252867E-3	-1.270000E-1	-2.971689E+17	-4.901914E-18	-3.728439E-3	0.000000E+0	1.341123E-1	-2.253420E-5	0.000000E+0	0.000000E+0	0.000000E+0
7.389696E+0	-2.572939E-3	-7.600000E-2	-4.716725E+17	-4.928293E+17	-2.247727E-3	0.000000E+0	1.353235E-1	4.711685E-5	0.000000E+0	0.000000E+0	0.000000E+0
7.323028E+0	6.522454E-3	-2.500000E-2	-9.427510E-19	-9.422141E-19	-7.506721E-4	0.000000E+0	1.365554E-1	-1.216268E-4	0.000000E+0	0.000000E+0	0.000000E+0
7.681062E+0	-1.482770E-3	2.500000E-2	-3.093320E+17	4.406614E-18	7.433456E-4	0.000000E+0	1.301903E-1	2.513224E-5	0.000000E+0	0.000000E+0	0.000000E+0
7.602674E+0	-1.600616E-3	7.600000E-2	-4.715168E+17	-5.436513E+17	2.213842E-3	0.000000E+0	1.315327E-1	2.769200E-5	0.000000E+0	0.000000E+0	0.000000E+0
7.881436E+0	1.418836E-3	1.270000E-1	4.697494E+17	-5.230656E+17	3.725707E-3	0.000000E+0	1.268804E-1	-2.284133E-5	0.000000E+0	0.000000E+0	0.000000E+0
7.950528E+0	1.352765E-3	1.770000E-1	-3.021231E-18	2.523250E+17	5.171205E-3	0.000000E+0	1.257778E-1	-2.140082E-5	0.000000E+0	0.000000E+0	0.000000E+0
8.007055E+0	1.534916E-3	2.280000E-1	-3.194978E-18	5.558819E-18	6.629955E-3	0.000000E+0	1.248899E-1	-2.394082E-5	0.000000E+0	0.000000E+0	0.000000E+0
8.280367E+0	1.873426E-3	2.780000E-1	4.155990E+17	-4.532139E-19	7.977905E-3	0.000000E+0	1.207676E-1	-2.732356E-5	0.000000E+0	0.000000E+0	0.000000E+0
8.120373E+0	1.634717E-3	3.290000E-1	-4.316265E+17	4.857998E-18	9.462191E-3	0.000000E+0	1.231470E-1	-2.479080E-5	0.000000E+0	0.000000E+0	0.000000E+0
8.080942E+0	-2.927780E-4	3.800000E-1	-3.849816E-18	-6.877525E-18	1.097406E-2	0.000000E+0	1.237479E-1	4.483472E-6	0.000000E+0	0.000000E+0	0.000000E+0
7.968850E+0	2.239935E-3	4.300000E-1	4.766215E-20	4.558806E+17	1.246910E-2	0.000000E+0	1.254886E-1	-3.527314E-5	0.000000E+0	0.000000E+0	0.000000E+0
7.858760E+0	-3.461488E-3	4.810000E-1	1.388541E-18	6.784146E-18	1.390537E-2	0.000000E+0	1.272465E-1	5.604730E-5	0.000000E+0	0.000000E+0	0.000000E+0
7.353584E+0	8.679852E-3	5.320000E-1	3.266052E+17	-3.632521E-18	1.562766E-2	0.000000E+0	1.359879E-1	-1.605143E-4	0.000000E+0	0.000000E+0	0.000000E+0
8.616419E+0	-7.774793E-3	5.820000E-1	-7.975154E-19	6.323277E-18	1.681728E-2	0.000000E+0	1.160574E-1	1.047213E-4	0.000000E+0	0.000000E+0	0.000000E+0
8.148314E+0	2.250582E-3	6.330000E-1	-4.524462E+17	2.055148E+17	1.812435E-2	0.000000E+0	1.227248E-1	-3.389685E-5	0.000000E+0	0.000000E+0	0.000000E+0
8.098747E+0	9.999424E-5	6.840000E-1	-6.904543E-18	-8.377323E+16	1.969137E-2	0.000000E+0	1.234759E-1	-1.524542E-6	0.000000E+0	0.000000E+0	0.000000E+0
8.472151E+0	-9.031504E-3	7.340000E-1	2.547933E-18	-3.215913E-19	2.084882E-2	0.000000E+0	1.180336E-1	1.258265E-4	0.000000E+0	0.000000E+0	0.000000E+0
8.229076E+0	-1.132900E-2	7.850000E-1	-1.554791E+17	1.089529E+17	2.255885E-2	0.000000E+0	1.215201E-1	1.672972E-4	0.000000E+0	0.000000E+0	0.000000E+0
8.054558E+0	-8.110724E-3	8.350000E-1	-5.196819E+17	1.790907E+17	2.378116E-2	0.000000E+0	1.241532E-1	1.250189E-4	0.000000E+0	0.000000E+0	0.000000E+0
8.041891E+0	-7.422999E-3	8.860000E-1	3.883600E+17	-5.707470E+17	2.625370E-2	0.000000E+0	1.243488E-1	1.147791E-4	0.000000E+0	0.000000E+0	0.000000E+0
7.327591E+0	-8.486532E-3	9.370000E-1	-2.798456E+17	-3.562291E+17	2.764452E-2	0.000000E+0	1.364703E-1	1.580546E-4	0.000000E+0	0.000000E+0	0.000000E+0
7.350478E+0	-1.504564E-2	9.870000E-1	7.433461E+16	-3.421240E+17	2.904712E-2	0.000000E+0	1.360450E-1	2.784695E-4	0.000000E+0	0.000000E+0	0.000000E+0
8.639908E+0	4.278287E-3	1.038000E+0	4.333500E+17	8.421242E+16	3.072803E-2	0.000000E+0	1.157419E-1	-5.731279E-5	0.000000E+0	0.000000E+0	0.000000E+0
8.960682E+0	2.676331E-2	1.089000E+0	5.318055E+17	-2.871880E+17	3.189413E-2	0.000000E+0	1.115977E-1	-3.333142E-4	0.000000E+0	0.000000E+0	0.000000E+0
7.987617E+0	-3.656745E-4	1.139000E+0	-5.520479E-19	1.659667E-18	3.330592E-2	0.000000E+0	1.251938E-1	5.731393E-6	0.000000E+0	0.000000E+0	0.000000E+0
7.954227E+0	-2.632886E-4	1.190000E+0	9.197504E+16	2.296609E-18	3.438827E-2	0.000000E+0	1.257193E-1	4.161368E-6	0.000000E+0	0.000000E+0	0.000000E+0
7.865529E+0	-2.374880E-3	1.241000E+0	1.138051E+17	1.810141E+17	3.617797E-2	0.000000E+0	1.271370E-1	3.838714E-5	0.000000E+0	0.000000E+0	0.000000E+0
7.836171E+0	-2.283834E-3	1.291000E+0	1.676928E-18	4.035830E-18	3.759691E-2	0.000000E+0	1.276133E-1	3.719261E-5	0.000000E+0	0.000000E+0	0.000000E+0
8.070763E+0	2.146125E-3	1.342000E+0	-2.680825E+17	-5.132058E+17	3.907302E-2	0.000000E+0	1.239040E-1	-3.294775E-5	0.000000E+0	0.000000E+0	0.000000E+0
7.906830E+0	1.325677E-2	1.392000E+0	5.241928E+17	-4.155966E-18	4.004049E-2	0.000000E+0	1.264726E-1	-2.120468E-4	0.000000E+0	0.000000E+0	0.000000E+0
7.770633E+0	1.236461E-3	1.443000E+0	2.579781E+17	4.569569E-19	4.181435E-2	0.000000E+0	1.286896E-1	-2.047706E-5	0.000000E+0	0.000000E+0	0.000000E+0
7.825791E+0	5.275302E-3	1.494000E+0	2.915631E-18	5.325354E+16	4.338853E-2	0.000000E+0	1.277826E-1	-8.613718E-5	0.000000E+0	0.000000E+0	0.000000E+0
8.053141E+0	4.038841E-2	1.544000E+0	-1.980656E+17	2.858813E+16	4.502146E-2	0.000000E+0	1.241720E-1	-6.227521E-4	0.000000E+0	0.000000E+0	0.000000E+0
8.153889E+0	1.531896E-2	1.595000E+0	-2.714796E-18	1.441508E+17	4.584896E-2	0.000000E+0	1.226404E-1	-2.304083E-4	0.000000E+0	0.000000E+0	0.000000E+0
8.049072E+0	4.027382E-3	1.646000E+0	5.785012E-19	5.234687E+17	4.817440E-2	0.000000E+0	1.242379E-1	-6.216287E-5	0.000000E+0	0.000000E+0	0.000000E+0
8.034500E+0	1.146869E-2	1.696000E+0	3.390598E+17	1.295985E-19	4.895137E-2	0.000000E+0	1.244630E-1	-1.776623E-4	0.000000E+0	0.000000E+0	0.000000E+0
7.984445E+0	7.461749E-3	1.747000E+0	-5.351627E-18	2.391872E+17	5.078958E-2	0.000000E+0	1.252434E-1	-1.170444E-4	0.000000E+0	0.000000E+0	0.000000E+0
7.900743E+0	1.125650E-2	1.797000E+0	2.587907E+17	-4.848260E-18	5.227594E-2	0.000000E+0	1.265701E-1	-1.803294E-4	0.000000E+0	0.000000E+0	0.000000E+0
7.934475E+0	1.260557E-2	1.848000E+0	-3.848534E+17	-9.739225E-19	5.386135E-2	0.000000E+0	1.260320E-1	-2.002281E-4	0.000000E+0	0.000000E+0	0.000000E+0
7.775381E+0	4.800312E-3	1.899000E+0	6.653843E-18	-4.395667E+17	5.423890E-2	0.000000E+0	1.286110E-1	-7.940099E-5	0.000000E+0	0.000000E+0	0.000000E+0
7.758624E+0	6.590240E-3	1.949000E+0	-1.137863E-18	-4.188961E+17	5.741984E-2	0.000000E+0	1.288887E-1	-1.094792E-4	0.000000E+0	0.000000E+0	0.000000E+0
7.761250E+0	1.468085E-2	2.000000E+0	-9.275714E-19	-3.780148E-18	5.876776E-2	0.000000E+0	1.288448E-1	-2.437173E-4	0.000000E+0	0.000000E+0	0.000000E+0
