Real / Ohm	Ximag / Ohm	V_DC / V	I_a c / A	V_ac / V	I_DC / A
1.054099E+1	3.732257E-1	-2.000000E+0	-3.567381E+17	-4.286482E-18	-5.156980E-2	1.000000E+6	9.474897E-2	-3.354784E-3	0.000000E+0	0.000000E+0	0.000000E+0
1.102891E+1	3.141451E-1	-1.949000E+0	-4.691027E+17	6.689522E-18	-5.073158E-2	0.000000E+0	9.059729E-2	-2.580554E-3	0.000000E+0	0.000000E+0	0.000000E+0
1.086329E+1	3.180437E-1	-1.899000E+0	-5.749716E+17	1.371841E+17	-4.683461E-2	0.000000E+0	9.197431E-2	-2.692725E-3	0.000000E+0	0.000000E+0	0.000000E+0
1.080912E+1	1.749630E-1	-1.848000E+0	-6.194310E-18	5.176240E+17	-4.732427E-2	0.000000E+0	9.249024E-2	-1.497103E-3	0.000000E+0	0.000000E+0	0.000000E+0
1.091848E+1	3.256512E-1	-1.797000E+0	2.517955E+17	3.793721E+16	-4.600495E-2	0.000000E+0	9.150644E-2	-2.729243E-3	0.000000E+0	0.000000E+0	0.000000E+0
1.099501E+1	2.997551E-1	-1.747000E+0	4.508571E+17	-2.686618E+17	-4.437865E-2	0.000000E+0	9.088280E-2	-2.477722E-3	0.000000E+0	0.000000E+0	0.000000E+0
1.079062E+1	1.750946E-1	-1.696000E+0	8.250878E-19	2.835790E+17	-4.284023E-2	0.000000E+0	9.264869E-2	-1.503369E-3	0.000000E+0	0.000000E+0	0.000000E+0
1.140143E+1	1.913748E-1	-1.646000E+0	6.288344E-18	-3.929323E-18	-4.242077E-2	0.000000E+0	8.768359E-2	-1.471783E-3	0.000000E+0	0.000000E+0	0.000000E+0
1.106005E+1	2.116632E-1	-1.595000E+0	-2.649665E-18	4.664198E-18	-4.083997E-2	0.000000E+0	9.038240E-2	-1.729705E-3	0.000000E+0	0.000000E+0	0.000000E+0
1.120786E+1	1.838856E-1	-1.544000E+0	2.907620E+17	-1.496570E-18	-3.998744E-2	0.000000E+0	8.919909E-2	-1.463475E-3	0.000000E+0	0.000000E+0	0.000000E+0
1.155143E+1	2.956848E-1	-1.494000E+0	-2.052875E-18	3.493290E-18	-3.829118E-2	0.000000E+0	8.651268E-2	-2.214486E-3	0.000000E+0	0.000000E+0	0.000000E+0
1.231921E+1	1.521225E-1	-1.443000E+0	5.725574E-18	6.181145E-18	-3.712916E-2	0.000000E+0	8.116166E-2	-1.002216E-3	0.000000E+0	0.000000E+0	0.000000E+0
1.310999E+1	1.701393E-1	-1.392000E+0	-6.504745E+16	2.369911E+17	-3.605857E-2	0.000000E+0	7.626486E-2	-9.897529E-4	0.000000E+0	0.000000E+0	0.000000E+0
1.274887E+1	2.693548E-1	-1.342000E+0	8.036571E+16	-5.942611E-18	-3.391082E-2	0.000000E+0	7.840333E-2	-1.656485E-3	0.000000E+0	0.000000E+0	0.000000E+0
1.261455E+1	-1.504955E-1	-1.291000E+0	2.127762E-18	3.293656E+15	-3.208282E-2	0.000000E+0	7.926226E-2	9.456233E-4	0.000000E+0	0.000000E+0	0.000000E+0
1.292541E+1	2.407856E-1	-1.241000E+0	8.607211E+16	1.700546E-17	-3.118992E-2	0.000000E+0	7.734015E-2	-1.440758E-3	0.000000E+0	0.000000E+0	0.000000E+0
1.291027E+1	4.650288E-1	-1.190000E+0	-3.335094E+16	-2.240669E+17	-3.082564E-2	0.000000E+0	7.735735E-2	-2.786417E-3	0.000000E+0	0.000000E+0	0.000000E+0
1.233224E+1	-1.069765E-1	-1.139000E+0	2.653475E+17	2.403843E+17	-2.851041E-2	0.000000E+0	8.108217E-2	7.033505E-4	0.000000E+0	0.000000E+0	0.000000E+0
1.292246E+1	1.326742E-1	-1.089000E+0	-6.256276E-18	1.400744E+17	-2.747605E-2	0.000000E+0	7.737649E-2	-7.944203E-4	0.000000E+0	0.000000E+0	0.000000E+0
1.292631E+1	1.547756E-1	-1.038000E+0	-4.475620E-18	-5.687704E-18	-2.560208E-2	0.000000E+0	7.735051E-2	-9.261708E-4	0.000000E+0	0.000000E+0	0.000000E+0
1.310319E+1	7.390308E-2	-9.870000E-1	1.311717E+15	5.157902E-18	-2.455139E-2	0.000000E+0	7.631487E-2	-4.304222E-4	0.000000E+0	0.000000E+0	0.000000E+0
1.320913E+1	6.571293E-2	-9.370000E-1	3.723455E-18	4.245176E+17	-2.342663E-2	0.000000E+0	7.570334E-2	-3.766098E-4	0.000000E+0	0.000000E+0	0.000000E+0
1.352036E+1	1.221046E-1	-8.860000E-1	-5.203440E-18	3.843920E-18	-2.189280E-2	0.000000E+0	7.395650E-2	-6.679133E-4	0.000000E+0	0.000000E+0	0.000000E+0
1.388786E+1	2.090006E-1	-8.350000E-1	-1.183523E-18	-5.342346E-18	-2.063170E-2	0.000000E+0	7.198903E-2	-1.083374E-3	0.000000E+0	0.000000E+0	0.000000E+0
1.377111E+1	1.180744E-1	-7.850000E-1	5.232691E+17	-3.553127E+17	-1.946404E-2	0.000000E+0	7.261045E-2	-6.225668E-4	0.000000E+0	0.000000E+0	0.000000E+0
1.379145E+1	-5.324173E-2	-7.340000E-1	2.088242E+17	-2.195880E+17	-1.722184E-2	0.000000E+0	7.250761E-2	2.799148E-4	0.000000E+0	0.000000E+0	0.000000E+0
1.356526E+1	-1.453915E-1	-6.840000E-1	-7.957818E+16	-3.372665E-18	-1.694590E-2	0.000000E+0	7.370925E-2	7.900105E-4	0.000000E+0	0.000000E+0	0.000000E+0
1.337465E+1	4.504175E-1	-6.330000E-1	-2.208677E-18	1.807661E-18	-1.587428E-2	0.000000E+0	7.468361E-2	-2.515117E-3	0.000000E+0	0.000000E+0	0.000000E+0
1.294279E+1	-1.381464E-1	-5.820000E-1	-4.775830E-18	6.138991E-18	-1.496302E-2	0.000000E+0	7.725429E-2	8.245828E-4	0.000000E+0	0.000000E+0	0.000000E+0
1.331854E+1	2.122116E-2	-5.320000E-1	3.271013E+17	1.849291E+17	-1.333060E-2	0.000000E+0	7.508311E-2	-1.196340E-4	0.000000E+0	0.000000E+0	0.000000E+0
1.331257E+1	5.558395E-2	-4.810000E-1	4.410889E+17	3.939340E-18	-1.219309E-2	0.000000E+0	7.511567E-2	-3.136303E-4	0.000000E+0	0.000000E+0	0.000000E+0
1.340711E+1	2.468586E-2	-4.300000E-1	-5.506670E-18	3.318154E+17	-1.069298E-2	0.000000E+0	7.458704E-2	-1.373335E-4	0.000000E+0	0.000000E+0	0.000000E+0
1.342157E+1	7.112503E-3	-3.800000E-1	-4.319920E+17	-4.172230E+17	-9.513564E-3	0.000000E+0	7.450691E-2	-3.948351E-5	0.000000E+0	0.000000E+0	0.000000E+0
1.384123E+1	7.257748E-2	-3.290000E-1	6.411590E-18	-1.599031E-19	-8.235101E-3	0.000000E+0	7.224593E-2	-3.788267E-4	0.000000E+0	0.000000E+0	0.000000E+0
1.358950E+1	2.888613E-1	-2.780000E-1	-1.696221E+17	-6.410840E-19	-7.019965E-3	0.000000E+0	7.355299E-2	-1.563458E-3	0.000000E+0	0.000000E+0	0.000000E+0
1.374497E+1	3.037453E-3	-2.280000E-1	-2.726899E+17	1.903750E-18	-5.723597E-3	0.000000E+0	7.275388E-2	-1.607763E-5	0.000000E+0	0.000000E+0	0.000000E+0
1.348653E+1	-1.575384E-1	-1.770000E-1	-1.478400E+17	2.700612E+17	-4.333795E-3	0.000000E+0	7.413794E-2	8.660176E-4	0.000000E+0	0.000000E+0	0.000000E+0
1.333895E+1	2.128220E-2	-1.270000E-1	-2.971689E+17	-4.901914E-18	-3.227417E-3	0.000000E+0	7.496823E-2	-1.196113E-4	0.000000E+0	0.000000E+0	0.000000E+0
1.403104E+1	4.200611E-1	-7.600000E-2	-4.716725E+17	-4.928293E+17	-1.877962E-3	0.000000E+0	7.120673E-2	-2.131786E-3	0.000000E+0	0.000000E+0	0.000000E+0
1.349257E+1	-1.582918E-1	-2.500000E-2	-9.427510E-19	-9.422141E-19	-6.459735E-4	0.000000E+0	7.410467E-2	8.693793E-4	0.000000E+0	0.000000E+0	0.000000E+0
1.390158E+1	-9.108829E-2	2.500000E-2	-3.093320E+17	4.406614E-18	5.737850E-4	0.000000E+0	7.193118E-2	4.713197E-4	0.000000E+0	0.000000E+0	0.000000E+0
1.340391E+1	4.063702E-2	7.600000E-2	-4.715168E+17	-5.436513E+17	1.895150E-3	0.000000E+0	7.460441E-2	-2.261803E-4	0.000000E+0	0.000000E+0	0.000000E+0
1.322717E+1	1.201153E-2	1.270000E-1	4.697494E+17	-5.230656E+17	3.139907E-3	0.000000E+0	7.560190E-2	-6.865372E-5	0.000000E+0	0.000000E+0	0.000000E+0
1.319047E+1	8.425713E-3	1.770000E-1	-3.021231E-18	2.523250E+17	4.436272E-3	0.000000E+0	7.581228E-2	-4.842682E-5	0.000000E+0	0.000000E+0	0.000000E+0
1.344855E+1	7.819462E-2	2.280000E-1	-3.194978E-18	5.558819E-18	5.741294E-3	0.000000E+0	7.435494E-2	-4.323259E-4	0.000000E+0	0.000000E+0	0.000000E+0
1.344707E+1	2.653017E-1	2.780000E-1	4.155990E+17	-4.532139E-19	6.946753E-3	0.000000E+0	7.433671E-2	-1.466614E-3	0.000000E+0	0.000000E+0	0.000000E+0
1.306539E+1	-5.231190E-2	3.290000E-1	-4.316265E+17	4.857998E-18	7.832469E-3	0.000000E+0	7.653686E-2	3.064423E-4	0.000000E+0	0.000000E+0	0.000000E+0
1.305528E+1	-1.807499E-2	3.800000E-1	-3.849816E-18	-6.877525E-18	9.547602E-3	0.000000E+0	7.659721E-2	1.060486E-4	0.000000E+0	0.000000E+0	0.000000E+0
1.244407E+1	-1.244411E-1	4.300000E-1	4.766215E-20	4.558806E+17	1.081741E-2	0.000000E+0	8.035153E-2	8.035178E-4	0.000000E+0	0.000000E+0	0.000000E+0
1.317682E+1	3.183117E-1	4.810000E-1	1.388541E-18	6.784146E-18	1.222356E-2	0.000000E+0	7.584658E-2	-1.832222E-3	0.000000E+0	0.000000E+0	0.000000E+0
1.216874E+1	-2.317257E-1	5.320000E-1	3.266052E+17	-3.632521E-18	1.342235E-2	0.000000E+0	8.214799E-2	1.564320E-3	0.000000E+0	0.000000E+0	0.000000E+0
1.223525E+1	1.302719E-1	5.820000E-1	-7.975154E-19	6.323277E-18	1.492607E-2	0.000000E+0	8.172180E-2	-8.701133E-4	0.000000E+0	0.000000E+0	0.000000E+0
1.220363E+1	4.523373E-2	6.330000E-1	-4.524462E+17	2.055148E+17	1.610647E-2	0.000000E+0	8.194171E-2	-3.037235E-4	0.000000E+0	0.000000E+0	0.000000E+0
1.191265E+1	3.113651E-2	6.840000E-1	-6.904543E-18	-8.377323E+16	1.760302E-2	0.000000E+0	8.394380E-2	-2.194069E-4	0.000000E+0	0.000000E+0	0.000000E+0
1.171917E+1	2.907753E-2	7.340000E-1	2.547933E-18	-3.215913E-19	1.880592E-2	0.000000E+0	8.532975E-2	-2.117196E-4	0.000000E+0	0.000000E+0	0.000000E+0
1.192520E+1	1.306543E-1	7.850000E-1	-1.554791E+17	1.089529E+17	2.022739E-2	0.000000E+0	8.384597E-2	-9.186292E-4	0.000000E+0	0.000000E+0	0.000000E+0
1.191620E+1	5.038366E-1	8.350000E-1	-5.196819E+17	1.790907E+17	2.108096E-2	0.000000E+0	8.376961E-2	-3.541917E-3	0.000000E+0	0.000000E+0	0.000000E+0
1.206986E+1	-1.086044E-2	8.860000E-1	3.883600E+17	-5.707470E+17	2.245646E-2	0.000000E+0	8.285094E-2	7.454913E-5	0.000000E+0	0.000000E+0	0.000000E+0
1.322623E+1	-4.926586E-2	9.370000E-1	-2.798456E+17	-3.562291E+17	2.282277E-2	0.000000E+0	7.560629E-2	2.816229E-4	0.000000E+0	0.000000E+0	0.000000E+0
1.228627E+1	-1.553240E-1	9.870000E-1	7.433461E+16	-3.421240E+17	2.519676E-2	0.000000E+0	8.137866E-2	1.028795E-3	0.000000E+0	0.000000E+0	0.000000E+0
1.221757E+1	3.596907E-1	1.038000E+0	4.333500E+17	8.421242E+16	2.616676E-2	0.000000E+0	8.177846E-2	-2.407594E-3	0.000000E+0	0.000000E+0	0.000000E+0
1.042717E+1	-3.118591E-1	1.089000E+0	5.318055E+17	-2.871880E+17	2.740078E-2	0.000000E+0	9.581759E-2	2.865743E-3	0.000000E+0	0.000000E+0	0.000000E+0
1.097901E+1	1.496439E-1	1.139000E+0	-5.520479E-19	1.659667E-18	2.950972E-2	0.000000E+0	9.106598E-2	-1.241229E-3	0.000000E+0	0.000000E+0	0.000000E+0
1.155417E+1	4.626942E-2	1.190000E+0	9.197504E+16	2.296609E-18	3.014262E-2	0.000000E+0	8.654745E-2	-3.465849E-4	0.000000E+0	0.000000E+0	0.000000E+0
1.132696E+1	8.895969E-2	1.241000E+0	1.138051E+17	1.810141E+17	3.170760E-2	0.000000E+0	8.827950E-2	-6.933296E-4	0.000000E+0	0.000000E+0	0.000000E+0
1.103207E+1	6.591034E-2	1.291000E+0	1.676928E-18	4.035830E-18	3.347486E-2	0.000000E+0	9.064158E-2	-5.415319E-4	0.000000E+0	0.000000E+0	0.000000E+0
1.127357E+1	3.048725E-1	1.342000E+0	-2.680825E+17	-5.132058E+17	3.467211E-2	0.000000E+0	8.863822E-2	-2.397054E-3	0.000000E+0	0.000000E+0	0.000000E+0
1.069235E+1	5.617857E-1	1.392000E+0	5.241928E+17	-4.155966E-18	3.416818E-2	0.000000E+0	9.326734E-2	-4.900350E-3	0.000000E+0	0.000000E+0	0.000000E+0
1.138309E+1	5.925846E-2	1.443000E+0	2.579781E+17	4.569569E-19	3.700435E-2	0.000000E+0	8.784723E-2	-4.573180E-4	0.000000E+0	0.000000E+0	0.000000E+0
1.175169E+1	2.588844E-2	1.494000E+0	2.915631E-18	5.325354E+16	3.658568E-2	0.000000E+0	8.509373E-2	-1.874576E-4	0.000000E+0	0.000000E+0	0.000000E+0
1.089747E+1	-4.979134E-3	1.544000E+0	-1.980656E+17	2.858813E+16	3.957561E-2	0.000000E+0	9.176440E-2	4.192783E-5	0.000000E+0	0.000000E+0	0.000000E+0
1.073489E+1	3.663044E-1	1.595000E+0	-2.714796E-18	1.441508E+17	4.081577E-2	0.000000E+0	9.304585E-2	-3.174984E-3	0.000000E+0	0.000000E+0	0.000000E+0
9.909096E+0	-2.192721E-1	1.646000E+0	5.785012E-19	5.234687E+17	4.222140E-2	0.000000E+0	1.008680E-1	2.232044E-3	0.000000E+0	0.000000E+0	0.000000E+0
1.013940E+1	1.717863E-1	1.696000E+0	3.390598E+17	1.295985E-19	4.487476E-2	0.000000E+0	9.859686E-2	-1.670473E-3	0.000000E+0	0.000000E+0	0.000000E+0
1.000160E+1	1.474667E-1	1.747000E+0	-5.351627E-18	2.391872E+17	4.606896E-2	0.000000E+0	9.996227E-2	-1.473875E-3	0.000000E+0	0.000000E+0	0.000000E+0
1.000278E+1	1.599655E-1	1.797000E+0	2.587907E+17	-4.848260E-18	4.714623E-2	0.000000E+0	9.994665E-2	-1.598357E-3	0.000000E+0	0.000000E+0	0.000000E+0
9.908083E+0	1.666355E-1	1.848000E+0	-3.848534E+17	-9.739225E-19	4.842418E-2	0.000000E+0	1.008992E-1	-1.696936E-3	0.000000E+0	0.000000E+0	0.000000E+0
1.005178E+1	3.227181E-1	1.899000E+0	6.653843E-18	-4.395667E+17	5.016587E-2	0.000000E+0	9.938243E-2	-3.190729E-3	0.000000E+0	0.000000E+0	0.000000E+0
9.986839E+0	4.506636E-1	1.949000E+0	-1.137863E-18	-4.188961E+17	5.097296E-2	0.000000E+0	9.992830E-2	-4.509339E-3	0.000000E+0	0.000000E+0	0.000000E+0
1.063328E+1	2.222953E-1	2.000000E+0	-9.275714E-19	-3.780148E-18	5.042661E-2	0.000000E+0	9.400328E-2	-1.965197E-3	0.000000E+0	0.000000E+0	0.000000E+0
