Real / Ohm	Ximag / Ohm	V_DC / V	I_a c / A	V_ac / V	I_DC / A
8.048349E+1	-4.289705E+2	3.000000E+0	-9.275714E-19	-3.780148E-18	-1.881708E-6	1.000000E+7	4.225004E-4	2.251893E-3	0.000000E+0	0.000000E+0	0.000000E+0
8.128149E+1	-4.272755E+2	2.924000E+0	-1.137863E-18	-4.188961E+17	-8.005300E-7	0.000000E+0	4.296720E-4	2.258673E-3	0.000000E+0	0.000000E+0	0.000000E+0
8.355090E+1	-4.265629E+2	2.848000E+0	6.653843E-18	-4.395667E+17	1.812848E-6	0.000000E+0	4.422165E-4	2.257703E-3	0.000000E+0	0.000000E+0	0.000000E+0
8.296219E+1	-4.258250E+2	2.772000E+0	-3.848534E+17	-9.739225E-19	-1.703156E-7	0.000000E+0	4.407967E-4	2.262503E-3	0.000000E+0	0.000000E+0	0.000000E+0
8.119882E+1	-4.252323E+2	2.696000E+0	2.587907E+17	-4.848260E-18	-2.153480E-6	0.000000E+0	4.332550E-4	2.268925E-3	0.000000E+0	0.000000E+0	0.000000E+0
8.165475E+1	-4.251577E+2	2.620000E+0	-5.351627E-18	2.391872E+17	9.706273E-7	0.000000E+0	4.356626E-4	2.268396E-3	0.000000E+0	0.000000E+0	0.000000E+0
8.000790E+1	-4.250920E+2	2.544000E+0	3.390598E+17	1.295985E-19	1.541091E-6	0.000000E+0	4.276108E-4	2.271950E-3	0.000000E+0	0.000000E+0	0.000000E+0
8.172360E+1	-4.250159E+2	2.468000E+0	5.785012E-19	5.234687E+17	-1.974244E-6	0.000000E+0	4.362844E-4	2.268963E-3	0.000000E+0	0.000000E+0	0.000000E+0
8.021338E+1	-4.247124E+2	2.392000E+0	-2.714796E-18	1.441508E+17	-1.403765E-6	0.000000E+0	4.293738E-4	2.273441E-3	0.000000E+0	0.000000E+0	0.000000E+0
8.358844E+1	-4.258271E+2	2.316000E+0	-1.980656E+17	2.858813E+16	-2.365516E-6	0.000000E+0	4.438739E-4	2.261240E-3	0.000000E+0	0.000000E+0	0.000000E+0
8.247647E+1	-4.249922E+2	2.241000E+0	2.915631E-18	5.325354E+16	2.263099E-6	0.000000E+0	4.400605E-4	2.267584E-3	0.000000E+0	0.000000E+0	0.000000E+0
8.387573E+1	-4.253376E+2	2.165000E+0	2.579781E+17	4.569569E-19	-1.762965E-6	0.000000E+0	4.462728E-4	2.263069E-3	0.000000E+0	0.000000E+0	0.000000E+0
8.262427E+1	-4.248190E+2	2.089000E+0	5.241928E+17	-4.155966E-18	3.396854E-7	0.000000E+0	4.411381E-4	2.268145E-3	0.000000E+0	0.000000E+0	0.000000E+0
8.531430E+1	-4.255507E+2	2.013000E+0	-2.680825E+17	-5.132058E+17	-2.154193E-6	0.000000E+0	4.529035E-4	2.259098E-3	0.000000E+0	0.000000E+0	0.000000E+0
8.396872E+1	-4.253309E+2	1.937000E+0	1.676928E-18	4.035830E-18	-4.137364E-6	0.000000E+0	4.467440E-4	2.262915E-3	0.000000E+0	0.000000E+0	0.000000E+0
8.230743E+1	-4.251494E+2	1.861000E+0	1.138051E+17	1.810141E+17	-2.545436E-6	0.000000E+0	4.389109E-4	2.267143E-3	0.000000E+0	0.000000E+0	0.000000E+0
8.263293E+1	-4.252099E+2	1.785000E+0	9.197504E+16	2.296609E-18	-9.535361E-7	0.000000E+0	4.403997E-4	2.266195E-3	0.000000E+0	0.000000E+0	0.000000E+0
8.065887E+1	-4.259924E+2	1.709000E+0	-5.520479E-19	1.659667E-18	1.149099E-6	0.000000E+0	4.290927E-4	2.266214E-3	0.000000E+0	0.000000E+0	0.000000E+0
8.207053E+1	-4.252806E+2	1.633000E+0	5.318055E+17	-2.871880E+17	1.719563E-6	0.000000E+0	4.374781E-4	2.266964E-3	0.000000E+0	0.000000E+0	0.000000E+0
8.196619E+1	-4.250986E+2	1.557000E+0	4.333500E+17	8.421242E+16	-1.795765E-6	0.000000E+0	4.373226E-4	2.268072E-3	0.000000E+0	0.000000E+0	0.000000E+0
8.722900E+1	-4.255525E+2	1.481000E+0	7.433461E+16	-3.421240E+17	-2.038432E-7	0.000000E+0	4.622535E-4	2.255134E-3	0.000000E+0	0.000000E+0	0.000000E+0
8.182236E+1	-4.270612E+2	1.405000E+0	-2.798456E+17	-3.562291E+17	-1.676293E-6	0.000000E+0	4.327481E-4	2.258673E-3	0.000000E+0	0.000000E+0	0.000000E+0
8.508521E+1	-4.254069E+2	1.329000E+0	3.883600E+17	-5.707470E+17	4.263420E-7	0.000000E+0	4.520747E-4	2.260272E-3	0.000000E+0	0.000000E+0	0.000000E+0
8.499509E+1	-4.249169E+2	1.253000E+0	-5.196819E+17	1.790907E+17	9.968135E-7	0.000000E+0	4.526347E-4	2.262862E-3	0.000000E+0	0.000000E+0	0.000000E+0
8.619116E+1	-4.253688E+2	1.177000E+0	-1.554791E+17	1.089529E+17	3.510650E-8	0.000000E+0	4.575691E-4	2.258185E-3	0.000000E+0	0.000000E+0	0.000000E+0
8.498566E+1	-4.249387E+2	1.101000E+0	2.547933E-18	-3.215913E-19	-9.265932E-7	0.000000E+0	4.525437E-4	2.262774E-3	0.000000E+0	0.000000E+0	0.000000E+0
8.379803E+1	-4.246746E+2	1.025000E+0	-6.904543E-18	-8.377323E+16	6.653281E-7	0.000000E+0	4.472314E-4	2.266495E-3	0.000000E+0	0.000000E+0	0.000000E+0
8.409750E+1	-4.245597E+2	9.490000E-1	-4.524462E+17	2.055148E+17	-1.828550E-6	0.000000E+0	4.489430E-4	2.266454E-3	0.000000E+0	0.000000E+0	0.000000E+0
8.337064E+1	-4.246345E+2	8.730000E-1	-7.975154E-19	6.323277E-18	1.806260E-6	0.000000E+0	4.452011E-4	2.267558E-3	0.000000E+0	0.000000E+0	0.000000E+0
8.395197E+1	-4.243250E+2	7.970000E-1	3.266052E+17	-3.632521E-18	-2.219815E-6	0.000000E+0	4.487019E-4	2.267909E-3	0.000000E+0	0.000000E+0	0.000000E+0
8.444223E+1	-4.240607E+2	7.220000E-1	1.388541E-18	6.784146E-18	8.766110E-7	0.000000E+0	4.516642E-4	2.268214E-3	0.000000E+0	0.000000E+0	0.000000E+0
8.661319E+1	-4.240090E+2	6.460000E-1	4.766215E-20	4.558806E+17	-5.958063E-7	0.000000E+0	4.624661E-4	2.263972E-3	0.000000E+0	0.000000E+0	0.000000E+0
8.191937E+1	-4.241265E+2	5.700000E-1	-3.849816E-18	-6.877525E-18	-2.533852E-8	0.000000E+0	4.390245E-4	2.272990E-3	0.000000E+0	0.000000E+0	0.000000E+0
8.594568E+1	-4.237845E+2	4.940000E-1	-4.316265E+17	4.857998E-18	3.438436E-8	0.000000E+0	4.596518E-4	2.266470E-3	0.000000E+0	0.000000E+0	0.000000E+0
8.694983E+1	-4.233990E+2	4.180000E-1	4.155990E+17	-4.532139E-19	-1.948776E-6	0.000000E+0	4.654029E-4	2.266263E-3	0.000000E+0	0.000000E+0	0.000000E+0
8.740842E+1	-4.235587E+2	3.420000E-1	-3.194978E-18	5.558819E-18	3.728946E-6	0.000000E+0	4.673192E-4	2.264509E-3	0.000000E+0	0.000000E+0	0.000000E+0
8.641699E+1	-4.231090E+2	2.660000E-1	-3.021231E-18	2.523250E+17	-8.078423E-7	0.000000E+0	4.633889E-4	2.268813E-3	0.000000E+0	0.000000E+0	0.000000E+0
8.510922E+1	-4.227767E+2	1.900000E-1	4.697494E+17	-5.230656E+17	2.733368E-7	0.000000E+0	4.576165E-4	2.273192E-3	0.000000E+0	0.000000E+0	0.000000E+0
8.569403E+1	-4.226424E+2	1.140000E-1	-4.715168E+17	-5.436513E+17	-2.220539E-6	0.000000E+0	4.607948E-4	2.272637E-3	0.000000E+0	0.000000E+0	0.000000E+0
8.465585E+1	-4.225245E+2	3.800000E-2	-3.093320E+17	4.406614E-18	3.928424E-7	0.000000E+0	4.558901E-4	2.275386E-3	0.000000E+0	0.000000E+0	0.000000E+0
8.554123E+1	-4.220652E+2	-3.800000E-2	-9.427510E-19	-9.422141E-19	-1.079606E-6	0.000000E+0	4.612473E-4	2.275820E-3	0.000000E+0	0.000000E+0	0.000000E+0
8.663840E+1	-4.217683E+2	-1.140000E-1	-4.716725E+17	-4.928293E+17	1.023032E-6	0.000000E+0	4.673186E-4	2.274975E-3	0.000000E+0	0.000000E+0	0.000000E+0
8.484787E+1	-4.216733E+2	-1.900000E-1	-2.971689E+17	-4.901914E-18	1.593499E-6	0.000000E+0	4.586185E-4	2.279222E-3	0.000000E+0	0.000000E+0	0.000000E+0
8.319385E+1	-4.231981E+2	-2.660000E-1	-1.478400E+17	2.700612E+17	-9.003779E-7	0.000000E+0	4.472358E-4	2.275040E-3	0.000000E+0	0.000000E+0	0.000000E+0
8.695325E+1	-4.201989E+2	-3.420000E-1	-2.726899E+17	1.903750E-18	-1.862081E-6	0.000000E+0	4.722435E-4	2.282102E-3	0.000000E+0	0.000000E+0	0.000000E+0
8.825540E+1	-4.195306E+2	-4.180000E-1	-1.696221E+17	-6.410840E-19	1.772727E-6	0.000000E+0	4.801841E-4	2.282601E-3	0.000000E+0	0.000000E+0	0.000000E+0
8.892142E+1	-4.189885E+2	-4.940000E-1	6.411590E-18	-1.599031E-19	8.110237E-7	0.000000E+0	4.846953E-4	2.283834E-3	0.000000E+0	0.000000E+0	0.000000E+0
8.772891E+1	-4.176458E+2	-5.700000E-1	-4.319920E+17	-4.172230E+17	-1.682882E-6	0.000000E+0	4.816978E-4	2.293190E-3	0.000000E+0	0.000000E+0	0.000000E+0
8.686951E+1	-4.163632E+2	-6.460000E-1	-5.506670E-18	3.318154E+17	1.441214E-6	0.000000E+0	4.801951E-4	2.301562E-3	0.000000E+0	0.000000E+0	0.000000E+0
8.598071E+1	-4.163893E+2	-7.220000E-1	4.410889E+17	3.939340E-18	4.795111E-7	0.000000E+0	4.756288E-4	2.303386E-3	0.000000E+0	0.000000E+0	0.000000E+0
8.600436E+1	-4.149485E+2	-7.970000E-1	3.271013E+17	1.849291E+17	4.597365E-6	0.000000E+0	4.789221E-4	2.310674E-3	0.000000E+0	0.000000E+0	0.000000E+0
8.768225E+1	-4.120018E+2	-8.730000E-1	-4.775830E-18	6.138991E-18	1.082033E-6	0.000000E+0	4.941692E-4	2.322005E-3	0.000000E+0	0.000000E+0	0.000000E+0
8.880746E+1	-4.103689E+2	-9.490000E-1	-2.208677E-18	1.807661E-18	4.206129E-6	0.000000E+0	5.037595E-4	2.327814E-3	0.000000E+0	0.000000E+0	0.000000E+0
7.912595E+1	-4.089862E+2	-1.025000E+0	-7.957818E+16	-3.372665E-18	1.712251E-6	0.000000E+0	4.559769E-4	2.356853E-3	0.000000E+0	0.000000E+0	0.000000E+0
8.858234E+1	-4.071044E+2	-1.101000E+0	2.088242E+17	-2.195880E+17	7.505441E-7	0.000000E+0	5.103233E-4	2.345331E-3	0.000000E+0	0.000000E+0	0.000000E+0
9.061972E+1	-4.046830E+2	-1.177000E+0	5.232691E+17	-3.553127E+17	1.321016E-6	0.000000E+0	5.269193E-4	2.353078E-3	0.000000E+0	0.000000E+0	0.000000E+0
9.268497E+1	-4.031558E+2	-1.253000E+0	-1.183523E-18	-5.342346E-18	3.592504E-7	0.000000E+0	5.416211E-4	2.355913E-3	0.000000E+0	0.000000E+0	0.000000E+0
9.300177E+1	-4.014362E+2	-1.329000E+0	-5.203440E-18	3.843920E-18	1.951179E-6	0.000000E+0	5.477125E-4	2.364166E-3	0.000000E+0	0.000000E+0	0.000000E+0
9.216772E+1	-3.998054E+2	-1.405000E+0	3.723455E-18	4.245176E+17	4.787580E-7	0.000000E+0	5.475118E-4	2.374998E-3	0.000000E+0	0.000000E+0	0.000000E+0
9.308942E+1	-3.996077E+2	-1.481000E+0	1.311717E+15	5.157902E-18	4.113535E-6	0.000000E+0	5.529453E-4	2.373645E-3	0.000000E+0	0.000000E+0	0.000000E+0
9.131100E+1	-4.058440E+2	-1.557000E+0	-4.475620E-18	-5.687704E-18	-4.232279E-7	0.000000E+0	5.276657E-4	2.345281E-3	0.000000E+0	0.000000E+0	0.000000E+0
9.737289E+1	-4.107658E+2	-1.633000E+0	-6.256276E-18	1.400744E+17	-8.742136E-7	0.000000E+0	5.463940E-4	2.304953E-3	0.000000E+0	0.000000E+0	0.000000E+0
1.010949E+2	-4.229264E+2	-1.709000E+0	2.653475E+17	2.403843E+17	-8.144343E-7	0.000000E+0	5.346478E-4	2.236677E-3	0.000000E+0	0.000000E+0	0.000000E+0
1.068973E+2	-4.385392E+2	-1.785000E+0	-3.335094E+16	-2.240669E+17	1.798915E-6	0.000000E+0	5.246656E-4	2.152407E-3	0.000000E+0	0.000000E+0	0.000000E+0
8.120200E+1	-4.553675E+2	-1.861000E+0	8.607211E+16	1.700546E-17	1.347929E-6	0.000000E+0	3.795314E-4	2.128350E-3	0.000000E+0	0.000000E+0	0.000000E+0
7.298087E+1	-4.674979E+2	-1.937000E+0	2.127762E-18	3.293656E+15	1.918372E-6	0.000000E+0	3.259814E-4	2.088158E-3	0.000000E+0	0.000000E+0	0.000000E+0
1.196824E+2	-4.845477E+2	-2.013000E+0	8.036571E+16	-5.942611E-18	9.566575E-7	0.000000E+0	4.804393E-4	1.945113E-3	0.000000E+0	0.000000E+0	0.000000E+0
1.263350E+2	-4.939880E+2	-2.089000E+0	-6.504745E+16	2.369911E+17	2.037865E-6	0.000000E+0	4.859325E-4	1.900066E-3	0.000000E+0	0.000000E+0	0.000000E+0
8.172092E+1	-5.000010E+2	-2.165000E+0	5.725574E-18	6.181145E-18	1.586886E-6	0.000000E+0	3.183775E-4	1.947960E-3	0.000000E+0	0.000000E+0	0.000000E+0
1.027487E+2	-5.122909E+2	-2.241000E+0	-2.052875E-18	3.493290E-18	1.646593E-6	0.000000E+0	3.763699E-4	1.876529E-3	0.000000E+0	0.000000E+0	0.000000E+0
1.218896E+2	-5.204161E+2	-2.316000E+0	2.907620E+17	-1.496570E-18	3.210866E-6	0.000000E+0	4.266499E-4	1.821611E-3	0.000000E+0	0.000000E+0	0.000000E+0
1.428715E+2	-5.253928E+2	-2.392000E+0	-2.649665E-18	4.664198E-18	-2.347399E-6	0.000000E+0	4.819415E-4	1.772282E-3	0.000000E+0	0.000000E+0	0.000000E+0
1.472295E+2	-5.292412E+2	-2.468000E+0	6.288344E-18	-3.929323E-18	-1.266177E-6	0.000000E+0	4.878820E-4	1.753774E-3	0.000000E+0	0.000000E+0	0.000000E+0
1.493377E+2	-5.348323E+2	-2.544000E+0	8.250878E-19	2.835790E+17	-1.849694E-7	0.000000E+0	4.843165E-4	1.734512E-3	0.000000E+0	0.000000E+0	0.000000E+0
1.549338E+2	-5.366003E+2	-2.620000E+0	4.508571E+17	-2.686618E+17	2.428380E-6	0.000000E+0	4.966713E-4	1.720179E-3	0.000000E+0	0.000000E+0	0.000000E+0
1.252637E+2	-5.375232E+2	-2.696000E+0	2.517955E+17	3.793721E+16	-6.551272E-8	0.000000E+0	4.112100E-4	1.764557E-3	0.000000E+0	0.000000E+0	0.000000E+0
1.590972E+2	-5.419473E+2	-2.772000E+0	-6.194310E-18	5.176240E+17	-1.027220E-6	0.000000E+0	4.987079E-4	1.698794E-3	0.000000E+0	0.000000E+0	0.000000E+0
1.579952E+2	-5.432986E+2	-2.848000E+0	-5.749716E+17	1.371841E+17	-1.478213E-6	0.000000E+0	4.935255E-4	1.697088E-3	0.000000E+0	0.000000E+0	0.000000E+0
1.617729E+2	-5.458735E+2	-2.924000E+0	-4.691027E+17	6.689522E-18	1.645909E-6	0.000000E+0	4.990706E-4	1.684024E-3	0.000000E+0	0.000000E+0	0.000000E+0
1.620052E+2	-5.475913E+2	-3.000000E+0	-3.567381E+17	-4.286482E-18	-3.372843E-7	0.000000E+0	4.967932E-4	1.679203E-3	0.000000E+0	0.000000E+0	0.000000E+0
