Real / Ohm	Ximag / Ohm	V_DC / V	I_a c / A	V_ac / V	I_DC / A
9.720236E+0	-1.039832E+0	3.000000E+0	-9.275714E-19	-3.780148E-18	7.779624E-2	1.000000E+7	1.017142E-1	1.088097E-2	0.000000E+0	0.000000E+0	0.000000E+0
1.134271E+1	-1.102137E+0	2.924000E+0	-1.137863E-18	-4.188961E+17	7.817167E-2	0.000000E+0	8.733776E-2	8.486347E-3	0.000000E+0	0.000000E+0	0.000000E+0
1.187972E+1	-1.055760E+0	2.848000E+0	6.653843E-18	-4.395667E+17	7.470341E-2	0.000000E+0	8.351745E-2	7.422261E-3	0.000000E+0	0.000000E+0	0.000000E+0
1.124704E+1	-1.157218E+0	2.772000E+0	-3.848534E+17	-9.739225E-19	6.898949E-2	0.000000E+0	8.798087E-2	9.052430E-3	0.000000E+0	0.000000E+0	0.000000E+0
1.150379E+1	-1.397039E+0	2.696000E+0	2.587907E+17	-4.848260E-18	6.955236E-2	0.000000E+0	8.566449E-2	1.040323E-2	0.000000E+0	0.000000E+0	0.000000E+0
1.285949E+1	-1.574852E+0	2.620000E+0	-5.351627E-18	2.391872E+17	6.487878E-2	0.000000E+0	7.661452E-2	9.382684E-3	0.000000E+0	0.000000E+0	0.000000E+0
1.355746E+1	-1.321324E+0	2.544000E+0	3.390598E+17	1.295985E-19	6.470315E-2	0.000000E+0	7.306610E-2	7.121097E-3	0.000000E+0	0.000000E+0	0.000000E+0
1.297015E+1	-1.462867E+0	2.468000E+0	5.785012E-19	5.234687E+17	6.054082E-2	0.000000E+0	7.613164E-2	8.586675E-3	0.000000E+0	0.000000E+0	0.000000E+0
1.300535E+1	-1.700911E+0	2.392000E+0	-2.714796E-18	1.441508E+17	6.032637E-2	0.000000E+0	7.559834E-2	9.887165E-3	0.000000E+0	0.000000E+0	0.000000E+0
1.251229E+1	-1.621887E+0	2.316000E+0	-1.980656E+17	2.858813E+16	5.857669E-2	0.000000E+0	7.860075E-2	1.018851E-2	0.000000E+0	0.000000E+0	0.000000E+0
1.232852E+1	-1.427976E+0	2.241000E+0	2.915631E-18	5.325354E+16	5.665997E-2	0.000000E+0	8.003894E-2	9.270674E-3	0.000000E+0	0.000000E+0	0.000000E+0
1.176362E+1	-1.557711E+0	2.165000E+0	2.579781E+17	4.569569E-19	5.427341E-2	0.000000E+0	8.354297E-2	1.106256E-2	0.000000E+0	0.000000E+0	0.000000E+0
1.192332E+1	-1.808292E+0	2.089000E+0	5.241928E+17	-4.155966E-18	5.464631E-2	0.000000E+0	8.198357E-2	1.243364E-2	0.000000E+0	0.000000E+0	0.000000E+0
1.282248E+1	-1.846216E+0	2.013000E+0	-2.680825E+17	-5.132058E+17	5.134556E-2	0.000000E+0	7.640410E-2	1.100087E-2	0.000000E+0	0.000000E+0	0.000000E+0
1.299599E+1	-1.616569E+0	1.937000E+0	1.676928E-18	4.035830E-18	5.005553E-2	0.000000E+0	7.577437E-2	9.425561E-3	0.000000E+0	0.000000E+0	0.000000E+0
1.465933E+1	-1.469698E+0	1.861000E+0	1.138051E+17	1.810141E+17	4.742127E-2	0.000000E+0	6.753710E-2	6.771055E-3	0.000000E+0	0.000000E+0	0.000000E+0
1.357476E+1	-1.794754E+0	1.785000E+0	9.197504E+16	2.296609E-18	4.306331E-2	0.000000E+0	7.240055E-2	9.572264E-3	0.000000E+0	0.000000E+0	0.000000E+0
1.563219E+1	-1.749270E+0	1.709000E+0	-5.520479E-19	1.659667E-18	4.333916E-2	0.000000E+0	6.317943E-2	7.069891E-3	0.000000E+0	0.000000E+0	0.000000E+0
1.450373E+1	-1.650344E+0	1.633000E+0	5.318055E+17	-2.871880E+17	4.020491E-2	0.000000E+0	6.806648E-2	7.745119E-3	0.000000E+0	0.000000E+0	0.000000E+0
1.428768E+1	-1.813673E+0	1.557000E+0	4.333500E+17	8.421242E+16	3.817841E-2	0.000000E+0	6.888045E-2	8.743660E-3	0.000000E+0	0.000000E+0	0.000000E+0
1.162120E+1	-2.031149E+0	1.481000E+0	7.433461E+16	-3.421240E+17	3.656714E-2	0.000000E+0	8.349892E-2	1.459391E-2	0.000000E+0	0.000000E+0	0.000000E+0
1.394125E+1	-1.498257E+0	1.405000E+0	-2.798456E+17	-3.562291E+17	3.628017E-2	0.000000E+0	7.091059E-2	7.620714E-3	0.000000E+0	0.000000E+0	0.000000E+0
1.245901E+1	-1.684063E+0	1.329000E+0	3.883600E+17	-5.707470E+17	3.517094E-2	0.000000E+0	7.882307E-2	1.065438E-2	0.000000E+0	0.000000E+0	0.000000E+0
1.278762E+1	-1.773803E+0	1.253000E+0	-5.196819E+17	1.790907E+17	3.161789E-2	0.000000E+0	7.672437E-2	1.064263E-2	0.000000E+0	0.000000E+0	0.000000E+0
1.171568E+1	-1.900136E+0	1.177000E+0	-1.554791E+17	1.089529E+17	2.935544E-2	0.000000E+0	8.316798E-2	1.348880E-2	0.000000E+0	0.000000E+0	0.000000E+0
1.168571E+1	-1.834139E+0	1.101000E+0	2.547933E-18	-3.215913E-19	2.877839E-2	0.000000E+0	8.351715E-2	1.310849E-2	0.000000E+0	0.000000E+0	0.000000E+0
1.430433E+1	-1.800286E+0	1.025000E+0	-6.904543E-18	-8.377323E+16	2.662319E-2	0.000000E+0	6.881883E-2	8.661264E-3	0.000000E+0	0.000000E+0	0.000000E+0
1.470116E+1	-1.715281E+0	9.490000E-1	-4.524462E+17	2.055148E+17	2.414215E-2	0.000000E+0	6.710827E-2	7.829963E-3	0.000000E+0	0.000000E+0	0.000000E+0
1.297559E+1	-2.297999E+0	8.730000E-1	-7.975154E-19	6.323277E-18	2.073057E-2	0.000000E+0	7.472407E-2	1.323376E-2	0.000000E+0	0.000000E+0	0.000000E+0
1.371955E+1	-1.887555E+0	7.970000E-1	3.266052E+17	-3.632521E-18	2.029345E-2	0.000000E+0	7.153463E-2	9.841836E-3	0.000000E+0	0.000000E+0	0.000000E+0
1.164634E+1	-2.159337E+0	7.220000E-1	1.388541E-18	6.784146E-18	1.794109E-2	0.000000E+0	8.301028E-2	1.539086E-2	0.000000E+0	0.000000E+0	0.000000E+0
1.221167E+1	-1.720887E+0	6.460000E-1	4.766215E-20	4.558806E+17	1.526802E-2	0.000000E+0	8.029433E-2	1.131520E-2	0.000000E+0	0.000000E+0	0.000000E+0
1.067313E+1	-2.156984E+0	5.700000E-1	-3.849816E-18	-6.877525E-18	1.527574E-2	0.000000E+0	9.001674E-2	1.819191E-2	0.000000E+0	0.000000E+0	0.000000E+0
1.235857E+1	-1.867876E+0	4.940000E-1	-4.316265E+17	4.857998E-18	1.302810E-2	0.000000E+0	7.910841E-2	1.195646E-2	0.000000E+0	0.000000E+0	0.000000E+0
1.240864E+1	-1.977353E+0	4.180000E-1	4.155990E+17	-4.532139E-19	1.071662E-2	0.000000E+0	7.859326E-2	1.252407E-2	0.000000E+0	0.000000E+0	0.000000E+0
1.112750E+1	-1.849473E+0	3.420000E-1	-3.194978E-18	5.558819E-18	9.084405E-3	0.000000E+0	8.745160E-2	1.453510E-2	0.000000E+0	0.000000E+0	0.000000E+0
1.278355E+1	-1.694977E+0	2.660000E-1	-3.021231E-18	2.523250E+17	7.007351E-3	0.000000E+0	7.687407E-2	1.019277E-2	0.000000E+0	0.000000E+0	0.000000E+0
1.264281E+1	-2.088181E+0	1.900000E-1	4.697494E+17	-5.230656E+17	4.612624E-3	0.000000E+0	7.699587E-2	1.271721E-2	0.000000E+0	0.000000E+0	0.000000E+0
1.476822E+1	-1.893758E+0	1.140000E-1	-4.715168E+17	-5.436513E+17	2.943126E-3	0.000000E+0	6.661755E-2	8.542499E-3	0.000000E+0	0.000000E+0	0.000000E+0
1.376419E+1	-1.766481E+0	3.800000E-2	-3.093320E+17	4.406614E-18	9.605545E-4	0.000000E+0	7.147504E-2	9.173028E-3	0.000000E+0	0.000000E+0	0.000000E+0
1.274545E+1	-1.934918E+0	-3.800000E-2	-9.427510E-19	-9.422141E-19	-8.989333E-4	0.000000E+0	7.669185E-2	1.164278E-2	0.000000E+0	0.000000E+0	0.000000E+0
1.156998E+1	-1.831344E+0	-1.140000E-1	-4.716725E+17	-4.928293E+17	-2.864141E-3	0.000000E+0	8.431808E-2	1.334621E-2	0.000000E+0	0.000000E+0	0.000000E+0
1.452419E+1	-1.543209E+0	-1.900000E-1	-2.971689E+17	-4.901914E-18	-5.001463E-3	0.000000E+0	6.808206E-2	7.233784E-3	0.000000E+0	0.000000E+0	0.000000E+0
1.204570E+1	-1.656734E+0	-2.660000E-1	-1.478400E+17	2.700612E+17	-7.091799E-3	0.000000E+0	8.147593E-2	1.120599E-2	0.000000E+0	0.000000E+0	0.000000E+0
1.294520E+1	-1.803503E+0	-3.420000E-1	-2.726899E+17	1.903750E-18	-8.343527E-3	0.000000E+0	7.577789E-2	1.055725E-2	0.000000E+0	0.000000E+0	0.000000E+0
1.081244E+1	-2.036482E+0	-4.180000E-1	-1.696221E+17	-6.410840E-19	-1.076072E-2	0.000000E+0	8.931758E-2	1.682263E-2	0.000000E+0	0.000000E+0	0.000000E+0
1.177990E+1	-1.752615E+0	-4.940000E-1	6.411590E-18	-1.599031E-19	-1.313145E-2	0.000000E+0	8.305197E-2	1.235648E-2	0.000000E+0	0.000000E+0	0.000000E+0
1.409689E+1	-1.645931E+0	-5.700000E-1	-4.319920E+17	-4.172230E+17	-1.491688E-2	0.000000E+0	6.998358E-2	8.171174E-3	0.000000E+0	0.000000E+0	0.000000E+0
1.418456E+1	-1.837710E+0	-6.460000E-1	-5.506670E-18	3.318154E+17	-1.567678E-2	0.000000E+0	6.933539E-2	8.982890E-3	0.000000E+0	0.000000E+0	0.000000E+0
1.268987E+1	-2.175035E+0	-7.220000E-1	4.410889E+17	3.939340E-18	-1.716956E-2	0.000000E+0	7.655403E-2	1.312131E-2	0.000000E+0	0.000000E+0	0.000000E+0
1.391043E+1	-1.811324E+0	-7.970000E-1	3.271013E+17	1.849291E+17	-2.023081E-2	0.000000E+0	7.068992E-2	9.204773E-3	0.000000E+0	0.000000E+0	0.000000E+0
1.222159E+1	-2.078538E+0	-8.730000E-1	-4.775830E-18	6.138991E-18	-2.187937E-2	0.000000E+0	7.952230E-2	1.352444E-2	0.000000E+0	0.000000E+0	0.000000E+0
1.230069E+1	-1.781610E+0	-9.490000E-1	-2.208677E-18	1.807661E-18	-2.440485E-2	0.000000E+0	7.962585E-2	1.153287E-2	0.000000E+0	0.000000E+0	0.000000E+0
1.057166E+1	-2.543602E+0	-1.025000E+0	-7.957818E+16	-3.372665E-18	-2.746760E-2	0.000000E+0	8.941612E-2	2.151403E-2	0.000000E+0	0.000000E+0	0.000000E+0
1.236312E+1	-1.952334E+0	-1.101000E+0	2.088242E+17	-2.195880E+17	-2.704364E-2	0.000000E+0	7.891772E-2	1.246237E-2	0.000000E+0	0.000000E+0	0.000000E+0
1.369626E+1	-1.712788E+0	-1.177000E+0	5.232691E+17	-3.553127E+17	-3.013448E-2	0.000000E+0	7.188839E-2	8.990014E-3	0.000000E+0	0.000000E+0	0.000000E+0
1.128373E+1	-1.893002E+0	-1.253000E+0	-1.183523E-18	-5.342346E-18	-3.308182E-2	0.000000E+0	8.619718E-2	1.446077E-2	0.000000E+0	0.000000E+0	0.000000E+0
1.263211E+1	-1.847301E+0	-1.329000E+0	-5.203440E-18	3.843920E-18	-3.484887E-2	0.000000E+0	7.750582E-2	1.133434E-2	0.000000E+0	0.000000E+0	0.000000E+0
1.278545E+1	-2.163342E+0	-1.405000E+0	3.723455E-18	4.245176E+17	-3.403062E-2	0.000000E+0	7.603698E-2	1.286572E-2	0.000000E+0	0.000000E+0	0.000000E+0
1.449732E+1	-1.756792E+0	-1.481000E+0	1.311717E+15	5.157902E-18	-3.670574E-2	0.000000E+0	6.798000E-2	8.237848E-3	0.000000E+0	0.000000E+0	0.000000E+0
1.316897E+1	-1.871707E+0	-1.557000E+0	-4.475620E-18	-5.687704E-18	-3.835174E-2	0.000000E+0	7.443248E-2	1.057910E-2	0.000000E+0	0.000000E+0	0.000000E+0
1.355231E+1	-1.914945E+0	-1.633000E+0	-6.256276E-18	1.400744E+17	-4.019081E-2	0.000000E+0	7.234376E-2	1.022219E-2	0.000000E+0	0.000000E+0	0.000000E+0
1.395207E+1	-1.651677E+0	-1.709000E+0	2.653475E+17	2.403843E+17	-4.219482E-2	0.000000E+0	7.068337E-2	8.367654E-3	0.000000E+0	0.000000E+0	0.000000E+0
1.216549E+1	-2.082452E+0	-1.785000E+0	-3.335094E+16	-2.240669E+17	-4.700119E-2	0.000000E+0	7.985972E-2	1.367015E-2	0.000000E+0	0.000000E+0	0.000000E+0
1.220458E+1	-1.759445E+0	-1.861000E+0	8.607211E+16	1.700546E-17	-4.894853E-2	0.000000E+0	8.026825E-2	1.157169E-2	0.000000E+0	0.000000E+0	0.000000E+0
1.277672E+1	-1.766937E+0	-1.937000E+0	2.127762E-18	3.293656E+15	-4.863795E-2	0.000000E+0	7.679857E-2	1.062074E-2	0.000000E+0	0.000000E+0	0.000000E+0
1.129921E+1	-2.245923E+0	-2.013000E+0	8.036571E+16	-5.942611E-18	-5.065883E-2	0.000000E+0	8.513806E-2	1.692273E-2	0.000000E+0	0.000000E+0	0.000000E+0
1.272561E+1	-1.703528E+0	-2.089000E+0	-6.504745E+16	2.369911E+17	-5.497643E-2	0.000000E+0	7.719829E-2	1.033424E-2	0.000000E+0	0.000000E+0	0.000000E+0
1.437546E+1	-1.466307E+0	-2.165000E+0	5.725574E-18	6.181145E-18	-5.534358E-2	0.000000E+0	6.884670E-2	7.022412E-3	0.000000E+0	0.000000E+0	0.000000E+0
1.331223E+1	-1.652099E+0	-2.241000E+0	-2.052875E-18	3.493290E-18	-5.403045E-2	0.000000E+0	7.397948E-2	9.181138E-3	0.000000E+0	0.000000E+0	0.000000E+0
1.328396E+1	-1.822938E+0	-2.316000E+0	2.907620E+17	-1.496570E-18	-5.616984E-2	0.000000E+0	7.388734E-2	1.013945E-2	0.000000E+0	0.000000E+0	0.000000E+0
1.376381E+1	-1.419352E+0	-2.392000E+0	-2.649665E-18	4.664198E-18	-6.018049E-2	0.000000E+0	7.188981E-2	7.413423E-3	0.000000E+0	0.000000E+0	0.000000E+0
1.300126E+1	-1.542373E+0	-2.468000E+0	6.288344E-18	-3.929323E-18	-6.207573E-2	0.000000E+0	7.584816E-2	8.998063E-3	0.000000E+0	0.000000E+0	0.000000E+0
1.189816E+1	-1.632209E+0	-2.544000E+0	8.250878E-19	2.835790E+17	-6.628814E-2	0.000000E+0	8.249417E-2	1.131668E-2	0.000000E+0	0.000000E+0	0.000000E+0
1.072322E+1	-1.866644E+0	-2.620000E+0	4.508571E+17	-2.686618E+17	-6.547450E-2	0.000000E+0	9.051284E-2	1.575602E-2	0.000000E+0	0.000000E+0	0.000000E+0
1.212146E+1	-1.309144E+0	-2.696000E+0	2.517955E+17	3.793721E+16	-7.000712E-2	0.000000E+0	8.154711E-2	8.807265E-3	0.000000E+0	0.000000E+0	0.000000E+0
1.261990E+1	-1.141729E+0	-2.772000E+0	-6.194310E-18	5.176240E+17	-7.247794E-2	0.000000E+0	7.859662E-2	7.110678E-3	0.000000E+0	0.000000E+0	0.000000E+0
1.100301E+1	-1.343127E+0	-2.848000E+0	-5.749716E+17	1.371841E+17	-7.207748E-2	0.000000E+0	8.954985E-2	1.093127E-2	0.000000E+0	0.000000E+0	0.000000E+0
1.087222E+1	-1.538492E+0	-2.924000E+0	-4.691027E+17	6.689522E-18	-7.464942E-2	0.000000E+0	9.017192E-2	1.275993E-2	0.000000E+0	0.000000E+0	0.000000E+0
1.144981E+1	-1.345806E+0	-3.000000E+0	-3.567381E+17	-4.286482E-18	-7.615447E-2	0.000000E+0	8.614752E-2	1.012574E-2	0.000000E+0	0.000000E+0	0.000000E+0
