Real / Ohm	Ximag / Ohm	V_DC / V	I_a c / A	V_ac / V	I_DC / A
8.174517E+0	-2.160523E+0	3.000000E+0	-9.275714E-19	-3.780148E-18	9.124769E-2	1.000000E+7	1.143440E-1	3.022108E-2	0.000000E+0	0.000000E+0	0.000000E+0
8.233555E+0	-7.602723E-1	2.924000E+0	-1.137863E-18	-4.188961E+17	8.329220E-2	0.000000E+0	1.204274E-1	1.112006E-2	0.000000E+0	0.000000E+0	0.000000E+0
6.949893E+0	-1.119499E+0	2.848000E+0	6.653843E-18	-4.395667E+17	8.381014E-2	0.000000E+0	1.402481E-1	2.259136E-2	0.000000E+0	0.000000E+0	0.000000E+0
8.745705E+0	-8.631501E-1	2.772000E+0	-3.848534E+17	-9.739225E-19	8.270293E-2	0.000000E+0	1.132388E-1	1.117601E-2	0.000000E+0	0.000000E+0	0.000000E+0
8.253130E+0	-9.993489E-1	2.696000E+0	2.587907E+17	-4.848260E-18	8.379646E-2	0.000000E+0	1.194153E-1	1.445967E-2	0.000000E+0	0.000000E+0	0.000000E+0
7.509594E+0	-1.163320E+0	2.620000E+0	-5.351627E-18	2.391872E+17	7.677661E-2	0.000000E+0	1.300423E-1	2.014501E-2	0.000000E+0	0.000000E+0	0.000000E+0
6.866822E+0	-1.287418E+0	2.544000E+0	3.390598E+17	1.295985E-19	7.082468E-2	0.000000E+0	1.406827E-1	2.637574E-2	0.000000E+0	0.000000E+0	0.000000E+0
1.044392E+1	-8.570099E-1	2.468000E+0	5.785012E-19	5.234687E+17	6.819656E-2	0.000000E+0	9.510907E-2	7.804484E-3	0.000000E+0	0.000000E+0	0.000000E+0
1.208415E+1	-5.791674E-1	2.392000E+0	-2.714796E-18	1.441508E+17	6.836720E-2	0.000000E+0	8.256337E-2	3.957085E-3	0.000000E+0	0.000000E+0	0.000000E+0
9.712582E+0	-1.351014E+0	2.316000E+0	-1.980656E+17	2.858813E+16	6.735602E-2	0.000000E+0	1.010049E-1	1.404972E-2	0.000000E+0	0.000000E+0	0.000000E+0
1.528120E+1	1.188936E-1	2.241000E+0	2.915631E-18	5.325354E+16	6.024526E-2	0.000000E+0	6.543593E-2	-5.091166E-4	0.000000E+0	0.000000E+0	0.000000E+0
9.410694E+0	-2.235751E+0	2.165000E+0	2.579781E+17	4.569569E-19	6.249046E-2	0.000000E+0	1.005849E-1	2.389651E-2	0.000000E+0	0.000000E+0	0.000000E+0
8.604031E+0	-1.155530E+0	2.089000E+0	5.241928E+17	-4.155966E-18	4.170097E-2	0.000000E+0	1.141654E-1	1.533253E-2	0.000000E+0	0.000000E+0	0.000000E+0
7.252601E+0	-1.285042E+0	2.013000E+0	-2.680825E+17	-5.132058E+17	5.787414E-2	0.000000E+0	1.336847E-1	2.368673E-2	0.000000E+0	0.000000E+0	0.000000E+0
9.435408E+0	-9.727445E-1	1.937000E+0	1.676928E-18	4.035830E-18	5.533948E-2	0.000000E+0	1.048691E-1	1.081150E-2	0.000000E+0	0.000000E+0	0.000000E+0
7.738237E+0	-1.404910E+0	1.861000E+0	1.138051E+17	1.810141E+17	5.580634E-2	0.000000E+0	1.251047E-1	2.271329E-2	0.000000E+0	0.000000E+0	0.000000E+0
9.127390E+0	-9.413652E-1	1.785000E+0	9.197504E+16	2.296609E-18	5.005615E-2	0.000000E+0	1.084072E-1	1.118072E-2	0.000000E+0	0.000000E+0	0.000000E+0
7.623470E+0	-1.307647E+0	1.709000E+0	-5.520479E-19	1.659667E-18	4.640708E-2	0.000000E+0	1.274247E-1	2.185705E-2	0.000000E+0	0.000000E+0	0.000000E+0
1.240548E+1	-7.828488E-1	1.633000E+0	5.318055E+17	-2.871880E+17	4.106651E-2	0.000000E+0	8.028980E-2	5.066694E-3	0.000000E+0	0.000000E+0	0.000000E+0
1.000035E+1	-1.213418E+0	1.557000E+0	4.333500E+17	8.421242E+16	4.528515E-2	0.000000E+0	9.854563E-2	1.195729E-2	0.000000E+0	0.000000E+0	0.000000E+0
1.132401E+1	-1.251551E+0	1.481000E+0	7.433461E+16	-3.421240E+17	3.967337E-2	0.000000E+0	8.724227E-2	9.642180E-3	0.000000E+0	0.000000E+0	0.000000E+0
1.819238E+1	9.070396E-2	1.405000E+0	-2.798456E+17	-3.562291E+17	3.768313E-2	0.000000E+0	5.496670E-2	-2.740542E-4	0.000000E+0	0.000000E+0	0.000000E+0
9.427296E+0	-1.504986E+0	1.329000E+0	3.883600E+17	-5.707470E+17	3.275420E-2	0.000000E+0	1.034388E-1	1.651310E-2	0.000000E+0	0.000000E+0	0.000000E+0
8.946604E+0	-1.166074E+0	1.253000E+0	-5.196819E+17	1.790907E+17	3.335384E-2	0.000000E+0	1.099072E-1	1.432498E-2	0.000000E+0	0.000000E+0	0.000000E+0
5.588501E+0	-1.352269E+0	1.177000E+0	-1.554791E+17	1.089529E+17	3.526708E-2	0.000000E+0	1.690413E-1	4.090351E-2	0.000000E+0	0.000000E+0	0.000000E+0
6.048448E+0	-1.667572E+0	1.101000E+0	2.547933E-18	-3.215913E-19	3.116449E-2	0.000000E+0	1.536523E-1	4.236231E-2	0.000000E+0	0.000000E+0	0.000000E+0
5.776752E+0	-1.310075E+0	1.025000E+0	-6.904543E-18	-8.377323E+16	3.210172E-2	0.000000E+0	1.646401E-1	3.733773E-2	0.000000E+0	0.000000E+0	0.000000E+0
5.889273E+0	-1.205048E+0	9.490000E-1	-4.524462E+17	2.055148E+17	2.405839E-2	0.000000E+0	1.629767E-1	3.334787E-2	0.000000E+0	0.000000E+0	0.000000E+0
6.580275E+0	-1.097672E+0	8.730000E-1	-7.975154E-19	6.323277E-18	2.692821E-2	0.000000E+0	1.478551E-1	2.466407E-2	0.000000E+0	0.000000E+0	0.000000E+0
8.740393E+0	-1.325016E+0	7.970000E-1	3.266052E+17	-3.632521E-18	2.389508E-2	0.000000E+0	1.118410E-1	1.695475E-2	0.000000E+0	0.000000E+0	0.000000E+0
9.296926E+0	-1.341573E+0	7.220000E-1	1.388541E-18	6.784146E-18	2.110656E-2	0.000000E+0	1.053683E-1	1.520495E-2	0.000000E+0	0.000000E+0	0.000000E+0
9.644133E+0	-1.366765E+0	6.460000E-1	4.766215E-20	4.558806E+17	1.713523E-2	0.000000E+0	1.016484E-1	1.440560E-2	0.000000E+0	0.000000E+0	0.000000E+0
8.514658E+0	-1.469278E+0	5.700000E-1	-3.849816E-18	-6.877525E-18	1.390138E-2	0.000000E+0	1.140486E-1	1.968007E-2	0.000000E+0	0.000000E+0	0.000000E+0
1.005080E+1	-1.353676E+0	4.940000E-1	-4.316265E+17	4.857998E-18	1.315221E-2	0.000000E+0	9.772193E-2	1.316152E-2	0.000000E+0	0.000000E+0	0.000000E+0
8.091347E+0	-1.214409E+0	4.180000E-1	4.155990E+17	-4.532139E-19	1.121611E-2	0.000000E+0	1.208662E-1	1.814048E-2	0.000000E+0	0.000000E+0	0.000000E+0
5.378946E+0	-1.647333E+0	3.420000E-1	-3.194978E-18	5.558819E-18	1.040054E-2	0.000000E+0	1.699683E-1	5.205375E-2	0.000000E+0	0.000000E+0	0.000000E+0
6.896703E+0	-9.792104E-1	2.660000E-1	-3.021231E-18	2.523250E+17	8.103365E-3	0.000000E+0	1.421316E-1	2.018018E-2	0.000000E+0	0.000000E+0	0.000000E+0
5.274214E+0	-1.401012E+0	1.900000E-1	4.697494E+17	-5.230656E+17	5.528352E-3	0.000000E+0	1.771049E-1	4.704513E-2	0.000000E+0	0.000000E+0	0.000000E+0
5.736441E+0	-1.234204E+0	1.140000E-1	-4.715168E+17	-5.436513E+17	3.562635E-3	0.000000E+0	1.666116E-1	3.584675E-2	0.000000E+0	0.000000E+0	0.000000E+0
5.207934E+0	-1.327719E+0	3.800000E-2	-3.093320E+17	4.406614E-18	8.793493E-4	0.000000E+0	1.802963E-1	4.596503E-2	0.000000E+0	0.000000E+0	0.000000E+0
8.154446E+0	-1.112444E+0	-3.800000E-2	-9.427510E-19	-9.422141E-19	-1.162467E-3	0.000000E+0	1.203919E-1	1.642407E-2	0.000000E+0	0.000000E+0	0.000000E+0
9.929386E+0	-2.046972E+0	-1.140000E-1	-4.716725E+17	-4.928293E+17	-3.291106E-3	0.000000E+0	9.660552E-2	1.991551E-2	0.000000E+0	0.000000E+0	0.000000E+0
1.303899E+1	-8.716221E-1	-1.900000E-1	-2.971689E+17	-4.901914E-18	-5.388082E-3	0.000000E+0	7.635187E-2	5.103921E-3	0.000000E+0	0.000000E+0	0.000000E+0
7.456623E+0	-1.511168E+0	-2.660000E-1	-1.478400E+17	2.700612E+17	-6.217950E-3	0.000000E+0	1.288182E-1	2.610645E-2	0.000000E+0	0.000000E+0	0.000000E+0
7.535881E+0	-1.520241E+0	-3.420000E-1	-2.726899E+17	1.903750E-18	-9.624423E-3	0.000000E+0	1.275093E-1	2.572292E-2	0.000000E+0	0.000000E+0	0.000000E+0
8.095726E+0	-1.143102E+0	-4.180000E-1	-1.696221E+17	-6.410840E-19	-1.191547E-2	0.000000E+0	1.211075E-1	1.710016E-2	0.000000E+0	0.000000E+0	0.000000E+0
1.246705E+1	-4.366899E-1	-4.940000E-1	6.411590E-18	-1.599031E-19	-1.512838E-2	0.000000E+0	8.011314E-2	2.806165E-3	0.000000E+0	0.000000E+0	0.000000E+0
1.005617E+1	-1.294498E+0	-5.700000E-1	-4.319920E+17	-4.172230E+17	-1.686529E-2	0.000000E+0	9.782050E-2	1.259211E-2	0.000000E+0	0.000000E+0	0.000000E+0
7.952785E+0	-1.164176E+0	-6.460000E-1	-5.506670E-18	3.318154E+17	-1.866043E-2	0.000000E+0	1.231041E-1	1.802072E-2	0.000000E+0	0.000000E+0	0.000000E+0
6.801480E+0	-1.137830E+0	-7.220000E-1	4.410889E+17	3.939340E-18	-1.878243E-2	0.000000E+0	1.430241E-1	2.392672E-2	0.000000E+0	0.000000E+0	0.000000E+0
6.797955E+0	-2.771757E+0	-7.970000E-1	3.271013E+17	1.849291E+17	-1.976146E-2	0.000000E+0	1.261337E-1	5.142900E-2	0.000000E+0	0.000000E+0	0.000000E+0
1.187421E+1	-5.254416E-1	-8.730000E-1	-4.775830E-18	6.138991E-18	-2.655863E-2	0.000000E+0	8.405155E-2	3.719336E-3	0.000000E+0	0.000000E+0	0.000000E+0
1.197652E+1	-1.233894E+0	-9.490000E-1	-2.208677E-18	1.807661E-18	-2.881853E-2	0.000000E+0	8.261975E-2	8.511990E-3	0.000000E+0	0.000000E+0	0.000000E+0
1.139451E+1	-9.160056E-1	-1.025000E+0	-7.957818E+16	-3.372665E-18	-1.923932E-2	0.000000E+0	8.719804E-2	7.009858E-3	0.000000E+0	0.000000E+0	0.000000E+0
9.828308E+0	-1.672521E+0	-1.101000E+0	2.088242E+17	-2.195880E+17	-2.404314E-2	0.000000E+0	9.888334E-2	1.682736E-2	0.000000E+0	0.000000E+0	0.000000E+0
1.117044E+1	-1.041491E+0	-1.177000E+0	5.232691E+17	-3.553127E+17	-3.012069E-2	0.000000E+0	8.875048E-2	8.274770E-3	0.000000E+0	0.000000E+0	0.000000E+0
7.642533E+0	-1.246110E+0	-1.253000E+0	-1.183523E-18	-5.342346E-18	-3.558488E-2	0.000000E+0	1.274582E-1	2.078197E-2	0.000000E+0	0.000000E+0	0.000000E+0
1.495273E+1	-2.038813E-1	-1.329000E+0	-5.203440E-18	3.843920E-18	-4.077991E-2	0.000000E+0	6.686499E-2	9.117078E-4	0.000000E+0	0.000000E+0	0.000000E+0
7.199500E+0	-1.632616E+0	-1.405000E+0	3.723455E-18	4.245176E+17	-4.213940E-2	0.000000E+0	1.321052E-1	2.995723E-2	0.000000E+0	0.000000E+0	0.000000E+0
8.942749E+0	-1.067418E+0	-1.481000E+0	1.311717E+15	5.157902E-18	-4.493453E-2	0.000000E+0	1.102517E-1	1.315978E-2	0.000000E+0	0.000000E+0	0.000000E+0
1.451911E+1	7.458735E-2	-1.557000E+0	-4.475620E-18	-5.687704E-18	-3.912294E-2	0.000000E+0	6.887293E-2	-3.538130E-4	0.000000E+0	0.000000E+0	0.000000E+0
9.294615E+0	-2.280773E+0	-1.633000E+0	-6.256276E-18	1.400744E+17	-4.634299E-2	0.000000E+0	1.014787E-1	2.490150E-2	0.000000E+0	0.000000E+0	0.000000E+0
1.395102E+1	-4.902902E-1	-1.709000E+0	2.653475E+17	2.403843E+17	-4.628471E-2	0.000000E+0	7.159093E-2	2.515969E-3	0.000000E+0	0.000000E+0	0.000000E+0
9.339251E+0	-1.190888E+0	-1.785000E+0	-3.335094E+16	-2.240669E+17	-5.169577E-2	0.000000E+0	1.053618E-1	1.343514E-2	0.000000E+0	0.000000E+0	0.000000E+0
1.023336E+1	-7.758870E-1	-1.861000E+0	8.607211E+16	1.700546E-17	-4.236171E-2	0.000000E+0	9.716108E-2	7.366693E-3	0.000000E+0	0.000000E+0	0.000000E+0
9.022554E+0	-1.503743E+0	-1.937000E+0	2.127762E-18	3.293656E+15	-4.982641E-2	0.000000E+0	1.078379E-1	1.797280E-2	0.000000E+0	0.000000E+0	0.000000E+0
1.539178E+1	4.068422E-2	-2.013000E+0	8.036571E+16	-5.942611E-18	-3.893413E-2	0.000000E+0	6.496929E-2	-1.717296E-4	0.000000E+0	0.000000E+0	0.000000E+0
8.735247E+0	-1.091141E+0	-2.089000E+0	-6.504745E+16	2.369911E+17	-5.969552E-2	0.000000E+0	1.127199E-1	1.408012E-2	0.000000E+0	0.000000E+0	0.000000E+0
1.356665E+1	-1.155906E-1	-2.165000E+0	5.725574E-18	6.181145E-18	-5.886962E-2	0.000000E+0	7.370481E-2	6.279799E-4	0.000000E+0	0.000000E+0	0.000000E+0
1.003098E+1	-1.200925E+0	-2.241000E+0	-2.052875E-18	3.493290E-18	-7.031746E-2	0.000000E+0	9.828245E-2	1.176653E-2	0.000000E+0	0.000000E+0	0.000000E+0
1.039638E+1	-7.101231E-1	-2.316000E+0	2.907620E+17	-1.496570E-18	-6.557840E-2	0.000000E+0	9.574064E-2	6.539550E-3	0.000000E+0	0.000000E+0	0.000000E+0
7.988492E+0	-1.210499E+0	-2.392000E+0	-2.649665E-18	4.664198E-18	-6.927498E-2	0.000000E+0	1.223703E-1	1.854281E-2	0.000000E+0	0.000000E+0	0.000000E+0
9.486374E+0	-1.121934E+0	-2.468000E+0	6.288344E-18	-3.929323E-18	-6.778871E-2	0.000000E+0	1.039602E-1	1.229516E-2	0.000000E+0	0.000000E+0	0.000000E+0
9.363550E+0	-1.132971E+0	-2.544000E+0	8.250878E-19	2.835790E+17	-7.618138E-2	0.000000E+0	1.052561E-1	1.273578E-2	0.000000E+0	0.000000E+0	0.000000E+0
7.429338E+0	-1.449715E+0	-2.620000E+0	4.508571E+17	-2.686618E+17	-6.951995E-2	0.000000E+0	1.296642E-1	2.530188E-2	0.000000E+0	0.000000E+0	0.000000E+0
9.818977E+0	-7.141514E-1	-2.696000E+0	2.517955E+17	3.793721E+16	-7.719404E-2	0.000000E+0	1.013077E-1	7.368286E-3	0.000000E+0	0.000000E+0	0.000000E+0
8.209175E+0	-1.138646E+0	-2.772000E+0	-6.194310E-18	5.176240E+17	-7.778591E-2	0.000000E+0	1.195156E-1	1.657730E-2	0.000000E+0	0.000000E+0	0.000000E+0
1.334603E+1	-1.753569E-1	-2.848000E+0	-5.749716E+17	1.371841E+17	-7.590739E-2	0.000000E+0	7.491572E-2	9.843367E-4	0.000000E+0	0.000000E+0	0.000000E+0
7.947012E+0	-1.231055E+0	-2.924000E+0	-4.691027E+17	6.689522E-18	-8.256412E-2	0.000000E+0	1.228847E-1	1.903581E-2	0.000000E+0	0.000000E+0	0.000000E+0
9.634748E+0	-3.902707E-1	-3.000000E+0	-3.567381E+17	-4.286482E-18	-8.180717E-2	0.000000E+0	1.036210E-1	4.197331E-3	0.000000E+0	0.000000E+0	0.000000E+0
