Real / Ohm	Ximag / Ohm	V_DC / V	I_a c / A	V_ac / V	I_DC / A
9.560394E+0	9.194519E-2	2.000000E+0	-9.275714E-19	-3.780148E-18	5.171976E-2	1.000000E+4	1.045885E-1	-1.005859E-3	0.000000E+0	0.000000E+0	0.000000E+0
9.336584E+0	1.772067E-2	1.949000E+0	-1.137863E-18	-4.188961E+17	5.107664E-2	0.000000E+0	1.071052E-1	-2.032837E-4	0.000000E+0	0.000000E+0	0.000000E+0
9.497156E+0	2.711054E-2	1.899000E+0	6.653843E-18	-4.395667E+17	5.023686E-2	0.000000E+0	1.052938E-1	-3.005713E-4	0.000000E+0	0.000000E+0	0.000000E+0
9.730904E+0	2.374506E-2	1.848000E+0	-3.848534E+17	-9.739225E-19	4.857279E-2	0.000000E+0	1.027648E-1	-2.507635E-4	0.000000E+0	0.000000E+0	0.000000E+0
9.807043E+0	2.636711E-2	1.797000E+0	2.587907E+17	-4.848260E-18	4.733826E-2	0.000000E+0	1.019668E-1	-2.741468E-4	0.000000E+0	0.000000E+0	0.000000E+0
9.914343E+0	2.490442E-2	1.747000E+0	-5.351627E-18	2.391872E+17	4.565629E-2	0.000000E+0	1.008633E-1	-2.533645E-4	0.000000E+0	0.000000E+0	0.000000E+0
1.044671E+1	3.842017E-2	1.696000E+0	3.390598E+17	1.295985E-19	4.320776E-2	0.000000E+0	9.572262E-2	-3.520419E-4	0.000000E+0	0.000000E+0	0.000000E+0
1.118827E+1	3.829034E-2	1.646000E+0	5.785012E-19	5.234687E+17	4.258963E-2	0.000000E+0	8.937828E-2	-3.058851E-4	0.000000E+0	0.000000E+0	0.000000E+0
1.112946E+1	3.833315E-2	1.595000E+0	-2.714796E-18	1.441508E+17	4.162169E-2	0.000000E+0	8.985055E-2	-3.094719E-4	0.000000E+0	0.000000E+0	0.000000E+0
1.098579E+1	3.695548E-2	1.544000E+0	-1.980656E+17	2.858813E+16	3.872269E-2	0.000000E+0	9.102565E-2	-3.062043E-4	0.000000E+0	0.000000E+0	0.000000E+0
1.117704E+1	1.566353E-2	1.494000E+0	2.915631E-18	5.325354E+16	3.716995E-2	0.000000E+0	8.946895E-2	-1.253820E-4	0.000000E+0	0.000000E+0	0.000000E+0
1.048885E+1	2.516696E-2	1.443000E+0	2.579781E+17	4.569569E-19	3.685419E-2	0.000000E+0	9.533879E-2	-2.287560E-4	0.000000E+0	0.000000E+0	0.000000E+0
1.035717E+1	6.088972E-3	1.392000E+0	5.241928E+17	-4.155966E-18	3.649147E-2	0.000000E+0	9.655144E-2	-5.676251E-5	0.000000E+0	0.000000E+0	0.000000E+0
1.059712E+1	5.207449E-3	1.342000E+0	-2.680825E+17	-5.132058E+17	3.496833E-2	0.000000E+0	9.436524E-2	-4.637129E-5	0.000000E+0	0.000000E+0	0.000000E+0
1.062741E+1	5.731910E-3	1.291000E+0	1.676928E-18	4.035830E-18	3.363829E-2	0.000000E+0	9.409628E-2	-5.075097E-5	0.000000E+0	0.000000E+0	0.000000E+0
1.070445E+1	1.831837E-3	1.241000E+0	1.138051E+17	1.810141E+17	3.207379E-2	0.000000E+0	9.341909E-2	-1.598667E-5	0.000000E+0	0.000000E+0	0.000000E+0
1.124504E+1	1.758827E-2	1.190000E+0	9.197504E+16	2.296609E-18	3.054354E-2	0.000000E+0	8.892788E-2	-1.390913E-4	0.000000E+0	0.000000E+0	0.000000E+0
1.173979E+1	1.970023E-2	1.139000E+0	-5.520479E-19	1.659667E-18	2.942034E-2	0.000000E+0	8.518016E-2	-1.429386E-4	0.000000E+0	0.000000E+0	0.000000E+0
1.186354E+1	9.585798E-3	1.089000E+0	5.318055E+17	-2.871880E+17	2.694062E-2	0.000000E+0	8.429182E-2	-6.810820E-5	0.000000E+0	0.000000E+0	0.000000E+0
1.210361E+1	7.131957E-3	1.038000E+0	4.333500E+17	8.421242E+16	2.540067E-2	0.000000E+0	8.261995E-2	-4.868316E-5	0.000000E+0	0.000000E+0	0.000000E+0
1.232606E+1	1.389069E-2	9.870000E-1	7.433461E+16	-3.421240E+17	2.453946E-2	0.000000E+0	8.112882E-2	-9.142705E-5	0.000000E+0	0.000000E+0	0.000000E+0
1.154915E+1	-1.458052E-2	9.370000E-1	-2.798456E+17	-3.562291E+17	2.441368E-2	0.000000E+0	8.658632E-2	1.093131E-4	0.000000E+0	0.000000E+0	0.000000E+0
1.104935E+1	-4.141904E-3	8.860000E-1	3.883600E+17	-5.707470E+17	2.185789E-2	0.000000E+0	9.050305E-2	3.392552E-5	0.000000E+0	0.000000E+0	0.000000E+0
1.151655E+1	-4.096620E-3	8.350000E-1	-5.196819E+17	1.790907E+17	2.155338E-2	0.000000E+0	8.683155E-2	3.088736E-5	0.000000E+0	0.000000E+0	0.000000E+0
1.167741E+1	-7.189497E-3	7.850000E-1	-1.554791E+17	1.089529E+17	2.020083E-2	0.000000E+0	8.563540E-2	5.272363E-5	0.000000E+0	0.000000E+0	0.000000E+0
1.174752E+1	-6.657526E-3	7.340000E-1	2.547933E-18	-3.215913E-19	1.867160E-2	0.000000E+0	8.512432E-2	4.824145E-5	0.000000E+0	0.000000E+0	0.000000E+0
1.182646E+1	-8.985490E-3	6.840000E-1	-6.904543E-18	-8.377323E+16	1.748249E-2	0.000000E+0	8.455611E-2	6.424391E-5	0.000000E+0	0.000000E+0	0.000000E+0
1.214856E+1	-1.625694E-3	6.330000E-1	-4.524462E+17	2.055148E+17	1.584294E-2	0.000000E+0	8.231428E-2	1.101512E-5	0.000000E+0	0.000000E+0	0.000000E+0
1.286206E+1	-8.554295E-3	5.820000E-1	-7.975154E-19	6.323277E-18	1.408338E-2	0.000000E+0	7.774801E-2	5.170862E-5	0.000000E+0	0.000000E+0	0.000000E+0
1.299062E+1	-1.078899E-2	5.320000E-1	3.266052E+17	-3.632521E-18	1.316494E-2	0.000000E+0	7.697857E-2	6.393236E-5	0.000000E+0	0.000000E+0	0.000000E+0
1.300936E+1	-2.498433E-3	4.810000E-1	1.388541E-18	6.784146E-18	1.214440E-2	0.000000E+0	7.686773E-2	1.476236E-5	0.000000E+0	0.000000E+0	0.000000E+0
1.303008E+1	-5.193248E-3	4.300000E-1	4.766215E-20	4.558806E+17	1.113866E-2	0.000000E+0	7.674549E-2	3.058756E-5	0.000000E+0	0.000000E+0	0.000000E+0
1.250010E+1	-1.013388E-2	3.800000E-1	-3.849816E-18	-6.877525E-18	9.395918E-3	0.000000E+0	7.999931E-2	6.485575E-5	0.000000E+0	0.000000E+0	0.000000E+0
1.261830E+1	-3.778249E-3	3.290000E-1	-4.316265E+17	4.857998E-18	8.268628E-3	0.000000E+0	7.924997E-2	2.372951E-5	0.000000E+0	0.000000E+0	0.000000E+0
1.274919E+1	-2.976805E-3	2.780000E-1	4.155990E+17	-4.532139E-19	7.003443E-3	0.000000E+0	7.843635E-2	1.831408E-5	0.000000E+0	0.000000E+0	0.000000E+0
1.289941E+1	-2.529502E-3	2.280000E-1	-3.194978E-18	5.558819E-18	5.734145E-3	0.000000E+0	7.752292E-2	1.520181E-5	0.000000E+0	0.000000E+0	0.000000E+0
1.301191E+1	-4.239306E-3	1.770000E-1	-3.021231E-18	2.523250E+17	4.460277E-3	0.000000E+0	7.685266E-2	2.503875E-5	0.000000E+0	0.000000E+0	0.000000E+0
1.318405E+1	2.729848E-3	1.270000E-1	4.697494E+17	-5.230656E+17	3.206811E-3	0.000000E+0	7.584922E-2	-1.570510E-5	0.000000E+0	0.000000E+0	0.000000E+0
1.355311E+1	6.796345E-3	7.600000E-2	-4.715168E+17	-5.436513E+17	1.905365E-3	0.000000E+0	7.378378E-2	-3.699963E-5	0.000000E+0	0.000000E+0	0.000000E+0
1.373223E+1	-4.111394E-3	2.500000E-2	-3.093320E+17	4.406614E-18	6.279219E-4	0.000000E+0	7.282138E-2	2.180253E-5	0.000000E+0	0.000000E+0	0.000000E+0
1.391568E+1	1.732886E-3	-2.500000E-2	-9.427510E-19	-9.422141E-19	-6.378019E-4	0.000000E+0	7.186138E-2	-8.948724E-6	0.000000E+0	0.000000E+0	0.000000E+0
1.401366E+1	5.953953E-3	-7.600000E-2	-4.716725E+17	-4.928293E+17	-1.892773E-3	0.000000E+0	7.135893E-2	-3.031811E-5	0.000000E+0	0.000000E+0	0.000000E+0
1.409606E+1	1.187027E-3	-1.270000E-1	-2.971689E+17	-4.901914E-18	-3.170216E-3	0.000000E+0	7.094181E-2	-5.973999E-6	0.000000E+0	0.000000E+0	0.000000E+0
1.372004E+1	4.128888E-3	-1.770000E-1	-1.478400E+17	2.700612E+17	-4.436451E-3	0.000000E+0	7.288608E-2	-2.193423E-5	0.000000E+0	0.000000E+0	0.000000E+0
1.363157E+1	5.816743E-3	-2.280000E-1	-2.726899E+17	1.903750E-18	-5.703169E-3	0.000000E+0	7.335911E-2	-3.130315E-5	0.000000E+0	0.000000E+0	0.000000E+0
1.346004E+1	3.249332E-3	-2.780000E-1	-1.696221E+17	-6.410840E-19	-6.951017E-3	0.000000E+0	7.429398E-2	-1.793500E-5	0.000000E+0	0.000000E+0	0.000000E+0
1.329991E+1	4.333049E-3	-3.290000E-1	6.411590E-18	-1.599031E-19	-8.299964E-3	0.000000E+0	7.518847E-2	-2.449606E-5	0.000000E+0	0.000000E+0	0.000000E+0
1.344760E+1	1.174219E-2	-3.800000E-1	-4.319920E+17	-4.172230E+17	-9.608559E-3	0.000000E+0	7.436265E-2	-6.493206E-5	0.000000E+0	0.000000E+0	0.000000E+0
1.296019E+1	1.150011E-2	-4.300000E-1	-5.506670E-18	3.318154E+17	-1.065212E-2	0.000000E+0	7.715930E-2	-6.846662E-5	0.000000E+0	0.000000E+0	0.000000E+0
1.383230E+1	9.301692E-3	-4.810000E-1	4.410889E+17	3.939340E-18	-1.194897E-2	0.000000E+0	7.229452E-2	-4.861530E-5	0.000000E+0	0.000000E+0	0.000000E+0
1.388792E+1	1.405402E-2	-5.320000E-1	3.271013E+17	1.849291E+17	-1.343019E-2	0.000000E+0	7.200495E-2	-7.286613E-5	0.000000E+0	0.000000E+0	0.000000E+0
1.351641E+1	1.407629E-2	-5.820000E-1	-4.775830E-18	6.138991E-18	-1.451972E-2	0.000000E+0	7.398406E-2	-7.704865E-5	0.000000E+0	0.000000E+0	0.000000E+0
1.328409E+1	2.088250E-2	-6.330000E-1	-2.208677E-18	1.807661E-18	-1.607805E-2	0.000000E+0	7.527783E-2	-1.183362E-4	0.000000E+0	0.000000E+0	0.000000E+0
1.285835E+1	1.086889E-2	-6.840000E-1	-7.957818E+16	-3.372665E-18	-1.707409E-2	0.000000E+0	7.777042E-2	-6.573768E-5	0.000000E+0	0.000000E+0	0.000000E+0
1.264690E+1	4.177243E-3	-7.340000E-1	2.088242E+17	-2.195880E+17	-1.856453E-2	0.000000E+0	7.907075E-2	-2.611689E-5	0.000000E+0	0.000000E+0	0.000000E+0
1.271750E+1	1.062898E-2	-7.850000E-1	5.232691E+17	-3.553127E+17	-1.994055E-2	0.000000E+0	7.863175E-2	-6.571852E-5	0.000000E+0	0.000000E+0	0.000000E+0
1.266602E+1	8.043528E-3	-8.350000E-1	-1.183523E-18	-5.342346E-18	-2.126143E-2	0.000000E+0	7.895137E-2	-5.013789E-5	0.000000E+0	0.000000E+0	0.000000E+0
1.259082E+1	5.998522E-3	-8.860000E-1	-5.203440E-18	3.843920E-18	-2.232641E-2	0.000000E+0	7.942293E-2	-3.783869E-5	0.000000E+0	0.000000E+0	0.000000E+0
1.264107E+1	2.619326E-3	-9.370000E-1	3.723455E-18	4.245176E+17	-2.357678E-2	0.000000E+0	7.910722E-2	-1.639162E-5	0.000000E+0	0.000000E+0	0.000000E+0
1.265025E+1	2.016081E-2	-9.870000E-1	1.311717E+15	5.157902E-18	-2.471074E-2	0.000000E+0	7.904962E-2	-1.259820E-4	0.000000E+0	0.000000E+0	0.000000E+0
1.248157E+1	2.528340E-3	-1.038000E+0	-4.475620E-18	-5.687704E-18	-2.606939E-2	0.000000E+0	8.011812E-2	-1.622920E-5	0.000000E+0	0.000000E+0	0.000000E+0
1.262555E+1	1.775104E-2	-1.089000E+0	-6.256276E-18	1.400744E+17	-2.621609E-2	0.000000E+0	7.920431E-2	-1.113582E-4	0.000000E+0	0.000000E+0	0.000000E+0
1.241664E+1	2.359665E-2	-1.139000E+0	2.653475E+17	2.403843E+17	-2.853697E-2	0.000000E+0	8.053679E-2	-1.530526E-4	0.000000E+0	0.000000E+0	0.000000E+0
1.199526E+1	1.910497E-2	-1.190000E+0	-3.335094E+16	-2.240669E+17	-3.055803E-2	0.000000E+0	8.336605E-2	-1.327779E-4	0.000000E+0	0.000000E+0	0.000000E+0
1.104923E+1	1.540079E-2	-1.241000E+0	8.607211E+16	1.700546E-17	-3.158879E-2	0.000000E+0	9.050387E-2	-1.261473E-4	0.000000E+0	0.000000E+0	0.000000E+0
1.154572E+1	1.304129E-2	-1.291000E+0	2.127762E-18	3.293656E+15	-3.334073E-2	0.000000E+0	8.661207E-2	-9.783133E-5	0.000000E+0	0.000000E+0	0.000000E+0
1.117658E+1	1.736747E-2	-1.342000E+0	8.036571E+16	-5.942611E-18	-3.453033E-2	0.000000E+0	8.947259E-2	-1.390329E-4	0.000000E+0	0.000000E+0	0.000000E+0
1.108667E+1	1.795345E-2	-1.392000E+0	-6.504745E+16	2.369911E+17	-3.571178E-2	0.000000E+0	9.019817E-2	-1.460645E-4	0.000000E+0	0.000000E+0	0.000000E+0
1.097481E+1	1.482314E-2	-1.443000E+0	5.725574E-18	6.181145E-18	-3.715368E-2	0.000000E+0	9.111758E-2	-1.230681E-4	0.000000E+0	0.000000E+0	0.000000E+0
1.096403E+1	5.511967E-2	-1.494000E+0	-2.052875E-18	3.493290E-18	-3.803787E-2	0.000000E+0	9.120503E-2	-4.585167E-4	0.000000E+0	0.000000E+0	0.000000E+0
1.130163E+1	3.435627E-2	-1.544000E+0	2.907620E+17	-1.496570E-18	-3.850481E-2	0.000000E+0	8.848199E-2	-2.689799E-4	0.000000E+0	0.000000E+0	0.000000E+0
1.107428E+1	5.076417E-2	-1.595000E+0	-2.649665E-18	4.664198E-18	-4.045080E-2	0.000000E+0	9.029743E-2	-4.139207E-4	0.000000E+0	0.000000E+0	0.000000E+0
1.114577E+1	3.178123E-2	-1.646000E+0	6.288344E-18	-3.929323E-18	-4.187328E-2	0.000000E+0	8.971941E-2	-2.558274E-4	0.000000E+0	0.000000E+0	0.000000E+0
1.043219E+1	3.402513E-2	-1.696000E+0	8.250878E-19	2.835790E+17	-4.220949E-2	0.000000E+0	9.585613E-2	-3.126398E-4	0.000000E+0	0.000000E+0	0.000000E+0
1.023201E+1	5.161706E-2	-1.747000E+0	4.508571E+17	-2.686618E+17	-4.534137E-2	0.000000E+0	9.773002E-2	-4.930152E-4	0.000000E+0	0.000000E+0	0.000000E+0
1.023231E+1	4.525931E-2	-1.797000E+0	2.517955E+17	3.793721E+16	-4.630271E-2	0.000000E+0	9.772773E-2	-4.322670E-4	0.000000E+0	0.000000E+0	0.000000E+0
1.018985E+1	3.780462E-2	-1.848000E+0	-6.194310E-18	5.176240E+17	-4.754746E-2	0.000000E+0	9.813552E-2	-3.640854E-4	0.000000E+0	0.000000E+0	0.000000E+0
1.002941E+1	3.315677E-2	-1.899000E+0	-5.749716E+17	1.371841E+17	-4.896739E-2	0.000000E+0	9.970567E-2	-3.296224E-4	0.000000E+0	0.000000E+0	0.000000E+0
9.727495E+0	3.063624E-2	-1.949000E+0	-4.691027E+17	6.689522E-18	-5.071831E-2	0.000000E+0	1.028004E-1	-3.237644E-4	0.000000E+0	0.000000E+0	0.000000E+0
9.678108E+0	4.898981E-2	-2.000000E+0	-3.567381E+17	-4.286482E-18	-5.241403E-2	0.000000E+0	1.033233E-1	-5.230145E-4	0.000000E+0	0.000000E+0	0.000000E+0
