Real / Ohm	Ximag / Ohm	V_DC / V	I_a c / A	V_ac / V	I_DC / A
9.391516E+0	-9.494735E-3	3.000000E+0	-9.275714E-19	-3.780148E-18	8.152913E-2	1.000000E+3	1.064790E-1	1.076492E-4	0.000000E+0	0.000000E+0	0.000000E+0
9.331093E+0	2.818709E-2	2.924000E+0	-1.137863E-18	-4.188961E+17	8.018087E-2	0.000000E+0	1.071676E-1	-3.237287E-4	0.000000E+0	0.000000E+0	0.000000E+0
9.397476E+0	-9.459908E-1	2.848000E+0	6.653843E-18	-4.395667E+17	7.766612E-2	0.000000E+0	1.053441E-1	1.060439E-2	0.000000E+0	0.000000E+0	0.000000E+0
9.830652E+0	9.522247E-2	2.772000E+0	-3.848534E+17	-9.739225E-19	7.593584E-2	0.000000E+0	1.017131E-1	-9.852219E-4	0.000000E+0	0.000000E+0	0.000000E+0
9.735678E+0	-4.916804E-2	2.696000E+0	2.587907E+17	-4.848260E-18	7.328831E-2	0.000000E+0	1.027124E-1	5.187277E-4	0.000000E+0	0.000000E+0	0.000000E+0
9.924789E+0	-3.087162E-2	2.620000E+0	-5.351627E-18	2.391872E+17	7.170615E-2	0.000000E+0	1.007568E-1	3.134099E-4	0.000000E+0	0.000000E+0	0.000000E+0
9.815861E+0	1.034655E-1	2.544000E+0	3.390598E+17	1.295985E-19	6.925830E-2	0.000000E+0	1.018646E-1	-1.073719E-3	0.000000E+0	0.000000E+0	0.000000E+0
9.974180E+0	2.949486E-2	2.468000E+0	5.785012E-19	5.234687E+17	6.293967E-2	0.000000E+0	1.002580E-1	-2.964750E-4	0.000000E+0	0.000000E+0	0.000000E+0
9.479708E+0	2.654715E-1	2.392000E+0	-2.714796E-18	1.441508E+17	6.554697E-2	0.000000E+0	1.054058E-1	-2.951804E-3	0.000000E+0	0.000000E+0	0.000000E+0
1.043728E+1	4.178251E-1	2.316000E+0	-1.980656E+17	2.858813E+16	6.349137E-2	0.000000E+0	9.565711E-2	-3.829344E-3	0.000000E+0	0.000000E+0	0.000000E+0
9.826180E+0	3.034876E-2	2.241000E+0	2.915631E-18	5.325354E+16	6.081012E-2	0.000000E+0	1.017680E-1	-3.143166E-4	0.000000E+0	0.000000E+0	0.000000E+0
1.015364E+1	1.347324E-1	2.165000E+0	2.579781E+17	4.569569E-19	5.969220E-2	0.000000E+0	9.846951E-2	-1.306628E-3	0.000000E+0	0.000000E+0	0.000000E+0
9.912779E+0	-3.971499E-2	2.089000E+0	5.241928E+17	-4.155966E-18	5.694149E-2	0.000000E+0	1.008783E-1	4.041631E-4	0.000000E+0	0.000000E+0	0.000000E+0
1.066510E+1	-2.369149E-1	2.013000E+0	-2.680825E+17	-5.132058E+17	5.503758E-2	0.000000E+0	9.371753E-2	2.081844E-3	0.000000E+0	0.000000E+0	0.000000E+0
9.951349E+0	-3.404421E-2	1.937000E+0	1.676928E-18	4.035830E-18	5.335123E-2	0.000000E+0	1.004877E-1	3.437750E-4	0.000000E+0	0.000000E+0	0.000000E+0
9.821718E+0	4.395540E-3	1.861000E+0	1.138051E+17	1.810141E+17	5.082933E-2	0.000000E+0	1.018152E-1	-4.556561E-5	0.000000E+0	0.000000E+0	0.000000E+0
1.023284E+1	1.718378E-1	1.785000E+0	9.197504E+16	2.296609E-18	4.910774E-2	0.000000E+0	9.769703E-2	-1.640604E-3	0.000000E+0	0.000000E+0	0.000000E+0
9.983160E+0	2.472571E-2	1.709000E+0	-5.520479E-19	1.659667E-18	4.650923E-2	0.000000E+0	1.001681E-1	-2.480904E-4	0.000000E+0	0.000000E+0	0.000000E+0
1.007860E+1	1.320992E-2	1.633000E+0	5.318055E+17	-2.871880E+17	4.462268E-2	0.000000E+0	9.921996E-2	-1.300466E-4	0.000000E+0	0.000000E+0	0.000000E+0
1.007022E+1	-3.881637E-2	1.557000E+0	4.333500E+17	8.421242E+16	4.273612E-2	0.000000E+0	9.930122E-2	3.827635E-4	0.000000E+0	0.000000E+0	0.000000E+0
1.022925E+1	-5.408325E-2	1.481000E+0	7.433461E+16	-3.421240E+17	4.071014E-2	0.000000E+0	9.775615E-2	5.168483E-4	0.000000E+0	0.000000E+0	0.000000E+0
1.054083E+1	-5.565888E-2	1.405000E+0	-2.798456E+17	-3.562291E+17	3.805903E-2	0.000000E+0	9.486654E-2	5.009250E-4	0.000000E+0	0.000000E+0	0.000000E+0
1.024034E+1	2.251653E-2	1.329000E+0	3.883600E+17	-5.707470E+17	3.627360E-2	0.000000E+0	9.765254E-2	-2.147191E-4	0.000000E+0	0.000000E+0	0.000000E+0
1.069514E+1	-1.430230E-1	1.253000E+0	-5.196819E+17	1.790907E+17	3.468377E-2	0.000000E+0	9.348369E-2	1.250130E-3	0.000000E+0	0.000000E+0	0.000000E+0
1.014536E+1	-2.491033E-2	1.177000E+0	-1.554791E+17	1.089529E+17	3.223031E-2	0.000000E+0	9.856663E-2	2.420148E-4	0.000000E+0	0.000000E+0	0.000000E+0
1.065558E+1	-2.235724E-2	1.101000E+0	2.547933E-18	-3.215913E-19	3.001536E-2	0.000000E+0	9.384713E-2	1.969074E-4	0.000000E+0	0.000000E+0	0.000000E+0
1.005301E+1	3.298066E-3	1.025000E+0	-6.904543E-18	-8.377323E+16	2.727641E-2	0.000000E+0	9.947268E-2	-3.263376E-5	0.000000E+0	0.000000E+0	0.000000E+0
1.011480E+1	2.281908E-2	9.490000E-1	-4.524462E+17	2.055148E+17	2.602009E-2	0.000000E+0	9.886453E-2	-2.230393E-4	0.000000E+0	0.000000E+0	0.000000E+0
1.017467E+1	-1.067924E-2	8.730000E-1	-7.975154E-19	6.323277E-18	2.393026E-2	0.000000E+0	9.828318E-2	1.031571E-4	0.000000E+0	0.000000E+0	0.000000E+0
1.003448E+1	-8.461021E-3	7.970000E-1	3.266052E+17	-3.632521E-18	2.198191E-2	0.000000E+0	9.965631E-2	8.402968E-5	0.000000E+0	0.000000E+0	0.000000E+0
1.017019E+1	-6.351134E-2	7.220000E-1	1.388541E-18	6.784146E-18	1.963260E-2	0.000000E+0	9.832275E-2	6.140111E-4	0.000000E+0	0.000000E+0	0.000000E+0
1.021925E+1	-4.338115E-3	6.460000E-1	4.766215E-20	4.558806E+17	1.750959E-2	0.000000E+0	9.785452E-2	4.153966E-5	0.000000E+0	0.000000E+0	0.000000E+0
1.024735E+1	6.641953E-2	5.700000E-1	-3.849816E-18	-6.877525E-18	1.560924E-2	0.000000E+0	9.758211E-2	-6.324911E-4	0.000000E+0	0.000000E+0	0.000000E+0
1.008122E+1	-2.573005E-3	4.940000E-1	-4.316265E+17	4.857998E-18	1.350410E-2	0.000000E+0	9.919434E-2	2.531713E-5	0.000000E+0	0.000000E+0	0.000000E+0
1.016107E+1	-3.078602E-3	4.180000E-1	4.155990E+17	-4.532139E-19	1.145921E-2	0.000000E+0	9.841482E-2	2.981773E-5	0.000000E+0	0.000000E+0	0.000000E+0
1.010441E+1	-6.605306E-3	3.420000E-1	-3.194978E-18	5.558819E-18	9.334151E-3	0.000000E+0	9.896665E-2	6.469502E-5	0.000000E+0	0.000000E+0	0.000000E+0
1.018088E+1	2.089361E-2	2.660000E-1	-3.021231E-18	2.523250E+17	7.328086E-3	0.000000E+0	9.822292E-2	-2.015770E-4	0.000000E+0	0.000000E+0	0.000000E+0
1.182411E+1	1.486759E-1	1.900000E-1	4.697494E+17	-5.230656E+17	5.151949E-3	0.000000E+0	8.455959E-2	-1.063249E-3	0.000000E+0	0.000000E+0	0.000000E+0
1.018686E+1	-9.062365E-3	1.140000E-1	-4.715168E+17	-5.436513E+17	3.118305E-3	0.000000E+0	9.816560E-2	8.732941E-5	0.000000E+0	0.000000E+0	0.000000E+0
1.011794E+1	-3.326888E-3	3.800000E-2	-3.093320E+17	4.406614E-18	1.061167E-3	0.000000E+0	9.883434E-2	3.249780E-5	0.000000E+0	0.000000E+0	0.000000E+0
1.006176E+1	-3.535454E-3	-3.800000E-2	-9.427510E-19	-9.422141E-19	-1.051640E-3	0.000000E+0	9.938618E-2	3.492185E-5	0.000000E+0	0.000000E+0	0.000000E+0
1.076864E+1	4.961497E-2	-1.140000E-1	-4.716725E+17	-4.928293E+17	-3.131760E-3	0.000000E+0	9.286027E-2	-4.278404E-4	0.000000E+0	0.000000E+0	0.000000E+0
1.003767E+1	-2.472564E-3	-1.900000E-1	-2.971689E+17	-4.901914E-18	-5.096458E-3	0.000000E+0	9.962471E-2	2.454040E-5	0.000000E+0	0.000000E+0	0.000000E+0
9.877213E+0	-4.981849E-3	-2.660000E-1	-1.478400E+17	2.700612E+17	-7.289450E-3	0.000000E+0	1.012431E-1	5.106480E-5	0.000000E+0	0.000000E+0	0.000000E+0
9.995724E+0	7.019596E-3	-3.420000E-1	-2.726899E+17	1.903750E-18	-9.481931E-3	0.000000E+0	1.000427E-1	-7.025600E-5	0.000000E+0	0.000000E+0	0.000000E+0
1.003172E+1	-4.453182E-3	-4.180000E-1	-1.696221E+17	-6.410840E-19	-1.145837E-2	0.000000E+0	9.968378E-2	4.425064E-5	0.000000E+0	0.000000E+0	0.000000E+0
9.918285E+0	-3.767121E-2	-4.940000E-1	6.411590E-18	-1.599031E-19	-1.357680E-2	0.000000E+0	1.008224E-1	3.829395E-4	0.000000E+0	0.000000E+0	0.000000E+0
9.939444E+0	-9.052526E-3	-5.700000E-1	-4.319920E+17	-4.172230E+17	-1.552566E-2	0.000000E+0	1.006092E-1	9.163159E-5	0.000000E+0	0.000000E+0	0.000000E+0
9.789721E+0	-1.103098E-2	-6.460000E-1	-5.506670E-18	3.318154E+17	-1.761293E-2	0.000000E+0	1.021478E-1	1.150994E-4	0.000000E+0	0.000000E+0	0.000000E+0
9.998781E+0	5.061705E-3	-7.220000E-1	4.410889E+17	3.939340E-18	-1.974923E-2	0.000000E+0	1.000122E-1	-5.062938E-5	0.000000E+0	0.000000E+0	0.000000E+0
1.000015E+1	2.479875E-2	-7.970000E-1	3.271013E+17	1.849291E+17	-2.178597E-2	0.000000E+0	9.999789E-2	-2.479785E-4	0.000000E+0	0.000000E+0	0.000000E+0
1.055547E+1	-1.783501E-1	-8.730000E-1	-4.775830E-18	6.138991E-18	-2.353310E-2	0.000000E+0	9.471057E-2	1.600274E-3	0.000000E+0	0.000000E+0	0.000000E+0
1.000095E+1	7.493503E-2	-9.490000E-1	-2.208677E-18	1.807661E-18	-2.617553E-2	0.000000E+0	9.998489E-2	-7.491659E-4	0.000000E+0	0.000000E+0	0.000000E+0
9.820667E+0	1.536417E-1	-1.025000E+0	-7.957818E+16	-3.372665E-18	-2.823471E-2	0.000000E+0	1.018012E-1	-1.592652E-3	0.000000E+0	0.000000E+0	0.000000E+0
9.816526E+0	-3.051161E-2	-1.101000E+0	2.088242E+17	-2.195880E+17	-2.929134E-2	0.000000E+0	1.018680E-1	3.166251E-4	0.000000E+0	0.000000E+0	0.000000E+0
1.020960E+1	-4.950429E-2	-1.177000E+0	5.232691E+17	-3.553127E+17	-3.212734E-2	0.000000E+0	9.794473E-2	4.749142E-4	0.000000E+0	0.000000E+0	0.000000E+0
9.975239E+0	-1.257270E-3	-1.253000E+0	-1.183523E-18	-5.342346E-18	-3.365485E-2	0.000000E+0	1.002482E-1	1.263519E-5	0.000000E+0	0.000000E+0	0.000000E+0
1.003809E+1	1.054425E-2	-1.329000E+0	-5.203440E-18	3.843920E-18	-3.637134E-2	0.000000E+0	9.962044E-2	-1.046437E-4	0.000000E+0	0.000000E+0	0.000000E+0
1.081397E+1	-1.175597E-1	-1.405000E+0	3.723455E-18	4.245176E+17	-3.861590E-2	0.000000E+0	9.246205E-2	1.005164E-3	0.000000E+0	0.000000E+0	0.000000E+0
9.884037E+0	5.508935E-2	-1.481000E+0	1.311717E+15	5.157902E-18	-4.061891E-2	0.000000E+0	1.011701E-1	-5.638784E-4	0.000000E+0	0.000000E+0	0.000000E+0
9.787239E+0	7.254896E-2	-1.557000E+0	-4.475620E-18	-5.687704E-18	-4.296614E-2	0.000000E+0	1.021682E-1	-7.573331E-4	0.000000E+0	0.000000E+0	0.000000E+0
9.530703E+0	-8.213690E-2	-1.633000E+0	-6.256276E-18	1.400744E+17	-4.359019E-2	0.000000E+0	1.049163E-1	9.041827E-4	0.000000E+0	0.000000E+0	0.000000E+0
9.687843E+0	-8.494313E-2	-1.709000E+0	2.653475E+17	2.403843E+17	-4.694252E-2	0.000000E+0	1.032142E-1	9.049836E-4	0.000000E+0	0.000000E+0	0.000000E+0
9.575808E+0	-2.489902E-2	-1.785000E+0	-3.335094E+16	-2.240669E+17	-4.909108E-2	0.000000E+0	1.044291E-1	2.715367E-4	0.000000E+0	0.000000E+0	0.000000E+0
9.567772E+0	6.478721E-2	-1.861000E+0	8.607211E+16	1.700546E-17	-5.096844E-2	0.000000E+0	1.045127E-1	-7.076976E-4	0.000000E+0	0.000000E+0	0.000000E+0
9.810513E+0	-7.498869E-2	-1.937000E+0	2.127762E-18	3.293656E+15	-5.256082E-2	0.000000E+0	1.019255E-1	7.790888E-4	0.000000E+0	0.000000E+0	0.000000E+0
9.571184E+0	-1.057707E-1	-2.013000E+0	8.036571E+16	-5.942611E-18	-5.506280E-2	0.000000E+0	1.044675E-1	1.154466E-3	0.000000E+0	0.000000E+0	0.000000E+0
9.520233E+0	-3.384301E-2	-2.089000E+0	-6.504745E+16	2.369911E+17	-5.750706E-2	0.000000E+0	1.050381E-1	3.733949E-4	0.000000E+0	0.000000E+0	0.000000E+0
9.692364E+0	2.714376E-2	-2.165000E+0	5.725574E-18	6.181145E-18	-5.855092E-2	0.000000E+0	1.031732E-1	-2.889397E-4	0.000000E+0	0.000000E+0	0.000000E+0
1.043435E+1	-3.585854E-1	-2.241000E+0	-2.052875E-18	3.493290E-18	-6.182614E-2	0.000000E+0	9.572426E-2	3.289646E-3	0.000000E+0	0.000000E+0	0.000000E+0
9.195534E+0	8.740379E-2	-2.316000E+0	2.907620E+17	-1.496570E-18	-6.359527E-2	0.000000E+0	1.087386E-1	-1.033563E-3	0.000000E+0	0.000000E+0	0.000000E+0
9.164793E+0	1.969539E-2	-2.392000E+0	-2.649665E-18	4.664198E-18	-6.595680E-2	0.000000E+0	1.091127E-1	-2.344862E-4	0.000000E+0	0.000000E+0	0.000000E+0
9.174698E+0	2.216462E-2	-2.468000E+0	6.288344E-18	-3.929323E-18	-6.889647E-2	0.000000E+0	1.089948E-1	-2.633142E-4	0.000000E+0	0.000000E+0	0.000000E+0
8.856588E+0	-6.292930E-2	-2.544000E+0	8.250878E-19	2.835790E+17	-7.010734E-2	0.000000E+0	1.129046E-1	8.022285E-4	0.000000E+0	0.000000E+0	0.000000E+0
8.573593E+0	3.493868E-2	-2.620000E+0	4.508571E+17	-2.686618E+17	-7.246120E-2	0.000000E+0	1.166353E-1	-4.753063E-4	0.000000E+0	0.000000E+0	0.000000E+0
8.879976E+0	-7.405652E-2	-2.696000E+0	2.517955E+17	3.793721E+16	-7.499331E-2	0.000000E+0	1.126051E-1	9.390950E-4	0.000000E+0	0.000000E+0	0.000000E+0
8.455400E+0	-1.795680E-2	-2.772000E+0	-6.194310E-18	5.176240E+17	-7.590592E-2	0.000000E+0	1.182671E-1	2.511647E-4	0.000000E+0	0.000000E+0	0.000000E+0
8.473749E+0	-1.412629E-1	-2.848000E+0	-5.749716E+17	1.371841E+17	-7.865970E-2	0.000000E+0	1.179787E-1	1.966782E-3	0.000000E+0	0.000000E+0	0.000000E+0
8.307457E+0	1.917257E-2	-2.924000E+0	-4.691027E+17	6.689522E-18	-8.106208E-2	0.000000E+0	1.203731E-1	-2.778061E-4	0.000000E+0	0.000000E+0	0.000000E+0
7.979677E+0	-2.592140E-1	-3.000000E+0	-3.567381E+17	-4.286482E-18	-8.001299E-2	0.000000E+0	1.251863E-1	4.066584E-3	0.000000E+0	0.000000E+0	0.000000E+0
