Real / Ohm	Ximag / Ohm	V_DC / V	I_a c / A	V_ac / V	I_DC / A
1.030889E+1	6.845236E-1	-3.000000E+0	-3.567381E+17	-4.286482E-18	-8.912586E-2	1.000000E+4	9.657783E-2	-6.412893E-3	0.000000E+0	0.000000E+0	0.000000E+0
1.034737E+1	7.177513E-1	-2.924000E+0	-4.691027E+17	6.689522E-18	-8.497678E-2	0.000000E+0	9.618014E-2	-6.671591E-3	0.000000E+0	0.000000E+0	0.000000E+0
8.702454E+0	1.302446E-1	-2.848000E+0	-5.749716E+17	1.371841E+17	-7.352589E-2	0.000000E+0	1.148844E-1	-1.719408E-3	0.000000E+0	0.000000E+0	0.000000E+0
1.290387E+1	2.906758E-1	-2.772000E+0	-6.194310E-18	5.176240E+17	-7.667099E-2	0.000000E+0	7.745683E-2	-1.744812E-3	0.000000E+0	0.000000E+0	0.000000E+0
1.278971E+1	2.021065E-1	-2.696000E+0	2.517955E+17	3.793721E+16	-7.559189E-2	0.000000E+0	7.816834E-2	-1.235237E-3	0.000000E+0	0.000000E+0	0.000000E+0
7.632552E+0	4.173027E-1	-2.620000E+0	4.508571E+17	-2.686618E+17	-7.707918E-2	0.000000E+0	1.306273E-1	-7.141926E-3	0.000000E+0	0.000000E+0	0.000000E+0
1.236344E+1	1.483527E-1	-2.544000E+0	8.250878E-19	2.835790E+17	-7.449140E-2	0.000000E+0	8.087199E-2	-9.704078E-4	0.000000E+0	0.000000E+0	0.000000E+0
8.258078E+0	1.369432E-1	-2.468000E+0	6.288344E-18	-3.929323E-18	-7.133926E-2	0.000000E+0	1.210603E-1	-2.007535E-3	0.000000E+0	0.000000E+0	0.000000E+0
8.767643E+0	3.664469E-2	-2.392000E+0	-2.649665E-18	4.664198E-18	-6.731124E-2	0.000000E+0	1.140537E-1	-4.766919E-4	0.000000E+0	0.000000E+0	0.000000E+0
1.236878E+1	3.620892E-1	-2.316000E+0	2.907620E+17	-1.496570E-18	-6.166625E-2	0.000000E+0	8.077949E-2	-2.364775E-3	0.000000E+0	0.000000E+0	0.000000E+0
9.682938E+0	2.093973E-1	-2.241000E+0	-2.052875E-18	3.493290E-18	-6.586599E-2	0.000000E+0	1.032262E-1	-2.232306E-3	0.000000E+0	0.000000E+0	0.000000E+0
8.256691E+0	8.960544E-2	-2.165000E+0	5.725574E-18	6.181145E-18	-6.415768E-2	0.000000E+0	1.210996E-1	-1.314229E-3	0.000000E+0	0.000000E+0	0.000000E+0
1.286550E+1	9.127481E-1	-2.089000E+0	-6.504745E+16	2.369911E+17	-5.972003E-2	0.000000E+0	7.733799E-2	-5.486775E-3	0.000000E+0	0.000000E+0	0.000000E+0
9.893452E+0	3.928594E-2	-2.013000E+0	8.036571E+16	-5.942611E-18	-5.637894E-2	0.000000E+0	1.010754E-1	-4.013605E-4	0.000000E+0	0.000000E+0	0.000000E+0
1.194529E+1	1.098076E-1	-1.937000E+0	2.127762E-18	3.293656E+15	-5.317829E-2	0.000000E+0	8.370793E-2	-7.694888E-4	0.000000E+0	0.000000E+0	0.000000E+0
9.842773E+0	1.729932E-1	-1.861000E+0	8.607211E+16	1.700546E-17	-5.047968E-2	0.000000E+0	1.015660E-1	-1.785089E-3	0.000000E+0	0.000000E+0	0.000000E+0
1.851982E+1	4.520410E-1	-1.785000E+0	-3.335094E+16	-2.240669E+17	-5.181681E-2	0.000000E+0	5.396405E-2	-1.317182E-3	0.000000E+0	0.000000E+0	0.000000E+0
1.083835E+1	1.515924E-2	-1.709000E+0	2.653475E+17	2.403843E+17	-5.076018E-2	0.000000E+0	9.226479E-2	-1.290477E-4	0.000000E+0	0.000000E+0	0.000000E+0
1.356697E+1	5.805556E-1	-1.633000E+0	-6.256276E-18	1.400744E+17	-3.222401E-2	0.000000E+0	7.357370E-2	-3.148354E-3	0.000000E+0	0.000000E+0	0.000000E+0
1.523134E+1	5.545001E-1	-1.557000E+0	-4.475620E-18	-5.687704E-18	-3.887269E-2	0.000000E+0	6.556721E-2	-2.386988E-3	0.000000E+0	0.000000E+0	0.000000E+0
1.773002E+1	5.291758E-1	-1.481000E+0	1.311717E+15	5.157902E-18	-3.646008E-2	0.000000E+0	5.635132E-2	-1.681879E-3	0.000000E+0	0.000000E+0	0.000000E+0
1.192211E+1	1.383168E-1	-1.405000E+0	3.723455E-18	4.245176E+17	-2.980489E-2	0.000000E+0	8.386648E-2	-9.729942E-4	0.000000E+0	0.000000E+0	0.000000E+0
1.787763E+1	1.800666E-1	-1.329000E+0	-5.203440E-18	3.843920E-18	-3.687543E-2	0.000000E+0	5.593015E-2	-5.633382E-4	0.000000E+0	0.000000E+0	0.000000E+0
1.522392E+1	8.492242E-2	-1.253000E+0	-1.183523E-18	-5.342346E-18	-3.454760E-2	0.000000E+0	6.568406E-2	-3.664003E-4	0.000000E+0	0.000000E+0	0.000000E+0
1.435011E+1	5.488940E-2	-1.177000E+0	5.232691E+17	-3.553127E+17	-3.017023E-2	0.000000E+0	6.968486E-2	-2.665457E-4	0.000000E+0	0.000000E+0	0.000000E+0
1.602793E+1	6.650046E-2	-1.101000E+0	2.088242E+17	-2.195880E+17	-2.396704E-2	0.000000E+0	6.239001E-2	-2.588584E-4	0.000000E+0	0.000000E+0	0.000000E+0
1.758275E+1	-2.656861E-1	-1.025000E+0	-7.957818E+16	-3.372665E-18	-2.835166E-2	0.000000E+0	5.686094E-2	8.592036E-4	0.000000E+0	0.000000E+0	0.000000E+0
1.157756E+1	2.171361E-1	-9.490000E-1	-2.208677E-18	1.807661E-18	-2.825622E-2	0.000000E+0	8.634361E-2	-1.619367E-3	0.000000E+0	0.000000E+0	0.000000E+0
1.822471E+1	1.767802E-1	-8.730000E-1	-4.775830E-18	6.138991E-18	-1.803209E-2	0.000000E+0	5.486540E-2	-5.321959E-4	0.000000E+0	0.000000E+0	0.000000E+0
1.589297E+1	8.526427E-2	-7.970000E-1	3.271013E+17	1.849291E+17	-1.696320E-2	0.000000E+0	6.291909E-2	-3.375549E-4	0.000000E+0	0.000000E+0	0.000000E+0
1.762159E+1	1.198162E-1	-7.220000E-1	4.410889E+17	3.939340E-18	-1.585343E-2	0.000000E+0	5.674594E-2	-3.858383E-4	0.000000E+0	0.000000E+0	0.000000E+0
2.208812E+1	4.347801E-2	-6.460000E-1	-5.506670E-18	3.318154E+17	-1.309353E-2	0.000000E+0	4.527303E-2	-8.911493E-5	0.000000E+0	0.000000E+0	0.000000E+0
2.218906E+1	9.859964E-2	-5.700000E-1	-4.319920E+17	-4.172230E+17	-1.465488E-2	0.000000E+0	4.506636E-2	-2.002576E-4	0.000000E+0	0.000000E+0	0.000000E+0
1.683803E+1	1.348047E-1	-4.940000E-1	6.411590E-18	-1.599031E-19	-1.140673E-2	0.000000E+0	5.938556E-2	-4.754388E-4	0.000000E+0	0.000000E+0	0.000000E+0
2.241212E+1	-3.212982E-2	-4.180000E-1	-1.696221E+17	-6.410840E-19	-8.356234E-3	0.000000E+0	4.461862E-2	6.396487E-5	0.000000E+0	0.000000E+0	0.000000E+0
2.452371E+1	-6.163791E-3	-3.420000E-1	-2.726899E+17	1.903750E-18	-9.433411E-3	0.000000E+0	4.077686E-2	1.024886E-5	0.000000E+0	0.000000E+0	0.000000E+0
1.359037E+1	7.256526E-2	-2.660000E-1	-1.478400E+17	2.700612E+17	-6.534088E-3	0.000000E+0	7.357942E-2	-3.928745E-4	0.000000E+0	0.000000E+0	0.000000E+0
9.595175E+0	8.121528E-3	-1.900000E-1	-2.971689E+17	-4.901914E-18	-5.033639E-3	0.000000E+0	1.042190E-1	-8.821281E-5	0.000000E+0	0.000000E+0	0.000000E+0
1.646934E+1	8.696401E-2	-1.140000E-1	-4.716725E+17	-4.928293E+17	-2.705306E-3	0.000000E+0	6.071719E-2	-3.206085E-4	0.000000E+0	0.000000E+0	0.000000E+0
1.506036E+1	-2.519645E-2	-3.800000E-2	-9.427510E-19	-9.422141E-19	-1.076665E-3	0.000000E+0	6.639929E-2	1.110881E-4	0.000000E+0	0.000000E+0	0.000000E+0
1.255383E+1	7.180348E-3	3.800000E-2	-3.093320E+17	4.406614E-18	6.954886E-4	0.000000E+0	7.965694E-2	-4.556096E-5	0.000000E+0	0.000000E+0	0.000000E+0
1.951679E+1	-4.350352E-2	1.140000E-1	-4.715168E+17	-5.436513E+17	2.882861E-3	0.000000E+0	5.123768E-2	1.142103E-4	0.000000E+0	0.000000E+0	0.000000E+0
1.465133E+1	9.920910E-3	1.900000E-1	4.697494E+17	-5.230656E+17	4.629988E-3	0.000000E+0	6.825316E-2	-4.621652E-5	0.000000E+0	0.000000E+0	0.000000E+0
1.935082E+1	-1.674712E-3	2.660000E-1	-3.021231E-18	2.523250E+17	5.005311E-3	0.000000E+0	5.167740E-2	4.472408E-6	0.000000E+0	0.000000E+0	0.000000E+0
2.393399E+1	1.925360E-2	3.420000E-1	-3.194978E-18	5.558819E-18	8.307595E-3	0.000000E+0	4.178156E-2	-3.361100E-5	0.000000E+0	0.000000E+0	0.000000E+0
2.087605E+1	4.535283E-2	4.180000E-1	4.155990E+17	-4.532139E-19	1.035401E-2	0.000000E+0	4.790156E-2	-1.040652E-4	0.000000E+0	0.000000E+0	0.000000E+0
1.140580E+1	4.816335E-2	4.940000E-1	-4.316265E+17	4.857998E-18	9.681324E-3	0.000000E+0	8.767313E-2	-3.702179E-4	0.000000E+0	0.000000E+0	0.000000E+0
1.423114E+1	6.342107E-2	5.700000E-1	-3.849816E-18	-6.877525E-18	1.678646E-2	0.000000E+0	7.026704E-2	-3.131451E-4	0.000000E+0	0.000000E+0	0.000000E+0
1.574331E+1	1.093978E-2	6.460000E-1	4.766215E-20	4.558806E+17	1.884155E-2	0.000000E+0	6.351901E-2	-4.413837E-5	0.000000E+0	0.000000E+0	0.000000E+0
1.050513E+1	4.054169E-2	7.220000E-1	1.388541E-18	6.784146E-18	1.940738E-2	0.000000E+0	9.519017E-2	-3.673606E-4	0.000000E+0	0.000000E+0	0.000000E+0
1.481462E+1	-5.751982E-3	7.970000E-1	3.266052E+17	-3.632521E-18	1.514893E-2	0.000000E+0	6.750088E-2	2.620815E-5	0.000000E+0	0.000000E+0	0.000000E+0
1.255654E+1	2.106673E-1	8.730000E-1	-7.975154E-19	6.323277E-18	2.426019E-2	0.000000E+0	7.961736E-2	-1.335780E-3	0.000000E+0	0.000000E+0	0.000000E+0
1.012862E+1	7.369849E-2	9.490000E-1	-4.524462E+17	2.055148E+17	2.623766E-2	0.000000E+0	9.872491E-2	-7.183483E-4	0.000000E+0	0.000000E+0	0.000000E+0
2.054996E+1	1.856149E-1	1.025000E+0	-6.904543E-18	-8.377323E+16	1.955272E-2	0.000000E+0	4.865793E-2	-4.394965E-4	0.000000E+0	0.000000E+0	0.000000E+0
2.423422E+1	1.809429E-1	1.101000E+0	2.547933E-18	-3.215913E-19	2.490863E-2	0.000000E+0	4.126166E-2	-3.080770E-4	0.000000E+0	0.000000E+0	0.000000E+0
1.867498E+1	3.724259E-1	1.177000E+0	-1.554791E+17	1.089529E+17	2.910519E-2	0.000000E+0	5.352629E-2	-1.067448E-3	0.000000E+0	0.000000E+0	0.000000E+0
1.764275E+1	1.990959E-1	1.253000E+0	-5.196819E+17	1.790907E+17	2.646673E-2	0.000000E+0	5.667329E-2	-6.395499E-4	0.000000E+0	0.000000E+0	0.000000E+0
1.056567E+1	4.870058E-1	1.329000E+0	3.883600E+17	-5.707470E+17	3.456318E-2	0.000000E+0	9.444549E-2	-4.353297E-3	0.000000E+0	0.000000E+0	0.000000E+0
1.299728E+1	3.895402E-1	1.405000E+0	-2.798456E+17	-3.562291E+17	3.915402E-2	0.000000E+0	7.687013E-2	-2.303867E-3	0.000000E+0	0.000000E+0	0.000000E+0
9.227079E+0	2.771791E-2	1.481000E+0	7.433461E+16	-3.421240E+17	3.548798E-2	0.000000E+0	1.083757E-1	-3.255578E-4	0.000000E+0	0.000000E+0	0.000000E+0
1.318926E+1	1.958233E-1	1.557000E+0	4.333500E+17	8.421242E+16	4.333469E-2	0.000000E+0	7.580256E-2	-1.125454E-3	0.000000E+0	0.000000E+0	0.000000E+0
8.427471E+0	1.629317E-2	1.633000E+0	5.318055E+17	-2.871880E+17	4.782492E-2	0.000000E+0	1.186591E-1	-2.294085E-4	0.000000E+0	0.000000E+0	0.000000E+0
1.166948E+1	3.543662E-1	1.709000E+0	-5.520479E-19	1.659667E-18	4.667471E-2	0.000000E+0	8.561467E-2	-2.599854E-3	0.000000E+0	0.000000E+0	0.000000E+0
1.522396E+1	4.427092E-1	1.785000E+0	9.197504E+16	2.296609E-18	4.109345E-2	0.000000E+0	6.563043E-2	-1.908518E-3	0.000000E+0	0.000000E+0	0.000000E+0
1.919680E+1	1.014476E+0	1.861000E+0	1.138051E+17	1.810141E+17	4.938041E-2	0.000000E+0	5.194694E-2	-2.745193E-3	0.000000E+0	0.000000E+0	0.000000E+0
1.525805E+1	4.151102E-1	1.937000E+0	1.676928E-18	4.035830E-18	4.603153E-2	0.000000E+0	6.549070E-2	-1.781739E-3	0.000000E+0	0.000000E+0	0.000000E+0
1.976331E+1	4.705448E-1	2.013000E+0	-2.680825E+17	-5.132058E+17	3.886192E-2	0.000000E+0	5.057014E-2	-1.204025E-3	0.000000E+0	0.000000E+0	0.000000E+0
1.233327E+1	2.453406E-1	2.089000E+0	5.241928E+17	-4.155966E-18	4.002784E-2	0.000000E+0	8.104942E-2	-1.612282E-3	0.000000E+0	0.000000E+0	0.000000E+0
8.964388E+0	9.373163E-2	2.165000E+0	2.579781E+17	4.569569E-19	6.160077E-2	0.000000E+0	1.115403E-1	-1.166265E-3	0.000000E+0	0.000000E+0	0.000000E+0
9.168224E+0	6.453156E-2	2.241000E+0	2.915631E-18	5.325354E+16	6.893063E-2	0.000000E+0	1.090670E-1	-7.676800E-4	0.000000E+0	0.000000E+0	0.000000E+0
8.911724E+0	5.966857E-2	2.316000E+0	-1.980656E+17	2.858813E+16	6.726919E-2	0.000000E+0	1.122067E-1	-7.512815E-4	0.000000E+0	0.000000E+0	0.000000E+0
8.008039E+0	6.090342E-2	2.392000E+0	-2.714796E-18	1.441508E+17	6.888047E-2	0.000000E+0	1.248673E-1	-9.496514E-4	0.000000E+0	0.000000E+0	0.000000E+0
1.074915E+1	2.298578E-1	2.468000E+0	5.785012E-19	5.234687E+17	6.532322E-2	0.000000E+0	9.298809E-2	-1.988440E-3	0.000000E+0	0.000000E+0	0.000000E+0
1.166951E+1	4.467677E-1	2.544000E+0	3.390598E+17	1.295985E-19	7.370926E-2	0.000000E+0	8.556798E-2	-3.275974E-3	0.000000E+0	0.000000E+0	0.000000E+0
1.034019E+1	4.523588E-1	2.620000E+0	-5.351627E-18	2.391872E+17	7.563055E-2	0.000000E+0	9.652529E-2	-4.222752E-3	0.000000E+0	0.000000E+0	0.000000E+0
9.832451E+0	2.643995E-2	2.696000E+0	2.587907E+17	-4.848260E-18	6.793030E-2	0.000000E+0	1.017033E-1	-2.734852E-4	0.000000E+0	0.000000E+0	0.000000E+0
1.503496E+1	-8.368263E-1	2.772000E+0	-3.848534E+17	-9.739225E-19	7.088017E-2	0.000000E+0	6.630624E-2	3.690519E-3	0.000000E+0	0.000000E+0	0.000000E+0
1.198590E+1	2.328769E-1	2.848000E+0	6.653843E-18	-4.395667E+17	8.047101E-2	0.000000E+0	8.339988E-2	-1.620396E-3	0.000000E+0	0.000000E+0	0.000000E+0
8.439238E+0	5.366980E-1	2.924000E+0	-1.137863E-18	-4.188961E+17	8.542703E-2	0.000000E+0	1.180168E-1	-7.505344E-3	0.000000E+0	0.000000E+0	0.000000E+0
8.071514E+0	4.834492E-1	3.000000E+0	-9.275714E-19	-3.780148E-18	8.915015E-2	0.000000E+0	1.234496E-1	-7.394105E-3	0.000000E+0	0.000000E+0	0.000000E+0
