Real / Ohm	Ximag / Ohm	V_DC / V	I_a c / A	V_ac / V	I_DC / A
2.207710E+4	-8.037020E+4	-2.500000E+0	-3.567381E+17	-4.286482E-18	1.662062E-6	1.000000E+5	3.178039E-6	1.156944E-5	0.000000E+0	0.000000E+0	0.000000E+0
2.162999E+4	-8.071009E+4	-2.437000E+0	-4.691027E+17	6.689522E-18	9.405048E-7	0.000000E+0	3.097976E-6	1.155978E-5	0.000000E+0	0.000000E+0	0.000000E+0
2.103991E+4	-8.106973E+4	-2.373000E+0	-5.749716E+17	1.371841E+17	-1.340857E-6	0.000000E+0	2.999283E-6	1.155666E-5	0.000000E+0	0.000000E+0	0.000000E+0
2.027845E+4	-8.148083E+4	-2.310000E+0	-6.194310E-18	5.176240E+17	-1.948501E-8	0.000000E+0	2.876237E-6	1.155701E-5	0.000000E+0	0.000000E+0	0.000000E+0
1.950412E+4	-8.175359E+4	-2.247000E+0	2.517955E+17	3.793721E+16	2.323315E-6	0.000000E+0	2.761035E-6	1.157317E-5	0.000000E+0	0.000000E+0	0.000000E+0
1.860516E+4	-8.191891E+4	-2.184000E+0	4.508571E+17	-2.686618E+17	-1.462511E-6	0.000000E+0	2.636464E-6	1.160841E-5	0.000000E+0	0.000000E+0	0.000000E+0
1.769096E+4	-8.195916E+4	-2.120000E+0	8.250878E-19	2.835790E+17	-2.211731E-6	0.000000E+0	2.516397E-6	1.165803E-5	0.000000E+0	0.000000E+0	0.000000E+0
1.674034E+4	-8.191091E+4	-2.057000E+0	6.288344E-18	-3.929323E-18	1.311128E-7	0.000000E+0	2.395023E-6	1.171891E-5	0.000000E+0	0.000000E+0	0.000000E+0
1.576907E+4	-8.178825E+4	-1.994000E+0	-2.649665E-18	4.664198E-18	4.310059E-7	0.000000E+0	2.272861E-6	1.178848E-5	0.000000E+0	0.000000E+0	0.000000E+0
1.478019E+4	-8.160642E+4	-1.930000E+0	2.907620E+17	-1.496570E-18	-2.361070E-6	0.000000E+0	2.148889E-6	1.186474E-5	0.000000E+0	0.000000E+0	0.000000E+0
1.375311E+4	-8.137477E+4	-1.867000E+0	-2.052875E-18	3.493290E-18	-2.571905E-6	0.000000E+0	2.019249E-6	1.194755E-5	0.000000E+0	0.000000E+0	0.000000E+0
1.275781E+4	-8.109289E+4	-1.804000E+0	5.725574E-18	6.181145E-18	-2.290471E-7	0.000000E+0	1.893182E-6	1.203370E-5	0.000000E+0	0.000000E+0	0.000000E+0
1.178168E+4	-8.074863E+4	-1.741000E+0	-6.504745E+16	2.369911E+17	1.092318E-6	0.000000E+0	1.769247E-6	1.212597E-5	0.000000E+0	0.000000E+0	0.000000E+0
1.083718E+4	-8.033681E+4	-1.677000E+0	8.036571E+16	-5.942611E-18	1.875305E-6	0.000000E+0	1.649131E-6	1.222513E-5	0.000000E+0	0.000000E+0	0.000000E+0
9.930854E+3	-7.985608E+4	-1.614000E+0	2.127762E-18	3.293656E+15	6.430346E-7	0.000000E+0	1.533577E-6	1.233181E-5	0.000000E+0	0.000000E+0	0.000000E+0
9.053203E+3	-7.927461E+4	-1.551000E+0	8.607211E+16	1.700546E-17	-7.850758E-8	0.000000E+0	1.422023E-6	1.245198E-5	0.000000E+0	0.000000E+0	0.000000E+0
8.209641E+3	-7.861269E+4	-1.487000E+0	-3.335094E+16	-2.240669E+17	-2.870576E-6	0.000000E+0	1.314099E-6	1.258336E-5	0.000000E+0	0.000000E+0	0.000000E+0
7.460544E+3	-7.785784E+4	-1.424000E+0	2.653475E+17	2.403843E+17	1.004417E-6	0.000000E+0	1.219541E-6	1.272706E-5	0.000000E+0	0.000000E+0	0.000000E+0
6.761350E+3	-7.703644E+4	-1.361000E+0	-6.256276E-18	1.400744E+17	-7.385606E-7	0.000000E+0	1.130598E-6	1.288164E-5	0.000000E+0	0.000000E+0	0.000000E+0
6.073428E+3	-7.612041E+4	-1.297000E+0	-4.475620E-18	-5.687704E-18	1.576569E-6	0.000000E+0	1.041539E-6	1.305398E-5	0.000000E+0	0.000000E+0	0.000000E+0
5.509371E+3	-7.516266E+4	-1.234000E+0	1.311717E+15	5.157902E-18	3.443638E-7	0.000000E+0	9.699975E-7	1.323338E-5	0.000000E+0	0.000000E+0	0.000000E+0
4.993381E+3	-7.417772E+4	-1.171000E+0	3.723455E-18	4.245176E+17	6.442715E-7	0.000000E+0	9.034085E-7	1.342032E-5	0.000000E+0	0.000000E+0	0.000000E+0
4.496186E+3	-7.311406E+4	-1.108000E+0	-5.203440E-18	3.843920E-18	-5.879556E-7	0.000000E+0	8.379212E-7	1.362573E-5	0.000000E+0	0.000000E+0	0.000000E+0
4.070974E+3	-7.204677E+4	-1.044000E+0	-1.183523E-18	-5.342346E-18	-8.264324E-7	0.000000E+0	7.817806E-7	1.383570E-5	0.000000E+0	0.000000E+0	0.000000E+0
3.713271E+3	-7.097278E+4	-9.810000E-1	5.232691E+17	-3.553127E+17	-5.265210E-7	0.000000E+0	7.351667E-7	1.405145E-5	0.000000E+0	0.000000E+0	0.000000E+0
3.389971E+3	-6.984713E+4	-9.180000E-1	2.088242E+17	-2.195880E+17	-2.265842E-7	0.000000E+0	6.932295E-7	1.428334E-5	0.000000E+0	0.000000E+0	0.000000E+0
3.095922E+3	-6.869328E+4	-8.540000E-1	-7.957818E+16	-3.372665E-18	-9.757969E-7	0.000000E+0	6.547572E-7	1.452796E-5	0.000000E+0	0.000000E+0	0.000000E+0
2.843776E+3	-6.754497E+4	-7.910000E-1	-2.208677E-18	1.807661E-18	-1.697317E-6	0.000000E+0	6.222146E-7	1.477875E-5	0.000000E+0	0.000000E+0	0.000000E+0
2.612080E+3	-6.638975E+4	-7.280000E-1	-4.775830E-18	6.138991E-18	6.455048E-7	0.000000E+0	5.917151E-7	1.503929E-5	0.000000E+0	0.000000E+0	0.000000E+0
2.424041E+3	-6.524530E+4	-6.650000E-1	3.271013E+17	1.849291E+17	9.454161E-7	0.000000E+0	5.686466E-7	1.530565E-5	0.000000E+0	0.000000E+0	0.000000E+0
2.237409E+3	-6.409341E+4	-6.010000E-1	4.410889E+17	3.939340E-18	2.239143E-6	0.000000E+0	5.439885E-7	1.558324E-5	0.000000E+0	0.000000E+0	0.000000E+0
2.089142E+3	-6.295043E+4	-5.380000E-1	-5.506670E-18	3.318154E+17	-3.589630E-6	0.000000E+0	5.266141E-7	1.586804E-5	0.000000E+0	0.000000E+0	0.000000E+0
1.957387E+3	-6.182076E+4	-4.750000E-1	-4.319920E+17	-4.172230E+17	-1.246808E-6	0.000000E+0	5.116499E-7	1.615960E-5	0.000000E+0	0.000000E+0	0.000000E+0
1.837934E+3	-6.068350E+4	-4.110000E-1	6.411590E-18	-1.599031E-19	-4.638496E-7	0.000000E+0	4.986438E-7	1.646384E-5	0.000000E+0	0.000000E+0	0.000000E+0
1.750067E+3	-5.957603E+4	-3.480000E-1	-1.696221E+17	-6.410840E-19	1.878972E-6	0.000000E+0	4.926483E-7	1.677080E-5	0.000000E+0	0.000000E+0	0.000000E+0
1.669150E+3	-5.849862E+4	-2.850000E-1	-2.726899E+17	1.903750E-18	1.157454E-6	0.000000E+0	4.873609E-7	1.708051E-5	0.000000E+0	0.000000E+0	0.000000E+0
1.579896E+3	-5.742852E+4	-2.220000E-1	-1.478400E+17	2.700612E+17	9.466494E-7	0.000000E+0	4.786793E-7	1.739978E-5	0.000000E+0	0.000000E+0	0.000000E+0
1.522694E+3	-5.633722E+4	-1.580000E-1	-2.971689E+17	-4.901914E-18	7.081780E-7	0.000000E+0	4.794073E-7	1.773730E-5	0.000000E+0	0.000000E+0	0.000000E+0
1.471317E+3	-5.530501E+4	-9.500000E-2	-4.716725E+17	-4.928293E+17	-1.334092E-8	0.000000E+0	4.806955E-7	1.806876E-5	0.000000E+0	0.000000E+0	0.000000E+0
1.418877E+3	-5.424766E+4	-3.200000E-2	-9.427510E-19	-9.422141E-19	-7.348892E-7	0.000000E+0	4.818210E-7	1.842137E-5	0.000000E+0	0.000000E+0	0.000000E+0
1.390314E+3	-5.320442E+4	3.200000E-2	-3.093320E+17	4.406614E-18	-4.626170E-7	0.000000E+0	4.908186E-7	1.878261E-5	0.000000E+0	0.000000E+0	0.000000E+0
1.360411E+3	-5.222555E+4	9.500000E-2	-4.715168E+17	-5.436513E+17	-2.205593E-6	0.000000E+0	4.984361E-7	1.913473E-5	0.000000E+0	0.000000E+0	0.000000E+0
1.354031E+3	-5.128798E+4	1.580000E-1	4.697494E+17	-5.230656E+17	1.372300E-7	0.000000E+0	5.143927E-7	1.948417E-5	0.000000E+0	0.000000E+0	0.000000E+0
1.323104E+3	-5.034262E+4	2.220000E-1	-3.021231E-18	2.523250E+17	2.452387E-6	0.000000E+0	5.217020E-7	1.985017E-5	0.000000E+0	0.000000E+0	0.000000E+0
1.310094E+3	-4.949288E+4	2.850000E-1	-3.194978E-18	5.558819E-18	-3.120458E-7	0.000000E+0	5.344571E-7	2.019078E-5	0.000000E+0	0.000000E+0	0.000000E+0
1.306315E+3	-4.866800E+4	3.480000E-1	4.155990E+17	-4.532139E-19	-2.565765E-6	0.000000E+0	5.511225E-7	2.053259E-5	0.000000E+0	0.000000E+0	0.000000E+0
1.302228E+3	-4.791682E+4	4.110000E-1	-4.316265E+17	4.857998E-18	1.309229E-6	0.000000E+0	5.667485E-7	2.085410E-5	0.000000E+0	0.000000E+0	0.000000E+0
1.288962E+3	-4.719655E+4	4.750000E-1	-3.849816E-18	-6.877525E-18	-1.482840E-6	0.000000E+0	5.782236E-7	2.117220E-5	0.000000E+0	0.000000E+0	0.000000E+0
1.276915E+3	-4.657521E+4	5.380000E-1	4.766215E-20	4.558806E+17	-6.722184E-7	0.000000E+0	5.882014E-7	2.145452E-5	0.000000E+0	0.000000E+0	0.000000E+0
1.271526E+3	-4.599970E+4	6.010000E-1	1.388541E-18	6.784146E-18	-1.393735E-6	0.000000E+0	6.004592E-7	2.172267E-5	0.000000E+0	0.000000E+0	0.000000E+0
1.271180E+3	-4.546695E+4	6.650000E-1	3.266052E+17	-3.632521E-18	-6.107512E-7	0.000000E+0	6.144352E-7	2.197682E-5	0.000000E+0	0.000000E+0	0.000000E+0
1.261886E+3	-4.500760E+4	7.280000E-1	-7.975154E-19	6.323277E-18	1.999033E-7	0.000000E+0	6.224538E-7	2.220102E-5	0.000000E+0	0.000000E+0	0.000000E+0
1.254112E+3	-4.462602E+4	7.910000E-1	-4.524462E+17	2.055148E+17	-3.075245E-6	0.000000E+0	6.292412E-7	2.239077E-5	0.000000E+0	0.000000E+0	0.000000E+0
1.251125E+3	-4.429190E+4	8.540000E-1	-6.904543E-18	-8.377323E+16	2.890047E-7	0.000000E+0	6.372439E-7	2.255949E-5	0.000000E+0	0.000000E+0	0.000000E+0
1.242058E+3	-4.397655E+4	9.180000E-1	2.547933E-18	-3.215913E-19	-4.601789E-7	0.000000E+0	6.417314E-7	2.272127E-5	0.000000E+0	0.000000E+0	0.000000E+0
1.235189E+3	-4.374041E+4	9.810000E-1	-1.554791E+17	1.089529E+17	-6.709852E-7	0.000000E+0	6.450918E-7	2.284394E-5	0.000000E+0	0.000000E+0	0.000000E+0
1.230894E+3	-4.351749E+4	1.044000E+0	-5.196819E+17	1.790907E+17	-1.392502E-6	0.000000E+0	6.494499E-7	2.296090E-5	0.000000E+0	0.000000E+0	0.000000E+0
1.233536E+3	-4.332975E+4	1.108000E+0	3.883600E+17	-5.707470E+17	-2.141722E-6	0.000000E+0	6.564893E-7	2.306014E-5	0.000000E+0	0.000000E+0	0.000000E+0
1.209410E+3	-4.314780E+4	1.171000E+0	-2.798456E+17	-3.562291E+17	-3.373949E-6	0.000000E+0	6.491053E-7	2.315796E-5	0.000000E+0	0.000000E+0	0.000000E+0
1.206124E+3	-4.298237E+4	1.234000E+0	7.433461E+16	-3.421240E+17	-9.698851E-9	0.000000E+0	6.523331E-7	2.324705E-5	0.000000E+0	0.000000E+0	0.000000E+0
1.205986E+3	-4.281940E+4	1.297000E+0	4.333500E+17	8.421242E+16	-1.241933E-6	0.000000E+0	6.572290E-7	2.333539E-5	0.000000E+0	0.000000E+0	0.000000E+0
1.194397E+3	-4.265680E+4	1.361000E+0	5.318055E+17	-2.871880E+17	-2.501860E-6	0.000000E+0	6.558912E-7	2.342456E-5	0.000000E+0	0.000000E+0	0.000000E+0
1.197853E+3	-4.249967E+4	1.424000E+0	-5.520479E-19	1.659667E-18	1.373133E-6	0.000000E+0	6.626551E-7	2.351092E-5	0.000000E+0	0.000000E+0	0.000000E+0
1.189944E+3	-4.234966E+4	1.487000E+0	9.197504E+16	2.296609E-18	-8.805582E-7	0.000000E+0	6.629548E-7	2.359431E-5	0.000000E+0	0.000000E+0	0.000000E+0
1.195234E+3	-4.219255E+4	1.551000E+0	1.138051E+17	1.810141E+17	-6.083137E-7	0.000000E+0	6.708617E-7	2.368186E-5	0.000000E+0	0.000000E+0	0.000000E+0
1.203241E+3	-4.202918E+4	1.614000E+0	1.676928E-18	4.035830E-18	-2.351284E-6	0.000000E+0	6.806048E-7	2.377351E-5	0.000000E+0	0.000000E+0	0.000000E+0
1.206660E+3	-4.188101E+4	1.677000E+0	-2.680825E+17	-5.132058E+17	1.012988E-6	0.000000E+0	6.873695E-7	2.385737E-5	0.000000E+0	0.000000E+0	0.000000E+0
1.217965E+3	-4.172202E+4	1.741000E+0	5.241928E+17	-4.155966E-18	-1.268396E-6	0.000000E+0	6.990918E-7	2.394775E-5	0.000000E+0	0.000000E+0	0.000000E+0
1.231074E+3	-4.159459E+4	1.804000E+0	2.579781E+17	4.569569E-19	-1.479202E-6	0.000000E+0	7.109355E-7	2.402055E-5	0.000000E+0	0.000000E+0	0.000000E+0
1.239658E+3	-4.148573E+4	1.867000E+0	2.915631E-18	5.325354E+16	-1.179258E-6	0.000000E+0	7.196425E-7	2.408317E-5	0.000000E+0	0.000000E+0	0.000000E+0
1.256266E+3	-4.139945E+4	1.930000E+0	-1.980656E+17	2.858813E+16	-2.411522E-6	0.000000E+0	7.323062E-7	2.413269E-5	0.000000E+0	0.000000E+0	0.000000E+0
1.270094E+3	-4.134153E+4	1.994000E+0	-2.714796E-18	1.441508E+17	-3.671455E-6	0.000000E+0	7.424258E-7	2.416594E-5	0.000000E+0	0.000000E+0	0.000000E+0
1.286643E+3	-4.133397E+4	2.057000E+0	5.785012E-19	5.234687E+17	1.735723E-6	0.000000E+0	7.523557E-7	2.416976E-5	0.000000E+0	0.000000E+0	0.000000E+0
1.304514E+3	-4.134721E+4	2.120000E+0	3.390598E+17	1.295985E-19	-1.028689E-6	0.000000E+0	7.622970E-7	2.416138E-5	0.000000E+0	0.000000E+0	0.000000E+0
1.320854E+3	-4.141966E+4	2.184000E+0	-5.351627E-18	2.391872E+17	-3.310081E-6	0.000000E+0	7.691310E-7	2.411860E-5	0.000000E+0	0.000000E+0	0.000000E+0
1.336261E+3	-4.154753E+4	2.247000E+0	2.587907E+17	-4.848260E-18	-3.010136E-6	0.000000E+0	7.733069E-7	2.404395E-5	0.000000E+0	0.000000E+0	0.000000E+0
1.347223E+3	-4.172855E+4	2.310000E+0	-3.848534E+17	-9.739225E-19	-3.220935E-6	0.000000E+0	7.728949E-7	2.393945E-5	0.000000E+0	0.000000E+0	0.000000E+0
1.360420E+3	-4.194538E+4	2.373000E+0	6.653843E-18	-4.395667E+17	-8.781062E-7	0.000000E+0	7.724105E-7	2.381548E-5	0.000000E+0	0.000000E+0	0.000000E+0
1.356888E+3	-4.218546E+4	2.437000E+0	-1.137863E-18	-4.188961E+17	-2.138040E-6	0.000000E+0	7.616744E-7	2.368035E-5	0.000000E+0	0.000000E+0	0.000000E+0
1.357498E+3	-4.242585E+4	2.500000E+0	-9.275714E-19	-3.780148E-18	-1.838140E-6	0.000000E+0	7.534140E-7	2.354643E-5	0.000000E+0	0.000000E+0	0.000000E+0
