Real / Ohm	Ximag / Ohm	V_DC / V	I_a c / A	V_ac / V	I_DC / A
5.745119E+0	2.178812E-1	-3.000000E+0	-3.567381E+17	-4.286482E-18	-9.319173E-2	1.000000E+6	1.738108E-1	-6.591701E-3	0.000000E+0	0.000000E+0	0.000000E+0
5.575062E+0	1.680317E-1	-2.924000E+0	-4.691027E+17	6.689522E-18	-9.005186E-2	0.000000E+0	1.792074E-1	-5.401290E-3	0.000000E+0	0.000000E+0	0.000000E+0
5.534879E+0	1.406059E-1	-2.848000E+0	-5.749716E+17	1.371841E+17	-8.862035E-2	0.000000E+0	1.805559E-1	-4.586771E-3	0.000000E+0	0.000000E+0	0.000000E+0
5.430595E+0	2.162776E-1	-2.772000E+0	-6.194310E-18	5.176240E+17	-8.636557E-2	0.000000E+0	1.838503E-1	-7.321978E-3	0.000000E+0	0.000000E+0	0.000000E+0
5.920177E+0	3.436651E-1	-2.696000E+0	2.517955E+17	3.793721E+16	-8.420934E-2	0.000000E+0	1.683466E-1	-9.772485E-3	0.000000E+0	0.000000E+0	0.000000E+0
5.755977E+0	1.562128E-1	-2.620000E+0	4.508571E+17	-2.686618E+17	-8.117059E-2	0.000000E+0	1.736046E-1	-4.711495E-3	0.000000E+0	0.000000E+0	0.000000E+0
5.886496E+0	2.210793E-1	-2.544000E+0	8.250878E-19	2.835790E+17	-7.849650E-2	0.000000E+0	1.696411E-1	-6.371214E-3	0.000000E+0	0.000000E+0	0.000000E+0
5.971725E+0	2.657242E-1	-2.468000E+0	6.288344E-18	-3.929323E-18	-7.619217E-2	0.000000E+0	1.671249E-1	-7.436566E-3	0.000000E+0	0.000000E+0	0.000000E+0
6.311097E+0	5.447531E-2	-2.392000E+0	-2.649665E-18	4.664198E-18	-7.301500E-2	0.000000E+0	1.584393E-1	-1.367595E-3	0.000000E+0	0.000000E+0	0.000000E+0
5.948237E+0	-3.881645E-2	-2.316000E+0	2.907620E+17	-1.496570E-18	-7.115348E-2	0.000000E+0	1.681099E-1	1.097036E-3	0.000000E+0	0.000000E+0	0.000000E+0
5.778975E+0	1.830883E-1	-2.241000E+0	-2.052875E-18	3.493290E-18	-7.010908E-2	0.000000E+0	1.728676E-1	-5.476754E-3	0.000000E+0	0.000000E+0	0.000000E+0
5.510292E+0	1.264243E-1	-2.165000E+0	5.725574E-18	6.181145E-18	-6.692529E-2	0.000000E+0	1.813831E-1	-4.161528E-3	0.000000E+0	0.000000E+0	0.000000E+0
5.701790E+0	5.858660E-2	-2.089000E+0	-6.504745E+16	2.369911E+17	-6.477417E-2	0.000000E+0	1.753650E-1	-1.801897E-3	0.000000E+0	0.000000E+0	0.000000E+0
5.627916E+0	8.322716E-2	-2.013000E+0	8.036571E+16	-5.942611E-18	-6.246270E-2	0.000000E+0	1.776468E-1	-2.627090E-3	0.000000E+0	0.000000E+0	0.000000E+0
5.555598E+0	8.888531E-2	-1.937000E+0	2.127762E-18	3.293656E+15	-6.057664E-2	0.000000E+0	1.799526E-1	-2.879103E-3	0.000000E+0	0.000000E+0	0.000000E+0
5.983663E+0	3.337412E-1	-1.861000E+0	8.607211E+16	1.700546E-17	-5.766608E-2	0.000000E+0	1.666034E-1	-9.292373E-3	0.000000E+0	0.000000E+0	0.000000E+0
5.654646E+0	1.230345E-1	-1.785000E+0	-3.335094E+16	-2.240669E+17	-5.342968E-2	0.000000E+0	1.767620E-1	-3.846011E-3	0.000000E+0	0.000000E+0	0.000000E+0
5.882680E+0	3.236117E-1	-1.709000E+0	2.653475E+17	2.403843E+17	-5.284649E-2	0.000000E+0	1.694777E-1	-9.323125E-3	0.000000E+0	0.000000E+0	0.000000E+0
6.019823E+0	4.194436E-1	-1.633000E+0	-6.256276E-18	1.400744E+17	-5.063359E-2	0.000000E+0	1.653153E-1	-1.151868E-2	0.000000E+0	0.000000E+0	0.000000E+0
6.318482E+0	7.356548E-2	-1.557000E+0	-4.475620E-18	-5.687704E-18	-4.735020E-2	0.000000E+0	1.582444E-1	-1.842424E-3	0.000000E+0	0.000000E+0	0.000000E+0
5.685486E+0	-8.624172E-2	-1.481000E+0	1.311717E+15	5.157902E-18	-4.601778E-2	0.000000E+0	1.758460E-1	2.667364E-3	0.000000E+0	0.000000E+0	0.000000E+0
5.566316E+0	1.089873E-1	-1.405000E+0	3.723455E-18	4.245176E+17	-4.389169E-2	0.000000E+0	1.795832E-1	-3.516201E-3	0.000000E+0	0.000000E+0	0.000000E+0
5.463834E+0	6.041670E-2	-1.329000E+0	-5.203440E-18	3.843920E-18	-4.158839E-2	0.000000E+0	1.829993E-1	-2.023527E-3	0.000000E+0	0.000000E+0	0.000000E+0
5.676349E+0	4.461241E-2	-1.253000E+0	-1.183523E-18	-5.342346E-18	-3.875648E-2	0.000000E+0	1.761587E-1	-1.384493E-3	0.000000E+0	0.000000E+0	0.000000E+0
5.810331E+0	-5.932188E-2	-1.177000E+0	5.232691E+17	-3.553127E+17	-3.669015E-2	0.000000E+0	1.720893E-1	1.756984E-3	0.000000E+0	0.000000E+0	0.000000E+0
5.575190E+0	7.670259E-2	-1.101000E+0	2.088242E+17	-2.195880E+17	-3.424128E-2	0.000000E+0	1.793321E-1	-2.467223E-3	0.000000E+0	0.000000E+0	0.000000E+0
6.313941E+0	6.580243E-1	-1.025000E+0	-7.957818E+16	-3.372665E-18	-3.189252E-2	0.000000E+0	1.566780E-1	-1.632861E-2	0.000000E+0	0.000000E+0	0.000000E+0
5.789087E+0	8.711290E-2	-9.490000E-1	-2.208677E-18	1.807661E-18	-2.783998E-2	0.000000E+0	1.726997E-1	-2.598747E-3	0.000000E+0	0.000000E+0	0.000000E+0
6.074262E+0	4.360957E-1	-8.730000E-1	-4.775830E-18	6.138991E-18	-2.698100E-2	0.000000E+0	1.637848E-1	-1.175877E-2	0.000000E+0	0.000000E+0	0.000000E+0
5.768731E+0	8.733797E-2	-7.970000E-1	3.271013E+17	1.849291E+17	-2.465522E-2	0.000000E+0	1.733086E-1	-2.623874E-3	0.000000E+0	0.000000E+0	0.000000E+0
5.880093E+0	5.164146E-3	-7.220000E-1	4.410889E+17	3.939340E-18	-2.223033E-2	0.000000E+0	1.700652E-1	-1.493584E-4	0.000000E+0	0.000000E+0	0.000000E+0
5.569182E+0	1.609421E-2	-6.460000E-1	-5.506670E-18	3.318154E+17	-2.002202E-2	0.000000E+0	1.795581E-1	-5.188995E-4	0.000000E+0	0.000000E+0	0.000000E+0
5.632574E+0	3.117194E-1	-5.700000E-1	-4.319920E+17	-4.172230E+17	-1.791074E-2	0.000000E+0	1.769966E-1	-9.795394E-3	0.000000E+0	0.000000E+0	0.000000E+0
5.301010E+0	1.014555E-1	-4.940000E-1	6.411590E-18	-1.599031E-19	-1.545116E-2	0.000000E+0	1.885742E-1	-3.609103E-3	0.000000E+0	0.000000E+0	0.000000E+0
5.449225E+0	1.902294E-2	-4.180000E-1	-1.696221E+17	-6.410840E-19	-1.301455E-2	0.000000E+0	1.835101E-1	-6.406235E-4	0.000000E+0	0.000000E+0	0.000000E+0
5.600760E+0	5.413580E-2	-3.420000E-1	-2.726899E+17	1.903750E-18	-1.069643E-2	0.000000E+0	1.785305E-1	-1.725639E-3	0.000000E+0	0.000000E+0	0.000000E+0
5.529599E+0	5.700016E-2	-2.660000E-1	-1.478400E+17	2.700612E+17	-8.260338E-3	0.000000E+0	1.808257E-1	-1.863986E-3	0.000000E+0	0.000000E+0	0.000000E+0
6.149505E+0	6.277523E-1	-1.900000E-1	-2.971689E+17	-4.901914E-18	-5.938131E-3	0.000000E+0	1.609376E-1	-1.642880E-2	0.000000E+0	0.000000E+0	0.000000E+0
5.653221E+0	7.285786E-2	-1.140000E-1	-4.716725E+17	-4.928293E+17	-3.555662E-3	0.000000E+0	1.768609E-1	-2.279357E-3	0.000000E+0	0.000000E+0	0.000000E+0
6.154127E+0	1.058593E-1	-3.800000E-2	-9.427510E-19	-9.422141E-19	-1.193621E-3	0.000000E+0	1.624445E-1	-2.794265E-3	0.000000E+0	0.000000E+0	0.000000E+0
5.796328E+0	2.157469E-1	3.800000E-2	-3.093320E+17	4.406614E-18	1.165355E-3	0.000000E+0	1.722843E-1	-6.412648E-3	0.000000E+0	0.000000E+0	0.000000E+0
6.016523E+0	2.896452E-2	1.140000E-1	-4.715168E+17	-5.436513E+17	3.488069E-3	0.000000E+0	1.662051E-1	-8.001384E-4	0.000000E+0	0.000000E+0	0.000000E+0
5.213351E+0	1.419590E-1	1.900000E-1	4.697494E+17	-5.230656E+17	5.806698E-3	0.000000E+0	1.916731E-1	-5.219238E-3	0.000000E+0	0.000000E+0	0.000000E+0
5.822534E+0	5.936165E-1	2.660000E-1	-3.021231E-18	2.523250E+17	8.345958E-3	0.000000E+0	1.699797E-1	-1.732970E-2	0.000000E+0	0.000000E+0	0.000000E+0
5.130154E+0	2.183974E-1	3.420000E-1	-3.194978E-18	5.558819E-18	1.071055E-2	0.000000E+0	1.945733E-1	-8.283241E-3	0.000000E+0	0.000000E+0	0.000000E+0
5.214844E+0	-8.147717E-3	4.180000E-1	4.155990E+17	-4.532139E-19	1.309302E-2	0.000000E+0	1.917598E-1	2.996072E-4	0.000000E+0	0.000000E+0	0.000000E+0
5.667274E+0	-7.654476E-2	4.940000E-1	-4.316265E+17	4.857998E-18	1.546221E-2	0.000000E+0	1.764195E-1	2.382801E-3	0.000000E+0	0.000000E+0	0.000000E+0
5.368745E+0	3.582978E-2	5.700000E-1	-3.849816E-18	-6.877525E-18	1.777114E-2	0.000000E+0	1.862550E-1	-1.243023E-3	0.000000E+0	0.000000E+0	0.000000E+0
5.628741E+0	2.335987E-1	6.460000E-1	4.766215E-20	4.558806E+17	2.005861E-2	0.000000E+0	1.773542E-1	-7.360385E-3	0.000000E+0	0.000000E+0	0.000000E+0
5.835273E+0	-8.297920E-2	7.220000E-1	1.388541E-18	6.784146E-18	2.125365E-2	0.000000E+0	1.713369E-1	2.436459E-3	0.000000E+0	0.000000E+0	0.000000E+0
6.191367E+0	7.880735E-2	7.970000E-1	3.266052E+17	-3.632521E-18	2.462695E-2	0.000000E+0	1.614891E-1	-2.055527E-3	0.000000E+0	0.000000E+0	0.000000E+0
5.568518E+0	3.725672E-2	8.730000E-1	-7.975154E-19	6.323277E-18	2.689808E-2	0.000000E+0	1.795730E-1	-1.201451E-3	0.000000E+0	0.000000E+0	0.000000E+0
5.624490E+0	3.589010E-2	9.490000E-1	-4.524462E+17	2.055148E+17	2.941692E-2	0.000000E+0	1.777867E-1	-1.134464E-3	0.000000E+0	0.000000E+0	0.000000E+0
5.565872E+0	1.987376E-1	1.025000E+0	-6.904543E-18	-8.377323E+16	3.191429E-2	0.000000E+0	1.794376E-1	-6.407082E-3	0.000000E+0	0.000000E+0	0.000000E+0
5.838546E+0	5.874667E-1	1.101000E+0	2.547933E-18	-3.215913E-19	3.448266E-2	0.000000E+0	1.695589E-1	-1.706079E-2	0.000000E+0	0.000000E+0	0.000000E+0
4.941032E+0	1.359761E-1	1.177000E+0	-1.554791E+17	1.089529E+17	3.719557E-2	0.000000E+0	2.022337E-1	-5.565427E-3	0.000000E+0	0.000000E+0	0.000000E+0
5.433589E+0	-1.563120E-2	1.253000E+0	-5.196819E+17	1.790907E+17	3.878795E-2	0.000000E+0	1.840389E-1	5.294381E-4	0.000000E+0	0.000000E+0	0.000000E+0
5.579480E+0	2.118158E-2	1.329000E+0	3.883600E+17	-5.707470E+17	4.156368E-2	0.000000E+0	1.792256E-1	-6.804005E-4	0.000000E+0	0.000000E+0	0.000000E+0
5.470573E+0	-3.393650E-3	1.405000E+0	-2.798456E+17	-3.562291E+17	4.380722E-2	0.000000E+0	1.827961E-1	1.133969E-4	0.000000E+0	0.000000E+0	0.000000E+0
6.205445E+0	5.929594E-1	1.481000E+0	7.433461E+16	-3.421240E+17	4.629644E-2	0.000000E+0	1.596907E-1	-1.525920E-2	0.000000E+0	0.000000E+0	0.000000E+0
7.177524E+0	-2.502031E-1	1.557000E+0	4.333500E+17	8.421242E+16	4.503132E-2	0.000000E+0	1.391547E-1	4.850829E-3	0.000000E+0	0.000000E+0	0.000000E+0
8.101603E+0	-4.736376E-2	1.633000E+0	5.318055E+17	-2.871880E+17	5.068345E-2	0.000000E+0	1.234281E-1	7.215882E-4	0.000000E+0	0.000000E+0	0.000000E+0
6.341834E+0	3.929763E-1	1.709000E+0	-5.520479E-19	1.659667E-18	5.094640E-2	0.000000E+0	1.570799E-1	-9.733572E-3	0.000000E+0	0.000000E+0	0.000000E+0
6.410401E+0	-6.061983E-2	1.785000E+0	9.197504E+16	2.296609E-18	5.259139E-2	0.000000E+0	1.559825E-1	1.475046E-3	0.000000E+0	0.000000E+0	0.000000E+0
5.999866E+0	3.024421E-1	1.861000E+0	1.138051E+17	1.810141E+17	5.724556E-2	0.000000E+0	1.662480E-1	-8.380251E-3	0.000000E+0	0.000000E+0	0.000000E+0
5.554869E+0	2.050309E-1	1.937000E+0	1.676928E-18	4.035830E-18	6.076133E-2	0.000000E+0	1.797773E-1	-6.635603E-3	0.000000E+0	0.000000E+0	0.000000E+0
5.407408E+0	1.640182E-1	2.013000E+0	-2.680825E+17	-5.132058E+17	5.800438E-2	0.000000E+0	1.847615E-1	-5.604210E-3	0.000000E+0	0.000000E+0	0.000000E+0
5.888224E+0	-8.033514E-2	2.089000E+0	5.241928E+17	-4.155966E-18	6.477396E-2	0.000000E+0	1.697989E-1	2.316627E-3	0.000000E+0	0.000000E+0	0.000000E+0
5.779282E+0	-1.290321E-2	2.165000E+0	2.579781E+17	4.569569E-19	6.731272E-2	0.000000E+0	1.730310E-1	3.863206E-4	0.000000E+0	0.000000E+0	0.000000E+0
5.513148E+0	2.420139E-2	2.241000E+0	2.915631E-18	5.325354E+16	7.012317E-2	0.000000E+0	1.813811E-1	-7.962192E-4	0.000000E+0	0.000000E+0	0.000000E+0
6.054409E+0	2.946186E-1	2.316000E+0	-1.980656E+17	2.858813E+16	7.210423E-2	0.000000E+0	1.647787E-1	-8.018432E-3	0.000000E+0	0.000000E+0	0.000000E+0
6.735753E+0	-1.046796E-1	2.392000E+0	-2.714796E-18	1.441508E+17	7.165983E-2	0.000000E+0	1.484257E-1	2.306667E-3	0.000000E+0	0.000000E+0	0.000000E+0
7.161743E+0	-5.485439E-2	2.468000E+0	5.785012E-19	5.234687E+17	7.615569E-2	0.000000E+0	1.396226E-1	1.069420E-3	0.000000E+0	0.000000E+0	0.000000E+0
6.235312E+0	1.149998E-1	2.544000E+0	3.390598E+17	1.295985E-19	7.712345E-2	0.000000E+0	1.603224E-1	-2.956875E-3	0.000000E+0	0.000000E+0	0.000000E+0
6.832045E+0	-1.405354E-1	2.620000E+0	-5.351627E-18	2.391872E+17	7.968009E-2	0.000000E+0	1.463072E-1	3.009543E-3	0.000000E+0	0.000000E+0	0.000000E+0
6.602319E+0	1.166897E-1	2.696000E+0	2.587907E+17	-4.848260E-18	8.274846E-2	0.000000E+0	1.514146E-1	-2.676109E-3	0.000000E+0	0.000000E+0	0.000000E+0
5.731569E+0	4.508257E-2	2.772000E+0	-3.848534E+17	-9.739225E-19	8.623971E-2	0.000000E+0	1.744615E-1	-1.372255E-3	0.000000E+0	0.000000E+0	0.000000E+0
5.905214E+0	1.135759E-1	2.848000E+0	6.653843E-18	-4.395667E+17	8.743423E-2	0.000000E+0	1.692793E-1	-3.255774E-3	0.000000E+0	0.000000E+0	0.000000E+0
6.343074E+0	-2.402015E-1	2.924000E+0	-1.137863E-18	-4.188961E+17	9.077789E-2	0.000000E+0	1.574265E-1	5.961476E-3	0.000000E+0	0.000000E+0	0.000000E+0
6.096848E+0	-1.053143E-1	3.000000E+0	-9.275714E-19	-3.780148E-18	9.328038E-2	0.000000E+0	1.639703E-1	2.832351E-3	0.000000E+0	0.000000E+0	0.000000E+0
