Real / Ohm	Ximag / Ohm	V_DC / V	I_a c / A	V_ac / V	I_DC / A
7.294571E+0	1.797885E-2	-2.000000E+0	-3.567381E+17	-4.286482E-18	-6.015151E-2	1.000000E+5	1.370874E-1	-3.378779E-4	0.000000E+0	0.000000E+0	0.000000E+0
7.418697E+0	1.006252E-2	-1.949000E+0	-4.691027E+17	6.689522E-18	-5.927140E-2	0.000000E+0	1.347943E-1	-1.828314E-4	0.000000E+0	0.000000E+0	0.000000E+0
7.209996E+0	1.391476E-2	-1.899000E+0	-5.749716E+17	1.371841E+17	-5.787341E-2	0.000000E+0	1.386958E-1	-2.676727E-4	0.000000E+0	0.000000E+0	0.000000E+0
7.159070E+0	1.826543E-2	-1.848000E+0	-6.194310E-18	5.176240E+17	-5.578902E-2	0.000000E+0	1.396820E-1	-3.563804E-4	0.000000E+0	0.000000E+0	0.000000E+0
7.063970E+0	4.464984E-3	-1.797000E+0	2.517955E+17	3.793721E+16	-5.496050E-2	0.000000E+0	1.415634E-1	-8.947919E-5	0.000000E+0	0.000000E+0	0.000000E+0
6.935368E+0	1.722980E-2	-1.747000E+0	4.508571E+17	-2.686618E+17	-5.310846E-2	0.000000E+0	1.441876E-1	-3.582107E-4	0.000000E+0	0.000000E+0	0.000000E+0
6.916749E+0	1.265049E-2	-1.696000E+0	8.250878E-19	2.835790E+17	-5.216402E-2	0.000000E+0	1.445761E-1	-2.644246E-4	0.000000E+0	0.000000E+0	0.000000E+0
6.895331E+0	1.202244E-2	-1.646000E+0	6.288344E-18	-3.929323E-18	-4.999022E-2	0.000000E+0	1.450252E-1	-2.528605E-4	0.000000E+0	0.000000E+0	0.000000E+0
6.865648E+0	7.726133E-3	-1.595000E+0	-2.649665E-18	4.664198E-18	-4.887468E-2	0.000000E+0	1.456525E-1	-1.639074E-4	0.000000E+0	0.000000E+0	0.000000E+0
6.879003E+0	9.179950E-3	-1.544000E+0	2.907620E+17	-1.496570E-18	-4.677037E-2	0.000000E+0	1.453696E-1	-1.939941E-4	0.000000E+0	0.000000E+0	0.000000E+0
6.806348E+0	1.600039E-2	-1.494000E+0	-2.052875E-18	3.493290E-18	-4.566604E-2	0.000000E+0	1.469209E-1	-3.453821E-4	0.000000E+0	0.000000E+0	0.000000E+0
6.877003E+0	1.165479E-2	-1.443000E+0	5.725574E-18	6.181145E-18	-4.372312E-2	0.000000E+0	1.454118E-1	-2.464364E-4	0.000000E+0	0.000000E+0	0.000000E+0
6.760583E+0	6.250441E-3	-1.392000E+0	-6.504745E+16	2.369911E+17	-4.253404E-2	0.000000E+0	1.479161E-1	-1.367546E-4	0.000000E+0	0.000000E+0	0.000000E+0
6.723316E+0	5.961180E-3	-1.342000E+0	8.036571E+16	-5.942611E-18	-4.117689E-2	0.000000E+0	1.487360E-1	-1.318757E-4	0.000000E+0	0.000000E+0	0.000000E+0
6.645449E+0	9.096086E-3	-1.291000E+0	2.127762E-18	3.293656E+15	-3.920946E-2	0.000000E+0	1.504786E-1	-2.059705E-4	0.000000E+0	0.000000E+0	0.000000E+0
6.652823E+0	2.076983E-3	-1.241000E+0	8.607211E+16	1.700546E-17	-3.813985E-2	0.000000E+0	1.503121E-1	-4.692680E-5	0.000000E+0	0.000000E+0	0.000000E+0
6.477415E+0	9.787023E-3	-1.190000E+0	-3.335094E+16	-2.240669E+17	-3.629857E-2	0.000000E+0	1.543822E-1	-2.332632E-4	0.000000E+0	0.000000E+0	0.000000E+0
6.532272E+0	3.945470E-3	-1.139000E+0	2.653475E+17	2.403843E+17	-3.506096E-2	0.000000E+0	1.530860E-1	-9.246344E-5	0.000000E+0	0.000000E+0	0.000000E+0
6.410476E+0	1.012719E-2	-1.089000E+0	-6.256276E-18	1.400744E+17	-3.333457E-2	0.000000E+0	1.559943E-1	-2.464378E-4	0.000000E+0	0.000000E+0	0.000000E+0
6.437668E+0	4.378855E-3	-1.038000E+0	-4.475620E-18	-5.687704E-18	-3.177469E-2	0.000000E+0	1.553357E-1	-1.056582E-4	0.000000E+0	0.000000E+0	0.000000E+0
6.446888E+0	3.470600E-3	-9.870000E-1	1.311717E+15	5.157902E-18	-3.005036E-2	0.000000E+0	1.551136E-1	-8.350341E-5	0.000000E+0	0.000000E+0	0.000000E+0
6.319743E+0	9.648085E-3	-9.370000E-1	3.723455E-18	4.245176E+17	-2.853183E-2	0.000000E+0	1.582339E-1	-2.415690E-4	0.000000E+0	0.000000E+0	0.000000E+0
6.330153E+0	7.973313E-3	-8.860000E-1	-5.203440E-18	3.843920E-18	-2.709964E-2	0.000000E+0	1.579738E-1	-1.989801E-4	0.000000E+0	0.000000E+0	0.000000E+0
6.246582E+0	4.175186E-3	-8.350000E-1	-1.183523E-18	-5.342346E-18	-2.554743E-2	0.000000E+0	1.600875E-1	-1.070017E-4	0.000000E+0	0.000000E+0	0.000000E+0
6.244655E+0	2.117813E-3	-7.850000E-1	5.232691E+17	-3.553127E+17	-2.417394E-2	0.000000E+0	1.601369E-1	-5.430886E-5	0.000000E+0	0.000000E+0	0.000000E+0
6.224259E+0	6.189287E-3	-7.340000E-1	2.088242E+17	-2.195880E+17	-2.243327E-2	0.000000E+0	1.606615E-1	-1.597588E-4	0.000000E+0	0.000000E+0	0.000000E+0
6.356860E+0	-8.311749E-3	-6.840000E-1	-7.957818E+16	-3.372665E-18	-2.101637E-2	0.000000E+0	1.573101E-1	2.056868E-4	0.000000E+0	0.000000E+0	0.000000E+0
6.076980E+0	6.058574E-3	-6.330000E-1	-2.208677E-18	1.807661E-18	-1.949225E-2	0.000000E+0	1.645553E-1	-1.640569E-4	0.000000E+0	0.000000E+0	0.000000E+0
6.106572E+0	1.394331E-3	-5.820000E-1	-4.775830E-18	6.138991E-18	-1.789765E-2	0.000000E+0	1.637580E-1	-3.739133E-5	0.000000E+0	0.000000E+0	0.000000E+0
6.030808E+0	6.030023E-3	-5.320000E-1	3.271013E+17	1.849291E+17	-1.646645E-2	0.000000E+0	1.658151E-1	-1.657935E-4	0.000000E+0	0.000000E+0	0.000000E+0
6.048853E+0	2.429187E-3	-4.810000E-1	4.410889E+17	3.939340E-18	-1.472629E-2	0.000000E+0	1.653206E-1	-6.639186E-5	0.000000E+0	0.000000E+0	0.000000E+0
6.018754E+0	2.888560E-3	-4.300000E-1	-5.506670E-18	3.318154E+17	-1.325630E-2	0.000000E+0	1.661473E-1	-7.973851E-5	0.000000E+0	0.000000E+0	0.000000E+0
5.977457E+0	6.818175E-3	-3.800000E-1	-4.319920E+17	-4.172230E+17	-1.164686E-2	0.000000E+0	1.672950E-1	-1.908247E-4	0.000000E+0	0.000000E+0	0.000000E+0
6.028037E+0	4.122078E-3	-3.290000E-1	6.411590E-18	-1.599031E-19	-1.015236E-2	0.000000E+0	1.658914E-1	-1.134395E-4	0.000000E+0	0.000000E+0	0.000000E+0
5.936942E+0	6.179631E-3	-2.780000E-1	-1.696221E+17	-6.410840E-19	-8.539371E-3	0.000000E+0	1.684367E-1	-1.753220E-4	0.000000E+0	0.000000E+0	0.000000E+0
5.920382E+0	4.872382E-3	-2.280000E-1	-2.726899E+17	1.903750E-18	-7.045352E-3	0.000000E+0	1.689079E-1	-1.390086E-4	0.000000E+0	0.000000E+0	0.000000E+0
5.914093E+0	6.932437E-3	-1.770000E-1	-1.478400E+17	2.700612E+17	-5.436449E-3	0.000000E+0	1.690874E-1	-1.982025E-4	0.000000E+0	0.000000E+0	0.000000E+0
6.126109E+0	-7.478237E-3	-1.270000E-1	-2.971689E+17	-4.901914E-18	-3.918939E-3	0.000000E+0	1.632355E-1	1.992641E-4	0.000000E+0	0.000000E+0	0.000000E+0
5.821727E+0	2.435684E-3	-7.600000E-2	-4.716725E+17	-4.928293E+17	-2.356511E-3	0.000000E+0	1.717703E-1	-7.186496E-5	0.000000E+0	0.000000E+0	0.000000E+0
5.810976E+0	4.712880E-3	-2.500000E-2	-9.427510E-19	-9.422141E-19	-7.828478E-4	0.000000E+0	1.720880E-1	-1.395687E-4	0.000000E+0	0.000000E+0	0.000000E+0
5.856457E+0	4.500806E-3	2.500000E-2	-3.093320E+17	4.406614E-18	7.765426E-4	0.000000E+0	1.707516E-1	-1.312261E-4	0.000000E+0	0.000000E+0	0.000000E+0
5.878691E+0	5.204201E-3	7.600000E-2	-4.715168E+17	-5.436513E+17	2.334373E-3	0.000000E+0	1.701058E-1	-1.505887E-4	0.000000E+0	0.000000E+0	0.000000E+0
5.924131E+0	3.942251E-3	1.270000E-1	4.697494E+17	-5.230656E+17	3.905482E-3	0.000000E+0	1.688011E-1	-1.123297E-4	0.000000E+0	0.000000E+0	0.000000E+0
5.826943E+0	6.250858E-3	1.770000E-1	-3.021231E-18	2.523250E+17	5.425035E-3	0.000000E+0	1.716164E-1	-1.841016E-4	0.000000E+0	0.000000E+0	0.000000E+0
5.871938E+0	3.495097E-3	2.280000E-1	-3.194978E-18	5.558819E-18	7.041599E-3	0.000000E+0	1.703015E-1	-1.013669E-4	0.000000E+0	0.000000E+0	0.000000E+0
5.810628E+0	5.620122E-3	2.780000E-1	4.155990E+17	-4.532139E-19	8.551957E-3	0.000000E+0	1.720983E-1	-1.664559E-4	0.000000E+0	0.000000E+0	0.000000E+0
5.803812E+0	4.960060E-3	3.290000E-1	-4.316265E+17	4.857998E-18	1.014963E-2	0.000000E+0	1.723004E-1	-1.472516E-4	0.000000E+0	0.000000E+0	0.000000E+0
5.820976E+0	6.911337E-3	3.800000E-1	-3.849816E-18	-6.877525E-18	1.170848E-2	0.000000E+0	1.717923E-1	-2.039717E-4	0.000000E+0	0.000000E+0	0.000000E+0
6.040577E+0	-1.414239E-2	4.300000E-1	4.766215E-20	4.558806E+17	1.321067E-2	0.000000E+0	1.655462E-1	3.875820E-4	0.000000E+0	0.000000E+0	0.000000E+0
5.745181E+0	5.160391E-3	4.810000E-1	1.388541E-18	6.784146E-18	1.488188E-2	0.000000E+0	1.740588E-1	-1.563417E-4	0.000000E+0	0.000000E+0	0.000000E+0
5.701848E+0	6.478608E-3	5.320000E-1	3.266052E+17	-3.632521E-18	1.640294E-2	0.000000E+0	1.753815E-1	-1.992736E-4	0.000000E+0	0.000000E+0	0.000000E+0
5.781587E+0	4.401445E-3	5.820000E-1	-7.975154E-19	6.323277E-18	1.802514E-2	0.000000E+0	1.729628E-1	-1.316743E-4	0.000000E+0	0.000000E+0	0.000000E+0
5.798738E+0	2.266645E-3	6.330000E-1	-4.524462E+17	2.055148E+17	1.946500E-2	0.000000E+0	1.724513E-1	-6.740878E-5	0.000000E+0	0.000000E+0	0.000000E+0
5.812719E+0	2.572894E-3	6.840000E-1	-6.904543E-18	-8.377323E+16	2.118881E-2	0.000000E+0	1.720365E-1	-7.614882E-5	0.000000E+0	0.000000E+0	0.000000E+0
5.802645E+0	7.199824E-3	7.340000E-1	2.547933E-18	-3.215913E-19	2.262359E-2	0.000000E+0	1.723349E-1	-2.138303E-4	0.000000E+0	0.000000E+0	0.000000E+0
5.852256E+0	3.342330E-3	7.850000E-1	-1.554791E+17	1.089529E+17	2.426773E-2	0.000000E+0	1.708742E-1	-9.758938E-5	0.000000E+0	0.000000E+0	0.000000E+0
5.974574E+0	2.008975E-3	8.350000E-1	-5.196819E+17	1.790907E+17	2.566982E-2	0.000000E+0	1.673759E-1	-5.628084E-5	0.000000E+0	0.000000E+0	0.000000E+0
5.873807E+0	3.118992E-3	8.860000E-1	3.883600E+17	-5.707470E+17	2.725932E-2	0.000000E+0	1.702473E-1	-9.040132E-5	0.000000E+0	0.000000E+0	0.000000E+0
5.927241E+0	5.034566E-3	9.370000E-1	-2.798456E+17	-3.562291E+17	2.885545E-2	0.000000E+0	1.687124E-1	-1.433034E-4	0.000000E+0	0.000000E+0	0.000000E+0
6.100078E+0	-1.294410E-2	9.870000E-1	7.433461E+16	-3.421240E+17	3.042556E-2	0.000000E+0	1.639316E-1	3.478557E-4	0.000000E+0	0.000000E+0	0.000000E+0
5.852519E+0	4.061162E-3	1.038000E+0	4.333500E+17	8.421242E+16	3.207839E-2	0.000000E+0	1.708665E-1	-1.185672E-4	0.000000E+0	0.000000E+0	0.000000E+0
5.850307E+0	6.578624E-3	1.089000E+0	5.318055E+17	-2.871880E+17	3.365818E-2	0.000000E+0	1.709310E-1	-1.922105E-4	0.000000E+0	0.000000E+0	0.000000E+0
5.939044E+0	2.428055E-3	1.139000E+0	-5.520479E-19	1.659667E-18	3.518794E-2	0.000000E+0	1.683772E-1	-6.883754E-5	0.000000E+0	0.000000E+0	0.000000E+0
5.950906E+0	1.685381E-3	1.190000E+0	9.197504E+16	2.296609E-18	3.660839E-2	0.000000E+0	1.680416E-1	-4.759177E-5	0.000000E+0	0.000000E+0	0.000000E+0
5.963808E+0	1.850307E-3	1.241000E+0	1.138051E+17	1.810141E+17	3.852883E-2	0.000000E+0	1.676781E-1	-5.202313E-5	0.000000E+0	0.000000E+0	0.000000E+0
6.038153E+0	8.775949E-3	1.291000E+0	1.676928E-18	4.035830E-18	3.979763E-2	0.000000E+0	1.656132E-1	-2.407049E-4	0.000000E+0	0.000000E+0	0.000000E+0
6.099955E+0	2.325952E-3	1.342000E+0	-2.680825E+17	-5.132058E+17	4.138712E-2	0.000000E+0	1.639356E-1	-6.250970E-5	0.000000E+0	0.000000E+0	0.000000E+0
6.161802E+0	4.024982E-3	1.392000E+0	5.241928E+17	-4.155966E-18	4.281066E-2	0.000000E+0	1.622901E-1	-1.060104E-4	0.000000E+0	0.000000E+0	0.000000E+0
6.182858E+0	3.498793E-3	1.443000E+0	2.579781E+17	4.569569E-19	4.421680E-2	0.000000E+0	1.617374E-1	-9.152496E-5	0.000000E+0	0.000000E+0	0.000000E+0
6.222544E+0	3.507614E-3	1.494000E+0	2.915631E-18	5.325354E+16	4.605246E-2	0.000000E+0	1.607059E-1	-9.058905E-5	0.000000E+0	0.000000E+0	0.000000E+0
6.416499E+0	-1.107937E-2	1.544000E+0	-1.980656E+17	2.858813E+16	4.752605E-2	0.000000E+0	1.558478E-1	2.691024E-4	0.000000E+0	0.000000E+0	0.000000E+0
6.203286E+0	5.481780E-3	1.595000E+0	-2.714796E-18	1.441508E+17	4.910432E-2	0.000000E+0	1.612048E-1	-1.424550E-4	0.000000E+0	0.000000E+0	0.000000E+0
6.206439E+0	7.073045E-3	1.646000E+0	5.785012E-19	5.234687E+17	5.068768E-2	0.000000E+0	1.611228E-1	-1.836204E-4	0.000000E+0	0.000000E+0	0.000000E+0
6.263566E+0	4.669070E-3	1.696000E+0	3.390598E+17	1.295985E-19	5.232470E-2	0.000000E+0	1.596534E-1	-1.190109E-4	0.000000E+0	0.000000E+0	0.000000E+0
6.344971E+0	-2.676249E-3	1.747000E+0	-5.351627E-18	2.391872E+17	5.354443E-2	0.000000E+0	1.576051E-1	6.647635E-5	0.000000E+0	0.000000E+0	0.000000E+0
6.327444E+0	3.698766E-3	1.797000E+0	2.587907E+17	-4.848260E-18	5.566868E-2	0.000000E+0	1.580416E-1	-9.238471E-5	0.000000E+0	0.000000E+0	0.000000E+0
6.488770E+0	1.150560E-2	1.848000E+0	-3.848534E+17	-9.739225E-19	5.689403E-2	0.000000E+0	1.541119E-1	-2.732645E-4	0.000000E+0	0.000000E+0	0.000000E+0
6.540479E+0	5.713820E-3	1.899000E+0	6.653843E-18	-4.395667E+17	5.832316E-2	0.000000E+0	1.528939E-1	-1.335694E-4	0.000000E+0	0.000000E+0	0.000000E+0
6.745903E+0	-1.589060E-3	1.949000E+0	-1.137863E-18	-4.188961E+17	5.945507E-2	0.000000E+0	1.482381E-1	3.491886E-5	0.000000E+0	0.000000E+0	0.000000E+0
6.644104E+0	4.713058E-3	2.000000E+0	-9.275714E-19	-3.780148E-18	6.102363E-2	0.000000E+0	1.505093E-1	-1.067652E-4	0.000000E+0	0.000000E+0	0.000000E+0
