Real / Ohm	Ximag / Ohm	V_DC / V	I_a c / A	V_ac / V	I_DC / A
9.560937E+2	-3.423151E+4	2.000000E+0	-9.275714E-19	-3.780148E-18	-3.326699E-6	1.000000E+5	8.152854E-7	2.919008E-5	0.000000E+0	0.000000E+0	0.000000E+0
9.876804E+2	-3.408186E+4	1.949000E+0	-1.137863E-18	-4.188961E+17	1.271619E-7	0.000000E+0	8.495820E-7	2.931650E-5	0.000000E+0	0.000000E+0	0.000000E+0
1.010135E+3	-3.390952E+4	1.899000E+0	6.653843E-18	-4.395667E+17	-3.596753E-6	0.000000E+0	8.777097E-7	2.946410E-5	0.000000E+0	0.000000E+0	0.000000E+0
1.030607E+3	-3.375823E+4	1.848000E+0	-3.848534E+17	-9.739225E-19	3.678215E-7	0.000000E+0	9.035021E-7	2.959482E-5	0.000000E+0	0.000000E+0	0.000000E+0
1.050728E+3	-3.365470E+4	1.797000E+0	2.587907E+17	-4.848260E-18	-2.306966E-6	0.000000E+0	9.267781E-7	2.968460E-5	0.000000E+0	0.000000E+0	0.000000E+0
1.054732E+3	-3.358090E+4	1.747000E+0	-5.351627E-18	2.391872E+17	-4.498739E-6	0.000000E+0	9.343923E-7	2.974948E-5	0.000000E+0	0.000000E+0	0.000000E+0
1.058806E+3	-3.352213E+4	1.696000E+0	3.390598E+17	1.295985E-19	-1.044864E-6	0.000000E+0	9.412828E-7	2.980131E-5	0.000000E+0	0.000000E+0	0.000000E+0
1.072669E+3	-3.347371E+4	1.646000E+0	5.785012E-19	5.234687E+17	-1.722656E-7	0.000000E+0	9.563399E-7	2.984354E-5	0.000000E+0	0.000000E+0	0.000000E+0
1.082163E+3	-3.343651E+4	1.595000E+0	-2.714796E-18	1.441508E+17	-1.825632E-6	0.000000E+0	9.669324E-7	2.987613E-5	0.000000E+0	0.000000E+0	0.000000E+0
1.075413E+3	-3.339727E+4	1.544000E+0	-1.980656E+17	2.858813E+16	-1.946821E-6	0.000000E+0	9.631707E-7	2.991155E-5	0.000000E+0	0.000000E+0	0.000000E+0
1.071051E+3	-3.337280E+4	1.494000E+0	2.915631E-18	5.325354E+16	-1.074222E-6	0.000000E+0	9.606778E-7	2.993369E-5	0.000000E+0	0.000000E+0	0.000000E+0
1.080447E+3	-3.333856E+4	1.443000E+0	2.579781E+17	4.569569E-19	-1.706154E-6	0.000000E+0	9.710775E-7	2.996383E-5	0.000000E+0	0.000000E+0	0.000000E+0
1.086135E+3	-3.331605E+4	1.392000E+0	5.241928E+17	-4.155966E-18	-3.359513E-6	0.000000E+0	9.774971E-7	2.998370E-5	0.000000E+0	0.000000E+0	0.000000E+0
1.095552E+3	-3.328555E+4	1.342000E+0	-2.680825E+17	-5.132058E+17	-1.465487E-6	0.000000E+0	9.877597E-7	3.001056E-5	0.000000E+0	0.000000E+0	0.000000E+0
1.090966E+3	-3.327671E+4	1.291000E+0	1.676928E-18	4.035830E-18	-2.097389E-6	0.000000E+0	9.841559E-7	3.001878E-5	0.000000E+0	0.000000E+0	0.000000E+0
1.116067E+3	-3.325784E+4	1.241000E+0	1.138051E+17	1.810141E+17	-1.224791E-6	0.000000E+0	1.007891E-6	3.003428E-5	0.000000E+0	0.000000E+0	0.000000E+0
1.114540E+3	-3.324218E+4	1.190000E+0	9.197504E+16	2.296609E-18	-3.245586E-7	0.000000E+0	1.007462E-6	3.004848E-5	0.000000E+0	0.000000E+0	0.000000E+0
1.115356E+3	-3.322979E+4	1.139000E+0	-5.520479E-19	1.659667E-18	-4.020796E-6	0.000000E+0	1.008949E-6	3.005961E-5	0.000000E+0	0.000000E+0	0.000000E+0
1.133080E+3	-3.320561E+4	1.089000E+0	5.318055E+17	-2.871880E+17	9.375726E-7	0.000000E+0	1.026437E-6	3.008037E-5	0.000000E+0	0.000000E+0	0.000000E+0
1.132901E+3	-3.319684E+4	1.038000E+0	4.333500E+17	8.421242E+16	1.327098E-6	0.000000E+0	1.026817E-6	3.008831E-5	0.000000E+0	0.000000E+0	0.000000E+0
1.130808E+3	-3.318187E+4	9.870000E-1	7.433461E+16	-3.421240E+17	-3.262685E-7	0.000000E+0	1.025848E-6	3.010198E-5	0.000000E+0	0.000000E+0	0.000000E+0
1.117957E+3	-3.317836E+4	9.370000E-1	-2.798456E+17	-3.562291E+17	1.567791E-6	0.000000E+0	1.014431E-6	3.010595E-5	0.000000E+0	0.000000E+0	0.000000E+0
1.122584E+3	-3.315380E+4	8.860000E-1	3.883600E+17	-5.707470E+17	-1.617773E-6	0.000000E+0	1.020128E-6	3.012791E-5	0.000000E+0	0.000000E+0	0.000000E+0
1.144144E+3	-3.314769E+4	8.350000E-1	-5.196819E+17	1.790907E+17	-1.738961E-6	0.000000E+0	1.040057E-6	3.013212E-5	0.000000E+0	0.000000E+0	0.000000E+0
1.143591E+3	-3.315155E+4	7.850000E-1	-1.554791E+17	1.089529E+17	-2.398534E-6	0.000000E+0	1.039313E-6	3.012865E-5	0.000000E+0	0.000000E+0	0.000000E+0
1.153685E+3	-3.313921E+4	7.340000E-1	2.547933E-18	-3.215913E-19	-1.498269E-6	0.000000E+0	1.049245E-6	3.013921E-5	0.000000E+0	0.000000E+0	0.000000E+0
1.176921E+3	-3.314340E+4	6.840000E-1	-6.904543E-18	-8.377323E+16	-2.668581E-6	0.000000E+0	1.070055E-6	3.013392E-5	0.000000E+0	0.000000E+0	0.000000E+0
1.166423E+3	-3.314419E+4	6.330000E-1	-4.524462E+17	2.055148E+17	2.745692E-7	0.000000E+0	1.060483E-6	3.013388E-5	0.000000E+0	0.000000E+0	0.000000E+0
1.163226E+3	-3.314834E+4	5.820000E-1	-7.975154E-19	6.323277E-18	-1.378790E-6	0.000000E+0	1.057319E-6	3.013032E-5	0.000000E+0	0.000000E+0	0.000000E+0
1.180866E+3	-3.316018E+4	5.320000E-1	3.266052E+17	-3.632521E-18	4.525646E-9	0.000000E+0	1.072547E-6	3.011846E-5	0.000000E+0	0.000000E+0	0.000000E+0
1.179831E+3	-3.317751E+4	4.810000E-1	1.388541E-18	6.784146E-18	-1.138125E-6	0.000000E+0	1.070492E-6	3.010283E-5	0.000000E+0	0.000000E+0	0.000000E+0
1.181378E+3	-3.320267E+4	4.300000E-1	4.766215E-20	4.558806E+17	-3.302201E-6	0.000000E+0	1.070270E-6	3.007998E-5	0.000000E+0	0.000000E+0	0.000000E+0
1.173787E+3	-3.323878E+4	3.800000E-1	-3.849816E-18	-6.877525E-18	-1.408172E-6	0.000000E+0	1.061104E-6	3.004787E-5	0.000000E+0	0.000000E+0	0.000000E+0
1.188404E+3	-3.327599E+4	3.290000E-1	-4.316265E+17	4.857998E-18	5.135225E-7	0.000000E+0	1.071886E-6	3.001342E-5	0.000000E+0	0.000000E+0	0.000000E+0
1.192610E+3	-3.332608E+4	2.780000E-1	4.155990E+17	-4.532139E-19	9.030755E-7	0.000000E+0	1.072443E-6	2.996815E-5	0.000000E+0	0.000000E+0	0.000000E+0
1.197406E+3	-3.338006E+4	2.280000E-1	-3.194978E-18	5.558819E-18	-1.288696E-6	0.000000E+0	1.073269E-6	2.991950E-5	0.000000E+0	0.000000E+0	0.000000E+0
1.209876E+3	-3.345286E+4	1.770000E-1	-3.021231E-18	2.523250E+17	-8.991719E-7	0.000000E+0	1.079709E-6	2.985376E-5	0.000000E+0	0.000000E+0	0.000000E+0
1.201845E+3	-3.352783E+4	1.270000E-1	4.697494E+17	-5.230656E+17	-1.048029E-6	0.000000E+0	1.067775E-6	2.978769E-5	0.000000E+0	0.000000E+0	0.000000E+0
1.218208E+3	-3.361934E+4	7.600000E-2	-4.715168E+17	-5.436513E+17	-2.190677E-6	0.000000E+0	1.076399E-6	2.970578E-5	0.000000E+0	0.000000E+0	0.000000E+0
1.217687E+3	-3.373682E+4	2.500000E-2	-3.093320E+17	4.406614E-18	-2.689532E-7	0.000000E+0	1.068469E-6	2.960264E-5	0.000000E+0	0.000000E+0	0.000000E+0
1.232175E+3	-3.386578E+4	-2.500000E-2	-9.427510E-19	-9.422141E-19	2.646532E-6	0.000000E+0	1.072941E-6	2.948929E-5	0.000000E+0	0.000000E+0	0.000000E+0
1.239073E+3	-3.401760E+4	-7.600000E-2	-4.716725E+17	-4.928293E+17	9.931705E-7	0.000000E+0	1.069335E-6	2.935760E-5	0.000000E+0	0.000000E+0	0.000000E+0
1.240693E+3	-3.419657E+4	-1.270000E-1	-2.971689E+17	-4.901914E-18	1.382694E-6	0.000000E+0	1.059566E-6	2.920426E-5	0.000000E+0	0.000000E+0	0.000000E+0
1.237470E+3	-3.439431E+4	-1.770000E-1	-1.478400E+17	2.700612E+17	-2.851963E-6	0.000000E+0	1.044719E-6	2.903699E-5	0.000000E+0	0.000000E+0	0.000000E+0
1.261962E+3	-3.464384E+4	-2.280000E-1	-2.726899E+17	1.903750E-18	1.112647E-6	0.000000E+0	1.050070E-6	2.882691E-5	0.000000E+0	0.000000E+0	0.000000E+0
1.266991E+3	-3.488702E+4	-2.780000E-1	-1.696221E+17	-6.410840E-19	-5.683814E-7	0.000000E+0	1.039617E-6	2.862620E-5	0.000000E+0	0.000000E+0	0.000000E+0
1.267726E+3	-3.517623E+4	-3.290000E-1	6.411590E-18	-1.599031E-19	2.885485E-6	0.000000E+0	1.023206E-6	2.839141E-5	0.000000E+0	0.000000E+0	0.000000E+0
1.279707E+3	-3.549694E+4	-3.800000E-1	-4.319920E+17	-4.172230E+17	2.106663E-7	0.000000E+0	1.014296E-6	2.813488E-5	0.000000E+0	0.000000E+0	0.000000E+0
1.296372E+3	-3.583023E+4	-4.300000E-1	-5.506670E-18	3.318154E+17	5.725524E-7	0.000000E+0	1.008468E-6	2.787291E-5	0.000000E+0	0.000000E+0	0.000000E+0
1.302825E+3	-3.620838E+4	-4.810000E-1	4.410889E+17	3.939340E-18	4.513622E-7	0.000000E+0	9.924440E-7	2.758221E-5	0.000000E+0	0.000000E+0	0.000000E+0
1.330876E+3	-3.659701E+4	-5.320000E-1	3.271013E+17	1.849291E+17	-1.202032E-6	0.000000E+0	9.923673E-7	2.728855E-5	0.000000E+0	0.000000E+0	0.000000E+0
1.359594E+3	-3.700219E+4	-5.820000E-1	-4.775830E-18	6.138991E-18	6.920272E-7	0.000000E+0	9.916729E-7	2.698899E-5	0.000000E+0	0.000000E+0	0.000000E+0
1.379018E+3	-3.742666E+4	-6.330000E-1	-2.208677E-18	1.807661E-18	-3.514961E-6	0.000000E+0	9.831473E-7	2.668270E-5	0.000000E+0	0.000000E+0	0.000000E+0
1.391234E+3	-3.783352E+4	-6.840000E-1	-7.957818E+16	-3.372665E-18	1.471075E-6	0.000000E+0	9.706437E-7	2.639589E-5	0.000000E+0	0.000000E+0	0.000000E+0
1.408334E+3	-3.823971E+4	-7.340000E-1	2.088242E+17	-2.195880E+17	-1.231379E-6	0.000000E+0	9.618067E-7	2.611540E-5	0.000000E+0	0.000000E+0	0.000000E+0
1.453669E+3	-3.863298E+4	-7.850000E-1	5.232691E+17	-3.553127E+17	-1.352601E-6	0.000000E+0	9.726009E-7	2.584802E-5	0.000000E+0	0.000000E+0	0.000000E+0
1.489322E+3	-3.895839E+4	-8.350000E-1	-1.183523E-18	-5.342346E-18	1.052169E-6	0.000000E+0	9.798337E-7	2.563095E-5	0.000000E+0	0.000000E+0	0.000000E+0
1.508450E+3	-3.926580E+4	-8.860000E-1	-5.203440E-18	3.843920E-18	-6.011905E-7	0.000000E+0	9.769257E-7	2.542993E-5	0.000000E+0	0.000000E+0	0.000000E+0
1.555300E+3	-3.949766E+4	-9.370000E-1	3.723455E-18	4.245176E+17	2.990746E-7	0.000000E+0	9.954021E-7	2.527876E-5	0.000000E+0	0.000000E+0	0.000000E+0
1.588400E+3	-3.968253E+4	-9.870000E-1	1.311717E+15	5.157902E-18	-3.935580E-6	0.000000E+0	1.007084E-6	2.515969E-5	0.000000E+0	0.000000E+0	0.000000E+0
1.631811E+3	-3.979474E+4	-1.038000E+0	-4.475620E-18	-5.687704E-18	1.561195E-6	0.000000E+0	1.028700E-6	2.508677E-5	0.000000E+0	0.000000E+0	0.000000E+0
1.692189E+3	-3.984002E+4	-1.089000E+0	-6.256276E-18	1.400744E+17	-2.645822E-6	0.000000E+0	1.064209E-6	2.505519E-5	0.000000E+0	0.000000E+0	0.000000E+0
1.759247E+3	-3.981850E+4	-1.139000E+0	2.653475E+17	2.403843E+17	-2.410525E-7	0.000000E+0	1.107414E-6	2.506503E-5	0.000000E+0	0.000000E+0	0.000000E+0
1.834704E+3	-3.971373E+4	-1.190000E+0	-3.335094E+16	-2.240669E+17	1.169938E-6	0.000000E+0	1.160804E-6	2.512658E-5	0.000000E+0	0.000000E+0	0.000000E+0
1.899998E+3	-3.954903E+4	-1.241000E+0	8.607211E+16	1.700546E-17	1.048742E-6	0.000000E+0	1.211938E-6	2.522685E-5	0.000000E+0	0.000000E+0	0.000000E+0
1.979115E+3	-3.933181E+4	-1.291000E+0	2.127762E-18	3.293656E+15	8.998541E-7	0.000000E+0	1.276101E-6	2.536050E-5	0.000000E+0	0.000000E+0	0.000000E+0
2.052423E+3	-3.905644E+4	-1.342000E+0	8.036571E+16	-5.942611E-18	-1.774933E-6	0.000000E+0	1.341788E-6	2.553346E-5	0.000000E+0	0.000000E+0	0.000000E+0
2.140161E+3	-3.877090E+4	-1.392000E+0	-6.504745E+16	2.369911E+17	6.298069E-7	0.000000E+0	1.419428E-6	2.571419E-5	0.000000E+0	0.000000E+0	0.000000E+0
2.230609E+3	-3.847116E+4	-1.443000E+0	5.725574E-18	6.181145E-18	-2.124580E-9	0.000000E+0	1.502088E-6	2.590640E-5	0.000000E+0	0.000000E+0	0.000000E+0
2.321467E+3	-3.816902E+4	-1.494000E+0	-2.052875E-18	3.493290E-18	2.430344E-6	0.000000E+0	1.587585E-6	2.610270E-5	0.000000E+0	0.000000E+0	0.000000E+0
2.404417E+3	-3.789587E+4	-1.544000E+0	2.907620E+17	-1.496570E-18	-1.804314E-6	0.000000E+0	1.667559E-6	2.628230E-5	0.000000E+0	0.000000E+0	0.000000E+0
2.491134E+3	-3.766344E+4	-1.595000E+0	-2.649665E-18	4.664198E-18	-3.933310E-7	0.000000E+0	1.748483E-6	2.643530E-5	0.000000E+0	0.000000E+0	0.000000E+0
2.584269E+3	-3.747750E+4	-1.646000E+0	6.288344E-18	-3.929323E-18	1.528359E-6	0.000000E+0	1.831203E-6	2.655641E-5	0.000000E+0	0.000000E+0	0.000000E+0
2.666799E+3	-3.736748E+4	-1.696000E+0	8.250878E-19	2.835790E+17	-6.633854E-7	0.000000E+0	1.900187E-6	2.662563E-5	0.000000E+0	0.000000E+0	0.000000E+0
2.736312E+3	-3.731641E+4	-1.747000E+0	4.508571E+17	-2.686618E+17	7.476046E-7	0.000000E+0	1.954506E-6	2.665454E-5	0.000000E+0	0.000000E+0	0.000000E+0
2.782935E+3	-3.731957E+4	-1.797000E+0	2.517955E+17	3.793721E+16	8.800271E-8	0.000000E+0	1.987108E-6	2.664741E-5	0.000000E+0	0.000000E+0	0.000000E+0
2.833487E+3	-3.736609E+4	-1.848000E+0	-6.194310E-18	5.176240E+17	-1.054643E-6	0.000000E+0	2.017789E-6	2.660922E-5	0.000000E+0	0.000000E+0	0.000000E+0
2.873647E+3	-3.744067E+4	-1.899000E+0	-5.749716E+17	1.371841E+17	8.670468E-7	0.000000E+0	2.037958E-6	2.655251E-5	0.000000E+0	0.000000E+0	0.000000E+0
2.903748E+3	-3.753852E+4	-1.949000E+0	-4.691027E+17	6.689522E-18	-1.324697E-6	0.000000E+0	2.048395E-6	2.648085E-5	0.000000E+0	0.000000E+0	0.000000E+0
2.937423E+3	-3.764038E+4	-2.000000E+0	-3.567381E+17	-4.286482E-18	8.627831E-8	0.000000E+0	2.060732E-6	2.640640E-5	0.000000E+0	0.000000E+0	0.000000E+0
