Real / Ohm	Ximag / Ohm	V_DC / V	I_a c / A	V_ac / V	I_DC / A
1.736683E+0	3.444138E-4	2.000000E+0	-9.275714E-19	-3.780148E-18	4.013398E-2	1.000000E+3	5.758103E-1	-1.141930E-4	0.000000E+0	0.000000E+0	0.000000E+0
1.753061E+0	3.321875E-2	1.949000E+0	-1.137863E-18	-4.188961E+17	4.549340E-2	0.000000E+0	5.702261E-1	-1.080521E-2	0.000000E+0	0.000000E+0	0.000000E+0
1.980373E+0	2.423185E-2	1.899000E+0	6.653843E-18	-4.395667E+17	4.385944E-2	0.000000E+0	5.048798E-1	-6.177711E-3	0.000000E+0	0.000000E+0	0.000000E+0
4.293602E+0	1.595843E-1	1.848000E+0	-3.848534E+17	-9.739225E-19	4.263869E-2	0.000000E+0	2.325834E-1	-8.644643E-3	0.000000E+0	0.000000E+0	0.000000E+0
4.126092E+0	3.165628E-1	1.797000E+0	2.587907E+17	-4.848260E-18	4.092356E-2	0.000000E+0	2.409418E-1	-1.848558E-2	0.000000E+0	0.000000E+0	0.000000E+0
3.773683E+0	1.626702E-1	1.747000E+0	-5.351627E-18	2.391872E+17	3.924619E-2	0.000000E+0	2.645016E-1	-1.140173E-2	0.000000E+0	0.000000E+0	0.000000E+0
3.932415E+0	-2.848374E-1	1.696000E+0	3.390598E+17	1.295985E-19	3.763576E-2	0.000000E+0	2.529694E-1	1.832339E-2	0.000000E+0	0.000000E+0	0.000000E+0
6.398055E+0	8.462332E-2	1.646000E+0	5.785012E-19	5.234687E+17	3.624388E-2	0.000000E+0	1.562702E-1	-2.066894E-3	0.000000E+0	0.000000E+0	0.000000E+0
9.407364E+0	7.664886E-1	1.595000E+0	-2.714796E-18	1.441508E+17	3.467941E-2	0.000000E+0	1.055987E-1	-8.603917E-3	0.000000E+0	0.000000E+0	0.000000E+0
1.878307E+1	3.006621E-1	1.544000E+0	-1.980656E+17	2.858813E+16	3.450871E-2	0.000000E+0	5.322580E-2	-8.519896E-4	0.000000E+0	0.000000E+0	0.000000E+0
2.083878E+1	7.310933E-1	1.494000E+0	2.915631E-18	5.325354E+16	3.288599E-2	0.000000E+0	4.792846E-2	-1.681489E-3	0.000000E+0	0.000000E+0	0.000000E+0
2.088230E+1	8.304607E-1	1.443000E+0	2.579781E+17	4.569569E-19	3.108966E-2	0.000000E+0	4.781183E-2	-1.901411E-3	0.000000E+0	0.000000E+0	0.000000E+0
2.013260E+1	3.793571E-1	1.392000E+0	5.241928E+17	-4.155966E-18	3.021620E-2	0.000000E+0	4.965305E-2	-9.356088E-4	0.000000E+0	0.000000E+0	0.000000E+0
2.077766E+1	7.887353E-1	1.342000E+0	-2.680825E+17	-5.132058E+17	2.919664E-2	0.000000E+0	4.805936E-2	-1.824369E-3	0.000000E+0	0.000000E+0	0.000000E+0
2.366132E+1	-2.905596E-1	1.291000E+0	1.676928E-18	4.035830E-18	2.837988E-2	0.000000E+0	4.225670E-2	5.189097E-4	0.000000E+0	0.000000E+0	0.000000E+0
2.154665E+1	2.172113E-1	1.241000E+0	1.138051E+17	1.810141E+17	2.670046E-2	0.000000E+0	4.640621E-2	-4.678200E-4	0.000000E+0	0.000000E+0	0.000000E+0
2.145410E+1	3.139842E-1	1.190000E+0	9.197504E+16	2.296609E-18	2.642608E-2	0.000000E+0	4.660116E-2	-6.820154E-4	0.000000E+0	0.000000E+0	0.000000E+0
2.093849E+1	1.438883E-1	1.139000E+0	-5.520479E-19	1.659667E-18	2.444282E-2	0.000000E+0	4.775668E-2	-3.281816E-4	0.000000E+0	0.000000E+0	0.000000E+0
2.097062E+1	1.577158E-1	1.089000E+0	5.318055E+17	-2.871880E+17	2.381652E-2	0.000000E+0	4.768307E-2	-3.586147E-4	0.000000E+0	0.000000E+0	0.000000E+0
2.092284E+1	5.012443E-2	1.038000E+0	4.333500E+17	8.421242E+16	2.200640E-2	0.000000E+0	4.779438E-2	-1.145001E-4	0.000000E+0	0.000000E+0	0.000000E+0
1.983030E+1	2.461987E-1	9.870000E-1	7.433461E+16	-3.421240E+17	2.090821E-2	0.000000E+0	5.042011E-2	-6.259797E-4	0.000000E+0	0.000000E+0	0.000000E+0
1.991232E+1	4.134977E-2	9.370000E-1	-2.798456E+17	-3.562291E+17	1.945557E-2	0.000000E+0	5.021995E-2	-1.042864E-4	0.000000E+0	0.000000E+0	0.000000E+0
2.055096E+1	1.899650E-2	8.860000E-1	3.883600E+17	-5.707470E+17	1.856679E-2	0.000000E+0	4.865949E-2	-4.497892E-5	0.000000E+0	0.000000E+0	0.000000E+0
2.047720E+1	1.630254E-2	8.350000E-1	-5.196819E+17	1.790907E+17	1.792008E-2	0.000000E+0	4.883477E-2	-3.887889E-5	0.000000E+0	0.000000E+0	0.000000E+0
2.043816E+1	4.647867E-2	7.850000E-1	-1.554791E+17	1.089529E+17	1.635865E-2	0.000000E+0	4.892783E-2	-1.112674E-4	0.000000E+0	0.000000E+0	0.000000E+0
2.036934E+1	-1.306031E-2	7.340000E-1	2.547933E-18	-3.215913E-19	1.526150E-2	0.000000E+0	4.909337E-2	3.147744E-5	0.000000E+0	0.000000E+0	0.000000E+0
2.018079E+1	8.292860E-2	6.840000E-1	-6.904543E-18	-8.377323E+16	1.400139E-2	0.000000E+0	4.955124E-2	-2.036201E-4	0.000000E+0	0.000000E+0	0.000000E+0
1.952976E+1	-4.981834E-2	6.330000E-1	-4.524462E+17	2.055148E+17	1.374999E-2	0.000000E+0	5.120357E-2	1.306149E-4	0.000000E+0	0.000000E+0	0.000000E+0
2.004054E+1	-5.646870E-3	5.820000E-1	-7.975154E-19	6.323277E-18	1.185764E-2	0.000000E+0	4.989885E-2	1.406012E-5	0.000000E+0	0.000000E+0	0.000000E+0
2.063620E+1	2.301242E-4	5.320000E-1	3.266052E+17	-3.632521E-18	1.091418E-2	0.000000E+0	4.845853E-2	-5.403844E-7	0.000000E+0	0.000000E+0	0.000000E+0
2.083679E+1	-2.183530E-2	4.810000E-1	1.388541E-18	6.784146E-18	9.603031E-3	0.000000E+0	4.799198E-2	5.029179E-5	0.000000E+0	0.000000E+0	0.000000E+0
2.115679E+1	-2.121499E-2	4.300000E-1	4.766215E-20	4.558806E+17	8.711185E-3	0.000000E+0	4.726610E-2	4.739613E-5	0.000000E+0	0.000000E+0	0.000000E+0
2.157773E+1	-1.258525E-2	3.800000E-1	-3.849816E-18	-6.877525E-18	7.544543E-3	0.000000E+0	4.634406E-2	2.703026E-5	0.000000E+0	0.000000E+0	0.000000E+0
2.164370E+1	8.512016E-3	3.290000E-1	-4.316265E+17	4.857998E-18	6.854944E-3	0.000000E+0	4.620281E-2	-1.817060E-5	0.000000E+0	0.000000E+0	0.000000E+0
2.168704E+1	5.049699E-2	2.780000E-1	4.155990E+17	-4.532139E-19	5.823160E-3	0.000000E+0	4.611024E-2	-1.073650E-4	0.000000E+0	0.000000E+0	0.000000E+0
2.298787E+1	2.606325E-3	2.280000E-1	-3.194978E-18	5.558819E-18	4.569182E-3	0.000000E+0	4.350120E-2	-4.932091E-6	0.000000E+0	0.000000E+0	0.000000E+0
2.360248E+1	-5.134372E-2	1.770000E-1	-3.021231E-18	2.523250E+17	3.428103E-3	0.000000E+0	4.236823E-2	9.216584E-5	0.000000E+0	0.000000E+0	0.000000E+0
2.477786E+1	2.817068E-3	1.270000E-1	4.697494E+17	-5.230656E+17	2.412124E-3	0.000000E+0	4.035861E-2	-4.588489E-6	0.000000E+0	0.000000E+0	0.000000E+0
2.593679E+1	-5.320668E-3	7.600000E-2	-4.715168E+17	-5.436513E+17	1.460524E-3	0.000000E+0	3.855527E-2	7.909221E-6	0.000000E+0	0.000000E+0	0.000000E+0
2.450580E+1	1.013681E-2	2.500000E-2	-3.093320E+17	4.406614E-18	4.716403E-4	0.000000E+0	4.080666E-2	-1.687965E-5	0.000000E+0	0.000000E+0	0.000000E+0
2.799747E+1	1.907654E-3	-2.500000E-2	-9.427510E-19	-9.422141E-19	-4.983742E-4	0.000000E+0	3.571751E-2	-2.433672E-6	0.000000E+0	0.000000E+0	0.000000E+0
2.925672E+1	3.511664E-3	-7.600000E-2	-4.716725E+17	-4.928293E+17	-1.466829E-3	0.000000E+0	3.418018E-2	-4.102624E-6	0.000000E+0	0.000000E+0	0.000000E+0
3.168383E+1	2.218200E-2	-1.270000E-1	-2.971689E+17	-4.901914E-18	-2.418430E-3	0.000000E+0	3.156183E-2	-2.209658E-5	0.000000E+0	0.000000E+0	0.000000E+0
3.343643E+1	2.919118E-2	-1.770000E-1	-1.478400E+17	2.700612E+17	-3.169854E-3	0.000000E+0	2.990748E-2	-2.611028E-5	0.000000E+0	0.000000E+0	0.000000E+0
3.604920E+1	-6.918579E-2	-2.280000E-1	-2.726899E+17	1.903750E-18	-4.069872E-3	0.000000E+0	2.773976E-2	5.323828E-5	0.000000E+0	0.000000E+0	0.000000E+0
2.828531E+1	-2.944031E-2	-2.780000E-1	-1.696221E+17	-6.410840E-19	-4.629265E-3	0.000000E+0	3.535400E-2	3.679764E-5	0.000000E+0	0.000000E+0	0.000000E+0
3.063357E+1	1.581877E-1	-3.290000E-1	6.411590E-18	-1.599031E-19	-5.659006E-3	0.000000E+0	3.264306E-2	-1.685644E-4	0.000000E+0	0.000000E+0	0.000000E+0
4.163132E+1	5.005396E-2	-3.800000E-1	-4.319920E+17	-4.172230E+17	-6.148401E-3	0.000000E+0	2.402034E-2	-2.888002E-5	0.000000E+0	0.000000E+0	0.000000E+0
4.097523E+1	2.512787E-2	-4.300000E-1	-5.506670E-18	3.318154E+17	-7.370203E-3	0.000000E+0	2.440498E-2	-1.496624E-5	0.000000E+0	0.000000E+0	0.000000E+0
4.504790E+1	-5.254565E-2	-4.810000E-1	4.410889E+17	3.939340E-18	-7.582786E-3	0.000000E+0	2.219856E-2	2.589328E-5	0.000000E+0	0.000000E+0	0.000000E+0
4.631181E+1	1.562954E-1	-5.320000E-1	3.271013E+17	1.849291E+17	-8.487402E-3	0.000000E+0	2.159252E-2	-7.287151E-5	0.000000E+0	0.000000E+0	0.000000E+0
4.323521E+1	3.542358E-2	-5.820000E-1	-4.775830E-18	6.138991E-18	-9.007467E-3	0.000000E+0	2.312928E-2	-1.895034E-5	0.000000E+0	0.000000E+0	0.000000E+0
3.435424E+1	7.897231E-2	-6.330000E-1	-2.208677E-18	1.807661E-18	-1.182627E-2	0.000000E+0	2.910833E-2	-6.691321E-5	0.000000E+0	0.000000E+0	0.000000E+0
4.580696E+1	1.717709E-1	-6.840000E-1	-7.957818E+16	-3.372665E-18	-1.102405E-2	0.000000E+0	2.183044E-2	-8.186166E-5	0.000000E+0	0.000000E+0	0.000000E+0
4.720785E+1	-7.171571E-2	-7.340000E-1	2.088242E+17	-2.195880E+17	-1.095780E-2	0.000000E+0	2.118287E-2	3.217991E-5	0.000000E+0	0.000000E+0	0.000000E+0
4.791774E+1	-2.012071E-1	-7.850000E-1	5.232691E+17	-3.553127E+17	-1.223984E-2	0.000000E+0	2.086873E-2	8.762802E-5	0.000000E+0	0.000000E+0	0.000000E+0
4.907758E+1	6.602772E-1	-8.350000E-1	-1.183523E-18	-5.342346E-18	-1.220731E-2	0.000000E+0	2.037222E-2	-2.740826E-4	0.000000E+0	0.000000E+0	0.000000E+0
4.981816E+1	-5.834326E-4	-8.860000E-1	-5.203440E-18	3.843920E-18	-1.359455E-2	0.000000E+0	2.007300E-2	2.350798E-7	0.000000E+0	0.000000E+0	0.000000E+0
4.181462E+1	-2.408570E-1	-9.370000E-1	3.723455E-18	4.245176E+17	-1.533369E-2	0.000000E+0	2.391429E-2	1.377490E-4	0.000000E+0	0.000000E+0	0.000000E+0
4.922102E+1	-1.093434E-1	-9.870000E-1	1.311717E+15	5.157902E-18	-1.907234E-2	0.000000E+0	2.031642E-2	4.513248E-5	0.000000E+0	0.000000E+0	0.000000E+0
4.620183E+1	-3.751044E-1	-1.038000E+0	-4.475620E-18	-5.687704E-18	-1.465725E-2	0.000000E+0	2.164274E-2	1.757135E-4	0.000000E+0	0.000000E+0	0.000000E+0
4.640853E+1	-1.245366E-1	-1.089000E+0	-6.256276E-18	1.400744E+17	-1.587750E-2	0.000000E+0	2.154761E-2	5.782268E-5	0.000000E+0	0.000000E+0	0.000000E+0
4.495291E+1	6.303173E-2	-1.139000E+0	2.653475E+17	2.403843E+17	-1.654107E-2	0.000000E+0	2.224546E-2	-3.119197E-5	0.000000E+0	0.000000E+0	0.000000E+0
4.528874E+1	-4.649541E-1	-1.190000E+0	-3.335094E+16	-2.240669E+17	-1.742475E-2	0.000000E+0	2.207822E-2	2.266647E-4	0.000000E+0	0.000000E+0	0.000000E+0
3.924447E+1	5.519314E-1	-1.241000E+0	8.607211E+16	1.700546E-17	-1.726604E-2	0.000000E+0	2.547626E-2	-3.582963E-4	0.000000E+0	0.000000E+0	0.000000E+0
3.641364E+1	-5.638589E-1	-1.291000E+0	2.127762E-18	3.293656E+15	-2.021153E-2	0.000000E+0	2.745565E-2	4.251460E-4	0.000000E+0	0.000000E+0	0.000000E+0
3.863515E+1	-2.389405E-1	-1.342000E+0	8.036571E+16	-5.942611E-18	-2.040419E-2	0.000000E+0	2.588218E-2	1.600693E-4	0.000000E+0	0.000000E+0	0.000000E+0
3.711401E+1	3.526984E-1	-1.392000E+0	-6.504745E+16	2.369911E+17	-2.132518E-2	0.000000E+0	2.694157E-2	-2.560286E-4	0.000000E+0	0.000000E+0	0.000000E+0
3.416293E+1	-4.281350E-1	-1.443000E+0	5.725574E-18	6.181145E-18	-2.229108E-2	0.000000E+0	2.926690E-2	3.667772E-4	0.000000E+0	0.000000E+0	0.000000E+0
3.305602E+1	3.927536E-1	-1.494000E+0	-2.052875E-18	3.493290E-18	-2.310121E-2	0.000000E+0	3.024741E-2	-3.593832E-4	0.000000E+0	0.000000E+0	0.000000E+0
2.828400E+1	9.198846E-1	-1.544000E+0	2.907620E+17	-1.496570E-18	-2.370963E-2	0.000000E+0	3.531832E-2	-1.148663E-3	0.000000E+0	0.000000E+0	0.000000E+0
2.522543E+1	5.802618E-1	-1.595000E+0	-2.649665E-18	4.664198E-18	-2.418166E-2	0.000000E+0	3.962157E-2	-9.114169E-4	0.000000E+0	0.000000E+0	0.000000E+0
2.471904E+1	3.637221E-1	-1.646000E+0	6.288344E-18	-3.929323E-18	-2.711028E-2	0.000000E+0	4.044589E-2	-5.951309E-4	0.000000E+0	0.000000E+0	0.000000E+0
2.357317E+1	-8.171262E-2	-1.696000E+0	8.250878E-19	2.835790E+17	-2.596027E-2	0.000000E+0	4.242060E-2	1.470442E-4	0.000000E+0	0.000000E+0	0.000000E+0
1.883165E+1	-4.422944E-1	-1.747000E+0	4.508571E+17	-2.686618E+17	-2.928010E-2	0.000000E+0	5.307281E-2	1.246508E-3	0.000000E+0	0.000000E+0	0.000000E+0
1.751123E+1	-1.615834E-1	-1.797000E+0	2.517955E+17	3.793721E+16	-2.846667E-2	0.000000E+0	5.710135E-2	5.268979E-4	0.000000E+0	0.000000E+0	0.000000E+0
1.421444E+1	9.752800E-2	-1.848000E+0	-6.194310E-18	5.176240E+17	-3.132532E-2	0.000000E+0	7.034768E-2	-4.826690E-4	0.000000E+0	0.000000E+0	0.000000E+0
1.210387E+1	4.637207E-1	-1.899000E+0	-5.749716E+17	1.371841E+17	-3.506343E-2	0.000000E+0	8.249712E-2	-3.160611E-3	0.000000E+0	0.000000E+0	0.000000E+0
1.106505E+1	2.658505E-1	-1.949000E+0	-4.691027E+17	6.689522E-18	-3.609320E-2	0.000000E+0	9.032251E-2	-2.170102E-3	0.000000E+0	0.000000E+0	0.000000E+0
9.434858E+0	1.565732E-1	-2.000000E+0	-3.567381E+17	-4.286482E-18	-3.364746E-2	0.000000E+0	1.059608E-1	-1.758438E-3	0.000000E+0	0.000000E+0	0.000000E+0
