Real / Ohm	Ximag / Ohm	V_DC / V	I_a c / A	V_ac / V	I_DC / A
1.172985E+1	-3.307785E-1	3.000000E+0	-9.275714E-19	-3.780148E-18	7.775129E-2	1.000000E+5	8.518484E-2	2.402189E-3	0.000000E+0	0.000000E+0	0.000000E+0
1.164470E+1	-2.335180E-1	2.924000E+0	-1.137863E-18	-4.188961E+17	8.404297E-2	0.000000E+0	8.584146E-2	1.721429E-3	0.000000E+0	0.000000E+0	0.000000E+0
9.600464E+0	-2.159804E-2	2.848000E+0	6.653843E-18	-4.395667E+17	8.306396E-2	0.000000E+0	1.041611E-1	2.343299E-4	0.000000E+0	0.000000E+0	0.000000E+0
1.041680E+1	-1.317670E-1	2.772000E+0	-3.848534E+17	-9.739225E-19	7.806964E-2	0.000000E+0	9.598341E-2	1.214139E-3	0.000000E+0	0.000000E+0	0.000000E+0
8.978104E+0	-1.565713E-2	2.696000E+0	2.587907E+17	-4.848260E-18	7.713456E-2	0.000000E+0	1.113818E-1	1.942413E-4	0.000000E+0	0.000000E+0	0.000000E+0
1.167221E+1	-2.397107E-1	2.620000E+0	-5.351627E-18	2.391872E+17	6.917907E-2	0.000000E+0	8.563746E-2	1.758726E-3	0.000000E+0	0.000000E+0	0.000000E+0
1.001754E+1	-2.068557E-1	2.544000E+0	3.390598E+17	1.295985E-19	7.397433E-2	0.000000E+0	9.978236E-2	2.060441E-3	0.000000E+0	0.000000E+0	0.000000E+0
8.934631E+0	6.907994E-2	2.468000E+0	5.785012E-19	5.234687E+17	6.874253E-2	0.000000E+0	1.119173E-1	-8.653120E-4	0.000000E+0	0.000000E+0	0.000000E+0
9.530136E+0	7.733846E-2	2.392000E+0	-2.714796E-18	1.441508E+17	6.452706E-2	0.000000E+0	1.049234E-1	-8.514688E-4	0.000000E+0	0.000000E+0	0.000000E+0
9.955187E+0	-2.509003E-1	2.316000E+0	-1.980656E+17	2.858813E+16	5.428558E-2	0.000000E+0	1.003864E-1	2.530035E-3	0.000000E+0	0.000000E+0	0.000000E+0
1.185440E+1	-4.811969E-1	2.241000E+0	2.915631E-18	5.325354E+16	6.342247E-2	0.000000E+0	8.421809E-2	3.418603E-3	0.000000E+0	0.000000E+0	0.000000E+0
1.173891E+1	-4.497981E-1	2.165000E+0	2.579781E+17	4.569569E-19	5.884951E-2	0.000000E+0	8.506190E-2	3.259304E-3	0.000000E+0	0.000000E+0	0.000000E+0
1.274368E+1	-2.500439E-2	2.089000E+0	5.241928E+17	-4.155966E-18	6.093434E-2	0.000000E+0	7.846997E-2	1.539660E-4	0.000000E+0	0.000000E+0	0.000000E+0
8.167322E+0	9.528756E-3	2.013000E+0	-2.680825E+17	-5.132058E+17	5.802992E-2	0.000000E+0	1.224390E-1	-1.428487E-4	0.000000E+0	0.000000E+0	0.000000E+0
7.793372E+0	-1.237270E-1	1.937000E+0	1.676928E-18	4.035830E-18	5.730117E-2	0.000000E+0	1.282818E-1	2.036593E-3	0.000000E+0	0.000000E+0	0.000000E+0
1.011175E+1	9.149283E-2	1.861000E+0	1.138051E+17	1.810141E+17	4.657653E-2	0.000000E+0	9.888675E-2	-8.947441E-4	0.000000E+0	0.000000E+0	0.000000E+0
1.112585E+1	2.771115E-2	1.785000E+0	9.197504E+16	2.296609E-18	5.272929E-2	0.000000E+0	8.988022E-2	-2.238646E-4	0.000000E+0	0.000000E+0	0.000000E+0
7.785150E+0	3.986031E-2	1.709000E+0	-5.520479E-19	1.659667E-18	4.753528E-2	0.000000E+0	1.284463E-1	-6.576507E-4	0.000000E+0	0.000000E+0	0.000000E+0
7.150846E+0	6.194222E-2	1.633000E+0	5.318055E+17	-2.871880E+17	4.675904E-2	0.000000E+0	1.398331E-1	-1.211265E-3	0.000000E+0	0.000000E+0	0.000000E+0
1.333188E+1	-2.914917E-2	1.557000E+0	4.333500E+17	8.421242E+16	3.676422E-2	0.000000E+0	7.500782E-2	1.639990E-4	0.000000E+0	0.000000E+0	0.000000E+0
1.303387E+1	1.604927E-2	1.481000E+0	7.433461E+16	-3.421240E+17	4.098746E-2	0.000000E+0	7.672307E-2	-9.447303E-5	0.000000E+0	0.000000E+0	0.000000E+0
1.298866E+1	5.118728E-2	1.405000E+0	-2.798456E+17	-3.562291E+17	3.672399E-2	0.000000E+0	7.698904E-2	-3.034077E-4	0.000000E+0	0.000000E+0	0.000000E+0
1.082969E+1	4.337811E-2	1.329000E+0	3.883600E+17	-5.707470E+17	3.444316E-2	0.000000E+0	9.233727E-2	-3.698551E-4	0.000000E+0	0.000000E+0	0.000000E+0
1.341799E+1	-8.361101E-3	1.253000E+0	-5.196819E+17	1.790907E+17	3.329153E-2	0.000000E+0	7.452678E-2	4.643959E-5	0.000000E+0	0.000000E+0	0.000000E+0
1.003793E+1	6.851715E-2	1.177000E+0	-1.554791E+17	1.089529E+17	3.007199E-2	0.000000E+0	9.961749E-2	-6.799715E-4	0.000000E+0	0.000000E+0	0.000000E+0
6.748988E+0	-8.571446E-2	1.101000E+0	2.547933E-18	-3.215913E-19	3.363231E-2	0.000000E+0	1.481465E-1	1.881511E-3	0.000000E+0	0.000000E+0	0.000000E+0
9.257954E+0	-6.649566E-2	1.025000E+0	-6.904543E-18	-8.377323E+16	2.866098E-2	0.000000E+0	1.080097E-1	7.757841E-4	0.000000E+0	0.000000E+0	0.000000E+0
9.249868E+0	3.864372E-2	9.490000E-1	-4.524462E+17	2.055148E+17	2.892662E-2	0.000000E+0	1.081078E-1	-4.516482E-4	0.000000E+0	0.000000E+0	0.000000E+0
6.970787E+0	4.111934E-2	8.730000E-1	-7.975154E-19	6.323277E-18	2.104518E-2	0.000000E+0	1.434508E-1	-8.461890E-4	0.000000E+0	0.000000E+0	0.000000E+0
7.283097E+0	2.081168E-2	7.970000E-1	3.266052E+17	-3.632521E-18	2.413001E-2	0.000000E+0	1.373031E-1	-3.923480E-4	0.000000E+0	0.000000E+0	0.000000E+0
1.528585E+1	1.310902E-1	7.220000E-1	1.388541E-18	6.784146E-18	2.098653E-2	0.000000E+0	6.541517E-2	-5.609951E-4	0.000000E+0	0.000000E+0	0.000000E+0
1.557143E+1	-3.878725E-2	6.460000E-1	4.766215E-20	4.558806E+17	1.905964E-2	0.000000E+0	6.421978E-2	1.599666E-4	0.000000E+0	0.000000E+0	0.000000E+0
1.216155E+1	1.464497E-1	5.700000E-1	-3.849816E-18	-6.877525E-18	1.618125E-2	0.000000E+0	8.221444E-2	-9.900284E-4	0.000000E+0	0.000000E+0	0.000000E+0
1.078654E+1	3.294909E-2	4.940000E-1	-4.316265E+17	4.857998E-18	9.844754E-3	0.000000E+0	9.270727E-2	-2.831881E-4	0.000000E+0	0.000000E+0	0.000000E+0
1.473210E+1	-1.180458E-2	4.180000E-1	4.155990E+17	-4.532139E-19	9.325918E-3	0.000000E+0	6.787894E-2	5.439024E-5	0.000000E+0	0.000000E+0	0.000000E+0
9.562738E+0	1.758639E-1	3.420000E-1	-3.194978E-18	5.558819E-18	8.977154E-3	0.000000E+0	1.045372E-1	-1.922495E-3	0.000000E+0	0.000000E+0	0.000000E+0
6.918934E+0	-1.678920E-2	2.660000E-1	-3.021231E-18	2.523250E+17	8.236663E-3	0.000000E+0	1.445301E-1	3.507107E-4	0.000000E+0	0.000000E+0	0.000000E+0
7.297983E+0	-1.349217E-2	1.900000E-1	4.697494E+17	-5.230656E+17	5.279119E-3	0.000000E+0	1.370237E-1	2.533230E-4	0.000000E+0	0.000000E+0	0.000000E+0
7.252738E+0	-1.281661E-2	1.140000E-1	-4.715168E+17	-5.436513E+17	3.387456E-3	0.000000E+0	1.378785E-1	2.436508E-4	0.000000E+0	0.000000E+0	0.000000E+0
7.069160E+0	-4.880190E-3	3.800000E-2	-3.093320E+17	4.406614E-18	9.528936E-4	0.000000E+0	1.414595E-1	9.765644E-5	0.000000E+0	0.000000E+0	0.000000E+0
1.050136E+1	1.327076E-1	-3.800000E-2	-9.427510E-19	-9.422141E-19	-1.181875E-3	0.000000E+0	9.521056E-2	-1.203193E-3	0.000000E+0	0.000000E+0	0.000000E+0
1.396370E+1	7.430995E-2	-1.140000E-1	-4.716725E+17	-4.928293E+17	-3.302342E-3	0.000000E+0	7.161223E-2	-3.810954E-4	0.000000E+0	0.000000E+0	0.000000E+0
1.686467E+1	1.084782E-1	-1.900000E-1	-2.971689E+17	-4.901914E-18	-5.551003E-3	0.000000E+0	5.929310E-2	-3.813896E-4	0.000000E+0	0.000000E+0	0.000000E+0
1.079406E+1	6.464565E-2	-2.660000E-1	-1.478400E+17	2.700612E+17	-7.343075E-3	0.000000E+0	9.264022E-2	-5.548225E-4	0.000000E+0	0.000000E+0	0.000000E+0
1.354010E+1	-1.399517E-3	-3.420000E-1	-2.726899E+17	1.903750E-18	-7.691330E-3	0.000000E+0	7.385470E-2	7.633688E-6	0.000000E+0	0.000000E+0	0.000000E+0
1.611880E+1	-2.298117E-3	-4.180000E-1	-1.696221E+17	-6.410840E-19	-9.193823E-3	0.000000E+0	6.203936E-2	8.845181E-6	0.000000E+0	0.000000E+0	0.000000E+0
8.598885E+0	7.823956E-2	-4.940000E-1	6.411590E-18	-1.599031E-19	-1.360336E-2	0.000000E+0	1.162845E-1	-1.058050E-3	0.000000E+0	0.000000E+0	0.000000E+0
8.020725E+0	-4.781544E-2	-5.700000E-1	-4.319920E+17	-4.172230E+17	-1.670441E-2	0.000000E+0	1.246726E-1	7.432338E-4	0.000000E+0	0.000000E+0	0.000000E+0
6.845672E+0	3.988677E-2	-6.460000E-1	-5.506670E-18	3.318154E+17	-1.910527E-2	0.000000E+0	1.460727E-1	-8.511027E-4	0.000000E+0	0.000000E+0	0.000000E+0
7.665138E+0	-3.756911E-2	-7.220000E-1	4.410889E+17	3.939340E-18	-2.100817E-2	0.000000E+0	1.304577E-1	6.394116E-4	0.000000E+0	0.000000E+0	0.000000E+0
9.740253E+0	3.233847E-1	-7.970000E-1	3.271013E+17	1.849291E+17	-2.343306E-2	0.000000E+0	1.025537E-1	-3.404870E-3	0.000000E+0	0.000000E+0	0.000000E+0
9.347080E+0	1.447909E-1	-8.730000E-1	-4.775830E-18	6.138991E-18	-2.585996E-2	0.000000E+0	1.069596E-1	-1.656857E-3	0.000000E+0	0.000000E+0	0.000000E+0
8.133657E+0	3.556240E-2	-9.490000E-1	-2.208677E-18	1.807661E-18	-2.843293E-2	0.000000E+0	1.229436E-1	-5.375403E-4	0.000000E+0	0.000000E+0	0.000000E+0
1.418025E+1	1.042446E-1	-1.025000E+0	-7.957818E+16	-3.372665E-18	-2.944513E-2	0.000000E+0	7.051681E-2	-5.183968E-4	0.000000E+0	0.000000E+0	0.000000E+0
1.571689E+1	5.318141E-2	-1.101000E+0	2.088242E+17	-2.195880E+17	-2.412792E-2	0.000000E+0	6.362509E-2	-2.152889E-4	0.000000E+0	0.000000E+0	0.000000E+0
1.462729E+1	-2.778816E-2	-1.177000E+0	5.232691E+17	-3.553127E+17	-3.163960E-2	0.000000E+0	6.836512E-2	1.298765E-4	0.000000E+0	0.000000E+0	0.000000E+0
1.307418E+1	1.420760E-2	-1.253000E+0	-1.183523E-18	-5.342346E-18	-3.478049E-2	0.000000E+0	7.648654E-2	-8.311727E-5	0.000000E+0	0.000000E+0	0.000000E+0
8.918463E+0	1.590681E-2	-1.329000E+0	-5.203440E-18	3.843920E-18	-3.580546E-2	0.000000E+0	1.121266E-1	-1.999870E-4	0.000000E+0	0.000000E+0	0.000000E+0
9.488518E+0	-1.209378E-2	-1.405000E+0	3.723455E-18	4.245176E+17	-3.716239E-2	0.000000E+0	1.053904E-1	1.343274E-4	0.000000E+0	0.000000E+0	0.000000E+0
1.059167E+1	-1.233822E-1	-1.481000E+0	1.311717E+15	5.157902E-18	-3.890798E-2	0.000000E+0	9.440101E-2	1.099676E-3	0.000000E+0	0.000000E+0	0.000000E+0
1.104062E+1	-1.091683E-2	-1.557000E+0	-4.475620E-18	-5.687704E-18	-4.612446E-2	0.000000E+0	9.057453E-2	8.955899E-5	0.000000E+0	0.000000E+0	0.000000E+0
1.174360E+1	3.619003E-2	-1.633000E+0	-6.256276E-18	1.400744E+17	-4.662082E-2	0.000000E+0	8.515196E-2	-2.624112E-4	0.000000E+0	0.000000E+0	0.000000E+0
8.142729E+0	4.410410E-2	-1.709000E+0	2.653475E+17	2.403843E+17	-4.361106E-2	0.000000E+0	1.228053E-1	-6.651602E-4	0.000000E+0	0.000000E+0	0.000000E+0
8.311365E+0	1.307446E-2	-1.785000E+0	-3.335094E+16	-2.240669E+17	-4.571672E-2	0.000000E+0	1.203169E-1	-1.892683E-4	0.000000E+0	0.000000E+0	0.000000E+0
1.440506E+1	-8.086085E-2	-1.861000E+0	8.607211E+16	1.700546E-17	-5.191379E-2	0.000000E+0	6.941786E-2	3.896678E-4	0.000000E+0	0.000000E+0	0.000000E+0
1.328865E+1	-3.707519E-1	-1.937000E+0	2.127762E-18	3.293656E+15	-5.182998E-2	0.000000E+0	7.519366E-2	2.097895E-3	0.000000E+0	0.000000E+0	0.000000E+0
1.061110E+1	8.703399E-2	-2.013000E+0	8.036571E+16	-5.942611E-18	-4.773748E-2	0.000000E+0	9.423460E-2	-7.729277E-4	0.000000E+0	0.000000E+0	0.000000E+0
1.180685E+1	-2.258861E-2	-2.089000E+0	-6.504745E+16	2.369911E+17	-5.551881E-2	0.000000E+0	8.469629E-2	1.620391E-4	0.000000E+0	0.000000E+0	0.000000E+0
8.626116E+0	-5.145758E-2	-2.165000E+0	5.725574E-18	6.181145E-18	-6.022355E-2	0.000000E+0	1.159229E-1	6.915177E-4	0.000000E+0	0.000000E+0	0.000000E+0
1.202911E+1	-5.181756E-1	-2.241000E+0	-2.052875E-18	3.493290E-18	-5.569847E-2	0.000000E+0	8.297770E-2	3.574414E-3	0.000000E+0	0.000000E+0	0.000000E+0
1.212328E+1	-3.775582E-1	-2.316000E+0	2.907620E+17	-1.496570E-18	-6.427708E-2	0.000000E+0	8.240600E-2	2.566390E-3	0.000000E+0	0.000000E+0	0.000000E+0
1.080208E+1	3.194809E-5	-2.392000E+0	-2.649665E-18	4.664198E-18	-7.085975E-2	0.000000E+0	9.257476E-2	-2.737979E-7	0.000000E+0	0.000000E+0	0.000000E+0
9.270374E+0	1.395394E-1	-2.468000E+0	6.288344E-18	-3.929323E-18	-7.136428E-2	0.000000E+0	1.078461E-1	-1.623319E-3	0.000000E+0	0.000000E+0	0.000000E+0
8.174810E+0	4.242522E-2	-2.544000E+0	8.250878E-19	2.835790E+17	-4.868091E-2	0.000000E+0	1.223237E-1	-6.348295E-4	0.000000E+0	0.000000E+0	0.000000E+0
1.120347E+1	-1.965082E-2	-2.620000E+0	4.508571E+17	-2.686618E+17	-7.474925E-2	0.000000E+0	8.925779E-2	1.565576E-4	0.000000E+0	0.000000E+0	0.000000E+0
1.140299E+1	2.232544E-1	-2.696000E+0	2.517955E+17	3.793721E+16	-7.575941E-2	0.000000E+0	8.766269E-2	-1.716311E-3	0.000000E+0	0.000000E+0	0.000000E+0
1.047814E+1	-2.876923E-1	-2.772000E+0	-6.194310E-18	5.176240E+17	-8.060561E-2	0.000000E+0	9.536489E-2	2.618379E-3	0.000000E+0	0.000000E+0	0.000000E+0
7.705723E+0	1.751881E-1	-2.848000E+0	-5.749716E+17	1.371841E+17	-5.346820E-2	0.000000E+0	1.297066E-1	-2.948855E-3	0.000000E+0	0.000000E+0	0.000000E+0
9.049547E+0	5.203044E-2	-2.924000E+0	-4.691027E+17	6.689522E-18	-7.341093E-2	0.000000E+0	1.104991E-1	-6.353155E-4	0.000000E+0	0.000000E+0	0.000000E+0
8.288721E+0	-2.533512E-1	-3.000000E+0	-3.567381E+17	-4.286482E-18	-8.810389E-2	0.000000E+0	1.205333E-1	3.684193E-3	0.000000E+0	0.000000E+0	0.000000E+0
