Real / Ohm	Ximag / Ohm	V_DC / V	I_a c / A	V_ac / V	I_DC / A
1.323551E+1	-2.697150E-1	3.000000E+0	-9.275714E-19	-3.780148E-18	6.264815E-2	1.000000E+5	7.552296E-2	1.539017E-3	0.000000E+0	0.000000E+0	0.000000E+0
1.632318E+1	5.880244E-3	2.924000E+0	-1.137863E-18	-4.188961E+17	5.312525E-2	0.000000E+0	6.126256E-2	-2.206916E-5	0.000000E+0	0.000000E+0	0.000000E+0
1.918994E+1	-1.101911E-1	2.848000E+0	6.653843E-18	-4.395667E+17	5.050223E-2	0.000000E+0	5.210892E-2	2.992161E-4	0.000000E+0	0.000000E+0	0.000000E+0
1.737317E+1	2.527243E-1	2.772000E+0	-3.848534E+17	-9.739225E-19	6.263353E-2	0.000000E+0	5.754784E-2	-8.371378E-4	0.000000E+0	0.000000E+0	0.000000E+0
1.659556E+1	2.864239E-1	2.696000E+0	2.587907E+17	-4.848260E-18	6.063920E-2	0.000000E+0	6.023914E-2	-1.039671E-3	0.000000E+0	0.000000E+0	0.000000E+0
1.582755E+1	-3.137513E-1	2.620000E+0	-5.351627E-18	2.391872E+17	6.145949E-2	0.000000E+0	6.315615E-2	1.251952E-3	0.000000E+0	0.000000E+0	0.000000E+0
1.738388E+1	-1.329074E-1	2.544000E+0	3.390598E+17	1.295985E-19	5.606783E-2	0.000000E+0	5.752119E-2	4.397748E-4	0.000000E+0	0.000000E+0	0.000000E+0
1.756573E+1	3.299201E-2	2.468000E+0	5.785012E-19	5.234687E+17	5.471957E-2	0.000000E+0	5.692883E-2	-1.069239E-4	0.000000E+0	0.000000E+0	0.000000E+0
1.767346E+1	4.688914E-2	2.392000E+0	-2.714796E-18	1.441508E+17	5.233404E-2	0.000000E+0	5.658162E-2	-1.501157E-4	0.000000E+0	0.000000E+0	0.000000E+0
1.774257E+1	-1.746234E-2	2.316000E+0	-1.980656E+17	2.858813E+16	5.228864E-2	0.000000E+0	5.636157E-2	5.547138E-5	0.000000E+0	0.000000E+0	0.000000E+0
1.770792E+1	3.272907E-2	2.241000E+0	2.915631E-18	5.325354E+16	5.112781E-2	0.000000E+0	5.647171E-2	-1.043751E-4	0.000000E+0	0.000000E+0	0.000000E+0
2.176395E+1	1.894846E-3	2.165000E+0	2.579781E+17	4.569569E-19	4.790315E-2	0.000000E+0	4.594754E-2	-4.000354E-6	0.000000E+0	0.000000E+0	0.000000E+0
1.855594E+1	-3.610755E-2	2.089000E+0	5.241928E+17	-4.155966E-18	4.417645E-2	0.000000E+0	5.389089E-2	1.048650E-4	0.000000E+0	0.000000E+0	0.000000E+0
2.039423E+1	1.624391E-1	2.013000E+0	-2.680825E+17	-5.132058E+17	4.160911E-2	0.000000E+0	4.903037E-2	-3.905246E-4	0.000000E+0	0.000000E+0	0.000000E+0
2.176391E+1	1.999270E-2	1.937000E+0	1.676928E-18	4.035830E-18	3.541970E-2	0.000000E+0	4.594759E-2	-4.220824E-5	0.000000E+0	0.000000E+0	0.000000E+0
1.708914E+1	-1.016054E+0	1.861000E+0	1.138051E+17	1.810141E+17	3.947848E-2	0.000000E+0	5.831057E-2	3.466920E-3	0.000000E+0	0.000000E+0	0.000000E+0
1.671394E+1	1.296597E-1	1.785000E+0	9.197504E+16	2.296609E-18	3.908579E-2	0.000000E+0	5.982670E-2	-4.641103E-4	0.000000E+0	0.000000E+0	0.000000E+0
2.000852E+1	6.384206E-2	1.709000E+0	-5.520479E-19	1.659667E-18	3.034430E-2	0.000000E+0	4.997820E-2	-1.594676E-4	0.000000E+0	0.000000E+0	0.000000E+0
2.027437E+1	8.265999E-2	1.633000E+0	5.318055E+17	-2.871880E+17	3.559256E-2	0.000000E+0	4.932254E-2	-2.010914E-4	0.000000E+0	0.000000E+0	0.000000E+0
2.168552E+1	7.123734E-2	1.557000E+0	4.333500E+17	8.421242E+16	3.317791E-2	0.000000E+0	4.611322E-2	-1.514828E-4	0.000000E+0	0.000000E+0	0.000000E+0
1.922335E+1	6.566226E-2	1.481000E+0	7.433461E+16	-3.421240E+17	3.240729E-2	0.000000E+0	5.201946E-2	-1.776858E-4	0.000000E+0	0.000000E+0	0.000000E+0
2.436400E+1	1.261756E-1	1.405000E+0	-2.798456E+17	-3.562291E+17	3.048039E-2	0.000000E+0	4.104306E-2	-2.125527E-4	0.000000E+0	0.000000E+0	0.000000E+0
2.217486E+1	9.844273E-2	1.329000E+0	3.883600E+17	-5.707470E+17	2.403716E-2	0.000000E+0	4.509522E-2	-2.001950E-4	0.000000E+0	0.000000E+0	0.000000E+0
2.615201E+1	-3.838702E-3	1.253000E+0	-5.196819E+17	1.790907E+17	2.268124E-2	0.000000E+0	3.823798E-2	5.612731E-6	0.000000E+0	0.000000E+0	0.000000E+0
2.748153E+1	2.635077E-2	1.177000E+0	-1.554791E+17	1.089529E+17	2.116649E-2	0.000000E+0	3.638804E-2	-3.489081E-5	0.000000E+0	0.000000E+0	0.000000E+0
2.316856E+1	-2.094215E-1	1.101000E+0	2.547933E-18	-3.215913E-19	2.259913E-2	0.000000E+0	4.315841E-2	3.901106E-4	0.000000E+0	0.000000E+0	0.000000E+0
2.240232E+1	3.215753E-2	1.025000E+0	-6.904543E-18	-8.377323E+16	2.191278E-2	0.000000E+0	4.463814E-2	-6.407606E-5	0.000000E+0	0.000000E+0	0.000000E+0
2.470848E+1	-1.605844E-2	9.490000E-1	-4.524462E+17	2.055148E+17	1.776984E-2	0.000000E+0	4.047192E-2	2.630335E-5	0.000000E+0	0.000000E+0	0.000000E+0
2.121566E+1	-2.848007E-2	8.730000E-1	-7.975154E-19	6.323277E-18	1.604468E-2	0.000000E+0	4.713491E-2	6.327427E-5	0.000000E+0	0.000000E+0	0.000000E+0
2.400922E+1	1.731781E-1	7.970000E-1	3.266052E+17	-3.632521E-18	1.747936E-2	0.000000E+0	4.164850E-2	-3.004099E-4	0.000000E+0	0.000000E+0	0.000000E+0
2.029224E+1	-1.356090E-2	7.220000E-1	1.388541E-18	6.784146E-18	1.562240E-2	0.000000E+0	4.927990E-2	3.293278E-5	0.000000E+0	0.000000E+0	0.000000E+0
2.540554E+1	6.500247E-2	6.460000E-1	4.766215E-20	4.558806E+17	1.365259E-2	0.000000E+0	3.936124E-2	-1.007094E-4	0.000000E+0	0.000000E+0	0.000000E+0
2.828805E+1	-4.476539E-3	5.700000E-1	-3.849816E-18	-6.877525E-18	1.009393E-2	0.000000E+0	3.535062E-2	5.594179E-6	0.000000E+0	0.000000E+0	0.000000E+0
2.994294E+1	6.202996E-3	4.940000E-1	-4.316265E+17	4.857998E-18	7.423412E-3	0.000000E+0	3.339685E-2	-6.918510E-6	0.000000E+0	0.000000E+0	0.000000E+0
3.179586E+1	1.131213E-2	4.180000E-1	4.155990E+17	-4.532139E-19	7.054728E-3	0.000000E+0	3.145063E-2	-1.118931E-5	0.000000E+0	0.000000E+0	0.000000E+0
3.204536E+1	1.974953E-2	3.420000E-1	-3.194978E-18	5.558819E-18	5.940898E-3	0.000000E+0	3.120575E-2	-1.923208E-5	0.000000E+0	0.000000E+0	0.000000E+0
2.387627E+1	6.931348E-2	2.660000E-1	-3.021231E-18	2.523250E+17	4.725435E-3	0.000000E+0	4.188224E-2	-1.215853E-4	0.000000E+0	0.000000E+0	0.000000E+0
2.804175E+1	6.292081E-2	1.900000E-1	4.697494E+17	-5.230656E+17	3.446641E-3	0.000000E+0	3.566093E-2	-8.001693E-5	0.000000E+0	0.000000E+0	0.000000E+0
3.203579E+1	1.173182E-1	1.140000E-1	-4.715168E+17	-5.436513E+17	2.312382E-3	0.000000E+0	3.121467E-2	-1.143112E-4	0.000000E+0	0.000000E+0	0.000000E+0
2.935480E+1	5.481755E-2	3.800000E-2	-3.093320E+17	4.406614E-18	6.500342E-4	0.000000E+0	3.406586E-2	-6.361505E-5	0.000000E+0	0.000000E+0	0.000000E+0
2.813834E+1	-1.470686E-2	-3.800000E-2	-9.427510E-19	-9.422141E-19	-7.508232E-4	0.000000E+0	3.553869E-2	1.857475E-5	0.000000E+0	0.000000E+0	0.000000E+0
2.949097E+1	1.143141E-1	-1.140000E-1	-4.716725E+17	-4.928293E+17	-2.252804E-3	0.000000E+0	3.390818E-2	-1.314363E-4	0.000000E+0	0.000000E+0	0.000000E+0
2.905304E+1	3.758859E-2	-1.900000E-1	-2.971689E+17	-4.901914E-18	-3.757849E-3	0.000000E+0	3.441975E-2	-4.453199E-5	0.000000E+0	0.000000E+0	0.000000E+0
3.278031E+1	-4.700040E-3	-2.660000E-1	-1.478400E+17	2.700612E+17	-4.420711E-3	0.000000E+0	3.050612E-2	4.373966E-6	0.000000E+0	0.000000E+0	0.000000E+0
3.395956E+1	2.139901E-2	-3.420000E-1	-2.726899E+17	1.903750E-18	-5.939545E-3	0.000000E+0	2.944678E-2	-1.855536E-5	0.000000E+0	0.000000E+0	0.000000E+0
3.124036E+1	1.427314E-2	-4.180000E-1	-1.696221E+17	-6.410840E-19	-6.922118E-3	0.000000E+0	3.200987E-2	-1.462471E-5	0.000000E+0	0.000000E+0	0.000000E+0
2.622048E+1	-1.610754E-2	-4.940000E-1	6.411590E-18	-1.599031E-19	-8.420525E-3	0.000000E+0	3.813811E-2	2.342868E-5	0.000000E+0	0.000000E+0	0.000000E+0
2.622852E+1	1.570903E-1	-5.700000E-1	-4.319920E+17	-4.172230E+17	-1.281576E-2	0.000000E+0	3.812507E-2	-2.283422E-4	0.000000E+0	0.000000E+0	0.000000E+0
2.517804E+1	3.316782E-2	-6.460000E-1	-5.506670E-18	3.318154E+17	-1.426105E-2	0.000000E+0	3.971708E-2	-5.232055E-5	0.000000E+0	0.000000E+0	0.000000E+0
2.823769E+1	1.813942E-2	-7.220000E-1	4.410889E+17	3.939340E-18	-1.356334E-2	0.000000E+0	3.541365E-2	-2.274913E-5	0.000000E+0	0.000000E+0	0.000000E+0
3.128258E+1	3.781822E-2	-7.970000E-1	3.271013E+17	1.849291E+17	-1.372776E-2	0.000000E+0	3.196663E-2	-3.864518E-5	0.000000E+0	0.000000E+0	0.000000E+0
2.311159E+1	3.200627E-2	-8.730000E-1	-4.775830E-18	6.138991E-18	-1.703260E-2	0.000000E+0	4.326825E-2	-5.992038E-5	0.000000E+0	0.000000E+0	0.000000E+0
2.872886E+1	6.996116E-2	-9.490000E-1	-2.208677E-18	1.807661E-18	-1.553254E-2	0.000000E+0	3.480800E-2	-8.476521E-5	0.000000E+0	0.000000E+0	0.000000E+0
2.846893E+1	2.289644E-2	-1.025000E+0	-7.957818E+16	-3.372665E-18	-1.802635E-2	0.000000E+0	3.512599E-2	-2.825045E-5	0.000000E+0	0.000000E+0	0.000000E+0
2.638490E+1	6.567779E-2	-1.101000E+0	2.088242E+17	-2.195880E+17	-2.010749E-2	0.000000E+0	3.790023E-2	-9.434197E-5	0.000000E+0	0.000000E+0	0.000000E+0
2.507813E+1	2.216679E-2	-1.177000E+0	5.232691E+17	-3.553127E+17	-1.941182E-2	0.000000E+0	3.987535E-2	-3.524619E-5	0.000000E+0	0.000000E+0	0.000000E+0
2.628358E+1	3.044340E-2	-1.253000E+0	-1.183523E-18	-5.342346E-18	-2.268040E-2	0.000000E+0	3.804652E-2	-4.406802E-5	0.000000E+0	0.000000E+0	0.000000E+0
1.974205E+1	4.690710E-2	-1.329000E+0	-5.203440E-18	3.843920E-18	-2.399801E-2	0.000000E+0	5.065301E-2	-1.203515E-4	0.000000E+0	0.000000E+0	0.000000E+0
1.941491E+1	3.091283E-2	-1.405000E+0	3.723455E-18	4.245176E+17	-2.874309E-2	0.000000E+0	5.150668E-2	-8.201002E-5	0.000000E+0	0.000000E+0	0.000000E+0
2.055451E+1	8.660793E-2	-1.481000E+0	1.311717E+15	5.157902E-18	-3.367765E-2	0.000000E+0	4.865026E-2	-2.049914E-4	0.000000E+0	0.000000E+0	0.000000E+0
2.141776E+1	-2.583160E-1	-1.557000E+0	-4.475620E-18	-5.687704E-18	-3.215053E-2	0.000000E+0	4.668343E-2	5.630410E-4	0.000000E+0	0.000000E+0	0.000000E+0
2.389238E+1	-6.156434E-1	-1.633000E+0	-6.256276E-18	1.400744E+17	-3.916016E-2	0.000000E+0	4.182658E-2	1.077760E-3	0.000000E+0	0.000000E+0	0.000000E+0
2.598225E+1	-1.646066E+0	-1.709000E+0	2.653475E+17	2.403843E+17	-3.674591E-2	0.000000E+0	3.833395E-2	2.428589E-3	0.000000E+0	0.000000E+0	0.000000E+0
2.030470E+1	-1.560755E-1	-1.785000E+0	-3.335094E+16	-2.240669E+17	-4.047976E-2	0.000000E+0	4.924677E-2	3.785436E-4	0.000000E+0	0.000000E+0	0.000000E+0
2.083953E+1	-6.004802E-1	-1.861000E+0	8.607211E+16	1.700546E-17	-4.127591E-2	0.000000E+0	4.794592E-2	1.381537E-3	0.000000E+0	0.000000E+0	0.000000E+0
2.268494E+1	-7.723427E-2	-1.937000E+0	2.127762E-18	3.293656E+15	-4.357769E-2	0.000000E+0	4.408160E-2	1.500824E-4	0.000000E+0	0.000000E+0	0.000000E+0
2.688194E+1	-3.868552E-2	-2.013000E+0	8.036571E+16	-5.942611E-18	-3.896069E-2	0.000000E+0	3.719962E-2	5.353358E-5	0.000000E+0	0.000000E+0	0.000000E+0
2.053038E+1	-1.488708E+0	-2.089000E+0	-6.504745E+16	2.369911E+17	-4.127982E-2	0.000000E+0	4.845353E-2	3.513484E-3	0.000000E+0	0.000000E+0	0.000000E+0
1.825981E+1	-2.797846E-1	-2.165000E+0	5.725574E-18	6.181145E-18	-5.093960E-2	0.000000E+0	5.475223E-2	8.389370E-4	0.000000E+0	0.000000E+0	0.000000E+0
1.916721E+1	-4.966208E-1	-2.241000E+0	-2.052875E-18	3.493290E-18	-4.767959E-2	0.000000E+0	5.213743E-2	1.350877E-3	0.000000E+0	0.000000E+0	0.000000E+0
1.923339E+1	-6.854285E-1	-2.316000E+0	2.907620E+17	-1.496570E-18	-5.680773E-2	0.000000E+0	5.192697E-2	1.850543E-3	0.000000E+0	0.000000E+0	0.000000E+0
1.642091E+1	-1.329735E-1	-2.392000E+0	-2.649665E-18	4.664198E-18	-5.674434E-2	0.000000E+0	6.089397E-2	4.931082E-4	0.000000E+0	0.000000E+0	0.000000E+0
1.557382E+1	-4.145405E-1	-2.468000E+0	6.288344E-18	-3.929323E-18	-5.919372E-2	0.000000E+0	6.416486E-2	1.707926E-3	0.000000E+0	0.000000E+0	0.000000E+0
1.650507E+1	-2.065793E-1	-2.544000E+0	8.250878E-19	2.835790E+17	-6.042808E-2	0.000000E+0	6.057795E-2	7.582004E-4	0.000000E+0	0.000000E+0	0.000000E+0
1.850510E+1	2.371823E-1	-2.620000E+0	4.508571E+17	-2.686618E+17	-5.239484E-2	0.000000E+0	5.403028E-2	-6.925132E-4	0.000000E+0	0.000000E+0	0.000000E+0
1.488632E+1	5.553093E-3	-2.696000E+0	2.517955E+17	3.793721E+16	-6.145707E-2	0.000000E+0	6.717576E-2	-2.505880E-5	0.000000E+0	0.000000E+0	0.000000E+0
1.395505E+1	1.181566E-1	-2.772000E+0	-6.194310E-18	5.176240E+17	-6.598510E-2	0.000000E+0	7.165351E-2	-6.066861E-4	0.000000E+0	0.000000E+0	0.000000E+0
1.374132E+1	7.372308E-2	-2.848000E+0	-5.749716E+17	1.371841E+17	-6.421998E-2	0.000000E+0	7.277112E-2	-3.904218E-4	0.000000E+0	0.000000E+0	0.000000E+0
1.056282E+1	-6.056479E-2	-2.924000E+0	-4.691027E+17	6.689522E-18	-6.798244E-2	0.000000E+0	9.466858E-2	5.428079E-4	0.000000E+0	0.000000E+0	0.000000E+0
9.385445E+0	1.815445E-1	-3.000000E+0	-3.567381E+17	-4.286482E-18	-7.245070E-2	0.000000E+0	1.065081E-1	-2.060207E-3	0.000000E+0	0.000000E+0	0.000000E+0
