Real / Ohm	Ximag / Ohm	V_DC / V	I_a c / A	V_ac / V	I_DC / A
6.121188E+0	-1.925921E-1	-3.000000E+0	-3.567381E+17	-4.286482E-18	-8.959214E-2	1.000000E+6	1.632054E-1	5.134963E-3	0.000000E+0	0.000000E+0	0.000000E+0
5.941721E+0	3.152337E-1	-2.924000E+0	-4.691027E+17	6.689522E-18	-8.689353E-2	0.000000E+0	1.678290E-1	-8.904046E-3	0.000000E+0	0.000000E+0	0.000000E+0
6.443024E+0	3.300676E-1	-2.848000E+0	-5.749716E+17	1.371841E+17	-8.431597E-2	0.000000E+0	1.548004E-1	-7.930218E-3	0.000000E+0	0.000000E+0	0.000000E+0
6.366999E+0	2.016749E-1	-2.772000E+0	-6.194310E-18	5.176240E+17	-8.322766E-2	0.000000E+0	1.569024E-1	-4.969890E-3	0.000000E+0	0.000000E+0	0.000000E+0
6.606371E+0	1.371217E-1	-2.696000E+0	2.517955E+17	3.793721E+16	-8.064806E-2	0.000000E+0	1.513039E-1	-3.140460E-3	0.000000E+0	0.000000E+0	0.000000E+0
6.583044E+0	2.827120E-2	-2.620000E+0	4.508571E+17	-2.686618E+17	-7.696068E-2	0.000000E+0	1.519026E-1	-6.523531E-4	0.000000E+0	0.000000E+0	0.000000E+0
6.351830E+0	2.105322E-1	-2.544000E+0	8.250878E-19	2.835790E+17	-7.875338E-2	0.000000E+0	1.572622E-1	-5.212474E-3	0.000000E+0	0.000000E+0	0.000000E+0
6.630538E+0	-8.557463E-2	-2.468000E+0	6.288344E-18	-3.929323E-18	-7.574426E-2	0.000000E+0	1.507922E-1	1.946145E-3	0.000000E+0	0.000000E+0	0.000000E+0
7.114731E+0	1.624298E-2	-2.392000E+0	-2.649665E-18	4.664198E-18	-7.207476E-2	0.000000E+0	1.405527E-1	-3.208828E-4	0.000000E+0	0.000000E+0	0.000000E+0
7.300852E+0	2.023940E-1	-2.316000E+0	2.907620E+17	-1.496570E-18	-6.876992E-2	0.000000E+0	1.368651E-1	-3.794171E-3	0.000000E+0	0.000000E+0	0.000000E+0
7.456888E+0	1.896696E-1	-2.241000E+0	-2.052875E-18	3.493290E-18	-6.325977E-2	0.000000E+0	1.340175E-1	-3.408801E-3	0.000000E+0	0.000000E+0	0.000000E+0
7.240438E+0	9.506702E-2	-2.165000E+0	5.725574E-18	6.181145E-18	-6.314287E-2	0.000000E+0	1.380894E-1	-1.813115E-3	0.000000E+0	0.000000E+0	0.000000E+0
7.325730E+0	1.446853E-1	-2.089000E+0	-6.504745E+16	2.369911E+17	-6.011329E-2	0.000000E+0	1.364519E-1	-2.694966E-3	0.000000E+0	0.000000E+0	0.000000E+0
8.056982E+0	-4.814005E-2	-2.013000E+0	8.036571E+16	-5.942611E-18	-5.697802E-2	0.000000E+0	1.241115E-1	7.415599E-4	0.000000E+0	0.000000E+0	0.000000E+0
7.807312E+0	4.400196E-1	-1.937000E+0	2.127762E-18	3.293656E+15	-5.568288E-2	0.000000E+0	1.276795E-1	-7.196008E-3	0.000000E+0	0.000000E+0	0.000000E+0
7.759171E+0	-1.172681E-1	-1.861000E+0	8.607211E+16	1.700546E-17	-5.264004E-2	0.000000E+0	1.288503E-1	1.947377E-3	0.000000E+0	0.000000E+0	0.000000E+0
8.607372E+0	5.033827E-2	-1.785000E+0	-3.335094E+16	-2.240669E+17	-5.048025E-2	0.000000E+0	1.161755E-1	-6.794262E-4	0.000000E+0	0.000000E+0	0.000000E+0
8.247381E+0	-3.197193E-3	-1.709000E+0	2.653475E+17	2.403843E+17	-4.873516E-2	0.000000E+0	1.212506E-1	4.700420E-5	0.000000E+0	0.000000E+0	0.000000E+0
7.506473E+0	-1.776929E-1	-1.633000E+0	-6.256276E-18	1.400744E+17	-4.810499E-2	0.000000E+0	1.331437E-1	3.151773E-3	0.000000E+0	0.000000E+0	0.000000E+0
8.911545E+0	3.780951E-1	-1.557000E+0	-4.475620E-18	-5.687704E-18	-4.640689E-2	0.000000E+0	1.120124E-1	-4.752411E-3	0.000000E+0	0.000000E+0	0.000000E+0
9.109526E+0	3.110580E-1	-1.481000E+0	1.311717E+15	5.157902E-18	-4.180583E-2	0.000000E+0	1.096473E-1	-3.744068E-3	0.000000E+0	0.000000E+0	0.000000E+0
8.575500E+0	3.895912E-1	-1.405000E+0	3.723455E-18	4.245176E+17	-4.030488E-2	0.000000E+0	1.163711E-1	-5.286823E-3	0.000000E+0	0.000000E+0	0.000000E+0
9.379618E+0	3.034735E-2	-1.329000E+0	-5.203440E-18	3.843920E-18	-3.805469E-2	0.000000E+0	1.066130E-1	-3.449419E-4	0.000000E+0	0.000000E+0	0.000000E+0
8.296799E+0	6.123066E-2	-1.253000E+0	-1.183523E-18	-5.342346E-18	-3.566609E-2	0.000000E+0	1.205218E-1	-8.894553E-4	0.000000E+0	0.000000E+0	0.000000E+0
1.169094E+1	8.524628E-1	-1.177000E+0	5.232691E+17	-3.553127E+17	-3.379127E-2	0.000000E+0	8.508395E-2	-6.204026E-3	0.000000E+0	0.000000E+0	0.000000E+0
1.147622E+1	1.376577E+0	-1.101000E+0	2.088242E+17	-2.195880E+17	-2.929134E-2	0.000000E+0	8.590076E-2	-1.030383E-2	0.000000E+0	0.000000E+0	0.000000E+0
1.493888E+1	-7.629547E-1	-1.025000E+0	-7.957818E+16	-3.372665E-18	-2.383431E-2	0.000000E+0	6.676528E-2	3.409819E-3	0.000000E+0	0.000000E+0	0.000000E+0
1.601188E+1	4.381809E-1	-9.490000E-1	-2.208677E-18	1.807661E-18	-2.387931E-2	0.000000E+0	6.240689E-2	-1.707826E-3	0.000000E+0	0.000000E+0	0.000000E+0
1.410618E+1	1.191044E-2	-8.730000E-1	-4.775830E-18	6.138991E-18	-2.206221E-2	0.000000E+0	7.089086E-2	-5.985613E-5	0.000000E+0	0.000000E+0	0.000000E+0
1.388004E+1	-1.452032E+0	-7.970000E-1	3.271013E+17	1.849291E+17	-2.132683E-2	0.000000E+0	7.126598E-2	7.455344E-3	0.000000E+0	0.000000E+0	0.000000E+0
1.625907E+1	9.382105E-1	-7.220000E-1	4.410889E+17	3.939340E-18	-2.124872E-2	0.000000E+0	6.130002E-2	-3.537246E-3	0.000000E+0	0.000000E+0	0.000000E+0
1.147188E+1	6.482115E-1	-6.460000E-1	-5.506670E-18	3.318154E+17	-1.542754E-2	0.000000E+0	8.689225E-2	-4.909793E-3	0.000000E+0	0.000000E+0	0.000000E+0
1.109500E+1	2.711105E-1	-5.700000E-1	-4.319920E+17	-4.172230E+17	-1.521003E-2	0.000000E+0	9.007691E-2	-2.201063E-3	0.000000E+0	0.000000E+0	0.000000E+0
1.382575E+1	4.983807E-1	-4.940000E-1	6.411590E-18	-1.599031E-19	-1.296291E-2	0.000000E+0	7.223494E-2	-2.603873E-3	0.000000E+0	0.000000E+0	0.000000E+0
9.895224E+0	5.994797E-2	-4.180000E-1	-1.696221E+17	-6.410840E-19	-1.141598E-2	0.000000E+0	1.010551E-1	-6.122197E-4	0.000000E+0	0.000000E+0	0.000000E+0
1.309246E+1	4.996595E-1	-3.420000E-1	-2.726899E+17	1.903750E-18	-9.459971E-3	0.000000E+0	7.626876E-2	-2.910714E-3	0.000000E+0	0.000000E+0	0.000000E+0
1.420016E+1	-3.837490E-2	-2.660000E-1	-1.478400E+17	2.700612E+17	-6.774128E-3	0.000000E+0	7.042123E-2	1.903082E-4	0.000000E+0	0.000000E+0	0.000000E+0
1.324322E+1	3.647518E-2	-1.900000E-1	-2.971689E+17	-4.901914E-18	-4.823221E-3	0.000000E+0	7.550976E-2	-2.079730E-4	0.000000E+0	0.000000E+0	0.000000E+0
1.397271E+1	-8.878517E-2	-1.140000E-1	-4.716725E+17	-4.928293E+17	-2.842690E-3	0.000000E+0	7.156519E-2	4.547384E-4	0.000000E+0	0.000000E+0	0.000000E+0
1.476638E+1	-2.423477E-2	-3.800000E-2	-9.427510E-19	-9.422141E-19	-9.162980E-4	0.000000E+0	6.772122E-2	1.111449E-4	0.000000E+0	0.000000E+0	0.000000E+0
1.454913E+1	-8.093147E-1	3.800000E-2	-3.093320E+17	4.406614E-18	9.508508E-4	0.000000E+0	6.852061E-2	3.811550E-3	0.000000E+0	0.000000E+0	0.000000E+0
1.435833E+1	9.670849E-1	1.140000E-1	-4.715168E+17	-5.436513E+17	3.263861E-3	0.000000E+0	6.933146E-2	-4.669722E-3	0.000000E+0	0.000000E+0	0.000000E+0
1.167927E+1	1.483727E-2	1.900000E-1	4.697494E+17	-5.230656E+17	4.533461E-3	0.000000E+0	8.562165E-2	-1.087732E-4	0.000000E+0	0.000000E+0	0.000000E+0
1.021939E+1	-2.428651E-1	2.660000E-1	-3.021231E-18	2.523250E+17	7.499689E-3	0.000000E+0	9.779796E-2	2.324181E-3	0.000000E+0	0.000000E+0	0.000000E+0
1.129073E+1	2.900934E-1	3.420000E-1	-3.194978E-18	5.558819E-18	8.995540E-3	0.000000E+0	8.850980E-2	-2.274088E-3	0.000000E+0	0.000000E+0	0.000000E+0
9.923080E+0	-4.237986E-2	4.180000E-1	4.155990E+17	-4.532139E-19	1.115278E-2	0.000000E+0	1.007733E-1	4.303865E-4	0.000000E+0	0.000000E+0	0.000000E+0
1.077099E+1	9.068661E-1	4.940000E-1	-4.316265E+17	4.857998E-18	1.357406E-2	0.000000E+0	9.218847E-2	-7.761830E-3	0.000000E+0	0.000000E+0	0.000000E+0
1.060201E+1	1.826715E-2	5.700000E-1	-3.849816E-18	-6.877525E-18	1.440138E-2	0.000000E+0	9.432146E-2	-1.625149E-4	0.000000E+0	0.000000E+0	0.000000E+0
1.180693E+1	-1.413155E-1	6.460000E-1	4.766215E-20	4.558806E+17	1.667710E-2	0.000000E+0	8.468389E-2	1.013570E-3	0.000000E+0	0.000000E+0	0.000000E+0
1.126203E+1	4.041367E-1	7.220000E-1	1.388541E-18	6.784146E-18	1.954221E-2	0.000000E+0	8.867974E-2	-3.182263E-3	0.000000E+0	0.000000E+0	0.000000E+0
1.164829E+1	6.554604E-2	7.970000E-1	3.266052E+17	-3.632521E-18	2.058456E-2	0.000000E+0	8.584679E-2	-4.830681E-4	0.000000E+0	0.000000E+0	0.000000E+0
1.093841E+1	-4.312563E-1	8.730000E-1	-7.975154E-19	6.323277E-18	2.249921E-2	0.000000E+0	9.127908E-2	3.598757E-3	0.000000E+0	0.000000E+0	0.000000E+0
9.616486E+0	-1.796083E-1	9.490000E-1	-4.524462E+17	2.055148E+17	2.760844E-2	0.000000E+0	1.039518E-1	1.941521E-3	0.000000E+0	0.000000E+0	0.000000E+0
8.414101E+0	-1.896906E-2	1.025000E+0	-6.904543E-18	-8.377323E+16	2.798478E-2	0.000000E+0	1.188475E-1	2.679342E-4	0.000000E+0	0.000000E+0	0.000000E+0
8.422495E+0	-2.359819E-2	1.101000E+0	2.547933E-18	-3.215913E-19	3.173752E-2	0.000000E+0	1.187287E-1	3.326548E-4	0.000000E+0	0.000000E+0	0.000000E+0
8.962349E+0	3.055935E-1	1.177000E+0	-1.554791E+17	1.089529E+17	3.390242E-2	0.000000E+0	1.114483E-1	-3.800107E-3	0.000000E+0	0.000000E+0	0.000000E+0
8.339979E+0	-8.475304E-3	1.253000E+0	-5.196819E+17	1.790907E+17	3.597539E-2	0.000000E+0	1.199043E-1	1.218498E-4	0.000000E+0	0.000000E+0	0.000000E+0
9.686216E+0	9.090385E-1	1.329000E+0	3.883600E+17	-5.707470E+17	3.820515E-2	0.000000E+0	1.023381E-1	-9.604298E-3	0.000000E+0	0.000000E+0	0.000000E+0
8.676826E+0	-3.519249E-2	1.405000E+0	-2.798456E+17	-3.562291E+17	3.583788E-2	0.000000E+0	1.152476E-1	4.674348E-4	0.000000E+0	0.000000E+0	0.000000E+0
9.925268E+0	-1.664824E-1	1.481000E+0	7.433461E+16	-3.421240E+17	4.021779E-2	0.000000E+0	1.007246E-1	1.689514E-3	0.000000E+0	0.000000E+0	0.000000E+0
9.648354E+0	7.341557E-1	1.557000E+0	4.333500E+17	8.421242E+16	4.467125E-2	0.000000E+0	1.030480E-1	-7.841054E-3	0.000000E+0	0.000000E+0	0.000000E+0
8.102587E+0	-4.006910E-2	1.633000E+0	5.318055E+17	-2.871880E+17	4.774167E-2	0.000000E+0	1.234144E-1	6.103115E-4	0.000000E+0	0.000000E+0	0.000000E+0
7.967380E+0	-4.063840E-1	1.709000E+0	-5.520479E-19	1.659667E-18	5.013282E-2	0.000000E+0	1.251861E-1	6.385239E-3	0.000000E+0	0.000000E+0	0.000000E+0
7.732396E+0	3.925991E-2	1.785000E+0	9.197504E+16	2.296609E-18	5.352244E-2	0.000000E+0	1.293227E-1	-6.566137E-4	0.000000E+0	0.000000E+0	0.000000E+0
8.144295E+0	-5.719471E-2	1.861000E+0	1.138051E+17	1.810141E+17	5.306579E-2	0.000000E+0	1.227793E-1	8.622386E-4	0.000000E+0	0.000000E+0	0.000000E+0
8.086826E+0	1.706505E-2	1.937000E+0	1.676928E-18	4.035830E-18	5.664285E-2	0.000000E+0	1.236574E-1	-2.609453E-4	0.000000E+0	0.000000E+0	0.000000E+0
7.814158E+0	1.728945E-1	2.013000E+0	-2.680825E+17	-5.132058E+17	5.885422E-2	0.000000E+0	1.279102E-1	-2.830116E-3	0.000000E+0	0.000000E+0	0.000000E+0
8.780666E+0	2.216892E-1	2.089000E+0	5.241928E+17	-4.155966E-18	5.946856E-2	0.000000E+0	1.138140E-1	-2.873511E-3	0.000000E+0	0.000000E+0	0.000000E+0
7.569099E+0	-1.240306E-1	2.165000E+0	2.579781E+17	4.569569E-19	6.088015E-2	0.000000E+0	1.320807E-1	2.164332E-3	0.000000E+0	0.000000E+0	0.000000E+0
7.168022E+0	-5.257730E-1	2.241000E+0	2.915631E-18	5.325354E+16	6.893982E-2	0.000000E+0	1.387619E-1	1.017816E-2	0.000000E+0	0.000000E+0	0.000000E+0
7.451037E+0	2.629552E-1	2.316000E+0	-1.980656E+17	2.858813E+16	6.520690E-2	0.000000E+0	1.340426E-1	-4.730508E-3	0.000000E+0	0.000000E+0	0.000000E+0
7.237441E+0	-2.505836E-1	2.392000E+0	-2.714796E-18	1.441508E+17	7.375176E-2	0.000000E+0	1.380049E-1	4.778177E-3	0.000000E+0	0.000000E+0	0.000000E+0
7.779557E+0	3.701973E-2	2.468000E+0	5.785012E-19	5.234687E+17	7.155558E-2	0.000000E+0	1.285391E-1	-6.116651E-4	0.000000E+0	0.000000E+0	0.000000E+0
6.682259E+0	-5.255699E-3	2.544000E+0	3.390598E+17	1.295985E-19	7.702334E-2	0.000000E+0	1.496499E-1	1.177019E-4	0.000000E+0	0.000000E+0	0.000000E+0
6.407766E+0	1.319556E-1	2.620000E+0	-5.351627E-18	2.391872E+17	8.075617E-2	0.000000E+0	1.559945E-1	-3.212406E-3	0.000000E+0	0.000000E+0	0.000000E+0
6.194979E+0	-7.252932E-2	2.696000E+0	2.587907E+17	-4.848260E-18	8.230157E-2	0.000000E+0	1.613989E-1	1.889620E-3	0.000000E+0	0.000000E+0	0.000000E+0
6.366252E+0	-3.085232E-2	2.772000E+0	-3.848534E+17	-9.739225E-19	8.610743E-2	0.000000E+0	1.570746E-1	7.612196E-4	0.000000E+0	0.000000E+0	0.000000E+0
6.682289E+0	-7.486200E-2	2.848000E+0	6.653843E-18	-4.395667E+17	8.826263E-2	0.000000E+0	1.496305E-1	1.676318E-3	0.000000E+0	0.000000E+0	0.000000E+0
6.422555E+0	9.870243E-2	2.924000E+0	-1.137863E-18	-4.188961E+17	9.006748E-2	0.000000E+0	1.556645E-1	-2.392267E-3	0.000000E+0	0.000000E+0	0.000000E+0
6.708425E+0	2.977386E-1	3.000000E+0	-9.275714E-19	-3.780148E-18	9.231052E-2	0.000000E+0	1.487732E-1	-6.602971E-3	0.000000E+0	0.000000E+0	0.000000E+0
