Real / Ohm	Ximag / Ohm	V_DC / V	I_a c / A	V_ac / V	I_DC / A
1.949907E+2	-1.342431E+3	-3.000000E+0	-3.567381E+17	-4.286482E-18	3.237830E-6	1.000000E+7	1.059650E-4	7.295256E-4	0.000000E+0	0.000000E+0	0.000000E+0
1.863922E+2	-1.326343E+3	-2.924000E+0	-4.691027E+17	6.689522E-18	1.135195E-6	0.000000E+0	1.039017E-4	7.393514E-4	0.000000E+0	0.000000E+0	0.000000E+0
1.734908E+2	-1.310473E+3	-2.848000E+0	-5.749716E+17	1.371841E+17	2.096902E-6	0.000000E+0	9.928292E-5	7.499394E-4	0.000000E+0	0.000000E+0	0.000000E+0
1.723386E+2	-1.293881E+3	-2.772000E+0	-6.194310E-18	5.176240E+17	2.547837E-6	0.000000E+0	1.011478E-4	7.593962E-4	0.000000E+0	0.000000E+0	0.000000E+0
1.664850E+2	-1.275156E+3	-2.696000E+0	2.517955E+17	3.793721E+16	1.466688E-6	0.000000E+0	1.006718E-4	7.710740E-4	0.000000E+0	0.000000E+0	0.000000E+0
1.586072E+2	-1.253703E+3	-2.620000E+0	4.508571E+17	-2.686618E+17	1.406952E-6	0.000000E+0	9.932023E-5	7.850720E-4	0.000000E+0	0.000000E+0	0.000000E+0
1.440998E+2	-1.230240E+3	-2.544000E+0	8.250878E-19	2.835790E+17	8.364586E-7	0.000000E+0	9.392166E-5	8.018483E-4	0.000000E+0	0.000000E+0	0.000000E+0
1.438293E+2	-1.205563E+3	-2.468000E+0	6.288344E-18	-3.929323E-18	3.330366E-6	0.000000E+0	9.757298E-5	8.178471E-4	0.000000E+0	0.000000E+0	0.000000E+0
1.378390E+2	-1.179471E+3	-2.392000E+0	-2.649665E-18	4.664198E-18	4.292058E-6	0.000000E+0	9.774766E-5	8.364144E-4	0.000000E+0	0.000000E+0	0.000000E+0
1.311506E+2	-1.151848E+3	-2.316000E+0	2.907620E+17	-1.496570E-18	-1.385677E-6	0.000000E+0	9.758561E-5	8.570589E-4	0.000000E+0	0.000000E+0	0.000000E+0
1.202446E+2	-1.123691E+3	-2.241000E+0	-2.052875E-18	3.493290E-18	2.157307E-6	0.000000E+0	9.415145E-5	8.798494E-4	0.000000E+0	0.000000E+0	0.000000E+0
1.166921E+2	-1.096238E+3	-2.165000E+0	5.725574E-18	6.181145E-18	-4.560279E-7	0.000000E+0	9.601484E-5	9.019901E-4	0.000000E+0	0.000000E+0	0.000000E+0
1.137064E+2	-1.067106E+3	-2.089000E+0	-6.504745E+16	2.369911E+17	3.059293E-6	0.000000E+0	9.873395E-5	9.265933E-4	0.000000E+0	0.000000E+0	0.000000E+0
1.066777E+2	-1.037305E+3	-2.013000E+0	8.036571E+16	-5.942611E-18	2.999572E-6	0.000000E+0	9.810510E-5	9.539474E-4	0.000000E+0	0.000000E+0	0.000000E+0
1.004568E+2	-1.008150E+3	-1.937000E+0	2.127762E-18	3.293656E+15	3.862297E-7	0.000000E+0	9.786742E-5	9.821639E-4	0.000000E+0	0.000000E+0	0.000000E+0
9.569647E+1	-9.795359E+2	-1.861000E+0	8.607211E+16	1.700546E-17	1.347929E-6	0.000000E+0	9.879381E-5	1.011240E-3	0.000000E+0	0.000000E+0	0.000000E+0
8.817126E+1	-9.511991E+2	-1.785000E+0	-3.335094E+16	-2.240669E+17	-2.439992E-7	0.000000E+0	9.662033E-5	1.042348E-3	0.000000E+0	0.000000E+0	0.000000E+0
7.375366E+1	-9.237678E+2	-1.709000E+0	2.653475E+17	2.403843E+17	2.069937E-7	0.000000E+0	8.588125E-5	1.075666E-3	0.000000E+0	0.000000E+0	0.000000E+0
7.368158E+1	-8.974631E+2	-1.633000E+0	-6.256276E-18	1.400744E+17	-1.384928E-6	0.000000E+0	9.086743E-5	1.106792E-3	0.000000E+0	0.000000E+0	0.000000E+0
7.284033E+1	-8.726241E+2	-1.557000E+0	-4.475620E-18	-5.687704E-18	1.108972E-6	0.000000E+0	9.499527E-5	1.138039E-3	0.000000E+0	0.000000E+0	0.000000E+0
6.468082E+1	-8.479921E+2	-1.481000E+0	1.311717E+15	5.157902E-18	2.776505E-8	0.000000E+0	8.942780E-5	1.172435E-3	0.000000E+0	0.000000E+0	0.000000E+0
6.179355E+1	-8.246265E+2	-1.405000E+0	3.723455E-18	4.245176E+17	2.010900E-6	0.000000E+0	9.036426E-5	1.205899E-3	0.000000E+0	0.000000E+0	0.000000E+0
5.956284E+1	-8.040282E+2	-1.329000E+0	-5.203440E-18	3.843920E-18	-6.024493E-7	0.000000E+0	9.163386E-5	1.236949E-3	0.000000E+0	0.000000E+0	0.000000E+0
5.357083E+1	-7.825692E+2	-1.253000E+0	-1.183523E-18	-5.342346E-18	1.380737E-6	0.000000E+0	8.706678E-5	1.271882E-3	0.000000E+0	0.000000E+0	0.000000E+0
5.460892E+1	-7.626978E+2	-1.177000E+0	5.232691E+17	-3.553127E+17	1.321016E-6	0.000000E+0	9.339806E-5	1.304448E-3	0.000000E+0	0.000000E+0	0.000000E+0
5.289682E+1	-7.436787E+2	-1.101000E+0	2.088242E+17	-2.195880E+17	1.261258E-6	0.000000E+0	9.516280E-5	1.337898E-3	0.000000E+0	0.000000E+0	0.000000E+0
5.255594E+1	-7.258508E+2	-1.025000E+0	-7.957818E+16	-3.372665E-18	1.201537E-6	0.000000E+0	9.923302E-5	1.370509E-3	0.000000E+0	0.000000E+0	0.000000E+0
4.969183E+1	-7.083679E+2	-9.490000E-1	-2.208677E-18	1.807661E-18	-2.944013E-6	0.000000E+0	9.854517E-5	1.404783E-3	0.000000E+0	0.000000E+0	0.000000E+0
3.984061E+1	-6.917500E+2	-8.730000E-1	-4.775830E-18	6.138991E-18	6.060509E-8	0.000000E+0	8.298306E-5	1.440830E-3	0.000000E+0	0.000000E+0	0.000000E+0
4.422455E+1	-6.764147E+2	-7.970000E-1	3.271013E+17	1.849291E+17	5.115944E-7	0.000000E+0	9.624648E-5	1.472090E-3	0.000000E+0	0.000000E+0	0.000000E+0
4.383896E+1	-6.620574E+2	-7.220000E-1	4.410889E+17	3.939340E-18	-2.074117E-6	0.000000E+0	9.957926E-5	1.503849E-3	0.000000E+0	0.000000E+0	0.000000E+0
4.165704E+1	-6.474878E+2	-6.460000E-1	-5.506670E-18	3.318154E+17	1.441214E-6	0.000000E+0	9.895354E-5	1.538064E-3	0.000000E+0	0.000000E+0	0.000000E+0
3.955075E+1	-6.335226E+2	-5.700000E-1	-4.319920E+17	-4.172230E+17	-1.507105E-7	0.000000E+0	9.816149E-5	1.572347E-3	0.000000E+0	0.000000E+0	0.000000E+0
4.255927E+1	-6.217997E+2	-4.940000E-1	6.411590E-18	-1.599031E-19	1.832452E-6	0.000000E+0	1.095629E-4	1.600736E-3	0.000000E+0	0.000000E+0	0.000000E+0
4.067145E+1	-6.083690E+2	-4.180000E-1	-1.696221E+17	-6.410840E-19	3.815612E-6	0.000000E+0	1.094004E-4	1.636425E-3	0.000000E+0	0.000000E+0	0.000000E+0
3.979132E+1	-5.960984E+2	-3.420000E-1	-2.726899E+17	1.903750E-18	1.808039E-7	0.000000E+0	1.114863E-4	1.670133E-3	0.000000E+0	0.000000E+0	0.000000E+0
3.888879E+1	-5.845133E+2	-2.660000E-1	-1.478400E+17	2.700612E+17	1.653250E-6	0.000000E+0	1.133228E-4	1.703285E-3	0.000000E+0	0.000000E+0	0.000000E+0
4.035367E+1	-5.741904E+2	-1.900000E-1	-2.971689E+17	-4.901914E-18	6.132814E-8	0.000000E+0	1.217955E-4	1.733023E-3	0.000000E+0	0.000000E+0	0.000000E+0
3.825027E+1	-5.630464E+2	-1.140000E-1	-4.716725E+17	-4.928293E+17	-5.091388E-7	0.000000E+0	1.201009E-4	1.767894E-3	0.000000E+0	0.000000E+0	0.000000E+0
3.125107E+1	-5.527517E+2	-3.800000E-2	-9.427510E-19	-9.422141E-19	9.632797E-7	0.000000E+0	1.019574E-4	1.803366E-3	0.000000E+0	0.000000E+0	0.000000E+0
3.752936E+1	-5.435339E+2	3.800000E-2	-3.093320E+17	4.406614E-18	9.035562E-7	0.000000E+0	1.264306E-4	1.831082E-3	0.000000E+0	0.000000E+0	0.000000E+0
3.602658E+1	-5.350521E+2	1.140000E-1	-4.715168E+17	-5.436513E+17	3.397432E-6	0.000000E+0	1.252756E-4	1.860542E-3	0.000000E+0	0.000000E+0	0.000000E+0
3.256088E+1	-5.261313E+2	1.900000E-1	4.697494E+17	-5.230656E+17	1.294794E-6	0.000000E+0	1.171784E-4	1.893414E-3	0.000000E+0	0.000000E+0	0.000000E+0
3.421423E+1	-5.183375E+2	2.660000E-1	-3.021231E-18	2.523250E+17	-2.971283E-7	0.000000E+0	1.267925E-4	1.920876E-3	0.000000E+0	0.000000E+0	0.000000E+0
3.646857E+1	-5.125159E+2	3.420000E-1	-3.194978E-18	5.558819E-18	1.686032E-6	0.000000E+0	1.381372E-4	1.941330E-3	0.000000E+0	0.000000E+0	0.000000E+0
3.594171E+1	-5.049615E+2	4.180000E-1	4.155990E+17	-4.532139E-19	2.137023E-6	0.000000E+0	1.402450E-4	1.970367E-3	0.000000E+0	0.000000E+0	0.000000E+0
3.513626E+1	-4.988850E+2	4.940000E-1	-4.316265E+17	4.857998E-18	-1.497787E-6	0.000000E+0	1.404772E-4	1.994576E-3	0.000000E+0	0.000000E+0	0.000000E+0
3.597974E+1	-4.935070E+2	5.700000E-1	-3.849816E-18	-6.877525E-18	-1.557539E-6	0.000000E+0	1.469498E-4	2.015600E-3	0.000000E+0	0.000000E+0	0.000000E+0
3.664679E+1	-4.894882E+2	6.460000E-1	4.766215E-20	4.558806E+17	9.363648E-7	0.000000E+0	1.520982E-4	2.031563E-3	0.000000E+0	0.000000E+0	0.000000E+0
3.471622E+1	-4.846272E+2	7.220000E-1	1.388541E-18	6.784146E-18	-6.555601E-7	0.000000E+0	1.470598E-4	2.052907E-3	0.000000E+0	0.000000E+0	0.000000E+0
2.928918E+1	-4.806769E+2	7.970000E-1	3.266052E+17	-3.632521E-18	3.398156E-6	0.000000E+0	1.262965E-4	2.072704E-3	0.000000E+0	0.000000E+0	0.000000E+0
3.579651E+1	-4.781405E+2	8.730000E-1	-7.975154E-19	6.323277E-18	-7.473682E-7	0.000000E+0	1.557049E-4	2.079778E-3	0.000000E+0	0.000000E+0	0.000000E+0
3.286444E+1	-4.754178E+2	9.490000E-1	-4.524462E+17	2.055148E+17	2.767963E-6	0.000000E+0	1.447121E-4	2.093409E-3	0.000000E+0	0.000000E+0	0.000000E+0
3.023007E+1	-4.726270E+2	1.025000E+0	-6.904543E-18	-8.377323E+16	1.545850E-7	0.000000E+0	1.347811E-4	2.107213E-3	0.000000E+0	0.000000E+0	0.000000E+0
3.195584E+1	-4.704410E+2	1.101000E+0	2.547933E-18	-3.215913E-19	9.486394E-8	0.000000E+0	1.437277E-4	2.115902E-3	0.000000E+0	0.000000E+0	0.000000E+0
3.606451E+1	-4.695355E+2	1.177000E+0	-1.554791E+17	1.089529E+17	2.078021E-6	0.000000E+0	1.626255E-4	2.117273E-3	0.000000E+0	0.000000E+0	0.000000E+0
3.022379E+1	-4.667136E+2	1.253000E+0	-5.196819E+17	1.790907E+17	1.507557E-6	0.000000E+0	1.381753E-4	2.133694E-3	0.000000E+0	0.000000E+0	0.000000E+0
3.449481E+1	-4.649655E+2	1.329000E+0	3.883600E+17	-5.707470E+17	9.370851E-7	0.000000E+0	1.586823E-4	2.138925E-3	0.000000E+0	0.000000E+0	0.000000E+0
3.335880E+1	-4.631840E+2	1.405000E+0	-2.798456E+17	-3.562291E+17	-1.441222E-7	0.000000E+0	1.546879E-4	2.147828E-3	0.000000E+0	0.000000E+0	0.000000E+0
3.597488E+1	-4.618449E+2	1.481000E+0	7.433461E+16	-3.421240E+17	-7.145572E-7	0.000000E+0	1.676409E-4	2.152171E-3	0.000000E+0	0.000000E+0	0.000000E+0
3.425577E+1	-4.594632E+2	1.557000E+0	4.333500E+17	8.421242E+16	2.471497E-7	0.000000E+0	1.613708E-4	2.164422E-3	0.000000E+0	0.000000E+0	0.000000E+0
2.737418E+1	-4.570105E+2	1.633000E+0	5.318055E+17	-2.871880E+17	1.719563E-6	0.000000E+0	1.305971E-4	2.180311E-3	0.000000E+0	0.000000E+0	0.000000E+0
3.583716E+1	-4.562943E+2	1.709000E+0	-5.520479E-19	1.659667E-18	1.149099E-6	0.000000E+0	1.710696E-4	2.178132E-3	0.000000E+0	0.000000E+0	0.000000E+0
3.209555E+1	-4.543594E+2	1.785000E+0	9.197504E+16	2.296609E-18	2.110806E-6	0.000000E+0	1.546978E-4	2.189973E-3	0.000000E+0	0.000000E+0	0.000000E+0
2.934900E+1	-4.522595E+2	1.861000E+0	1.138051E+17	1.810141E+17	-1.524008E-6	0.000000E+0	1.428870E-4	2.201847E-3	0.000000E+0	0.000000E+0	0.000000E+0
3.238763E+1	-4.511689E+2	1.937000E+0	1.676928E-18	4.035830E-18	-5.156471E-8	0.000000E+0	1.582955E-4	2.205101E-3	0.000000E+0	0.000000E+0	0.000000E+0
3.361118E+1	-4.502723E+2	2.013000E+0	-2.680825E+17	-5.132058E+17	3.974492E-6	0.000000E+0	1.648618E-4	2.208572E-3	0.000000E+0	0.000000E+0	0.000000E+0
2.017065E+1	-4.494070E+2	2.089000E+0	5.241928E+17	-4.155966E-18	-1.703200E-6	0.000000E+0	9.967041E-5	2.220681E-3	0.000000E+0	0.000000E+0	0.000000E+0
3.633289E+1	-4.501078E+2	2.165000E+0	2.579781E+17	4.569569E-19	-7.415074E-7	0.000000E+0	1.781748E-4	2.207308E-3	0.000000E+0	0.000000E+0	0.000000E+0
3.517120E+1	-4.505749E+2	2.241000E+0	2.915631E-18	5.325354E+16	1.241671E-6	0.000000E+0	1.721928E-4	2.205946E-3	0.000000E+0	0.000000E+0	0.000000E+0
3.666122E+1	-4.528829E+2	2.316000E+0	-1.980656E+17	2.858813E+16	-8.333154E-7	0.000000E+0	1.775818E-4	2.193701E-3	0.000000E+0	0.000000E+0	0.000000E+0
3.542709E+1	-4.537493E+2	2.392000E+0	-2.714796E-18	1.441508E+17	2.171291E-6	0.000000E+0	1.710268E-4	2.190507E-3	0.000000E+0	0.000000E+0	0.000000E+0
2.808627E+1	-4.548614E+2	2.468000E+0	5.785012E-19	5.234687E+17	1.090099E-6	0.000000E+0	1.352332E-4	2.190122E-3	0.000000E+0	0.000000E+0	0.000000E+0
3.615012E+1	-4.587897E+2	2.544000E+0	3.390598E+17	1.295985E-19	8.920324E-9	0.000000E+0	1.706846E-4	2.166199E-3	0.000000E+0	0.000000E+0	0.000000E+0
3.319702E+1	-4.614541E+2	2.620000E+0	-5.351627E-18	2.391872E+17	1.481341E-6	0.000000E+0	1.550959E-4	2.155905E-3	0.000000E+0	0.000000E+0	0.000000E+0
2.772516E+1	-4.632926E+2	2.696000E+0	2.587907E+17	-4.848260E-18	9.108626E-7	0.000000E+0	1.287096E-4	2.150761E-3	0.000000E+0	0.000000E+0	0.000000E+0
3.173288E+1	-4.661793E+2	2.772000E+0	-3.848534E+17	-9.739225E-19	3.403984E-7	0.000000E+0	1.453436E-4	2.135204E-3	0.000000E+0	0.000000E+0	0.000000E+0
3.334393E+1	-4.684326E+2	2.848000E+0	6.653843E-18	-4.395667E+17	-7.407798E-7	0.000000E+0	1.511916E-4	2.124017E-3	0.000000E+0	0.000000E+0	0.000000E+0
2.054474E+1	-4.704283E+2	2.924000E+0	-1.137863E-18	-4.188961E+17	2.263812E-6	0.000000E+0	9.265871E-5	2.121676E-3	0.000000E+0	0.000000E+0	0.000000E+0
3.468185E+1	-4.722724E+2	3.000000E+0	-9.275714E-19	-3.780148E-18	1.182634E-6	0.000000E+0	1.546612E-4	2.106064E-3	0.000000E+0	0.000000E+0	0.000000E+0
