Real / Ohm	Ximag / Ohm	V_DC / V	I_a c / A	V_ac / V	I_DC / A
2.352868E+6	-2.653660E+6	3.500000E+0	-9.275714E-19	-3.780148E-18	1.139022E-6	1.000000E+3	1.870637E-7	2.109780E-7	0.000000E+0	0.000000E+0	0.000000E+0
2.079281E+6	-3.694179E+6	3.411000E+0	-1.137863E-18	-4.188939E+17	-4.844478E-7	0.000000E+0	1.157061E-7	2.055706E-7	0.000000E+0	0.000000E+0	0.000000E+0
1.627442E+6	-4.399903E+6	3.323000E+0	6.653843E-18	-4.395667E+17	1.439446E-6	0.000000E+0	7.394871E-8	1.999255E-7	0.000000E+0	0.000000E+0	0.000000E+0
1.110005E+6	-4.763699E+6	3.234000E+0	-3.127958E+17	-9.739241E-19	3.266905E-7	0.000000E+0	4.639531E-8	1.991102E-7	0.000000E+0	0.000000E+0	0.000000E+0
8.083895E+5	-4.971817E+6	3.146000E+0	2.587203E+17	-3.980899E-18	1.229157E-6	0.000000E+0	3.186091E-8	1.959533E-7	0.000000E+0	0.000000E+0	0.000000E+0
5.515520E+5	-5.034220E+6	3.057000E+0	-5.351624E-18	2.346837E+17	-3.943424E-7	0.000000E+0	2.150503E-8	1.962844E-7	0.000000E+0	0.000000E+0	0.000000E+0
4.145896E+5	-5.134270E+6	2.968000E+0	3.389541E+17	1.295985E-19	2.507295E-8	0.000000E+0	1.562566E-8	1.935079E-7	0.000000E+0	0.000000E+0	0.000000E+0
2.622351E+5	-5.132484E+6	2.880000E+0	6.327113E-19	5.234687E+17	3.481124E-6	0.000000E+0	9.928951E-9	1.943301E-7	0.000000E+0	0.000000E+0	0.000000E+0
2.104639E+5	-5.198609E+6	2.791000E+0	-2.769006E-18	3.559669E+13	2.879082E-6	0.000000E+0	7.774851E-9	1.920444E-7	0.000000E+0	0.000000E+0	0.000000E+0
2.490623E+5	-5.155634E+6	2.703000E+0	-1.980651E+17	2.858813E+16	3.781548E-6	0.000000E+0	9.348275E-9	1.935110E-7	0.000000E+0	0.000000E+0	0.000000E+0
1.485950E+5	-5.214103E+6	2.614000E+0	2.915631E-18	5.325299E+16	-9.062933E-7	0.000000E+0	5.461254E-9	1.916319E-7	0.000000E+0	0.000000E+0	0.000000E+0
1.674270E+5	-5.288375E+6	2.525000E+0	2.579781E+17	4.569561E-19	1.045293E-6	0.000000E+0	5.980616E-9	1.889047E-7	0.000000E+0	0.000000E+0	0.000000E+0
2.051523E+5	-5.320385E+6	2.437000E+0	5.241928E+17	-4.155966E-18	2.969216E-6	0.000000E+0	7.236774E-9	1.876773E-7	0.000000E+0	0.000000E+0	0.000000E+0
1.690094E+5	-5.327008E+6	2.348000E+0	-2.680828E+17	-5.132058E+17	8.349598E-7	0.000000E+0	5.949867E-9	1.875339E-7	0.000000E+0	0.000000E+0	0.000000E+0
1.407853E+5	-5.396712E+6	2.259000E+0	1.676928E-18	4.035830E-18	-2.777815E-7	0.000000E+0	4.830626E-9	1.851720E-7	0.000000E+0	0.000000E+0	0.000000E+0
1.760551E+5	-5.367624E+6	2.171000E+0	1.137875E+17	1.878399E+17	1.139269E-7	0.000000E+0	6.104041E-9	1.861020E-7	0.000000E+0	0.000000E+0	0.000000E+0
1.982870E+5	-5.447728E+6	2.082000E+0	9.225665E+16	2.295762E-18	2.065528E-6	0.000000E+0	6.672498E-9	1.833199E-7	0.000000E+0	0.000000E+0	0.000000E+0
1.770755E+5	-5.523828E+6	1.994000E+0	6.373293E-18	1.659667E-18	2.967972E-6	0.000000E+0	5.797385E-9	1.808480E-7	0.000000E+0	0.000000E+0	0.000000E+0
1.890214E+5	-5.554761E+6	1.905000E+0	5.364322E+17	-2.871878E+17	2.365930E-6	0.000000E+0	6.118960E-9	1.798175E-7	0.000000E+0	0.000000E+0	0.000000E+0
1.832062E+5	-5.599626E+6	1.816000E+0	5.229813E-18	8.421242E+16	7.424314E-7	0.000000E+0	5.836567E-9	1.783924E-7	0.000000E+0	0.000000E+0	0.000000E+0
1.732770E+5	-5.623349E+6	1.728000E+0	7.433461E+16	-3.421240E+17	2.666355E-6	0.000000E+0	5.474427E-9	1.776613E-7	0.000000E+0	0.000000E+0	0.000000E+0
1.514626E+5	-5.692776E+6	1.639000E+0	-2.820974E+17	-3.573572E+17	3.085741E-6	0.000000E+0	4.670355E-9	1.755370E-7	0.000000E+0	0.000000E+0	0.000000E+0
1.539247E+5	-5.802753E+6	1.551000E+0	3.884304E+17	-5.707470E+17	9.238574E-7	0.000000E+0	4.568090E-9	1.722108E-7	0.000000E+0	0.000000E+0	0.000000E+0
1.677631E+5	-5.795142E+6	1.462000E+0	-5.196819E+17	2.162502E-18	1.853987E-6	0.000000E+0	4.991194E-9	1.724138E-7	0.000000E+0	0.000000E+0	0.000000E+0
1.691243E+5	-5.868796E+6	1.373000E+0	-1.554791E+17	1.089529E+17	1.762659E-6	0.000000E+0	4.906225E-9	1.702513E-7	0.000000E+0	0.000000E+0	0.000000E+0
2.275522E+5	-5.920545E+6	1.285000E+0	2.547933E-18	-2.657602E+16	6.222399E-7	0.000000E+0	6.482113E-9	1.686542E-7	0.000000E+0	0.000000E+0	0.000000E+0
1.695178E+5	-5.991415E+6	1.196000E+0	-6.904543E-18	-8.377323E+16	2.573797E-6	0.000000E+0	4.718555E-9	1.667720E-7	0.000000E+0	0.000000E+0	0.000000E+0
1.770851E+5	-6.068697E+6	1.108000E+0	-4.524459E+17	2.055852E+17	1.433364E-6	0.000000E+0	4.804204E-9	1.646398E-7	0.000000E+0	0.000000E+0	0.000000E+0
2.131983E+5	-6.088174E+6	1.019000E+0	-7.975154E-19	6.323277E-18	3.895664E-6	0.000000E+0	5.744833E-9	1.640517E-7	0.000000E+0	0.000000E+0	0.000000E+0
1.518717E+5	-6.173159E+6	9.300000E-1	3.266052E+17	-3.632098E-18	2.782883E-6	0.000000E+0	3.982898E-9	1.618936E-7	0.000000E+0	0.000000E+0	0.000000E+0
2.426931E+5	-6.218794E+6	8.420000E-1	1.388541E-18	6.784133E-18	1.642456E-6	0.000000E+0	6.265910E-9	1.605584E-7	0.000000E+0	0.000000E+0	0.000000E+0
1.818975E+5	-6.276943E+6	7.530000E-1	4.766215E-20	4.558806E+17	1.040415E-6	0.000000E+0	4.612813E-9	1.591795E-7	0.000000E+0	0.000000E+0	0.000000E+0
1.672491E+5	-6.312125E+6	6.650000E-1	-3.849816E-18	-6.877737E-18	-1.632208E-6	0.000000E+0	4.194767E-9	1.583141E-7	0.000000E+0	0.000000E+0	0.000000E+0
1.386233E+5	-6.391660E+6	5.760000E-1	-4.316353E+17	3.990636E-18	-1.212793E-6	0.000000E+0	3.391600E-9	1.563803E-7	0.000000E+0	0.000000E+0	0.000000E+0
2.105103E+5	-6.342902E+6	4.870000E-1	4.155979E+17	-3.766913E+16	2.270961E-6	0.000000E+0	5.226600E-9	1.574831E-7	0.000000E+0	0.000000E+0	0.000000E+0
2.064797E+5	-6.427508E+6	3.990000E-1	-3.411812E-18	5.558819E-18	1.641225E-6	0.000000E+0	4.992800E-9	1.554209E-7	0.000000E+0	0.000000E+0	0.000000E+0
1.971021E+5	-6.489276E+6	3.100000E-1	-3.021231E-18	1.442034E+17	5.284674E-7	0.000000E+0	4.676256E-9	1.539584E-7	0.000000E+0	0.000000E+0	0.000000E+0
1.777694E+5	-6.592448E+6	2.220000E-1	-1.067113E+17	-5.230656E+17	-6.119844E-7	0.000000E+0	4.087407E-9	1.515785E-7	0.000000E+0	0.000000E+0	0.000000E+0
2.067055E+5	-6.612939E+6	1.330000E-1	-4.715167E+17	-4.040397E+17	-1.925691E-7	0.000000E+0	4.722140E-9	1.510711E-7	0.000000E+0	0.000000E+0	0.000000E+0
1.986474E+5	-6.584282E+6	4.400000E-2	-3.138356E+17	4.406614E-18	7.375584E-7	0.000000E+0	4.577949E-9	1.517387E-7	0.000000E+0	0.000000E+0	0.000000E+0
2.494453E+5	-6.671038E+6	-4.400000E-2	-9.427576E-19	-9.426377E-19	1.640021E-6	0.000000E+0	5.597340E-9	1.496924E-7	0.000000E+0	0.000000E+0	0.000000E+0
2.444271E+5	-6.659882E+6	-1.330000E-1	-4.717429E+17	-4.909997E+17	5.272341E-7	0.000000E+0	5.503408E-9	1.499508E-7	0.000000E+0	0.000000E+0	0.000000E+0
3.018198E+5	-6.659410E+6	-2.220000E-1	-2.971689E+17	-4.956124E-18	4.010992E-6	0.000000E+0	6.791802E-9	1.498556E-7	0.000000E+0	0.000000E+0	0.000000E+0
2.779699E+5	-6.576387E+6	-3.100000E-1	-1.478400E+17	2.700590E+17	4.402740E-6	0.000000E+0	6.415756E-9	1.517880E-7	0.000000E+0	0.000000E+0	0.000000E+0
2.870050E+5	-6.618854E+6	-3.990000E-1	-2.725480E+17	1.903750E-18	1.757782E-6	0.000000E+0	6.538950E-9	1.508000E-7	0.000000E+0	0.000000E+0	0.000000E+0
2.985606E+5	-6.594005E+6	-4.870000E-1	-1.696573E+17	-6.427781E-19	6.173595E-7	0.000000E+0	6.852429E-9	1.513426E-7	0.000000E+0	0.000000E+0	0.000000E+0
2.773751E+5	-6.593548E+6	-5.760000E-1	6.411590E-18	-1.599031E-19	2.568915E-6	0.000000E+0	6.368853E-9	1.513955E-7	0.000000E+0	0.000000E+0	0.000000E+0
3.115950E+5	-6.561907E+6	-6.650000E-1	-5.761072E+17	-4.172230E+17	3.499044E-6	0.000000E+0	7.220249E-9	1.520519E-7	0.000000E+0	0.000000E+0	0.000000E+0
2.855866E+5	-6.524150E+6	-7.530000E-1	-5.506723E-18	3.318154E+17	8.264506E-7	0.000000E+0	6.696665E-9	1.529835E-7	0.000000E+0	0.000000E+0	0.000000E+0
3.259414E+5	-6.532350E+6	-8.420000E-1	4.410889E+17	3.940187E-18	2.267294E-6	0.000000E+0	7.619399E-9	1.527041E-7	0.000000E+0	0.000000E+0	0.000000E+0
3.180436E+5	-6.477540E+6	-9.300000E-1	1.829862E+17	1.850698E+17	5.212638E-6	0.000000E+0	7.561723E-9	1.540083E-7	0.000000E+0	0.000000E+0	0.000000E+0
2.877214E+5	-6.460835E+6	-1.019000E+0	-1.333488E-18	6.132215E-18	1.408625E-8	0.000000E+0	6.879144E-9	1.544724E-7	0.000000E+0	0.000000E+0	0.000000E+0
2.780612E+5	-6.459669E+6	-1.108000E+0	-1.829207E-18	1.490663E+17	2.987101E-6	0.000000E+0	6.651443E-9	1.545204E-7	0.000000E+0	0.000000E+0	0.000000E+0
2.803556E+5	-6.455773E+6	-1.196000E+0	-7.957818E+16	-3.386218E-18	2.357381E-6	0.000000E+0	6.714203E-9	1.546085E-7	0.000000E+0	0.000000E+0	0.000000E+0
3.517749E+5	-6.371355E+6	-1.285000E+0	2.088264E+17	-2.195880E+17	2.231391E-7	0.000000E+0	8.639316E-9	1.564755E-7	0.000000E+0	0.000000E+0	0.000000E+0
2.919954E+5	-6.367274E+6	-1.373000E+0	-5.319417E+16	-3.192840E+17	1.636348E-6	0.000000E+0	7.187147E-9	1.567235E-7	0.000000E+0	0.000000E+0	0.000000E+0
3.431979E+5	-6.189044E+6	-1.462000E+0	-1.291944E-18	-5.342346E-18	5.235343E-7	0.000000E+0	8.932316E-9	1.610805E-7	0.000000E+0	0.000000E+0	0.000000E+0
3.126646E+5	-6.288301E+6	-1.551000E+0	-5.203440E-18	-3.094974E-18	1.964407E-6	0.000000E+0	7.887506E-9	1.586333E-7	0.000000E+0	0.000000E+0	0.000000E+0
3.097202E+5	-6.259404E+6	-1.639000E+0	3.716679E-18	4.245176E+17	-7.082199E-7	0.000000E+0	7.885724E-9	1.593694E-7	0.000000E+0	0.000000E+0	0.000000E+0
3.588271E+5	-6.242775E+6	-1.728000E+0	1.311717E+15	5.157902E-18	-2.887755E-7	0.000000E+0	9.176930E-9	1.596577E-7	0.000000E+0	0.000000E+0	0.000000E+0
3.022539E+5	-6.095465E+6	-1.816000E+0	-1.016338E-18	-5.687757E-18	3.678004E-6	0.000000E+0	8.115059E-9	1.636540E-7	0.000000E+0	0.000000E+0	0.000000E+0
3.157967E+5	-6.062054E+6	-1.905000E+0	-6.256277E-18	1.398985E+17	1.543762E-6	0.000000E+0	8.570201E-9	1.645141E-7	0.000000E+0	0.000000E+0	0.000000E+0
2.698187E+5	-6.086506E+6	-1.994000E+0	2.698511E+17	2.405250E+17	1.963206E-6	0.000000E+0	7.269144E-9	1.639756E-7	0.000000E+0	0.000000E+0	0.000000E+0
2.961679E+5	-6.106594E+6	-2.082000E+0	-4.013414E-19	-2.240669E+17	3.376335E-6	0.000000E+0	7.923545E-9	1.633731E-7	0.000000E+0	0.000000E+0	0.000000E+0
3.686118E+5	-6.039116E+6	-2.171000E+0	8.607252E+16	1.699529E-17	1.242166E-6	0.000000E+0	1.006949E-8	1.649725E-7	0.000000E+0	0.000000E+0	0.000000E+0
3.554483E+5	-5.928971E+6	-2.259000E+0	2.127762E-18	3.276064E+15	1.123160E-6	0.000000E+0	1.007534E-8	1.680593E-7	0.000000E+0	0.000000E+0	0.000000E+0
3.300026E+5	-5.926179E+6	-2.348000E+0	-4.960952E+17	1.188143E+17	2.564047E-6	0.000000E+0	9.367490E-9	1.682212E-7	0.000000E+0	0.000000E+0	0.000000E+0
3.251156E+5	-5.860027E+6	-2.437000E+0	-6.504745E+16	2.369911E+17	2.472705E-6	0.000000E+0	9.438519E-9	1.701240E-7	0.000000E+0	0.000000E+0	0.000000E+0
3.278474E+5	-5.890265E+6	-2.525000E+0	5.291893E-18	5.135446E+17	1.332228E-6	0.000000E+0	9.420170E-9	1.692473E-7	0.000000E+0	0.000000E+0	0.000000E+0
3.077477E+5	-5.884940E+6	-2.614000E+0	-2.052875E-18	3.493290E-18	3.283814E-6	0.000000E+0	8.861856E-9	1.694618E-7	0.000000E+0	0.000000E+0	0.000000E+0
2.694556E+5	-5.786218E+6	-2.703000E+0	2.907620E+17	-1.496570E-18	2.681772E-6	0.000000E+0	8.030763E-9	1.724505E-7	0.000000E+0	0.000000E+0	0.000000E+0
3.231808E+5	-5.799495E+6	-2.791000E+0	4.285629E-18	4.664198E-18	1.541353E-6	0.000000E+0	9.578966E-9	1.718950E-7	0.000000E+0	0.000000E+0	0.000000E+0
3.246979E+5	-5.769010E+6	-2.880000E+0	6.288337E-18	-3.928899E-18	4.003654E-6	0.000000E+0	9.725307E-9	1.727926E-7	0.000000E+0	0.000000E+0	0.000000E+0
3.366127E+5	-5.695817E+6	-2.968000E+0	8.250878E-19	2.832976E+17	1.841734E-6	0.000000E+0	1.033961E-8	1.749564E-7	0.000000E+0	0.000000E+0	0.000000E+0
2.866039E+5	-5.675676E+6	-3.057000E+0	4.553607E+17	-2.686618E+17	1.750406E-6	0.000000E+0	8.874439E-9	1.757423E-7	0.000000E+0	0.000000E+0	0.000000E+0
3.652692E+5	-5.583932E+6	-3.146000E+0	2.517955E+17	3.793721E+16	3.191279E-6	0.000000E+0	1.166483E-8	1.783222E-7	0.000000E+0	0.000000E+0	0.000000E+0
3.030481E+5	-5.622038E+6	-3.234000E+0	-6.194311E-18	6.447522E-18	4.093774E-6	0.000000E+0	9.560133E-9	1.773561E-7	0.000000E+0	0.000000E+0	0.000000E+0
3.430954E+5	-5.497597E+6	-3.323000E+0	-5.704680E+17	6.513754E+16	3.491674E-6	0.000000E+0	1.130787E-8	1.811920E-7	0.000000E+0	0.000000E+0	0.000000E+0
3.349955E+5	-5.570529E+6	-3.411000E+0	-1.808722E+17	6.906363E-18	-7.130875E-7	0.000000E+0	1.075668E-8	1.788693E-7	0.000000E+0	0.000000E+0	0.000000E+0
3.347895E+5	-5.527278E+6	-3.500000E+0	-3.567381E+17	-4.286482E-18	2.259927E-6	0.000000E+0	1.091839E-8	1.802595E-7	0.000000E+0	0.000000E+0	0.000000E+0
