Real / Ohm	Ximag / Ohm	V_DC / V	I_a c / A	V_ac / V	I_DC / A
1.343196E+2	-4.176342E+3	-3.000000E+0	-3.567381E+17	-4.286482E-18	-8.479983E-7	1.000000E+6	7.693045E-6	2.391966E-4	0.000000E+0	0.000000E+0	0.000000E+0
1.348557E+2	-4.160817E+3	-2.924000E+0	-1.808722E+17	6.906363E-18	3.688765E-6	0.000000E+0	7.781371E-6	2.400852E-4	0.000000E+0	0.000000E+0	0.000000E+0
1.366360E+2	-4.138172E+3	-2.848000E+0	-5.704680E+17	6.513754E+16	2.607616E-6	0.000000E+0	7.970303E-6	2.413894E-4	0.000000E+0	0.000000E+0	0.000000E+0
1.383557E+2	-4.114721E+3	-2.772000E+0	-6.194311E-18	6.447522E-18	3.058609E-6	0.000000E+0	8.162544E-6	2.427554E-4	0.000000E+0	0.000000E+0	0.000000E+0
1.390015E+2	-4.092997E+3	-2.696000E+0	2.517955E+17	3.793721E+16	2.488116E-6	0.000000E+0	8.287738E-6	2.440383E-4	0.000000E+0	0.000000E+0	0.000000E+0
1.398765E+2	-4.074204E+3	-2.620000E+0	4.553607E+17	-2.686618E+17	3.449808E-6	0.000000E+0	8.416812E-6	2.451578E-4	0.000000E+0	0.000000E+0	0.000000E+0
1.407546E+2	-4.056144E+3	-2.544000E+0	8.250878E-19	2.832976E+17	2.368659E-6	0.000000E+0	8.545022E-6	2.462430E-4	0.000000E+0	0.000000E+0	0.000000E+0
1.408821E+2	-4.039869E+3	-2.468000E+0	6.288337E-18	-3.928899E-18	2.660236E-7	0.000000E+0	8.621710E-6	2.472321E-4	0.000000E+0	0.000000E+0	0.000000E+0
1.413208E+2	-4.024325E+3	-2.392000E+0	4.285629E-18	4.664198E-18	4.292058E-6	0.000000E+0	8.715349E-6	2.481828E-4	0.000000E+0	0.000000E+0	0.000000E+0
1.418413E+2	-4.009550E+3	-2.316000E+0	2.907620E+17	-1.496570E-18	1.465232E-7	0.000000E+0	8.811874E-6	2.490928E-4	0.000000E+0	0.000000E+0	0.000000E+0
1.418965E+2	-3.996189E+3	-2.241000E+0	-2.052875E-18	3.493290E-18	3.178793E-6	0.000000E+0	8.874266E-6	2.499233E-4	0.000000E+0	0.000000E+0	0.000000E+0
1.422319E+2	-3.982695E+3	-2.165000E+0	5.291893E-18	5.135446E+17	5.161943E-6	0.000000E+0	8.955490E-6	2.507664E-4	0.000000E+0	0.000000E+0	0.000000E+0
1.421052E+2	-3.969918E+3	-2.089000E+0	-6.504745E+16	2.369911E+17	3.570007E-6	0.000000E+0	9.005147E-6	2.515720E-4	0.000000E+0	0.000000E+0	0.000000E+0
1.428928E+2	-3.956655E+3	-2.013000E+0	-4.960952E+17	1.188143E+17	5.042486E-6	0.000000E+0	9.115656E-6	2.524095E-4	0.000000E+0	0.000000E+0	0.000000E+0
1.428508E+2	-3.944195E+3	-1.937000E+0	2.127762E-18	3.276064E+15	2.429086E-6	0.000000E+0	9.170576E-6	2.532050E-4	0.000000E+0	0.000000E+0	0.000000E+0
1.432900E+2	-3.931724E+3	-1.861000E+0	8.607252E+16	1.699529E-17	1.347929E-6	0.000000E+0	9.257067E-6	2.540040E-4	0.000000E+0	0.000000E+0	0.000000E+0
1.431274E+2	-3.918787E+3	-1.785000E+0	-4.013414E-19	-2.240669E+17	4.352543E-6	0.000000E+0	9.307660E-6	2.548411E-4	0.000000E+0	0.000000E+0	0.000000E+0
1.432271E+2	-3.906374E+3	-1.709000E+0	2.698511E+17	2.405250E+17	1.228422E-6	0.000000E+0	9.373335E-6	2.556482E-4	0.000000E+0	0.000000E+0	0.000000E+0
1.432920E+2	-3.893629E+3	-1.633000E+0	-6.256277E-18	1.398985E+17	4.233043E-6	0.000000E+0	9.438979E-6	2.564824E-4	0.000000E+0	0.000000E+0	0.000000E+0
1.434419E+2	-3.880642E+3	-1.557000E+0	-1.016338E-18	-5.687757E-18	2.641114E-6	0.000000E+0	9.512089E-6	2.573377E-4	0.000000E+0	0.000000E+0	0.000000E+0
1.433906E+2	-3.867377E+3	-1.481000E+0	1.311717E+15	5.157902E-18	2.070679E-6	0.000000E+0	9.573948E-6	2.582182E-4	0.000000E+0	0.000000E+0	0.000000E+0
1.434521E+2	-3.854041E+3	-1.405000E+0	3.716679E-18	4.245176E+17	2.521672E-6	0.000000E+0	9.644351E-6	2.591089E-4	0.000000E+0	0.000000E+0	0.000000E+0
1.435923E+2	-3.840052E+3	-1.329000E+0	-5.203440E-18	-3.094974E-18	2.461893E-6	0.000000E+0	9.724115E-6	2.600495E-4	0.000000E+0	0.000000E+0	0.000000E+0
1.433940E+2	-3.826053E+3	-1.253000E+0	-1.291944E-18	-5.342346E-18	-1.172892E-6	0.000000E+0	9.781815E-6	2.609994E-4	0.000000E+0	0.000000E+0	0.000000E+0
1.435222E+2	-3.811131E+3	-1.177000E+0	-5.319417E+16	-3.192840E+17	-2.254099E-6	0.000000E+0	9.867244E-6	2.620177E-4	0.000000E+0	0.000000E+0	0.000000E+0
1.431675E+2	-3.795717E+3	-1.101000E+0	2.088264E+17	-2.195880E+17	2.793429E-6	0.000000E+0	9.922917E-6	2.630806E-4	0.000000E+0	0.000000E+0	0.000000E+0
1.433972E+2	-3.780486E+3	-1.025000E+0	-7.957818E+16	-3.386218E-18	3.244422E-6	0.000000E+0	1.001892E-5	2.641362E-4	0.000000E+0	0.000000E+0	0.000000E+0
1.434111E+2	-3.763854E+3	-9.490000E-1	-1.829207E-18	1.490663E+17	1.652501E-6	0.000000E+0	1.010851E-5	2.653000E-4	0.000000E+0	0.000000E+0	0.000000E+0
1.431931E+2	-3.747152E+3	-8.730000E-1	-1.333488E-18	6.132215E-18	2.614233E-6	0.000000E+0	1.018323E-5	2.664802E-4	0.000000E+0	0.000000E+0	0.000000E+0
1.432732E+2	-3.729104E+3	-7.970000E-1	1.829862E+17	1.850698E+17	3.575937E-6	0.000000E+0	1.028763E-5	2.677657E-4	0.000000E+0	0.000000E+0	0.000000E+0
1.433582E+2	-3.711537E+3	-7.220000E-1	4.410889E+17	3.940187E-18	1.500968E-6	0.000000E+0	1.039124E-5	2.690288E-4	0.000000E+0	0.000000E+0	0.000000E+0
1.432917E+2	-3.692348E+3	-6.460000E-1	-5.506723E-18	3.318154E+17	1.951928E-6	0.000000E+0	1.049451E-5	2.704231E-4	0.000000E+0	0.000000E+0	0.000000E+0
1.431865E+2	-3.672449E+3	-5.700000E-1	-5.761072E+17	-4.172230E+17	2.402918E-6	0.000000E+0	1.060061E-5	2.718845E-4	0.000000E+0	0.000000E+0	0.000000E+0
1.431580E+2	-3.651881E+3	-4.940000E-1	6.411590E-18	-1.599031E-19	3.364623E-6	0.000000E+0	1.071804E-5	2.734113E-4	0.000000E+0	0.000000E+0	0.000000E+0
1.433442E+2	-3.630368E+3	-4.180000E-1	-1.696573E+17	-6.427781E-19	2.794155E-6	0.000000E+0	1.085931E-5	2.750254E-4	0.000000E+0	0.000000E+0	0.000000E+0
1.433840E+2	-3.607810E+3	-3.420000E-1	-2.725480E+17	1.903750E-18	-2.372824E-6	0.000000E+0	1.099836E-5	2.767394E-4	0.000000E+0	0.000000E+0	0.000000E+0
1.436138E+2	-3.584151E+3	-2.660000E-1	-1.478400E+17	2.700590E+17	-3.896639E-7	0.000000E+0	1.116161E-5	2.785589E-4	0.000000E+0	0.000000E+0	0.000000E+0
1.434055E+2	-3.559407E+3	-1.900000E-1	-2.971689E+17	-4.956124E-18	1.082785E-6	0.000000E+0	1.130072E-5	2.804904E-4	0.000000E+0	0.000000E+0	0.000000E+0
1.437786E+2	-3.533405E+3	-1.140000E-1	-4.717429E+17	-4.909997E+17	1.023032E-6	0.000000E+0	1.149712E-5	2.825453E-4	0.000000E+0	0.000000E+0	0.000000E+0
1.440002E+2	-3.506089E+3	-3.800000E-2	-9.427576E-19	-9.426377E-19	4.538365E-6	0.000000E+0	1.169460E-5	2.847378E-4	0.000000E+0	0.000000E+0	0.000000E+0
1.439094E+2	-3.476980E+3	3.800000E-2	-3.138356E+17	4.406614E-18	1.925013E-6	0.000000E+0	1.188342E-5	2.871141E-4	0.000000E+0	0.000000E+0	0.000000E+0
1.441394E+2	-3.446660E+3	1.140000E-1	-4.715167E+17	-4.040397E+17	1.865261E-6	0.000000E+0	1.211231E-5	2.896294E-4	0.000000E+0	0.000000E+0	0.000000E+0
1.442192E+2	-3.414638E+3	1.900000E-1	-1.067113E+17	-5.230656E+17	2.733368E-7	0.000000E+0	1.234695E-5	2.923353E-4	0.000000E+0	0.000000E+0	0.000000E+0
1.443337E+2	-3.380501E+3	2.660000E-1	-3.021231E-18	1.442034E+17	1.235072E-6	0.000000E+0	1.260708E-5	2.952759E-4	0.000000E+0	0.000000E+0	0.000000E+0
1.446045E+2	-3.343646E+3	3.420000E-1	-3.411812E-18	5.558819E-18	3.218203E-6	0.000000E+0	1.291010E-5	2.985164E-4	0.000000E+0	0.000000E+0	0.000000E+0
1.445964E+2	-3.304390E+3	4.180000E-1	4.155979E+17	-3.766913E+16	-4.166050E-7	0.000000E+0	1.321734E-5	3.020493E-4	0.000000E+0	0.000000E+0	0.000000E+0
1.448896E+2	-3.262007E+3	4.940000E-1	-4.316353E+17	3.990636E-18	-4.763297E-7	0.000000E+0	1.358975E-5	3.059561E-4	0.000000E+0	0.000000E+0	0.000000E+0
1.458711E+2	-3.216674E+3	5.700000E-1	-3.849816E-18	-6.877737E-18	2.017547E-6	0.000000E+0	1.406899E-5	3.102421E-4	0.000000E+0	0.000000E+0	0.000000E+0
1.460549E+2	-3.165600E+3	6.460000E-1	4.766215E-20	4.558806E+17	1.447079E-6	0.000000E+0	1.454389E-5	3.152249E-4	0.000000E+0	0.000000E+0	0.000000E+0
1.458669E+2	-3.109751E+3	7.220000E-1	1.388541E-18	6.784133E-18	2.408782E-6	0.000000E+0	1.505050E-5	3.208632E-4	0.000000E+0	0.000000E+0	0.000000E+0
1.456987E+2	-3.050342E+3	7.970000E-1	3.266052E+17	-3.632098E-18	-3.241243E-6	0.000000E+0	1.562316E-5	3.270859E-4	0.000000E+0	0.000000E+0	0.000000E+0
1.451902E+2	-2.987545E+3	8.730000E-1	-7.975154E-19	6.323277E-18	4.359859E-6	0.000000E+0	1.622871E-5	3.339343E-4	0.000000E+0	0.000000E+0	0.000000E+0
1.443711E+2	-2.922904E+3	9.490000E-1	-4.524459E+17	2.055852E+17	-2.963789E-7	0.000000E+0	1.685749E-5	3.412929E-4	0.000000E+0	0.000000E+0	0.000000E+0
1.432754E+2	-2.861474E+3	1.025000E+0	-6.904543E-18	-8.377323E+16	2.197499E-6	0.000000E+0	1.745439E-5	3.485963E-4	0.000000E+0	0.000000E+0	0.000000E+0
1.414221E+2	-2.818654E+3	1.101000E+0	2.547933E-18	-2.657602E+16	9.486394E-8	0.000000E+0	1.775586E-5	3.538884E-4	0.000000E+0	0.000000E+0	0.000000E+0
1.386572E+2	-2.875415E+3	1.177000E+0	-1.554791E+17	1.089529E+17	3.099449E-6	0.000000E+0	1.673141E-5	3.469691E-4	0.000000E+0	0.000000E+0	0.000000E+0
1.346570E+2	-3.045849E+3	1.253000E+0	-5.196819E+17	2.162502E-18	9.968135E-7	0.000000E+0	1.448652E-5	3.276752E-4	0.000000E+0	0.000000E+0	0.000000E+0
1.315608E+2	-3.175128E+3	1.329000E+0	3.884304E+17	-5.707470E+17	-2.638000E-6	0.000000E+0	1.302744E-5	3.144081E-4	0.000000E+0	0.000000E+0	0.000000E+0
1.287290E+2	-3.259367E+3	1.405000E+0	-2.820974E+17	-3.573572E+17	1.898792E-6	0.000000E+0	1.209854E-5	3.063302E-4	0.000000E+0	0.000000E+0	0.000000E+0
1.268843E+2	-3.320519E+3	1.481000E+0	7.433461E+16	-3.421240E+17	-1.736014E-6	0.000000E+0	1.149112E-5	3.007186E-4	0.000000E+0	0.000000E+0	0.000000E+0
1.254207E+2	-3.367591E+3	1.557000E+0	5.229813E-18	8.421242E+16	1.779321E-6	0.000000E+0	1.104405E-5	2.965369E-4	0.000000E+0	0.000000E+0	0.000000E+0
1.245320E+2	-3.406665E+3	1.633000E+0	5.364322E+17	-2.871878E+17	1.208849E-6	0.000000E+0	1.071623E-5	2.931505E-4	0.000000E+0	0.000000E+0	0.000000E+0
1.229734E+2	-3.438780E+3	1.709000E+0	6.373293E-18	1.659667E-18	-2.425957E-6	0.000000E+0	1.038598E-5	2.904294E-4	0.000000E+0	0.000000E+0	0.000000E+0
1.229333E+2	-3.466093E+3	1.785000E+0	9.225665E+16	2.295762E-18	5.786351E-7	0.000000E+0	1.021982E-5	2.881468E-4	0.000000E+0	0.000000E+0	0.000000E+0
1.227947E+2	-3.489811E+3	1.861000E+0	1.137875E+17	1.878399E+17	1.029621E-6	0.000000E+0	1.007021E-5	2.861941E-4	0.000000E+0	0.000000E+0	0.000000E+0
1.223560E+2	-3.510835E+3	1.937000E+0	1.676928E-18	4.035830E-18	9.698924E-7	0.000000E+0	9.914647E-6	2.844870E-4	0.000000E+0	0.000000E+0	0.000000E+0
1.227515E+2	-3.530115E+3	2.013000E+0	-2.680828E+17	-5.132058E+17	1.420864E-6	0.000000E+0	9.838396E-6	2.829348E-4	0.000000E+0	0.000000E+0	0.000000E+0
1.218672E+2	-3.546912E+3	2.089000E+0	5.241928E+17	-4.155966E-18	2.382571E-6	0.000000E+0	9.675504E-6	2.816029E-4	0.000000E+0	0.000000E+0	0.000000E+0
1.227930E+2	-3.562208E+3	2.165000E+0	2.579781E+17	4.569561E-19	-2.307934E-7	0.000000E+0	9.665389E-6	2.803916E-4	0.000000E+0	0.000000E+0	0.000000E+0
1.219185E+2	-3.576365E+3	2.241000E+0	2.915631E-18	5.325299E+16	-2.844128E-6	0.000000E+0	9.520977E-6	2.792889E-4	0.000000E+0	0.000000E+0	0.000000E+0
1.221292E+2	-3.589443E+3	2.316000E+0	-1.980651E+17	2.858813E+16	1.720284E-6	0.000000E+0	9.468102E-6	2.782726E-4	0.000000E+0	0.000000E+0	0.000000E+0
1.222593E+2	-3.601650E+3	2.392000E+0	-2.769006E-18	3.559669E+13	4.214206E-6	0.000000E+0	9.414099E-6	2.773310E-4	0.000000E+0	0.000000E+0	0.000000E+0
1.225259E+2	-3.612892E+3	2.468000E+0	6.327113E-19	5.234687E+17	1.600813E-6	0.000000E+0	9.376025E-6	2.764686E-4	0.000000E+0	0.000000E+0	0.000000E+0
1.225120E+2	-3.623432E+3	2.544000E+0	3.389541E+17	1.295985E-19	5.196343E-7	0.000000E+0	9.320564E-6	2.756663E-4	0.000000E+0	0.000000E+0	0.000000E+0
1.232568E+2	-3.634083E+3	2.620000E+0	-5.351624E-18	2.346837E+17	4.598842E-7	0.000000E+0	9.322275E-6	2.748564E-4	0.000000E+0	0.000000E+0	0.000000E+0
1.229648E+2	-3.642935E+3	2.696000E+0	2.587203E+17	-3.980899E-18	4.001486E-7	0.000000E+0	9.255149E-6	2.741915E-4	0.000000E+0	0.000000E+0	0.000000E+0
1.237878E+2	-3.651236E+3	2.772000E+0	-3.127958E+17	-9.739241E-19	2.383313E-6	0.000000E+0	9.274684E-6	2.735654E-4	0.000000E+0	0.000000E+0	0.000000E+0
1.238975E+2	-3.659816E+3	2.848000E+0	6.653843E-18	-4.395667E+17	1.302105E-6	0.000000E+0	9.239460E-6	2.729250E-4	0.000000E+0	0.000000E+0	0.000000E+0
1.250579E+2	-3.667003E+3	2.924000E+0	-1.137863E-18	-4.188939E+17	2.263812E-6	0.000000E+0	9.289317E-6	2.723855E-4	0.000000E+0	0.000000E+0	0.000000E+0
1.252771E+2	-3.672918E+3	3.000000E+0	-9.275714E-19	-3.780148E-18	1.182634E-6	0.000000E+0	9.275648E-6	2.719467E-4	0.000000E+0	0.000000E+0	0.000000E+0
