Real / Ohm	Ximag / Ohm	V_DC / V	I_a c / A	V_ac / V	I_DC / A
6.113229E+0	-1.294747E+0	3.000000E+0	-9.275714E-19	-3.780148E-18	8.850868E-2	1.000000E+7	1.565570E-1	3.315788E-2	0.000000E+0	0.000000E+0	0.000000E+0
5.801154E+0	-1.437014E+0	2.924000E+0	-1.137863E-18	-4.188939E+17	8.821507E-2	0.000000E+0	1.624136E-1	4.023176E-2	0.000000E+0	0.000000E+0	0.000000E+0
5.656877E+0	-1.605967E+0	2.848000E+0	6.653843E-18	-4.395667E+17	8.588418E-2	0.000000E+0	1.635910E-1	4.644290E-2	0.000000E+0	0.000000E+0	0.000000E+0
5.626223E+0	-1.733347E+0	2.772000E+0	-3.127958E+17	-9.739241E-19	8.345523E-2	0.000000E+0	1.623314E-1	5.001163E-2	0.000000E+0	0.000000E+0	0.000000E+0
5.657550E+0	-1.759605E+0	2.696000E+0	2.587203E+17	-3.980899E-18	8.111311E-2	0.000000E+0	1.611650E-1	5.012537E-2	0.000000E+0	0.000000E+0	0.000000E+0
5.682278E+0	-1.728801E+0	2.620000E+0	-5.351624E-18	2.346837E+17	7.887313E-2	0.000000E+0	1.610758E-1	4.900641E-2	0.000000E+0	0.000000E+0	0.000000E+0
5.709888E+0	-1.725142E+0	2.544000E+0	3.389541E+17	1.295985E-19	7.656063E-2	0.000000E+0	1.604851E-1	4.848773E-2	0.000000E+0	0.000000E+0	0.000000E+0
5.744419E+0	-1.695888E+0	2.468000E+0	6.327113E-19	5.234687E+17	7.427008E-2	0.000000E+0	1.601259E-1	4.727295E-2	0.000000E+0	0.000000E+0	0.000000E+0
5.724881E+0	-1.712365E+0	2.392000E+0	-2.769006E-18	3.559669E+13	7.196985E-2	0.000000E+0	1.603318E-1	4.795673E-2	0.000000E+0	0.000000E+0	0.000000E+0
5.741722E+0	-1.687292E+0	2.316000E+0	-1.980651E+17	2.858813E+16	6.968901E-2	0.000000E+0	1.603191E-1	4.711221E-2	0.000000E+0	0.000000E+0	0.000000E+0
5.747389E+0	-1.664215E+0	2.241000E+0	2.915631E-18	5.325299E+16	6.743267E-2	0.000000E+0	1.605322E-1	4.648374E-2	0.000000E+0	0.000000E+0	0.000000E+0
5.752536E+0	-1.657687E+0	2.165000E+0	2.579781E+17	4.569561E-19	6.514776E-2	0.000000E+0	1.605078E-1	4.625295E-2	0.000000E+0	0.000000E+0	0.000000E+0
5.781408E+0	-1.650926E+0	2.089000E+0	5.241928E+17	-4.155966E-18	6.286845E-2	0.000000E+0	1.599273E-1	4.566847E-2	0.000000E+0	0.000000E+0	0.000000E+0
5.793940E+0	-1.669394E+0	2.013000E+0	-2.680828E+17	-5.132058E+17	6.055800E-2	0.000000E+0	1.593641E-1	4.591720E-2	0.000000E+0	0.000000E+0	0.000000E+0
5.821099E+0	-1.665942E+0	1.937000E+0	1.676928E-18	4.035830E-18	5.829044E-2	0.000000E+0	1.587837E-1	4.544235E-2	0.000000E+0	0.000000E+0	0.000000E+0
5.812261E+0	-1.663135E+0	1.861000E+0	1.137875E+17	1.878399E+17	5.597182E-2	0.000000E+0	1.590292E-1	4.550501E-2	0.000000E+0	0.000000E+0	0.000000E+0
5.837055E+0	-1.656319E+0	1.785000E+0	9.225665E+16	2.295762E-18	5.372724E-2	0.000000E+0	1.585527E-1	4.499081E-2	0.000000E+0	0.000000E+0	0.000000E+0
5.846581E+0	-1.655148E+0	1.709000E+0	6.373293E-18	1.659667E-18	5.142239E-2	0.000000E+0	1.583494E-1	4.482820E-2	0.000000E+0	0.000000E+0	0.000000E+0
5.839619E+0	-1.636537E+0	1.633000E+0	5.364322E+17	-2.871878E+17	4.916608E-2	0.000000E+0	1.587742E-1	4.449602E-2	0.000000E+0	0.000000E+0	0.000000E+0
5.853509E+0	-1.659540E+0	1.557000E+0	5.229813E-18	8.421242E+16	4.688167E-2	0.000000E+0	1.581276E-1	4.483106E-2	0.000000E+0	0.000000E+0	0.000000E+0
5.869011E+0	-1.652270E+0	1.481000E+0	7.433461E+16	-3.421240E+17	4.458705E-2	0.000000E+0	1.578740E-1	4.444539E-2	0.000000E+0	0.000000E+0	0.000000E+0
5.880149E+0	-1.643668E+0	1.405000E+0	-2.820974E+17	-3.573572E+17	4.230570E-2	0.000000E+0	1.577386E-1	4.409241E-2	0.000000E+0	0.000000E+0	0.000000E+0
5.888916E+0	-1.649543E+0	1.329000E+0	3.884304E+17	-5.707470E+17	4.002487E-2	0.000000E+0	1.574563E-1	4.410505E-2	0.000000E+0	0.000000E+0	0.000000E+0
5.898618E+0	-1.660986E+0	1.253000E+0	-5.196819E+17	2.162502E-18	3.772105E-2	0.000000E+0	1.570763E-1	4.423096E-2	0.000000E+0	0.000000E+0	0.000000E+0
5.899547E+0	-1.643985E+0	1.177000E+0	-1.554791E+17	1.089529E+17	3.544787E-2	0.000000E+0	1.572905E-1	4.383102E-2	0.000000E+0	0.000000E+0	0.000000E+0
5.909540E+0	-1.641987E+0	1.101000E+0	2.547933E-18	-2.657602E+16	3.316142E-2	0.000000E+0	1.570901E-1	4.364806E-2	0.000000E+0	0.000000E+0	0.000000E+0
5.927709E+0	-1.634833E+0	1.025000E+0	-6.904543E-18	-8.377323E+16	3.087854E-2	0.000000E+0	1.567745E-1	4.323764E-2	0.000000E+0	0.000000E+0	0.000000E+0
5.952182E+0	-1.647307E+0	9.490000E-1	-4.524459E+17	2.055852E+17	2.859056E-2	0.000000E+0	1.560529E-1	4.318869E-2	0.000000E+0	0.000000E+0	0.000000E+0
5.945611E+0	-1.639173E+0	8.730000E-1	-7.975154E-19	6.323277E-18	2.630513E-2	0.000000E+0	1.563105E-1	4.309397E-2	0.000000E+0	0.000000E+0	0.000000E+0
5.962517E+0	-1.641094E+0	7.970000E-1	3.266052E+17	-3.632098E-18	2.402684E-2	0.000000E+0	1.559040E-1	4.291025E-2	0.000000E+0	0.000000E+0	0.000000E+0
5.956050E+0	-1.629041E+0	7.220000E-1	1.388541E-18	6.784133E-18	2.175722E-2	0.000000E+0	1.562107E-1	4.272524E-2	0.000000E+0	0.000000E+0	0.000000E+0
5.954876E+0	-1.641378E+0	6.460000E-1	4.766215E-20	4.558806E+17	1.947281E-2	0.000000E+0	1.560720E-1	4.301906E-2	0.000000E+0	0.000000E+0	0.000000E+0
5.953213E+0	-1.634000E+0	5.700000E-1	-3.849816E-18	-6.877737E-18	1.718993E-2	0.000000E+0	1.562084E-1	4.287510E-2	0.000000E+0	0.000000E+0	0.000000E+0
5.970057E+0	-1.625872E+0	4.940000E-1	-4.316353E+17	3.990636E-18	1.490297E-2	0.000000E+0	1.559371E-1	4.246755E-2	0.000000E+0	0.000000E+0	0.000000E+0
5.973223E+0	-1.645861E+0	4.180000E-1	4.155979E+17	-3.766913E+16	1.261703E-2	0.000000E+0	1.556003E-1	4.287408E-2	0.000000E+0	0.000000E+0	0.000000E+0
5.977886E+0	-1.610797E+0	3.420000E-1	-3.411812E-18	5.558819E-18	1.032751E-2	0.000000E+0	1.559593E-1	4.202468E-2	0.000000E+0	0.000000E+0	0.000000E+0
6.005362E+0	-1.618858E+0	2.660000E-1	-3.021231E-18	1.442034E+17	8.042589E-3	0.000000E+0	1.552372E-1	4.184710E-2	0.000000E+0	0.000000E+0	0.000000E+0
5.976888E+0	-1.645507E+0	1.900000E-1	-1.067113E+17	-5.230656E+17	5.760222E-3	0.000000E+0	1.555230E-1	4.281731E-2	0.000000E+0	0.000000E+0	0.000000E+0
5.978721E+0	-1.626765E+0	1.140000E-1	-4.715167E+17	-4.040397E+17	3.473769E-3	0.000000E+0	1.557305E-1	4.237309E-2	0.000000E+0	0.000000E+0	0.000000E+0
5.958527E+0	-1.630596E+0	3.800000E-2	-3.138356E+17	4.406614E-18	1.185273E-3	0.000000E+0	1.561341E-1	4.272727E-2	0.000000E+0	0.000000E+0	0.000000E+0
5.970380E+0	-1.616890E+0	-3.800000E-2	-9.427576E-19	-9.426377E-19	-1.113948E-3	0.000000E+0	1.560485E-1	4.226084E-2	0.000000E+0	0.000000E+0	0.000000E+0
5.967370E+0	-1.619661E+0	-1.140000E-1	-4.717429E+17	-4.909997E+17	-3.401934E-3	0.000000E+0	1.560798E-1	4.236312E-2	0.000000E+0	0.000000E+0	0.000000E+0
5.941949E+0	-1.604349E+0	-1.900000E-1	-2.971689E+17	-4.956124E-18	-5.691452E-3	0.000000E+0	1.568596E-1	4.235268E-2	0.000000E+0	0.000000E+0	0.000000E+0
5.963510E+0	-1.620477E+0	-2.660000E-1	-1.478400E+17	2.700590E+17	-7.979440E-3	0.000000E+0	1.561562E-1	4.243264E-2	0.000000E+0	0.000000E+0	0.000000E+0
5.923139E+0	-1.603310E+0	-3.420000E-1	-2.725480E+17	1.903750E-18	-1.026691E-2	0.000000E+0	1.573036E-1	4.257987E-2	0.000000E+0	0.000000E+0	0.000000E+0
5.947079E+0	-1.588876E+0	-4.180000E-1	-1.696573E+17	-6.427781E-19	-1.255950E-2	0.000000E+0	1.569470E-1	4.193140E-2	0.000000E+0	0.000000E+0	0.000000E+0
5.924975E+0	-1.598001E+0	-4.940000E-1	6.411590E-18	-1.599031E-19	-1.485412E-2	0.000000E+0	1.573325E-1	4.243351E-2	0.000000E+0	0.000000E+0	0.000000E+0
5.915635E+0	-1.617955E+0	-5.700000E-1	-5.761072E+17	-4.172230E+17	-1.715794E-2	0.000000E+0	1.572784E-1	4.301640E-2	0.000000E+0	0.000000E+0	0.000000E+0
5.892556E+0	-1.601394E+0	-6.460000E-1	-5.506723E-18	3.318154E+17	-1.945563E-2	0.000000E+0	1.580338E-1	4.294815E-2	0.000000E+0	0.000000E+0	0.000000E+0
5.885387E+0	-1.592730E+0	-7.220000E-1	4.410889E+17	3.940187E-18	-2.175076E-2	0.000000E+0	1.583176E-1	4.284461E-2	0.000000E+0	0.000000E+0	0.000000E+0
5.862321E+0	-1.588432E+0	-7.970000E-1	1.829862E+17	1.850698E+17	-2.402243E-2	0.000000E+0	1.589139E-1	4.305870E-2	0.000000E+0	0.000000E+0	0.000000E+0
5.828279E+0	-1.590080E+0	-8.730000E-1	-1.333488E-18	6.132215E-18	-2.632574E-2	0.000000E+0	1.596912E-1	4.356719E-2	0.000000E+0	0.000000E+0	0.000000E+0
5.823932E+0	-1.576648E+0	-9.490000E-1	-1.829207E-18	1.490663E+17	-2.864182E-2	0.000000E+0	1.599805E-1	4.330974E-2	0.000000E+0	0.000000E+0	0.000000E+0
5.818597E+0	-1.565484E+0	-1.025000E+0	-7.957818E+16	-3.386218E-18	-3.095483E-2	0.000000E+0	1.602619E-1	4.311819E-2	0.000000E+0	0.000000E+0	0.000000E+0
5.815899E+0	-1.580822E+0	-1.101000E+0	2.088264E+17	-2.195880E+17	-3.324793E-2	0.000000E+0	1.601132E-1	4.352043E-2	0.000000E+0	0.000000E+0	0.000000E+0
5.796067E+0	-1.587705E+0	-1.177000E+0	-5.319417E+16	-3.192840E+17	-3.553540E-2	0.000000E+0	1.604883E-1	4.396224E-2	0.000000E+0	0.000000E+0	0.000000E+0
5.753038E+0	-1.589595E+0	-1.253000E+0	-1.291944E-18	-5.342346E-18	-3.785250E-2	0.000000E+0	1.614921E-1	4.462114E-2	0.000000E+0	0.000000E+0	0.000000E+0
5.760036E+0	-1.569679E+0	-1.329000E+0	-5.203440E-18	-3.094974E-18	-4.020178E-2	0.000000E+0	1.616085E-1	4.404026E-2	0.000000E+0	0.000000E+0	0.000000E+0
5.743988E+0	-1.573151E+0	-1.405000E+0	3.716679E-18	4.245176E+17	-4.250047E-2	0.000000E+0	1.619475E-1	4.435384E-2	0.000000E+0	0.000000E+0	0.000000E+0
5.829094E+0	-1.559582E+0	-1.481000E+0	1.311717E+15	5.157902E-18	-4.483698E-2	0.000000E+0	1.600932E-1	4.283315E-2	0.000000E+0	0.000000E+0	0.000000E+0
5.810421E+0	-1.558536E+0	-1.557000E+0	-1.016338E-18	-5.687757E-18	-4.697737E-2	0.000000E+0	1.605531E-1	4.306535E-2	0.000000E+0	0.000000E+0	0.000000E+0
6.165337E+0	-1.517644E+0	-1.633000E+0	-6.256277E-18	1.398985E+17	-4.926485E-2	0.000000E+0	1.529305E-1	3.764500E-2	0.000000E+0	0.000000E+0	0.000000E+0
6.195058E+0	-1.516938E+0	-1.709000E+0	2.698511E+17	2.405250E+17	-5.090982E-2	0.000000E+0	1.522881E-1	3.728967E-2	0.000000E+0	0.000000E+0	0.000000E+0
6.178381E+0	-1.510113E+0	-1.785000E+0	-4.013414E-19	-2.240669E+17	-5.315389E-2	0.000000E+0	1.527305E-1	3.733022E-2	0.000000E+0	0.000000E+0	0.000000E+0
6.248496E+0	-1.510648E+0	-1.861000E+0	8.607252E+16	1.699529E-17	-5.544239E-2	0.000000E+0	1.512010E-1	3.655463E-2	0.000000E+0	0.000000E+0	0.000000E+0
6.254182E+0	-1.501357E+0	-1.937000E+0	2.127762E-18	3.276064E+15	-5.758379E-2	0.000000E+0	1.511809E-1	3.629196E-2	0.000000E+0	0.000000E+0	0.000000E+0
6.245620E+0	-1.497521E+0	-2.013000E+0	-4.960952E+17	1.188143E+17	-5.988098E-2	0.000000E+0	1.514077E-1	3.630324E-2	0.000000E+0	0.000000E+0	0.000000E+0
6.294750E+0	-1.469610E+0	-2.089000E+0	-6.504745E+16	2.369911E+17	-6.207652E-2	0.000000E+0	1.506511E-1	3.517191E-2	0.000000E+0	0.000000E+0	0.000000E+0
6.309589E+0	-1.481707E+0	-2.165000E+0	5.291893E-18	5.135446E+17	-6.419648E-2	0.000000E+0	1.502055E-1	3.527339E-2	0.000000E+0	0.000000E+0	0.000000E+0
6.315259E+0	-1.465891E+0	-2.241000E+0	-2.052875E-18	3.493290E-18	-6.645894E-2	0.000000E+0	1.502512E-1	3.487615E-2	0.000000E+0	0.000000E+0	0.000000E+0
6.348632E+0	-1.445502E+0	-2.316000E+0	2.907620E+17	-1.496570E-18	-6.865655E-2	0.000000E+0	1.497509E-1	3.409637E-2	0.000000E+0	0.000000E+0	0.000000E+0
6.339153E+0	-1.456913E+0	-2.392000E+0	4.285629E-18	4.664198E-18	-7.091083E-2	0.000000E+0	1.498354E-1	3.443632E-2	0.000000E+0	0.000000E+0	0.000000E+0
6.331463E+0	-1.438405E+0	-2.468000E+0	6.288337E-18	-3.928899E-18	-7.318707E-2	0.000000E+0	1.501897E-1	3.412065E-2	0.000000E+0	0.000000E+0	0.000000E+0
6.341591E+0	-1.434408E+0	-2.544000E+0	8.250878E-19	2.832976E+17	-7.543521E-2	0.000000E+0	1.500141E-1	3.393177E-2	0.000000E+0	0.000000E+0	0.000000E+0
6.361126E+0	-1.404577E+0	-2.620000E+0	4.553607E+17	-2.686618E+17	-7.763995E-2	0.000000E+0	1.498966E-1	3.309812E-2	0.000000E+0	0.000000E+0	0.000000E+0
6.331918E+0	-1.391230E+0	-2.696000E+0	2.517955E+17	3.793721E+16	-7.992692E-2	0.000000E+0	1.506570E-1	3.310190E-2	0.000000E+0	0.000000E+0	0.000000E+0
6.379448E+0	-1.357595E+0	-2.772000E+0	-6.194311E-18	6.447522E-18	-8.221184E-2	0.000000E+0	1.499620E-1	3.191306E-2	0.000000E+0	0.000000E+0	0.000000E+0
6.370845E+0	-1.330088E+0	-2.848000E+0	-5.704680E+17	6.513754E+16	-8.442730E-2	0.000000E+0	1.504090E-1	3.140199E-2	0.000000E+0	0.000000E+0	0.000000E+0
6.443855E+0	-1.307212E+0	-2.924000E+0	-1.808722E+17	6.906363E-18	-8.651713E-2	0.000000E+0	1.490527E-1	3.023709E-2	0.000000E+0	0.000000E+0	0.000000E+0
6.482421E+0	-1.333561E+0	-3.000000E+0	-3.567381E+17	-4.286482E-18	-8.857784E-2	0.000000E+0	1.479999E-1	3.044648E-2	0.000000E+0	0.000000E+0	0.000000E+0
