Real / Ohm	Ximag / Ohm	V_DC / V	I_a c / A	V_ac / V	I_DC / A
4.916022E+1	-7.599255E+2	-3.500000E+0	-3.567381E+17	-4.286482E-18	4.302841E-6	1.000000E+7	8.477311E-5	1.310434E-3	0.000000E+0	0.000000E+0	0.000000E+0
4.851117E+1	-7.662899E+2	-3.411000E+0	-1.808722E+17	6.906363E-18	2.861969E-6	0.000000E+0	8.228459E-5	1.299780E-3	0.000000E+0	0.000000E+0	0.000000E+0
4.816275E+1	-7.687941E+2	-3.323000E+0	-5.704680E+17	6.513754E+16	2.980960E-6	0.000000E+0	8.116898E-5	1.295653E-3	0.000000E+0	0.000000E+0	0.000000E+0
4.754092E+1	-7.701522E+2	-3.234000E+0	-6.194311E-18	6.447522E-18	3.072288E-6	0.000000E+0	7.984776E-5	1.293516E-3	0.000000E+0	0.000000E+0	0.000000E+0
4.668063E+1	-7.708223E+2	-3.146000E+0	2.517955E+17	3.793721E+16	4.212707E-6	0.000000E+0	7.827775E-5	1.292575E-3	0.000000E+0	0.000000E+0	0.000000E+0
4.601837E+1	-7.713422E+2	-3.057000E+0	4.553607E+17	-2.686618E+17	3.793321E-6	0.000000E+0	7.707153E-5	1.291843E-3	0.000000E+0	0.000000E+0	0.000000E+0
4.502036E+1	-7.716268E+2	-2.968000E+0	8.250878E-19	2.832976E+17	2.863220E-6	0.000000E+0	7.535611E-5	1.291567E-3	0.000000E+0	0.000000E+0	0.000000E+0
4.409344E+1	-7.714598E+2	-2.880000E+0	6.288337E-18	-3.928899E-18	2.982226E-6	0.000000E+0	7.384667E-5	1.292023E-3	0.000000E+0	0.000000E+0	0.000000E+0
4.304831E+1	-7.711342E+2	-2.791000E+0	4.285629E-18	4.664198E-18	2.562781E-6	0.000000E+0	7.216803E-5	1.292762E-3	0.000000E+0	0.000000E+0	0.000000E+0
4.201532E+1	-7.705492E+2	-2.703000E+0	2.907620E+17	-1.496570E-18	1.660344E-6	0.000000E+0	7.055335E-5	1.293929E-3	0.000000E+0	0.000000E+0	0.000000E+0
4.101556E+1	-7.696815E+2	-2.614000E+0	-2.052875E-18	3.493290E-18	4.816015E-6	0.000000E+0	6.903908E-5	1.295560E-3	0.000000E+0	0.000000E+0	0.000000E+0
4.002512E+1	-7.683739E+2	-2.525000E+0	5.291893E-18	5.135446E+17	3.375142E-6	0.000000E+0	6.760995E-5	1.297928E-3	0.000000E+0	0.000000E+0	0.000000E+0
3.901639E+1	-7.669705E+2	-2.437000E+0	-6.504745E+16	2.369911E+17	5.026333E-6	0.000000E+0	6.615571E-5	1.300466E-3	0.000000E+0	0.000000E+0	0.000000E+0
3.785162E+1	-7.651708E+2	-2.348000E+0	-4.960952E+17	1.188143E+17	5.211332E-7	0.000000E+0	6.449206E-5	1.303707E-3	0.000000E+0	0.000000E+0	0.000000E+0
3.685876E+1	-7.628558E+2	-2.259000E+0	2.127762E-18	3.276064E+15	4.698217E-6	0.000000E+0	6.318924E-5	1.307811E-3	0.000000E+0	0.000000E+0	0.000000E+0
3.573386E+1	-7.605844E+2	-2.171000E+0	8.607252E+16	1.699529E-17	7.314520E-7	0.000000E+0	6.163502E-5	1.311883E-3	0.000000E+0	0.000000E+0	0.000000E+0
3.483643E+1	-7.580471E+2	-2.082000E+0	-4.013414E-19	-2.240669E+17	1.844193E-6	0.000000E+0	6.049577E-5	1.316399E-3	0.000000E+0	0.000000E+0	0.000000E+0
3.374417E+1	-7.552896E+2	-1.994000E+0	2.698511E+17	2.405250E+17	4.310059E-7	0.000000E+0	5.903448E-5	1.321358E-3	0.000000E+0	0.000000E+0	0.000000E+0
3.278909E+1	-7.521356E+2	-1.905000E+0	-6.256277E-18	1.398985E+17	3.586676E-6	0.000000E+0	5.785121E-5	1.327025E-3	0.000000E+0	0.000000E+0	0.000000E+0
3.189807E+1	-7.486246E+2	-1.816000E+0	-1.016338E-18	-5.687757E-18	3.678004E-6	0.000000E+0	5.681310E-5	1.333362E-3	0.000000E+0	0.000000E+0	0.000000E+0
3.085229E+1	-7.451384E+2	-1.728000E+0	1.311717E+15	5.157902E-18	1.243367E-6	0.000000E+0	5.547146E-5	1.339736E-3	0.000000E+0	0.000000E+0	0.000000E+0
2.990369E+1	-7.412577E+2	-1.639000E+0	3.716679E-18	4.245176E+17	2.356122E-6	0.000000E+0	5.433506E-5	1.346867E-3	0.000000E+0	0.000000E+0	0.000000E+0
2.910889E+1	-7.374771E+2	-1.551000E+0	-5.203440E-18	-3.094974E-18	2.475121E-6	0.000000E+0	5.343828E-5	1.353865E-3	0.000000E+0	0.000000E+0	0.000000E+0
2.818893E+1	-7.333508E+2	-1.462000E+0	-1.291944E-18	-5.342346E-18	1.034306E-6	0.000000E+0	5.233761E-5	1.361592E-3	0.000000E+0	0.000000E+0	0.000000E+0
2.734967E+1	-7.291255E+2	-1.373000E+0	-5.319417E+16	-3.192840E+17	6.148621E-7	0.000000E+0	5.137323E-5	1.369579E-3	0.000000E+0	0.000000E+0	0.000000E+0
2.657974E+1	-7.248403E+2	-1.285000E+0	2.088264E+17	-2.195880E+17	3.798224E-6	0.000000E+0	5.052223E-5	1.377762E-3	0.000000E+0	0.000000E+0	0.000000E+0
2.586462E+1	-7.205380E+2	-1.196000E+0	-7.957818E+16	-3.386218E-18	2.868124E-6	0.000000E+0	4.975458E-5	1.386066E-3	0.000000E+0	0.000000E+0	0.000000E+0
2.509039E+1	-7.162040E+2	-1.108000E+0	-1.829207E-18	1.490663E+17	-7.724157E-8	0.000000E+0	4.885413E-5	1.394539E-3	0.000000E+0	0.000000E+0	0.000000E+0
2.438144E+1	-7.116923E+2	-1.019000E+0	-1.333488E-18	6.132215E-18	1.035543E-6	0.000000E+0	4.808011E-5	1.403454E-3	0.000000E+0	0.000000E+0	0.000000E+0
2.373410E+1	-7.071777E+2	-9.300000E-1	1.829862E+17	1.850698E+17	-4.053327E-7	0.000000E+0	4.740528E-5	1.412481E-3	0.000000E+0	0.000000E+0	0.000000E+0
2.319019E+1	-7.027317E+2	-8.420000E-1	4.410889E+17	3.940187E-18	1.756580E-6	0.000000E+0	4.690861E-5	1.421470E-3	0.000000E+0	0.000000E+0	0.000000E+0
2.260965E+1	-6.982827E+2	-7.530000E-1	-5.506723E-18	3.318154E+17	1.337165E-6	0.000000E+0	4.632082E-5	1.430585E-3	0.000000E+0	0.000000E+0	0.000000E+0
2.209256E+1	-6.938671E+2	-6.650000E-1	-5.761072E+17	-4.172230E+17	2.477587E-6	0.000000E+0	4.584093E-5	1.439739E-3	0.000000E+0	0.000000E+0	0.000000E+0
2.166028E+1	-6.894158E+2	-5.760000E-1	6.411590E-18	-1.599031E-19	-4.954272E-7	0.000000E+0	4.552743E-5	1.449073E-3	0.000000E+0	0.000000E+0	0.000000E+0
2.119983E+1	-6.849309E+2	-4.870000E-1	-1.696573E+17	-6.427781E-19	1.128074E-6	0.000000E+0	4.514639E-5	1.458604E-3	0.000000E+0	0.000000E+0	0.000000E+0
2.066782E+1	-6.804562E+2	-3.990000E-1	-2.725480E+17	1.903750E-18	2.779239E-6	0.000000E+0	4.459579E-5	1.468248E-3	0.000000E+0	0.000000E+0	0.000000E+0
2.037891E+1	-6.761703E+2	-3.100000E-1	-1.478400E+17	2.700590E+17	8.276547E-7	0.000000E+0	4.453223E-5	1.477575E-3	0.000000E+0	0.000000E+0	0.000000E+0
2.007584E+1	-6.719165E+2	-2.220000E-1	-2.971689E+17	-4.956124E-18	2.478821E-6	0.000000E+0	4.442788E-5	1.486953E-3	0.000000E+0	0.000000E+0	0.000000E+0
1.975659E+1	-6.675520E+2	-1.330000E-1	-4.717429E+17	-4.909997E+17	2.059405E-6	0.000000E+0	4.429570E-5	1.496700E-3	0.000000E+0	0.000000E+0	0.000000E+0
1.935754E+1	-6.632531E+2	-4.400000E-2	-9.427576E-19	-9.426377E-19	-2.956494E-6	0.000000E+0	4.396649E-5	1.506437E-3	0.000000E+0	0.000000E+0	0.000000E+0
1.913998E+1	-6.590530E+2	4.400000E-2	-3.138356E+17	4.406614E-18	2.780444E-6	0.000000E+0	4.402858E-5	1.516050E-3	0.000000E+0	0.000000E+0	0.000000E+0
1.897888E+1	-6.547668E+2	1.330000E-1	-4.715167E+17	-4.040397E+17	1.339602E-6	0.000000E+0	4.423159E-5	1.525979E-3	0.000000E+0	0.000000E+0	0.000000E+0
1.874612E+1	-6.506215E+2	2.220000E-1	-1.067113E+17	-5.230656E+17	-1.012413E-7	0.000000E+0	4.424805E-5	1.535717E-3	0.000000E+0	0.000000E+0	0.000000E+0
1.864682E+1	-6.466663E+2	3.100000E-1	-3.021231E-18	1.442034E+17	2.060639E-6	0.000000E+0	4.455366E-5	1.545108E-3	0.000000E+0	0.000000E+0	0.000000E+0
1.852213E+1	-6.426119E+2	3.990000E-1	-3.411812E-18	5.558819E-18	-4.016601E-7	0.000000E+0	4.481596E-5	1.554857E-3	0.000000E+0	0.000000E+0	0.000000E+0
1.840363E+1	-6.387526E+2	4.870000E-1	4.155979E+17	-3.766913E+16	1.249506E-6	0.000000E+0	4.506898E-5	1.564253E-3	0.000000E+0	0.000000E+0	0.000000E+0
1.836676E+1	-6.348306E+2	5.760000E-1	-4.316353E+17	3.990636E-18	2.873006E-6	0.000000E+0	4.553585E-5	1.573906E-3	0.000000E+0	0.000000E+0	0.000000E+0
1.831961E+1	-6.310331E+2	6.650000E-1	-3.849816E-18	-6.877737E-18	1.942877E-6	0.000000E+0	4.596699E-5	1.583368E-3	0.000000E+0	0.000000E+0	0.000000E+0
1.843591E+1	-6.272953E+2	7.530000E-1	4.766215E-20	4.558806E+17	2.572586E-6	0.000000E+0	4.681075E-5	1.592770E-3	0.000000E+0	0.000000E+0	0.000000E+0
1.833517E+1	-6.235859E+2	8.420000E-1	1.388541E-18	6.784133E-18	2.153170E-6	0.000000E+0	4.711043E-5	1.602243E-3	0.000000E+0	0.000000E+0	0.000000E+0
1.845859E+1	-6.200505E+2	9.300000E-1	3.266052E+17	-3.632098E-18	4.315054E-6	0.000000E+0	4.796889E-5	1.611344E-3	0.000000E+0	0.000000E+0	0.000000E+0
1.849472E+1	-6.165927E+2	1.019000E+0	-7.975154E-19	6.323277E-18	8.313218E-7	0.000000E+0	4.860271E-5	1.620358E-3	0.000000E+0	0.000000E+0	0.000000E+0
1.850232E+1	-6.132107E+2	1.108000E+0	-4.524459E+17	2.055852E+17	4.119065E-7	0.000000E+0	4.915996E-5	1.629278E-3	0.000000E+0	0.000000E+0	0.000000E+0
1.849933E+1	-6.100568E+2	1.196000E+0	-6.904543E-18	-8.377323E+16	3.084540E-6	0.000000E+0	4.966109E-5	1.637686E-3	0.000000E+0	0.000000E+0	0.000000E+0
1.864114E+1	-6.068265E+2	1.285000E+0	2.547933E-18	-2.657602E+16	2.154411E-6	0.000000E+0	5.057475E-5	1.646364E-3	0.000000E+0	0.000000E+0	0.000000E+0
1.871027E+1	-6.038423E+2	1.373000E+0	-1.554791E+17	1.089529E+17	2.273402E-6	0.000000E+0	5.126444E-5	1.654473E-3	0.000000E+0	0.000000E+0	0.000000E+0
1.881482E+1	-6.010148E+2	1.462000E+0	-5.196819E+17	2.162502E-18	3.896872E-6	0.000000E+0	5.203605E-5	1.662224E-3	0.000000E+0	0.000000E+0	0.000000E+0
1.891681E+1	-5.982490E+2	1.551000E+0	3.884304E+17	-5.707470E+17	1.434571E-6	0.000000E+0	5.280195E-5	1.669875E-3	0.000000E+0	0.000000E+0	0.000000E+0
1.899466E+1	-5.956427E+2	1.639000E+0	-2.820974E+17	-3.573572E+17	2.139859E-8	0.000000E+0	5.348333E-5	1.677153E-3	0.000000E+0	0.000000E+0	0.000000E+0
1.897656E+1	-5.931622E+2	1.728000E+0	7.433461E+16	-3.421240E+17	4.709240E-6	0.000000E+0	5.387984E-5	1.684156E-3	0.000000E+0	0.000000E+0	0.000000E+0
1.908417E+1	-5.907866E+2	1.816000E+0	5.229813E-18	8.421242E+16	2.274603E-6	0.000000E+0	5.462093E-5	1.690894E-3	0.000000E+0	0.000000E+0	0.000000E+0
1.908688E+1	-5.886293E+2	1.905000E+0	5.364322E+17	-2.871878E+17	1.855216E-6	0.000000E+0	5.502940E-5	1.697078E-3	0.000000E+0	0.000000E+0	0.000000E+0
1.920041E+1	-5.866141E+2	1.994000E+0	6.373293E-18	1.659667E-18	1.946515E-6	0.000000E+0	5.573660E-5	1.702874E-3	0.000000E+0	0.000000E+0	0.000000E+0
1.926270E+1	-5.846570E+2	2.082000E+0	9.225665E+16	2.295762E-18	2.576242E-6	0.000000E+0	5.629161E-5	1.708550E-3	0.000000E+0	0.000000E+0	0.000000E+0
1.927863E+1	-5.827677E+2	2.171000E+0	1.137875E+17	1.878399E+17	1.135384E-6	0.000000E+0	5.670354E-5	1.714074E-3	0.000000E+0	0.000000E+0	0.000000E+0
1.932269E+1	-5.811162E+2	2.259000E+0	1.676928E-18	4.035830E-18	-1.809953E-6	0.000000E+0	5.715599E-5	1.718926E-3	0.000000E+0	0.000000E+0	0.000000E+0
1.931107E+1	-5.795079E+2	2.348000E+0	-2.680828E+17	-5.132058E+17	1.856417E-6	0.000000E+0	5.743884E-5	1.723688E-3	0.000000E+0	0.000000E+0	0.000000E+0
1.939386E+1	-5.779351E+2	2.437000E+0	5.241928E+17	-4.155966E-18	3.479930E-6	0.000000E+0	5.799858E-5	1.728352E-3	0.000000E+0	0.000000E+0	0.000000E+0
1.937460E+1	-5.765747E+2	2.525000E+0	2.579781E+17	4.569561E-19	5.345792E-7	0.000000E+0	5.821454E-5	1.732424E-3	0.000000E+0	0.000000E+0	0.000000E+0
1.937402E+1	-5.752460E+2	2.614000E+0	2.915631E-18	5.325299E+16	-3.955502E-7	0.000000E+0	5.848173E-5	1.736417E-3	0.000000E+0	0.000000E+0	0.000000E+0
1.943274E+1	-5.740101E+2	2.703000E+0	-1.980651E+17	2.858813E+16	4.292291E-6	0.000000E+0	5.891115E-5	1.740135E-3	0.000000E+0	0.000000E+0	0.000000E+0
1.937027E+1	-5.727823E+2	2.791000E+0	-2.769006E-18	3.559669E+13	2.879082E-6	0.000000E+0	5.897393E-5	1.743870E-3	0.000000E+0	0.000000E+0	0.000000E+0
1.937085E+1	-5.716526E+2	2.880000E+0	6.327113E-19	5.234687E+17	-9.393261E-8	0.000000E+0	5.920875E-5	1.747308E-3	0.000000E+0	0.000000E+0	0.000000E+0
1.936334E+1	-5.705363E+2	2.968000E+0	3.389541E+17	1.295985E-19	1.046501E-6	0.000000E+0	5.941742E-5	1.750720E-3	0.000000E+0	0.000000E+0	0.000000E+0
1.938104E+1	-5.694064E+2	3.057000E+0	-5.351624E-18	2.346837E+17	1.648572E-6	0.000000E+0	5.970759E-5	1.754183E-3	0.000000E+0	0.000000E+0	0.000000E+0
1.938840E+1	-5.683501E+2	3.146000E+0	2.587203E+17	-3.980899E-18	2.076995E-7	0.000000E+0	5.995218E-5	1.757434E-3	0.000000E+0	0.000000E+0	0.000000E+0
1.939273E+1	-5.672781E+2	3.234000E+0	-3.127958E+17	-9.739241E-19	-1.205481E-6	0.000000E+0	6.019212E-5	1.760746E-3	0.000000E+0	0.000000E+0	0.000000E+0
1.950598E+1	-5.661553E+2	3.323000E+0	6.653843E-18	-4.395667E+17	-6.034388E-7	0.000000E+0	6.078290E-5	1.764206E-3	0.000000E+0	0.000000E+0	0.000000E+0
1.951541E+1	-5.650721E+2	3.411000E+0	-1.137863E-18	-4.188939E+17	5.369802E-7	0.000000E+0	6.104530E-5	1.767577E-3	0.000000E+0	0.000000E+0	0.000000E+0
1.953439E+1	-5.639675E+2	3.500000E+0	-9.275714E-19	-3.780148E-18	-3.931491E-7	0.000000E+0	6.134384E-5	1.771027E-3	0.000000E+0	0.000000E+0	0.000000E+0
