Real / Ohm	Ximag / Ohm	V_DC / V	I_a c / A	V_ac / V	I_DC / A
3.284534E+4	-3.246042E+5	3.000000E+0	-9.275714E-19	-3.780148E-18	2.714805E-6	1.000000E+4	3.085614E-7	3.049453E-6	0.000000E+0	0.000000E+0	0.000000E+0
2.675950E+4	-3.332851E+5	2.924000E+0	-1.137863E-18	-4.188939E+17	1.753098E-6	0.000000E+0	2.393622E-7	2.981216E-6	0.000000E+0	0.000000E+0	0.000000E+0
2.326727E+4	-3.369815E+5	2.848000E+0	6.653843E-18	-4.395667E+17	3.345020E-6	0.000000E+0	2.039237E-7	2.953442E-6	0.000000E+0	0.000000E+0	0.000000E+0
2.102571E+4	-3.386549E+5	2.772000E+0	-3.127958E+17	-9.739241E-19	1.361856E-6	0.000000E+0	1.826270E-7	2.941520E-6	0.000000E+0	0.000000E+0	0.000000E+0
1.941388E+4	-3.394926E+5	2.696000E+0	2.587203E+17	-3.980899E-18	-1.642766E-6	0.000000E+0	1.678935E-7	2.935971E-6	0.000000E+0	0.000000E+0	0.000000E+0
1.855094E+4	-3.395602E+5	2.620000E+0	-5.351624E-18	2.346837E+17	4.034970E-6	0.000000E+0	1.604124E-7	2.936222E-6	0.000000E+0	0.000000E+0	0.000000E+0
1.774512E+4	-3.389839E+5	2.544000E+0	3.389541E+17	1.295985E-19	1.030348E-6	0.000000E+0	1.540041E-7	2.941931E-6	0.000000E+0	0.000000E+0	0.000000E+0
1.726403E+4	-3.381876E+5	2.468000E+0	6.327113E-19	5.234687E+17	1.600813E-6	0.000000E+0	1.505555E-7	2.949253E-6	0.000000E+0	0.000000E+0	0.000000E+0
1.702049E+4	-3.374727E+5	2.392000E+0	-2.769006E-18	3.559669E+13	2.682005E-6	0.000000E+0	1.490704E-7	2.955684E-6	0.000000E+0	0.000000E+0	0.000000E+0
1.669567E+4	-3.363001E+5	2.316000E+0	-1.980651E+17	2.858813E+16	-1.344059E-6	0.000000E+0	1.472586E-7	2.966224E-6	0.000000E+0	0.000000E+0	0.000000E+0
1.660142E+4	-3.353406E+5	2.241000E+0	2.915631E-18	5.325299E+16	-1.822700E-6	0.000000E+0	1.472685E-7	2.974752E-6	0.000000E+0	0.000000E+0	0.000000E+0
1.688600E+4	-3.341772E+5	2.165000E+0	2.579781E+17	4.569561E-19	-2.307934E-7	0.000000E+0	1.508223E-7	2.984803E-6	0.000000E+0	0.000000E+0	0.000000E+0
1.671174E+4	-3.330098E+5	2.089000E+0	5.241928E+17	-4.155966E-18	3.396854E-7	0.000000E+0	1.503195E-7	2.995371E-6	0.000000E+0	0.000000E+0	0.000000E+0
1.659059E+4	-3.316411E+5	2.013000E+0	-2.680828E+17	-5.132058E+17	9.101495E-7	0.000000E+0	1.504664E-7	3.007781E-6	0.000000E+0	0.000000E+0	0.000000E+0
1.658036E+4	-3.307659E+5	1.937000E+0	1.676928E-18	4.035830E-18	9.698924E-7	0.000000E+0	1.511690E-7	3.015709E-6	0.000000E+0	0.000000E+0	0.000000E+0
1.681565E+4	-3.294295E+5	1.861000E+0	1.137875E+17	1.878399E+17	8.163624E-9	0.000000E+0	1.545463E-7	3.027662E-6	0.000000E+0	0.000000E+0	0.000000E+0
1.697247E+4	-3.281762E+5	1.785000E+0	9.225665E+16	2.295762E-18	1.089378E-6	0.000000E+0	1.571704E-7	3.039015E-6	0.000000E+0	0.000000E+0	0.000000E+0
1.708761E+4	-3.268401E+5	1.709000E+0	6.373293E-18	1.659667E-18	3.702728E-6	0.000000E+0	1.595237E-7	3.051260E-6	0.000000E+0	0.000000E+0	0.000000E+0
1.697518E+4	-3.256454E+5	1.633000E+0	5.364322E+17	-2.871878E+17	1.873923E-7	0.000000E+0	1.596416E-7	3.062503E-6	0.000000E+0	0.000000E+0	0.000000E+0
1.719927E+4	-3.244376E+5	1.557000E+0	5.229813E-18	8.421242E+16	2.800749E-6	0.000000E+0	1.629404E-7	3.073619E-6	0.000000E+0	0.000000E+0	0.000000E+0
1.717190E+4	-3.230272E+5	1.481000E+0	7.433461E+16	-3.421240E+17	3.068708E-7	0.000000E+0	1.641023E-7	3.086991E-6	0.000000E+0	0.000000E+0	0.000000E+0
1.731560E+4	-3.215353E+5	1.405000E+0	-2.820974E+17	-3.573572E+17	1.898792E-6	0.000000E+0	1.670023E-7	3.101085E-6	0.000000E+0	0.000000E+0	0.000000E+0
1.751080E+4	-3.204568E+5	1.329000E+0	3.884304E+17	-5.707470E+17	2.979970E-6	0.000000E+0	1.700091E-7	3.111256E-6	0.000000E+0	0.000000E+0	0.000000E+0
1.753348E+4	-3.191421E+5	1.253000E+0	-5.196819E+17	2.162502E-18	-2.461456E-8	0.000000E+0	1.716292E-7	3.123971E-6	0.000000E+0	0.000000E+0	0.000000E+0
1.781260E+4	-3.175962E+5	1.177000E+0	-1.554791E+17	1.089529E+17	1.056564E-6	0.000000E+0	1.760406E-7	3.138779E-6	0.000000E+0	0.000000E+0	0.000000E+0
1.775127E+4	-3.161280E+5	1.101000E+0	2.547933E-18	-2.657602E+16	9.486394E-8	0.000000E+0	1.770665E-7	3.153333E-6	0.000000E+0	0.000000E+0	0.000000E+0
1.807875E+4	-3.146001E+5	1.025000E+0	-6.904543E-18	-8.377323E+16	1.545850E-7	0.000000E+0	1.820618E-7	3.168176E-6	0.000000E+0	0.000000E+0	0.000000E+0
1.817925E+4	-3.131118E+5	9.490000E-1	-4.524459E+17	2.055852E+17	2.143352E-7	0.000000E+0	1.848058E-7	3.183018E-6	0.000000E+0	0.000000E+0	0.000000E+0
1.830893E+4	-3.115556E+5	8.730000E-1	-7.975154E-19	6.323277E-18	7.848030E-7	0.000000E+0	1.879726E-7	3.198654E-6	0.000000E+0	0.000000E+0	0.000000E+0
1.850505E+4	-3.097402E+5	7.970000E-1	3.266052E+17	-3.632098E-18	3.338137E-7	0.000000E+0	1.921975E-7	3.217030E-6	0.000000E+0	0.000000E+0	0.000000E+0
1.873541E+4	-3.082545E+5	7.220000E-1	1.388541E-18	6.784133E-18	1.898068E-6	0.000000E+0	1.964459E-7	3.232133E-6	0.000000E+0	0.000000E+0	0.000000E+0
1.886899E+4	-3.067033E+5	6.460000E-1	4.766215E-20	4.558806E+17	1.957793E-6	0.000000E+0	1.998348E-7	3.248186E-6	0.000000E+0	0.000000E+0	0.000000E+0
1.915181E+4	-3.048487E+5	5.700000E-1	-3.849816E-18	-6.877737E-18	1.506833E-6	0.000000E+0	2.052723E-7	3.267420E-6	0.000000E+0	0.000000E+0	0.000000E+0
1.935192E+4	-3.029864E+5	4.940000E-1	-4.316353E+17	3.990636E-18	2.077297E-6	0.000000E+0	2.099470E-7	3.287069E-6	0.000000E+0	0.000000E+0	0.000000E+0
1.957789E+4	-3.013542E+5	4.180000E-1	4.155979E+17	-3.766913E+16	6.048522E-7	0.000000E+0	2.146754E-7	3.304408E-6	0.000000E+0	0.000000E+0	0.000000E+0
1.987245E+4	-2.996557E+5	3.420000E-1	-3.411812E-18	5.558819E-18	-2.399767E-6	0.000000E+0	2.203436E-7	3.322551E-6	0.000000E+0	0.000000E+0	0.000000E+0
2.007092E+4	-2.980244E+5	2.660000E-1	-3.021231E-18	1.442034E+17	3.788671E-6	0.000000E+0	2.249564E-7	3.340280E-6	0.000000E+0	0.000000E+0	0.000000E+0
2.036783E+4	-2.964264E+5	1.900000E-1	-1.067113E+17	-5.230656E+17	7.840799E-7	0.000000E+0	2.307095E-7	3.357666E-6	0.000000E+0	0.000000E+0	0.000000E+0
2.070584E+4	-2.948167E+5	1.140000E-1	-4.715167E+17	-4.040397E+17	3.908146E-6	0.000000E+0	2.370564E-7	3.375289E-6	0.000000E+0	0.000000E+0	0.000000E+0
2.087934E+4	-2.937573E+5	3.800000E-2	-3.138356E+17	4.406614E-18	3.967898E-6	0.000000E+0	2.407415E-7	3.387060E-6	0.000000E+0	0.000000E+0	0.000000E+0
2.130233E+4	-2.924550E+5	-3.800000E-2	-9.427576E-19	-9.426377E-19	9.632797E-7	0.000000E+0	2.477484E-7	3.401284E-6	0.000000E+0	0.000000E+0	0.000000E+0
2.154301E+4	-2.919097E+5	-1.140000E-1	-4.717429E+17	-4.909997E+17	-5.091388E-7	0.000000E+0	2.514493E-7	3.407160E-6	0.000000E+0	0.000000E+0	0.000000E+0
2.208581E+4	-2.913332E+5	-1.900000E-1	-2.971689E+17	-4.956124E-18	1.082785E-6	0.000000E+0	2.587287E-7	3.412882E-6	0.000000E+0	0.000000E+0	0.000000E+0
2.239962E+4	-2.915131E+5	-2.660000E-1	-1.478400E+17	2.700590E+17	1.653250E-6	0.000000E+0	2.620402E-7	3.410243E-6	0.000000E+0	0.000000E+0	0.000000E+0
2.300669E+4	-2.924881E+5	-3.420000E-1	-2.725480E+17	1.903750E-18	1.202261E-6	0.000000E+0	2.672754E-7	3.397919E-6	0.000000E+0	0.000000E+0	0.000000E+0
2.343767E+4	-2.941273E+5	-4.180000E-1	-1.696573E+17	-6.427781E-19	5.858526E-6	0.000000E+0	2.692122E-7	3.378436E-6	0.000000E+0	0.000000E+0	0.000000E+0
2.407096E+4	-2.965454E+5	-4.940000E-1	6.411590E-18	-1.599031E-19	2.853909E-6	0.000000E+0	2.719311E-7	3.350092E-6	0.000000E+0	0.000000E+0	0.000000E+0
2.470872E+4	-3.002217E+5	-5.700000E-1	-5.761072E+17	-4.172230E+17	2.913661E-6	0.000000E+0	2.722916E-7	3.308462E-6	0.000000E+0	0.000000E+0	0.000000E+0
2.532439E+4	-3.047396E+5	-6.460000E-1	-5.506723E-18	3.318154E+17	2.462672E-6	0.000000E+0	2.708272E-7	3.258984E-6	0.000000E+0	0.000000E+0	0.000000E+0
2.613037E+4	-3.101439E+5	-7.220000E-1	4.410889E+17	3.940187E-18	2.522396E-6	0.000000E+0	2.697411E-7	3.201583E-6	0.000000E+0	0.000000E+0	0.000000E+0
2.656196E+4	-3.163903E+5	-7.970000E-1	1.829862E+17	1.850698E+17	3.065194E-6	0.000000E+0	2.634897E-7	3.138532E-6	0.000000E+0	0.000000E+0	0.000000E+0
2.709970E+4	-3.224647E+5	-8.730000E-1	-1.333488E-18	6.132215E-18	3.635661E-6	0.000000E+0	2.587877E-7	3.079366E-6	0.000000E+0	0.000000E+0	0.000000E+0
2.776505E+4	-3.287248E+5	-9.490000E-1	-1.829207E-18	1.490663E+17	1.203298E-7	0.000000E+0	2.551210E-7	3.020510E-6	0.000000E+0	0.000000E+0	0.000000E+0
2.810980E+4	-3.345534E+5	-1.025000E+0	-7.957818E+16	-3.386218E-18	2.733708E-6	0.000000E+0	2.493858E-7	2.968106E-6	0.000000E+0	0.000000E+0	0.000000E+0
2.873446E+4	-3.396619E+5	-1.101000E+0	2.088264E+17	-2.195880E+17	2.282715E-6	0.000000E+0	2.472933E-7	2.923184E-6	0.000000E+0	0.000000E+0	0.000000E+0
2.931320E+4	-3.440436E+5	-1.177000E+0	-5.319417E+16	-3.192840E+17	-2.254099E-6	0.000000E+0	2.458640E-7	2.885660E-6	0.000000E+0	0.000000E+0	0.000000E+0
2.966432E+4	-3.477572E+5	-1.253000E+0	-1.291944E-18	-5.342346E-18	-6.621776E-7	0.000000E+0	2.435194E-7	2.854797E-6	0.000000E+0	0.000000E+0	0.000000E+0
3.045309E+4	-3.509126E+5	-1.329000E+0	-5.203440E-18	-3.094974E-18	1.440465E-6	0.000000E+0	2.454567E-7	2.828411E-6	0.000000E+0	0.000000E+0	0.000000E+0
3.156323E+4	-3.540399E+5	-1.405000E+0	3.716679E-18	4.245176E+17	2.010900E-6	0.000000E+0	2.498267E-7	2.802268E-6	0.000000E+0	0.000000E+0	0.000000E+0
3.243309E+4	-3.570976E+5	-1.481000E+0	1.311717E+15	5.157902E-18	3.092107E-6	0.000000E+0	2.522590E-7	2.777444E-6	0.000000E+0	0.000000E+0	0.000000E+0
3.307063E+4	-3.603620E+5	-1.557000E+0	-1.016338E-18	-5.687757E-18	1.108972E-6	0.000000E+0	2.525354E-7	2.751812E-6	0.000000E+0	0.000000E+0	0.000000E+0
3.385497E+4	-3.642679E+5	-1.633000E+0	-6.256277E-18	1.398985E+17	1.472727E-7	0.000000E+0	2.529562E-7	2.721723E-6	0.000000E+0	0.000000E+0	0.000000E+0
3.457786E+4	-3.688333E+5	-1.709000E+0	2.698511E+17	2.405250E+17	3.271336E-6	0.000000E+0	2.519635E-7	2.687631E-6	0.000000E+0	0.000000E+0	0.000000E+0
3.522403E+4	-3.735002E+5	-1.785000E+0	-4.013414E-19	-2.240669E+17	1.288201E-6	0.000000E+0	2.502718E-7	2.653772E-6	0.000000E+0	0.000000E+0	0.000000E+0
3.581151E+4	-3.785268E+5	-1.861000E+0	8.607252E+16	1.699529E-17	3.390844E-6	0.000000E+0	2.477191E-7	2.618385E-6	0.000000E+0	0.000000E+0	0.000000E+0
3.605118E+4	-3.840674E+5	-1.937000E+0	2.127762E-18	3.276064E+15	1.407658E-6	0.000000E+0	2.422673E-7	2.580969E-6	0.000000E+0	0.000000E+0	0.000000E+0
3.688089E+4	-3.899135E+5	-2.013000E+0	-4.960952E+17	1.188143E+17	2.999572E-6	0.000000E+0	2.404344E-7	2.541929E-6	0.000000E+0	0.000000E+0	0.000000E+0
3.706036E+4	-3.957357E+5	-2.089000E+0	-6.504745E+16	2.369911E+17	2.037865E-6	0.000000E+0	2.345886E-7	2.504970E-6	0.000000E+0	0.000000E+0	0.000000E+0
3.734003E+4	-4.016739E+5	-2.165000E+0	5.291893E-18	5.135446E+17	3.629801E-6	0.000000E+0	2.294513E-7	2.468252E-6	0.000000E+0	0.000000E+0	0.000000E+0
3.766391E+4	-4.077332E+5	-2.241000E+0	-2.052875E-18	3.493290E-18	1.646593E-6	0.000000E+0	2.246380E-7	2.431834E-6	0.000000E+0	0.000000E+0	0.000000E+0
3.762381E+4	-4.132967E+5	-2.316000E+0	2.907620E+17	-1.496570E-18	1.167951E-6	0.000000E+0	2.184513E-7	2.399683E-6	0.000000E+0	0.000000E+0	0.000000E+0
3.807641E+4	-4.188266E+5	-2.392000E+0	4.285629E-18	4.664198E-18	3.781344E-6	0.000000E+0	2.152845E-7	2.368051E-6	0.000000E+0	0.000000E+0	0.000000E+0
3.817987E+4	-4.242531E+5	-2.468000E+0	6.288337E-18	-3.928899E-18	1.798166E-6	0.000000E+0	2.104172E-7	2.338147E-6	0.000000E+0	0.000000E+0	0.000000E+0
3.817754E+4	-4.295246E+5	-2.544000E+0	8.250878E-19	2.832976E+17	1.857887E-6	0.000000E+0	2.053120E-7	2.309907E-6	0.000000E+0	0.000000E+0	0.000000E+0
3.859744E+4	-4.342127E+5	-2.620000E+0	4.553607E+17	-2.686618E+17	2.428380E-6	0.000000E+0	2.031119E-7	2.284964E-6	0.000000E+0	0.000000E+0	0.000000E+0
3.859938E+4	-4.386772E+5	-2.696000E+0	2.517955E+17	3.793721E+16	2.488116E-6	0.000000E+0	1.990402E-7	2.262067E-6	0.000000E+0	0.000000E+0	0.000000E+0
3.882242E+4	-4.428554E+5	-2.772000E+0	-6.194311E-18	6.447522E-18	1.526409E-6	0.000000E+0	1.964418E-7	2.240853E-6	0.000000E+0	0.000000E+0	0.000000E+0
3.894135E+4	-4.467901E+5	-2.848000E+0	-5.704680E+17	6.513754E+16	3.629044E-6	0.000000E+0	1.936053E-7	2.221313E-6	0.000000E+0	0.000000E+0	0.000000E+0
3.881000E+4	-4.502720E+5	-2.924000E+0	-1.808722E+17	6.906363E-18	-3.970054E-7	0.000000E+0	1.900112E-7	2.204502E-6	0.000000E+0	0.000000E+0	0.000000E+0
3.949433E+4	-4.532571E+5	-3.000000E+0	-3.567381E+17	-4.286482E-18	2.727058E-6	0.000000E+0	1.907922E-7	2.189629E-6	0.000000E+0	0.000000E+0	0.000000E+0
