Real / Ohm	Ximag / Ohm	V_DC / V	I_a c / A	V_ac / V	I_DC / A
3.656841E+2	-7.408564E+3	-3.500000E+0	-3.567381E+17	-4.286482E-18	1.238499E-6	1.000000E+6	6.646319E-6	1.346509E-4	0.000000E+0	0.000000E+0	0.000000E+0
3.775322E+2	-7.475884E+3	-3.411000E+0	-1.808722E+17	6.906363E-18	8.191128E-7	0.000000E+0	6.737872E-6	1.334232E-4	0.000000E+0	0.000000E+0	0.000000E+0
3.864463E+2	-7.495854E+3	-3.323000E+0	-5.704680E+17	6.513754E+16	1.448818E-6	0.000000E+0	6.859527E-6	1.330534E-4	0.000000E+0	0.000000E+0	0.000000E+0
3.907656E+2	-7.506164E+3	-3.234000E+0	-6.194311E-18	6.447522E-18	1.540146E-6	0.000000E+0	6.916793E-6	1.328638E-4	0.000000E+0	0.000000E+0	0.000000E+0
3.903857E+2	-7.516206E+3	-3.146000E+0	2.517955E+17	3.793721E+16	2.680565E-6	0.000000E+0	6.891703E-6	1.326879E-4	0.000000E+0	0.000000E+0	0.000000E+0
3.882549E+2	-7.527013E+3	-3.057000E+0	4.553607E+17	-2.686618E+17	2.182642E-7	0.000000E+0	6.834671E-6	1.325023E-4	0.000000E+0	0.000000E+0	0.000000E+0
3.830674E+2	-7.535589E+3	-2.968000E+0	8.250878E-19	2.832976E+17	3.373934E-6	0.000000E+0	6.728526E-6	1.323616E-4	0.000000E+0	0.000000E+0	0.000000E+0
3.761128E+2	-7.543918E+3	-2.880000E+0	6.288337E-18	-3.928899E-18	2.982226E-6	0.000000E+0	6.592438E-6	1.322284E-4	0.000000E+0	0.000000E+0	0.000000E+0
3.702759E+2	-7.550319E+3	-2.791000E+0	4.285629E-18	4.664198E-18	5.627124E-6	0.000000E+0	6.479651E-6	1.321270E-4	0.000000E+0	0.000000E+0	0.000000E+0
3.614199E+2	-7.554624E+3	-2.703000E+0	2.907620E+17	-1.496570E-18	3.703259E-6	0.000000E+0	6.318202E-6	1.320670E-4	0.000000E+0	0.000000E+0	0.000000E+0
3.524858E+2	-7.556743E+3	-2.614000E+0	-2.052875E-18	3.493290E-18	2.773100E-6	0.000000E+0	6.159258E-6	1.320448E-4	0.000000E+0	0.000000E+0	0.000000E+0
3.426240E+2	-7.554702E+3	-2.525000E+0	5.291893E-18	5.135446E+17	2.353714E-6	0.000000E+0	5.990882E-6	1.320962E-4	0.000000E+0	0.000000E+0	0.000000E+0
3.335728E+2	-7.550144E+3	-2.437000E+0	-6.504745E+16	2.369911E+17	5.537047E-6	0.000000E+0	5.840275E-6	1.321898E-4	0.000000E+0	0.000000E+0	0.000000E+0
3.238516E+2	-7.543175E+3	-2.348000E+0	-4.960952E+17	1.188143E+17	5.211332E-7	0.000000E+0	5.681172E-6	1.323263E-4	0.000000E+0	0.000000E+0	0.000000E+0
3.128955E+2	-7.533068E+3	-2.259000E+0	2.127762E-18	3.276064E+15	1.123160E-6	0.000000E+0	5.504361E-6	1.325194E-4	0.000000E+0	0.000000E+0	0.000000E+0
3.024248E+2	-7.519548E+3	-2.171000E+0	8.607252E+16	1.699529E-17	4.306508E-6	0.000000E+0	5.339886E-6	1.327720E-4	0.000000E+0	0.000000E+0	0.000000E+0
2.920522E+2	-7.504599E+3	-2.082000E+0	-4.013414E-19	-2.240669E+17	3.119931E-7	0.000000E+0	5.177836E-6	1.330501E-4	0.000000E+0	0.000000E+0	0.000000E+0
2.819937E+2	-7.485163E+3	-1.994000E+0	2.698511E+17	2.405250E+17	3.495348E-6	0.000000E+0	5.025982E-6	1.334083E-4	0.000000E+0	0.000000E+0	0.000000E+0
2.713447E+2	-7.463571E+3	-1.905000E+0	-6.256277E-18	1.398985E+17	4.097390E-6	0.000000E+0	4.864681E-6	1.338073E-4	0.000000E+0	0.000000E+0	0.000000E+0
2.609839E+2	-7.439542E+3	-1.816000E+0	-1.016338E-18	-5.687757E-18	1.124376E-6	0.000000E+0	4.709634E-6	1.342517E-4	0.000000E+0	0.000000E+0	0.000000E+0
2.512256E+2	-7.412511E+3	-1.728000E+0	1.311717E+15	5.157902E-18	3.286281E-6	0.000000E+0	4.567038E-6	1.347523E-4	0.000000E+0	0.000000E+0	0.000000E+0
2.414556E+2	-7.383750E+3	-1.639000E+0	3.716679E-18	4.245176E+17	1.845408E-6	0.000000E+0	4.424041E-6	1.352879E-4	0.000000E+0	0.000000E+0	0.000000E+0
2.314155E+2	-7.352497E+3	-1.551000E+0	-5.203440E-18	-3.094974E-18	2.985835E-6	0.000000E+0	4.276542E-6	1.358736E-4	0.000000E+0	0.000000E+0	0.000000E+0
2.232373E+2	-7.318885E+3	-1.462000E+0	-1.291944E-18	-5.342346E-18	3.077163E-6	0.000000E+0	4.163639E-6	1.365058E-4	0.000000E+0	0.000000E+0	0.000000E+0
2.147881E+2	-7.284651E+3	-1.373000E+0	-5.319417E+16	-3.192840E+17	1.041481E-7	0.000000E+0	4.044039E-6	1.371557E-4	0.000000E+0	0.000000E+0	0.000000E+0
2.061523E+2	-7.249959E+3	-1.285000E+0	2.088264E+17	-2.195880E+17	1.244567E-6	0.000000E+0	3.918917E-6	1.378204E-4	0.000000E+0	0.000000E+0	0.000000E+0
1.978643E+2	-7.211967E+3	-1.196000E+0	-7.957818E+16	-3.386218E-18	4.911009E-6	0.000000E+0	3.801309E-6	1.385541E-4	0.000000E+0	0.000000E+0	0.000000E+0
1.906694E+2	-7.174203E+3	-1.108000E+0	-1.829207E-18	1.490663E+17	3.497844E-6	0.000000E+0	3.701920E-6	1.392899E-4	0.000000E+0	0.000000E+0	0.000000E+0
1.834458E+2	-7.134754E+3	-1.019000E+0	-1.333488E-18	6.132215E-18	2.567715E-6	0.000000E+0	3.601329E-6	1.400664E-4	0.000000E+0	0.000000E+0	0.000000E+0
1.768022E+2	-7.094727E+3	-9.300000E-1	1.829862E+17	1.850698E+17	2.659010E-6	0.000000E+0	3.510320E-6	1.408623E-4	0.000000E+0	0.000000E+0	0.000000E+0
1.702290E+2	-7.055464E+3	-8.420000E-1	4.410889E+17	3.940187E-18	2.243796E-7	0.000000E+0	3.417666E-6	1.416517E-4	0.000000E+0	0.000000E+0	0.000000E+0
1.646436E+2	-7.013576E+3	-7.530000E-1	-5.506723E-18	3.318154E+17	1.337165E-6	0.000000E+0	3.345235E-6	1.425021E-4	0.000000E+0	0.000000E+0	0.000000E+0
1.595181E+2	-6.973167E+3	-6.650000E-1	-5.761072E+17	-4.172230E+17	3.499044E-6	0.000000E+0	3.278858E-6	1.433319E-4	0.000000E+0	0.000000E+0	0.000000E+0
1.545239E+2	-6.930964E+3	-5.760000E-1	6.411590E-18	-1.599031E-19	2.568915E-6	0.000000E+0	3.215086E-6	1.442084E-4	0.000000E+0	0.000000E+0	0.000000E+0
1.488027E+2	-6.889228E+3	-4.870000E-1	-1.696573E+17	-6.427781E-19	3.681702E-6	0.000000E+0	3.133770E-6	1.450865E-4	0.000000E+0	0.000000E+0	0.000000E+0
1.454771E+2	-6.848263E+3	-3.990000E-1	-2.725480E+17	1.903750E-18	2.256111E-7	0.000000E+0	3.100544E-6	1.459566E-4	0.000000E+0	0.000000E+0	0.000000E+0
1.416289E+2	-6.805088E+3	-3.100000E-1	-1.478400E+17	2.700590E+17	4.402740E-6	0.000000E+0	3.057006E-6	1.468852E-4	0.000000E+0	0.000000E+0	0.000000E+0
1.377959E+2	-6.763739E+3	-2.220000E-1	-2.971689E+17	-4.956124E-18	-1.096236E-6	0.000000E+0	3.010803E-6	1.477859E-4	0.000000E+0	0.000000E+0	0.000000E+0
1.353286E+2	-6.720725E+3	-1.330000E-1	-4.717429E+17	-4.909997E+17	2.059405E-6	0.000000E+0	2.994893E-6	1.487332E-4	0.000000E+0	0.000000E+0	0.000000E+0
1.325981E+2	-6.678879E+3	-4.400000E-2	-9.427576E-19	-9.426377E-19	-2.445779E-6	0.000000E+0	2.971386E-6	1.496667E-4	0.000000E+0	0.000000E+0	0.000000E+0
1.301460E+2	-6.637821E+3	4.400000E-2	-3.138356E+17	4.406614E-18	2.268446E-7	0.000000E+0	2.952656E-6	1.505940E-4	0.000000E+0	0.000000E+0	0.000000E+0
1.282803E+2	-6.594696E+3	1.330000E-1	-4.715167E+17	-4.040397E+17	1.339602E-6	0.000000E+0	2.948534E-6	1.515797E-4	0.000000E+0	0.000000E+0	0.000000E+0
1.259829E+2	-6.552777E+3	2.220000E-1	-1.067113E+17	-5.230656E+17	2.963101E-6	0.000000E+0	2.932921E-6	1.525507E-4	0.000000E+0	0.000000E+0	0.000000E+0
1.254453E+2	-6.511723E+3	3.100000E-1	-3.021231E-18	1.442034E+17	5.124981E-6	0.000000E+0	2.957341E-6	1.535122E-4	0.000000E+0	0.000000E+0	0.000000E+0
1.246567E+2	-6.469949E+3	3.990000E-1	-3.411812E-18	5.558819E-18	3.173396E-6	0.000000E+0	2.976821E-6	1.545034E-4	0.000000E+0	0.000000E+0	0.000000E+0
1.236318E+2	-6.429521E+3	4.870000E-1	4.155979E+17	-3.766913E+16	1.249506E-6	0.000000E+0	2.989595E-6	1.554751E-4	0.000000E+0	0.000000E+0	0.000000E+0
1.235830E+2	-6.388044E+3	5.760000E-1	-4.316353E+17	3.990636E-18	1.851549E-6	0.000000E+0	3.027335E-6	1.564839E-4	0.000000E+0	0.000000E+0	0.000000E+0
1.240537E+2	-6.346917E+3	6.650000E-1	-3.849816E-18	-6.877737E-18	9.214200E-7	0.000000E+0	3.078351E-6	1.574966E-4	0.000000E+0	0.000000E+0	0.000000E+0
1.242261E+2	-6.307595E+3	7.530000E-1	4.766215E-20	4.558806E+17	5.296715E-7	0.000000E+0	3.121166E-6	1.584776E-4	0.000000E+0	0.000000E+0	0.000000E+0
1.246909E+2	-6.267717E+3	8.420000E-1	1.388541E-18	6.784133E-18	-4.004578E-7	0.000000E+0	3.172811E-6	1.594846E-4	0.000000E+0	0.000000E+0	0.000000E+0
1.246943E+2	-6.229580E+3	9.300000E-1	3.266052E+17	-3.632098E-18	1.250712E-6	0.000000E+0	3.211849E-6	1.604602E-4	0.000000E+0	0.000000E+0	0.000000E+0
1.253042E+2	-6.191287E+3	1.019000E+0	-7.975154E-19	6.323277E-18	3.205787E-7	0.000000E+0	3.267578E-6	1.614512E-4	0.000000E+0	0.000000E+0	0.000000E+0
1.270923E+2	-6.155309E+3	1.108000E+0	-4.524459E+17	2.055852E+17	1.433364E-6	0.000000E+0	3.353007E-6	1.623921E-4	0.000000E+0	0.000000E+0	0.000000E+0
1.267749E+2	-6.119879E+3	1.196000E+0	-6.904543E-18	-8.377323E+16	3.084540E-6	0.000000E+0	3.383462E-6	1.633318E-4	0.000000E+0	0.000000E+0	0.000000E+0
1.285337E+2	-6.085842E+3	1.285000E+0	2.547933E-18	-2.657602E+16	6.240210E-6	0.000000E+0	3.468822E-6	1.642425E-4	0.000000E+0	0.000000E+0	0.000000E+0
1.300273E+2	-6.053284E+3	1.373000E+0	-1.554791E+17	1.089529E+17	1.251945E-6	0.000000E+0	3.546926E-6	1.651234E-4	0.000000E+0	0.000000E+0	0.000000E+0
1.307437E+2	-6.022099E+3	1.462000E+0	-5.196819E+17	2.162502E-18	1.853987E-6	0.000000E+0	3.603465E-6	1.659768E-4	0.000000E+0	0.000000E+0	0.000000E+0
1.317988E+2	-5.991997E+3	1.551000E+0	3.884304E+17	-5.707470E+17	3.477486E-6	0.000000E+0	3.669089E-6	1.668086E-4	0.000000E+0	0.000000E+0	0.000000E+0
1.317695E+2	-5.963945E+3	1.639000E+0	-2.820974E+17	-3.573572E+17	5.321126E-7	0.000000E+0	3.702846E-6	1.675924E-4	0.000000E+0	0.000000E+0	0.000000E+0
1.330332E+2	-5.937517E+3	1.728000E+0	7.433461E+16	-3.421240E+17	-3.979876E-7	0.000000E+0	3.771658E-6	1.683361E-4	0.000000E+0	0.000000E+0	0.000000E+0
1.336152E+2	-5.912703E+3	1.816000E+0	5.229813E-18	8.421242E+16	-2.790257E-7	0.000000E+0	3.819988E-6	1.690411E-4	0.000000E+0	0.000000E+0	0.000000E+0
1.339966E+2	-5.888444E+3	1.905000E+0	5.364322E+17	-2.871878E+17	8.337593E-7	0.000000E+0	3.862494E-6	1.697363E-4	0.000000E+0	0.000000E+0	0.000000E+0
1.347988E+2	-5.867017E+3	1.994000E+0	6.373293E-18	1.659667E-18	1.435801E-6	0.000000E+0	3.914012E-6	1.703544E-4	0.000000E+0	0.000000E+0	0.000000E+0
1.360156E+2	-5.846227E+3	2.082000E+0	9.225665E+16	2.295762E-18	-9.988144E-7	0.000000E+0	3.977428E-6	1.709580E-4	0.000000E+0	0.000000E+0	0.000000E+0
1.356831E+2	-5.826749E+3	2.171000E+0	1.137875E+17	1.878399E+17	1.135384E-6	0.000000E+0	3.994273E-6	1.715293E-4	0.000000E+0	0.000000E+0	0.000000E+0
1.369937E+2	-5.808977E+3	2.259000E+0	1.676928E-18	4.035830E-18	1.254390E-6	0.000000E+0	4.057512E-6	1.720517E-4	0.000000E+0	0.000000E+0	0.000000E+0
1.373794E+2	-5.791076E+3	2.348000E+0	-2.680828E+17	-5.132058E+17	3.242458E-7	0.000000E+0	4.094103E-6	1.725824E-4	0.000000E+0	0.000000E+0	0.000000E+0
1.371353E+2	-5.775662E+3	2.437000E+0	5.241928E+17	-4.155966E-18	-1.116583E-6	0.000000E+0	4.108667E-6	1.730428E-4	0.000000E+0	0.000000E+0	0.000000E+0
1.378882E+2	-5.761913E+3	2.525000E+0	2.579781E+17	4.569561E-19	1.045293E-6	0.000000E+0	4.150927E-6	1.734541E-4	0.000000E+0	0.000000E+0	0.000000E+0
1.377812E+2	-5.747243E+3	2.614000E+0	2.915631E-18	5.325299E+16	6.258779E-7	0.000000E+0	4.168898E-6	1.738965E-4	0.000000E+0	0.000000E+0	0.000000E+0
1.381123E+2	-5.734517E+3	2.703000E+0	-1.980651E+17	2.858813E+16	-3.042514E-7	0.000000E+0	4.197463E-6	1.742815E-4	0.000000E+0	0.000000E+0	0.000000E+0
1.386606E+2	-5.722447E+3	2.791000E+0	-2.769006E-18	3.559669E+13	3.254827E-7	0.000000E+0	4.231892E-6	1.746479E-4	0.000000E+0	0.000000E+0	0.000000E+0
1.388081E+2	-5.710942E+3	2.880000E+0	6.327113E-19	5.234687E+17	9.275245E-7	0.000000E+0	4.253465E-6	1.749991E-4	0.000000E+0	0.000000E+0	0.000000E+0
1.388521E+2	-5.699103E+3	2.968000E+0	3.389541E+17	1.295985E-19	2.507295E-8	0.000000E+0	4.272497E-6	1.753621E-4	0.000000E+0	0.000000E+0	0.000000E+0
1.397114E+2	-5.687764E+3	3.057000E+0	-5.351624E-18	2.346837E+17	2.159286E-6	0.000000E+0	4.316053E-6	1.757100E-4	0.000000E+0	0.000000E+0	0.000000E+0
1.403223E+2	-5.676586E+3	3.146000E+0	2.587203E+17	-3.980899E-18	2.761328E-6	0.000000E+0	4.351981E-6	1.760546E-4	0.000000E+0	0.000000E+0	0.000000E+0
1.414624E+2	-5.665348E+3	3.234000E+0	-3.127958E+17	-9.739241E-19	-6.947666E-7	0.000000E+0	4.404708E-6	1.764017E-4	0.000000E+0	0.000000E+0	0.000000E+0
1.424365E+2	-5.653274E+3	3.323000E+0	6.653843E-18	-4.395667E+17	-9.272480E-8	0.000000E+0	4.453953E-6	1.767764E-4	0.000000E+0	0.000000E+0	0.000000E+0
1.442197E+2	-5.641350E+3	3.411000E+0	-1.137863E-18	-4.188939E+17	5.369802E-7	0.000000E+0	4.528713E-6	1.771468E-4	0.000000E+0	0.000000E+0	0.000000E+0
1.467993E+2	-5.628618E+3	3.500000E+0	-9.275714E-19	-3.780148E-18	2.671222E-6	0.000000E+0	4.630471E-6	1.775427E-4	0.000000E+0	0.000000E+0	0.000000E+0
