Real / Ohm	Ximag / Ohm	V_DC / V	I_a c / A	V_ac / V	I_DC / A
1.034238E+2	-1.105156E+0	0.000000E+0	-3.567381E+17	-4.286482E-18	9.334181E-7	1.000000E+6	9.667850E-3	1.033078E-4	0.000000E+0	0.000000E+0	0.000000E+0
1.028334E+2	-1.127434E+0	3.200000E-2	-4.691026E+17	6.689522E-18	2.543888E-4	0.000000E+0	9.723298E-3	1.066033E-4	0.000000E+0	0.000000E+0	0.000000E+0
1.010024E+2	-1.105453E+0	6.300000E-2	-5.749716E+17	1.371951E+17	5.022538E-4	0.000000E+0	9.899569E-3	1.083490E-4	0.000000E+0	0.000000E+0	0.000000E+0
9.729858E+1	-1.093895E+0	9.500000E-2	-6.194310E-18	5.176248E+17	7.511127E-4	0.000000E+0	1.027634E-2	1.155335E-4	0.000000E+0	0.000000E+0	0.000000E+0
9.374892E+1	-9.989395E-1	1.270000E-1	2.517955E+17	5.595160E+16	1.004568E-3	0.000000E+0	1.066558E-2	1.136468E-4	0.000000E+0	0.000000E+0	0.000000E+0
9.420078E+1	-1.030098E+0	1.580000E-1	4.553607E+17	-2.686618E+17	1.306059E-3	0.000000E+0	1.061435E-2	1.160694E-4	0.000000E+0	0.000000E+0	0.000000E+0
9.104597E+1	-9.160004E-1	1.900000E-1	8.250878E-19	2.832976E+17	1.530403E-3	0.000000E+0	1.098235E-2	1.104919E-4	0.000000E+0	0.000000E+0	0.000000E+0
8.848340E+1	-9.230194E-1	2.220000E-1	2.818897E-18	-3.928899E-18	1.850253E-3	0.000000E+0	1.130033E-2	1.178800E-4	0.000000E+0	0.000000E+0	0.000000E+0
8.808989E+1	-8.418427E-1	2.530000E-1	-3.088639E-18	4.664211E-18	2.098118E-3	0.000000E+0	1.135100E-2	1.084774E-4	0.000000E+0	0.000000E+0	0.000000E+0
8.532498E+1	-8.206253E-1	2.850000E-1	2.907620E+17	-1.496570E-18	2.387835E-3	0.000000E+0	1.171881E-2	1.127074E-4	0.000000E+0	0.000000E+0	0.000000E+0
8.324876E+1	-7.952881E-1	3.160000E-1	-2.052875E-18	3.493290E-18	2.631103E-3	0.000000E+0	1.201109E-2	1.147438E-4	0.000000E+0	0.000000E+0	0.000000E+0
8.182979E+1	-7.081490E-1	3.480000E-1	5.725575E-18	5.135270E+17	2.952996E-3	0.000000E+0	1.221957E-2	1.057473E-4	0.000000E+0	0.000000E+0	0.000000E+0
8.070821E+1	-6.872826E-1	3.800000E-1	-6.504745E+16	2.866239E-18	3.302468E-3	0.000000E+0	1.238941E-2	1.055039E-4	0.000000E+0	0.000000E+0	0.000000E+0
7.928239E+1	-6.553040E-1	4.110000E-1	8.036557E+16	-5.942399E-18	3.549822E-3	0.000000E+0	1.261228E-2	1.042461E-4	0.000000E+0	0.000000E+0	0.000000E+0
7.766179E+1	-6.771393E-1	4.430000E-1	2.127762E-18	3.280462E+15	3.847199E-3	0.000000E+0	1.287537E-2	1.122613E-4	0.000000E+0	0.000000E+0	0.000000E+0
7.769601E+1	-5.731392E-1	4.750000E-1	8.607211E+16	4.250517E-18	4.248764E-3	0.000000E+0	1.286997E-2	9.493777E-5	0.000000E+0	0.000000E+0	0.000000E+0
7.661804E+1	-5.481796E-1	5.060000E-1	-4.013414E-19	-2.240669E+17	4.565067E-3	0.000000E+0	1.305109E-2	9.337671E-5	0.000000E+0	0.000000E+0	0.000000E+0
7.624831E+1	-5.300522E-1	5.380000E-1	2.698511E+17	2.403799E+17	4.745488E-3	0.000000E+0	1.311441E-2	9.116690E-5	0.000000E+0	0.000000E+0	0.000000E+0
7.453098E+1	-5.647507E-1	5.700000E-1	-5.198214E+17	1.399337E+17	5.111814E-3	0.000000E+0	1.341647E-2	1.016619E-4	0.000000E+0	0.000000E+0	0.000000E+0
7.448645E+1	-4.730568E-1	6.010000E-1	-4.479008E-18	-5.687757E-18	5.429648E-3	0.000000E+0	1.342472E-2	8.525919E-5	0.000000E+0	0.000000E+0	0.000000E+0
7.324670E+1	-4.709778E-1	6.330000E-1	1.593192E+15	5.049270E-18	5.694849E-3	0.000000E+0	1.365193E-2	8.778218E-5	0.000000E+0	0.000000E+0	0.000000E+0
7.201385E+1	-4.668617E-1	6.650000E-1	3.716679E-18	4.246583E+17	6.057090E-3	0.000000E+0	1.388563E-2	9.001978E-5	0.000000E+0	0.000000E+0	0.000000E+0
6.979248E+1	-4.581604E-1	6.960000E-1	-5.203440E-18	3.830367E-18	6.433147E-3	0.000000E+0	1.432757E-2	9.405493E-5	0.000000E+0	0.000000E+0	0.000000E+0
6.880128E+1	-3.569374E-1	7.280000E-1	-1.183520E-18	-5.342346E-18	6.808154E-3	0.000000E+0	1.453422E-2	7.540278E-5	0.000000E+0	0.000000E+0	0.000000E+0
6.812128E+1	-3.497314E-1	7.590000E-1	-5.319197E+16	-3.553127E+17	7.223026E-3	0.000000E+0	1.467931E-2	7.536290E-5	0.000000E+0	0.000000E+0	0.000000E+0
6.782394E+1	-3.628807E-1	7.910000E-1	2.088264E+17	-2.196584E+17	7.525512E-3	0.000000E+0	1.474363E-2	7.888336E-5	0.000000E+0	0.000000E+0	0.000000E+0
6.887399E+1	-2.798386E-1	8.230000E-1	-7.957818E+16	-3.386204E-18	7.895922E-3	0.000000E+0	1.451903E-2	5.899157E-5	0.000000E+0	0.000000E+0	0.000000E+0
6.843182E+1	-2.616653E-1	8.540000E-1	-1.774996E-18	1.902529E-18	8.161152E-3	0.000000E+0	1.461287E-2	5.587578E-5	0.000000E+0	0.000000E+0	0.000000E+0
6.934671E+1	-2.696991E-1	8.860000E-1	-4.775830E-18	6.132215E-18	8.257816E-3	0.000000E+0	1.442008E-2	5.608170E-5	0.000000E+0	0.000000E+0	0.000000E+0
6.857716E+1	-2.988701E-1	9.180000E-1	1.829862E+17	1.849291E+17	8.733435E-3	0.000000E+0	1.458184E-2	6.354995E-5	0.000000E+0	0.000000E+0	0.000000E+0
6.888019E+1	-2.359734E-1	9.490000E-1	4.410889E+17	3.940187E-18	8.929716E-3	0.000000E+0	1.451779E-2	4.973582E-5	0.000000E+0	0.000000E+0	0.000000E+0
6.859108E+1	-2.336960E-1	9.810000E-1	-5.506727E-18	3.318154E+17	9.307276E-3	0.000000E+0	1.457899E-2	4.967192E-5	0.000000E+0	0.000000E+0	0.000000E+0
6.825880E+1	-2.399940E-1	1.013000E+0	-5.761072E+17	-4.172230E+17	9.541836E-3	0.000000E+0	1.464994E-2	5.150836E-5	0.000000E+0	0.000000E+0	0.000000E+0
6.843698E+1	-1.879768E-1	1.044000E+0	6.303170E-18	-1.599031E-19	9.964881E-3	0.000000E+0	1.461187E-2	4.013463E-5	0.000000E+0	0.000000E+0	0.000000E+0
6.926364E+1	-2.113571E-1	1.076000E+0	-1.696221E+17	-6.427789E-19	1.057737E-2	0.000000E+0	1.443746E-2	4.405571E-5	0.000000E+0	0.000000E+0	0.000000E+0
6.986688E+1	-2.190781E-1	1.108000E+0	-2.725491E+17	2.120590E-18	1.042531E-2	0.000000E+0	1.431279E-2	4.487991E-5	0.000000E+0	0.000000E+0	0.000000E+0
7.043217E+1	-2.288284E-1	1.139000E+0	-1.478400E+17	2.700612E+17	1.076562E-2	0.000000E+0	1.419791E-2	4.612785E-5	0.000000E+0	0.000000E+0	0.000000E+0
7.098752E+1	-2.004776E-1	1.171000E+0	-2.971689E+17	-4.901914E-18	1.113552E-2	0.000000E+0	1.408687E-2	3.978308E-5	0.000000E+0	0.000000E+0	0.000000E+0
7.068744E+1	-1.928139E-1	1.203000E+0	-4.717429E+17	-4.919838E+17	1.153147E-2	0.000000E+0	1.414668E-2	3.858785E-5	0.000000E+0	0.000000E+0	0.000000E+0
7.208453E+1	-2.127419E-1	1.234000E+0	-9.427510E-19	-9.434847E-19	1.160211E-2	0.000000E+0	1.387248E-2	4.094163E-5	0.000000E+0	0.000000E+0	0.000000E+0
7.207977E+1	-2.326584E-1	1.266000E+0	-3.093320E+17	4.406614E-18	1.205066E-2	0.000000E+0	1.387337E-2	4.478034E-5	0.000000E+0	0.000000E+0	0.000000E+0
7.269991E+1	-2.089462E-1	1.297000E+0	-4.715871E+17	-3.995361E+17	1.234041E-2	0.000000E+0	1.375506E-2	3.953331E-5	0.000000E+0	0.000000E+0	0.000000E+0
7.293172E+1	-2.113876E-1	1.329000E+0	-1.067113E+17	-5.230656E+17	1.257957E-2	0.000000E+0	1.371134E-2	3.974138E-5	0.000000E+0	0.000000E+0	0.000000E+0
7.319322E+1	-2.174721E-1	1.361000E+0	-3.021231E-18	1.442034E+17	1.297500E-2	0.000000E+0	1.366235E-2	4.059364E-5	0.000000E+0	0.000000E+0	0.000000E+0
7.282201E+1	-1.579399E-1	1.392000E+0	-3.411495E-18	5.558819E-18	1.328466E-2	0.000000E+0	1.373205E-2	2.978273E-5	0.000000E+0	0.000000E+0	0.000000E+0
7.399461E+1	-1.757965E-1	1.424000E+0	4.155990E+17	-2.187937E-18	1.334456E-2	0.000000E+0	1.351442E-2	3.210758E-5	0.000000E+0	0.000000E+0	0.000000E+0
7.455293E+1	-1.900101E-1	1.456000E+0	-4.136209E+17	4.857998E-18	1.382426E-2	0.000000E+0	1.341320E-2	3.418570E-5	0.000000E+0	0.000000E+0	0.000000E+0
7.480951E+1	-2.063980E-1	1.487000E+0	-5.584540E-18	-6.440456E-18	1.407979E-2	0.000000E+0	1.336718E-2	3.687980E-5	0.000000E+0	0.000000E+0	0.000000E+0
7.492136E+1	-8.784103E-2	1.519000E+0	4.766215E-20	4.558718E+17	1.447829E-2	0.000000E+0	1.334731E-2	1.564896E-5	0.000000E+0	0.000000E+0	0.000000E+0
7.500896E+1	8.106232E-3	1.551000E+0	1.388541E-18	6.784133E-18	1.487883E-2	0.000000E+0	1.333174E-2	-1.440764E-6	0.000000E+0	0.000000E+0	0.000000E+0
7.578575E+1	-4.433823E-2	1.582000E+0	3.311088E+17	-3.632627E-18	1.455009E-2	0.000000E+0	1.319509E-2	7.719748E-6	0.000000E+0	0.000000E+0	0.000000E+0
7.606006E+1	-3.537750E-2	1.614000E+0	-3.638346E-19	6.323277E-18	1.500068E-2	0.000000E+0	1.314750E-2	6.115243E-6	0.000000E+0	0.000000E+0	0.000000E+0
7.587573E+1	3.726578E-2	1.646000E+0	-4.524504E+17	2.055147E+17	1.524801E-2	0.000000E+0	1.317944E-2	-6.472981E-6	0.000000E+0	0.000000E+0	0.000000E+0
7.596117E+1	1.778793E-2	1.677000E+0	-6.904543E-18	-3.720036E+17	1.544378E-2	0.000000E+0	1.316462E-2	-3.082777E-6	0.000000E+0	0.000000E+0	0.000000E+0
7.598599E+1	6.618118E-2	1.709000E+0	2.547940E-18	-3.198972E-19	1.586322E-2	0.000000E+0	1.316031E-2	-1.146218E-5	0.000000E+0	0.000000E+0	0.000000E+0
7.537598E+1	1.652679E-1	1.741000E+0	-1.554791E+17	1.089529E+17	1.630003E-2	0.000000E+0	1.326676E-2	-2.908844E-5	0.000000E+0	0.000000E+0	0.000000E+0
7.612334E+1	2.502060E-1	1.772000E+0	-5.196819E+17	2.162502E-18	1.637323E-2	0.000000E+0	1.313643E-2	-4.317749E-5	0.000000E+0	0.000000E+0	0.000000E+0
7.579922E+1	2.235756E-1	1.804000E+0	1.001296E+17	-5.707470E+17	1.642239E-2	0.000000E+0	1.319263E-2	-3.891268E-5	0.000000E+0	0.000000E+0	0.000000E+0
7.586928E+1	2.803040E-1	1.835000E+0	-2.799864E+17	-3.562291E+17	1.682858E-2	0.000000E+0	1.318039E-2	-4.869579E-5	0.000000E+0	0.000000E+0	0.000000E+0
7.544475E+1	3.990440E-1	1.867000E+0	7.433461E+16	-3.421229E+17	1.724904E-2	0.000000E+0	1.325436E-2	-7.010526E-5	0.000000E+0	0.000000E+0	0.000000E+0
7.543777E+1	4.671097E-1	1.899000E+0	5.230660E-18	8.421242E+16	1.729668E-2	0.000000E+0	1.325545E-2	-8.207758E-5	0.000000E+0	0.000000E+0	0.000000E+0
7.697841E+1	3.320885E-1	1.930000E+0	5.364498E+17	-2.871878E+17	1.782340E-2	0.000000E+0	1.299041E-2	-5.604126E-5	0.000000E+0	0.000000E+0	0.000000E+0
7.981096E+1	5.816193E-1	1.962000E+0	-5.656005E-19	1.659667E-18	1.811005E-2	0.000000E+0	1.252894E-2	-9.130418E-5	0.000000E+0	0.000000E+0	0.000000E+0
8.012250E+1	6.440773E-1	1.994000E+0	9.197504E+16	2.296609E-18	1.827413E-2	0.000000E+0	1.248008E-2	-1.003231E-4	0.000000E+0	0.000000E+0	0.000000E+0
8.062880E+1	6.499138E-1	2.025000E+0	3.660067E+17	4.737481E+17	1.846939E-2	0.000000E+0	1.240171E-2	-9.996481E-5	0.000000E+0	0.000000E+0	0.000000E+0
8.040898E+1	7.429733E-1	2.057000E+0	1.676928E-18	4.035830E-18	1.879435E-2	0.000000E+0	1.243536E-2	-1.149019E-4	0.000000E+0	0.000000E+0	0.000000E+0
8.070216E+1	7.937393E-1	2.089000E+0	-2.680825E+17	-5.492346E+17	1.907589E-2	0.000000E+0	1.239004E-2	-1.218612E-4	0.000000E+0	0.000000E+0	0.000000E+0
8.184917E+1	1.067005E+0	2.120000E+0	5.241928E+17	-4.155966E-18	1.931865E-2	0.000000E+0	1.221552E-2	-1.592444E-4	0.000000E+0	0.000000E+0	0.000000E+0
8.236967E+1	1.116898E+0	2.152000E+0	2.579781E+17	4.569569E-19	1.927180E-2	0.000000E+0	1.213816E-2	-1.645883E-4	0.000000E+0	0.000000E+0	0.000000E+0
8.323808E+1	1.264805E+0	2.184000E+0	2.888526E-18	5.332336E+16	1.962995E-2	0.000000E+0	1.201096E-2	-1.825069E-4	0.000000E+0	0.000000E+0	0.000000E+0
8.169818E+1	1.433914E+0	2.215000E+0	-1.980651E+17	3.078113E+17	2.002133E-2	0.000000E+0	1.223641E-2	-2.147655E-4	0.000000E+0	0.000000E+0	0.000000E+0
8.271317E+1	1.577534E+0	2.247000E+0	-2.714796E-18	1.441508E+17	2.005262E-2	0.000000E+0	1.208558E-2	-2.305003E-4	0.000000E+0	0.000000E+0	0.000000E+0
8.312283E+1	1.557732E+0	2.278000E+0	5.785078E-19	3.793536E+17	2.052878E-2	0.000000E+0	1.202617E-2	-2.253718E-4	0.000000E+0	0.000000E+0	0.000000E+0
8.335786E+1	1.687370E+0	2.310000E+0	-2.375066E+17	1.295985E-19	2.064792E-2	0.000000E+0	1.199156E-2	-2.427389E-4	0.000000E+0	0.000000E+0	0.000000E+0
8.321541E+1	1.779152E+0	2.342000E+0	-5.351625E-18	2.391872E+17	2.095602E-2	0.000000E+0	1.201151E-2	-2.568071E-4	0.000000E+0	0.000000E+0	0.000000E+0
8.290450E+1	1.793514E+0	2.373000E+0	2.587907E+17	2.090634E-18	2.121563E-2	0.000000E+0	1.205643E-2	-2.608227E-4	0.000000E+0	0.000000E+0	0.000000E+0
8.184888E+1	1.967003E+0	2.405000E+0	-3.127958E+17	-2.708644E-18	2.156102E-2	0.000000E+0	1.221059E-2	-2.934464E-4	0.000000E+0	0.000000E+0	0.000000E+0
7.600180E+1	2.374115E+0	2.437000E+0	6.653737E-18	-4.395667E+17	2.221488E-2	0.000000E+0	1.314476E-2	-4.106109E-4	0.000000E+0	0.000000E+0	0.000000E+0
7.907823E+1	2.578083E+0	2.468000E+0	-1.137863E-18	-4.190346E+17	2.265273E-2	0.000000E+0	1.263228E-2	-4.118335E-4	0.000000E+0	0.000000E+0	0.000000E+0
7.621214E+1	2.614891E+0	2.500000E+0	-9.275714E-19	-3.780201E-18	2.269679E-2	0.000000E+0	1.310584E-2	-4.496704E-4	0.000000E+0	0.000000E+0	0.000000E+0
