Real / Ohm	Ximag / Ohm	V_DC / V	I_a c / A	V_ac / V	I_DC / A
1.563306E+2	-5.825882E+0	0.000000E+0	-3.567381E+17	-4.286482E-18	-8.803909E-8	1.000000E+6	6.387829E-3	2.380515E-4	0.000000E+0	0.000000E+0	0.000000E+0
1.546974E+2	-5.772713E+0	3.200000E-2	-4.691026E+17	6.689522E-18	1.777802E-4	0.000000E+0	6.455244E-3	2.408849E-4	0.000000E+0	0.000000E+0	0.000000E+0
1.504240E+2	-5.497101E+0	6.300000E-2	-5.749716E+17	1.371951E+17	3.566974E-4	0.000000E+0	6.639009E-3	2.426162E-4	0.000000E+0	0.000000E+0	0.000000E+0
1.439007E+2	-5.090927E+0	9.500000E-2	-6.194310E-18	5.176248E+17	5.350764E-4	0.000000E+0	6.940550E-3	2.455432E-4	0.000000E+0	0.000000E+0	0.000000E+0
1.408164E+2	-4.875389E+0	1.270000E-1	2.517955E+17	5.595160E+16	7.435880E-4	0.000000E+0	7.092943E-3	2.455741E-4	0.000000E+0	0.000000E+0	0.000000E+0
1.362590E+2	-4.627060E+0	1.580000E-1	4.553607E+17	-2.686618E+17	9.225053E-4	0.000000E+0	7.330512E-3	2.489283E-4	0.000000E+0	0.000000E+0	0.000000E+0
1.317778E+2	-4.372589E+0	1.900000E-1	8.250878E-19	2.832976E+17	1.136635E-3	0.000000E+0	7.580186E-3	2.515222E-4	0.000000E+0	0.000000E+0	0.000000E+0
1.282029E+2	-4.149300E+0	2.220000E-1	2.818897E-18	-3.928899E-18	1.323185E-3	0.000000E+0	7.791973E-3	2.521880E-4	0.000000E+0	0.000000E+0	0.000000E+0
1.247992E+2	-3.986679E+0	2.530000E-1	-3.088639E-18	4.664211E-18	1.580754E-3	0.000000E+0	8.004703E-3	2.557082E-4	0.000000E+0	0.000000E+0	0.000000E+0
1.209482E+2	-3.626976E+0	2.850000E-1	2.907620E+17	-1.496570E-18	1.734618E-3	0.000000E+0	8.260574E-3	2.477168E-4	0.000000E+0	0.000000E+0	0.000000E+0
1.200719E+2	-3.685860E+0	3.160000E-1	-2.052875E-18	3.493290E-18	1.937029E-3	0.000000E+0	8.320503E-3	2.554154E-4	0.000000E+0	0.000000E+0	0.000000E+0
1.162402E+2	-3.442322E+0	3.480000E-1	5.725575E-18	5.135270E+17	2.184356E-3	0.000000E+0	8.595338E-3	2.545412E-4	0.000000E+0	0.000000E+0	0.000000E+0
1.130735E+2	-3.221870E+0	3.800000E-1	-6.504745E+16	2.866239E-18	2.456708E-3	0.000000E+0	8.836631E-3	2.517873E-4	0.000000E+0	0.000000E+0	0.000000E+0
1.097713E+2	-3.059258E+0	4.110000E-1	8.036557E+16	-5.942399E-18	2.571274E-3	0.000000E+0	9.102779E-3	2.536888E-4	0.000000E+0	0.000000E+0	0.000000E+0
1.065801E+2	-2.879791E+0	4.430000E-1	2.127762E-18	3.280462E+15	2.846180E-3	0.000000E+0	9.375770E-3	2.533330E-4	0.000000E+0	0.000000E+0	0.000000E+0
1.058016E+2	-2.766434E+0	4.750000E-1	8.607211E+16	4.250517E-18	3.056224E-3	0.000000E+0	9.445195E-3	2.469671E-4	0.000000E+0	0.000000E+0	0.000000E+0
1.040725E+2	-2.684143E+0	5.060000E-1	-4.013414E-19	-2.240669E+17	3.216755E-3	0.000000E+0	9.602299E-3	2.476537E-4	0.000000E+0	0.000000E+0	0.000000E+0
1.018893E+2	-2.579384E+0	5.380000E-1	2.698511E+17	2.403799E+17	3.490639E-3	0.000000E+0	9.808287E-3	2.483022E-4	0.000000E+0	0.000000E+0	0.000000E+0
1.003782E+2	-2.504211E+0	5.700000E-1	-5.198214E+17	1.399337E+17	3.774227E-3	0.000000E+0	9.956126E-3	2.483830E-4	0.000000E+0	0.000000E+0	0.000000E+0
9.736876E+1	-2.354103E+0	6.010000E-1	-4.479008E-18	-5.687757E-18	4.006259E-3	0.000000E+0	1.026423E-2	2.481604E-4	0.000000E+0	0.000000E+0	0.000000E+0
9.513428E+1	-2.193199E+0	6.330000E-1	1.593192E+15	5.049270E-18	4.247968E-3	0.000000E+0	1.050587E-2	2.421995E-4	0.000000E+0	0.000000E+0	0.000000E+0
9.341724E+1	-2.192009E+0	6.650000E-1	3.716679E-18	4.246583E+17	4.601526E-3	0.000000E+0	1.069877E-2	2.510436E-4	0.000000E+0	0.000000E+0	0.000000E+0
9.283881E+1	-2.112915E+0	6.960000E-1	-5.203440E-18	3.830367E-18	4.915785E-3	0.000000E+0	1.076578E-2	2.450180E-4	0.000000E+0	0.000000E+0	0.000000E+0
9.099377E+1	-1.968590E+0	7.280000E-1	-1.183520E-18	-5.342346E-18	5.114081E-3	0.000000E+0	1.098462E-2	2.376450E-4	0.000000E+0	0.000000E+0	0.000000E+0
8.978888E+1	-1.953957E+0	7.590000E-1	-5.319197E+16	-3.553127E+17	5.351221E-3	0.000000E+0	1.113196E-2	2.422503E-4	0.000000E+0	0.000000E+0	0.000000E+0
8.837671E+1	-1.852264E+0	7.910000E-1	2.088264E+17	-2.196584E+17	5.653707E-3	0.000000E+0	1.131023E-2	2.370481E-4	0.000000E+0	0.000000E+0	0.000000E+0
8.758142E+1	-1.784821E+0	8.230000E-1	-7.957818E+16	-3.386204E-18	5.921463E-3	0.000000E+0	1.141321E-2	2.325896E-4	0.000000E+0	0.000000E+0	0.000000E+0
8.648376E+1	-1.719482E+0	8.540000E-1	-1.774996E-18	1.902529E-18	6.115191E-3	0.000000E+0	1.155830E-2	2.298036E-4	0.000000E+0	0.000000E+0	0.000000E+0
8.561499E+1	-1.666504E+0	8.860000E-1	-4.775830E-18	6.132215E-18	6.358432E-3	0.000000E+0	1.167577E-2	2.272701E-4	0.000000E+0	0.000000E+0	0.000000E+0
8.464870E+1	-1.604462E+0	9.180000E-1	1.829862E+17	1.849291E+17	6.661427E-3	0.000000E+0	1.180929E-2	2.238375E-4	0.000000E+0	0.000000E+0	0.000000E+0
8.287457E+1	-1.530613E+0	9.490000E-1	4.410889E+17	3.940187E-18	6.894481E-3	0.000000E+0	1.206231E-2	2.227792E-4	0.000000E+0	0.000000E+0	0.000000E+0
8.303197E+1	-1.426815E+0	9.810000E-1	-5.506727E-18	3.318154E+17	7.025873E-3	0.000000E+0	1.204000E-2	2.068944E-4	0.000000E+0	0.000000E+0	0.000000E+0
8.173468E+1	-1.467861E+0	1.013000E+0	-5.761072E+17	-4.172230E+17	7.460126E-3	0.000000E+0	1.223076E-2	2.196505E-4	0.000000E+0	0.000000E+0	0.000000E+0
8.089685E+1	-1.317059E+0	1.044000E+0	6.303170E-18	-1.599031E-19	7.890319E-3	0.000000E+0	1.235815E-2	2.011995E-4	0.000000E+0	0.000000E+0	0.000000E+0
7.996704E+1	-1.252659E+0	1.076000E+0	-1.696221E+17	-6.427789E-19	8.041117E-3	0.000000E+0	1.250208E-2	1.958413E-4	0.000000E+0	0.000000E+0	0.000000E+0
7.925249E+1	-1.216419E+0	1.108000E+0	-2.725491E+17	2.120590E-18	8.332876E-3	0.000000E+0	1.261493E-2	1.936222E-4	0.000000E+0	0.000000E+0	0.000000E+0
7.836646E+1	-1.156101E+0	1.139000E+0	-1.478400E+17	2.700612E+17	8.472469E-3	0.000000E+0	1.275778E-2	1.882092E-4	0.000000E+0	0.000000E+0	0.000000E+0
7.764955E+1	-1.019630E+0	1.171000E+0	-2.971689E+17	-4.901914E-18	8.861776E-3	0.000000E+0	1.287615E-2	1.690791E-4	0.000000E+0	0.000000E+0	0.000000E+0
7.753497E+1	-9.904175E-1	1.203000E+0	-4.717429E+17	-4.919838E+17	8.900218E-3	0.000000E+0	1.289530E-2	1.647222E-4	0.000000E+0	0.000000E+0	0.000000E+0
7.723338E+1	-9.599609E-1	1.234000E+0	-9.427510E-19	-9.434847E-19	9.217031E-3	0.000000E+0	1.294577E-2	1.609075E-4	0.000000E+0	0.000000E+0	0.000000E+0
7.724243E+1	-9.264755E-1	1.266000E+0	-3.093320E+17	4.406614E-18	9.316247E-3	0.000000E+0	1.294439E-2	1.552600E-4	0.000000E+0	0.000000E+0	0.000000E+0
7.676355E+1	-8.858376E-1	1.297000E+0	-4.715871E+17	-3.995361E+17	9.654511E-3	0.000000E+0	1.302528E-2	1.503094E-4	0.000000E+0	0.000000E+0	0.000000E+0
7.691672E+1	-8.532066E-1	1.329000E+0	-1.067113E+17	-5.230656E+17	9.696016E-3	0.000000E+0	1.299947E-2	1.441980E-4	0.000000E+0	0.000000E+0	0.000000E+0
7.616905E+1	-8.394623E-1	1.361000E+0	-3.021231E-18	1.442034E+17	1.044181E-2	0.000000E+0	1.312710E-2	1.446743E-4	0.000000E+0	0.000000E+0	0.000000E+0
7.500046E+1	-7.926979E-1	1.392000E+0	-3.411495E-18	5.558819E-18	1.069376E-2	0.000000E+0	1.333176E-2	1.409066E-4	0.000000E+0	0.000000E+0	0.000000E+0
7.471492E+1	-7.147865E-1	1.424000E+0	4.155990E+17	-2.187937E-18	1.112188E-2	0.000000E+0	1.338298E-2	1.280330E-4	0.000000E+0	0.000000E+0	0.000000E+0
7.499527E+1	-7.216644E-1	1.456000E+0	-4.136209E+17	4.857998E-18	1.115419E-2	0.000000E+0	1.333294E-2	1.283002E-4	0.000000E+0	0.000000E+0	0.000000E+0
7.492145E+1	-6.627960E-1	1.487000E+0	-5.584540E-18	-6.440456E-18	1.144649E-2	0.000000E+0	1.334627E-2	1.180684E-4	0.000000E+0	0.000000E+0	0.000000E+0
7.471188E+1	-5.769157E-1	1.519000E+0	4.766215E-20	4.558718E+17	1.178779E-2	0.000000E+0	1.338395E-2	1.033492E-4	0.000000E+0	0.000000E+0	0.000000E+0
7.581757E+1	-5.856094E-1	1.551000E+0	1.388541E-18	6.784133E-18	1.175831E-2	0.000000E+0	1.318877E-2	1.018691E-4	0.000000E+0	0.000000E+0	0.000000E+0
7.595642E+1	-5.271568E-1	1.582000E+0	3.311088E+17	-3.632627E-18	1.197042E-2	0.000000E+0	1.316481E-2	9.136712E-5	0.000000E+0	0.000000E+0	0.000000E+0
7.601132E+1	-4.912834E-1	1.614000E+0	-3.638346E-19	6.323277E-18	1.231581E-2	0.000000E+0	1.315539E-2	8.502711E-5	0.000000E+0	0.000000E+0	0.000000E+0
7.641556E+1	-4.491615E-1	1.646000E+0	-4.524504E+17	2.055147E+17	1.247580E-2	0.000000E+0	1.308589E-2	7.691728E-5	0.000000E+0	0.000000E+0	0.000000E+0
7.722829E+1	-4.028854E-1	1.677000E+0	-6.904543E-18	-3.720036E+17	1.281202E-2	0.000000E+0	1.294827E-2	6.754868E-5	0.000000E+0	0.000000E+0	0.000000E+0
7.695984E+1	-4.431419E-1	1.709000E+0	2.547940E-18	-3.198972E-19	1.299602E-2	0.000000E+0	1.299336E-2	7.481697E-5	0.000000E+0	0.000000E+0	0.000000E+0
7.603864E+1	-3.351746E-1	1.741000E+0	-1.554791E+17	1.089529E+17	1.387817E-2	0.000000E+0	1.315095E-2	5.796876E-5	0.000000E+0	0.000000E+0	0.000000E+0
7.573822E+1	-3.142014E-1	1.772000E+0	-5.196819E+17	2.162502E-18	1.396772E-2	0.000000E+0	1.320315E-2	5.477349E-5	0.000000E+0	0.000000E+0	0.000000E+0
7.567545E+1	-2.369804E-1	1.804000E+0	1.001296E+17	-5.707470E+17	1.399900E-2	0.000000E+0	1.321420E-2	4.138073E-5	0.000000E+0	0.000000E+0	0.000000E+0
7.565228E+1	-2.138557E-1	1.835000E+0	-2.799864E+17	-3.562291E+17	1.439702E-2	0.000000E+0	1.321827E-2	3.736572E-5	0.000000E+0	0.000000E+0	0.000000E+0
7.510913E+1	-7.853699E-2	1.867000E+0	7.433461E+16	-3.421229E+17	1.473066E-2	0.000000E+0	1.331395E-2	1.392157E-5	0.000000E+0	0.000000E+0	0.000000E+0
7.599561E+1	2.044678E-3	1.899000E+0	5.230660E-18	8.421242E+16	1.496880E-2	0.000000E+0	1.315865E-2	-3.540364E-7	0.000000E+0	0.000000E+0	0.000000E+0
7.618896E+1	2.039337E-2	1.930000E+0	5.364498E+17	-2.871878E+17	1.505068E-2	0.000000E+0	1.312526E-2	-3.513216E-6	0.000000E+0	0.000000E+0	0.000000E+0
7.632858E+1	1.752052E-1	1.962000E+0	-5.656005E-19	1.659667E-18	1.555234E-2	0.000000E+0	1.310118E-2	-3.007256E-5	0.000000E+0	0.000000E+0	0.000000E+0
7.694832E+1	2.035713E-1	1.994000E+0	9.197504E+16	2.296609E-18	1.554737E-2	0.000000E+0	1.299564E-2	-3.438074E-5	0.000000E+0	0.000000E+0	0.000000E+0
7.761871E+1	1.379433E-1	2.025000E+0	3.660067E+17	4.737481E+17	1.605520E-2	0.000000E+0	1.288345E-2	-2.289636E-5	0.000000E+0	0.000000E+0	0.000000E+0
7.683745E+1	1.844826E-1	2.057000E+0	1.676928E-18	4.035830E-18	1.635002E-2	0.000000E+0	1.301441E-2	-3.124691E-5	0.000000E+0	0.000000E+0	0.000000E+0
7.661662E+1	3.242035E-1	2.089000E+0	-2.680825E+17	-5.492346E+17	1.665148E-2	0.000000E+0	1.305176E-2	-5.522859E-5	0.000000E+0	0.000000E+0	0.000000E+0
7.832571E+1	1.519165E-1	2.120000E+0	5.241928E+17	-4.155966E-18	1.684470E-2	0.000000E+0	1.276715E-2	-2.476251E-5	0.000000E+0	0.000000E+0	0.000000E+0
8.063565E+1	3.775787E-2	2.152000E+0	2.579781E+17	4.569569E-19	1.703023E-2	0.000000E+0	1.240146E-2	-5.807018E-6	0.000000E+0	0.000000E+0	0.000000E+0
8.058139E+1	6.600571E-2	2.184000E+0	2.888526E-18	5.332336E+16	1.747368E-2	0.000000E+0	1.240980E-2	-1.016510E-5	0.000000E+0	0.000000E+0	0.000000E+0
8.076990E+1	1.337509E-1	2.215000E+0	-1.980651E+17	3.078113E+17	1.777619E-2	0.000000E+0	1.238082E-2	-2.050201E-5	0.000000E+0	0.000000E+0	0.000000E+0
8.084691E+1	2.051582E-1	2.247000E+0	-2.714796E-18	1.441508E+17	1.811545E-2	0.000000E+0	1.236898E-2	-3.138768E-5	0.000000E+0	0.000000E+0	0.000000E+0
8.110091E+1	2.275429E-1	2.278000E+0	5.785078E-19	3.793536E+17	1.845575E-2	0.000000E+0	1.233022E-2	-3.459461E-5	0.000000E+0	0.000000E+0	0.000000E+0
8.095909E+1	2.900963E-1	2.310000E+0	-2.375066E+17	1.295985E-19	1.858918E-2	0.000000E+0	1.235176E-2	-4.425939E-5	0.000000E+0	0.000000E+0	0.000000E+0
8.163385E+1	3.521919E-1	2.342000E+0	-5.351625E-18	2.391872E+17	1.889269E-2	0.000000E+0	1.224959E-2	-5.284826E-5	0.000000E+0	0.000000E+0	0.000000E+0
8.262148E+1	3.935623E-2	2.373000E+0	2.587907E+17	2.090634E-18	2.016149E-2	0.000000E+0	1.210339E-2	-5.765374E-6	0.000000E+0	0.000000E+0	0.000000E+0
8.229889E+1	5.627289E-1	2.405000E+0	-3.127958E+17	-2.708644E-18	1.978216E-2	0.000000E+0	1.215026E-2	-8.307894E-5	0.000000E+0	0.000000E+0	0.000000E+0
8.271086E+1	3.396111E-1	2.437000E+0	6.653737E-18	-4.395667E+17	2.035431E-2	0.000000E+0	1.209011E-2	-4.964202E-5	0.000000E+0	0.000000E+0	0.000000E+0
8.057794E+1	5.207176E-1	2.468000E+0	-1.137863E-18	-4.190346E+17	2.105366E-2	0.000000E+0	1.240983E-2	-8.019583E-5	0.000000E+0	0.000000E+0	0.000000E+0
7.855113E+1	8.161316E-1	2.500000E+0	-9.275714E-19	-3.780201E-18	2.128822E-2	0.000000E+0	1.272919E-2	-1.322539E-4	0.000000E+0	0.000000E+0	0.000000E+0
