Real / Ohm	Ximag / Ohm	V_DC / V	I_a c / A	V_ac / V	I_DC / A
7.784787E+1	-5.094719E-1	0.000000E+0	-3.567381E+17	-4.286482E-18	-2.130924E-6	1.000000E+6	1.284502E-2	8.406364E-5	0.000000E+0	0.000000E+0	0.000000E+0
7.565762E+1	-2.097092E-1	3.200000E-2	-4.691026E+17	6.689522E-18	3.412120E-4	0.000000E+0	1.321734E-2	3.663606E-5	0.000000E+0	0.000000E+0	0.000000E+0
8.410907E+1	1.390839E-1	6.300000E-2	-5.749716E+17	1.371951E+17	6.033772E-4	0.000000E+0	1.188929E-2	-1.966029E-5	0.000000E+0	0.000000E+0	0.000000E+0
7.151479E+1	-1.343269E+0	9.500000E-2	-6.194310E-18	5.176248E+17	1.015157E-3	0.000000E+0	1.397819E-2	2.625537E-4	0.000000E+0	0.000000E+0	0.000000E+0
7.508554E+1	-6.515312E-1	1.270000E-1	2.517955E+17	5.595160E+16	1.308449E-3	0.000000E+0	1.331714E-2	1.155553E-4	0.000000E+0	0.000000E+0	0.000000E+0
7.430591E+1	-7.104874E-1	1.580000E-1	4.553607E+17	-2.686618E+17	1.776947E-3	0.000000E+0	1.345665E-2	1.286678E-4	0.000000E+0	0.000000E+0	0.000000E+0
7.371616E+1	-6.319733E-1	1.900000E-1	8.250878E-19	2.832976E+17	1.843477E-3	0.000000E+0	1.356455E-2	1.162897E-4	0.000000E+0	0.000000E+0	0.000000E+0
6.738754E+1	-7.336388E-1	2.220000E-1	2.818897E-18	-3.928899E-18	2.268536E-3	0.000000E+0	1.483778E-2	1.615369E-4	0.000000E+0	0.000000E+0	0.000000E+0
7.232567E+1	-6.873322E-1	2.530000E-1	-3.088639E-18	4.664211E-18	2.429067E-3	0.000000E+0	1.382510E-2	1.313840E-4	0.000000E+0	0.000000E+0	0.000000E+0
7.392955E+1	-6.918221E-1	2.850000E-1	2.907620E+17	-1.496570E-18	2.859744E-3	0.000000E+0	1.352521E-2	1.265669E-4	0.000000E+0	0.000000E+0	0.000000E+0
7.107199E+1	-6.903877E-1	3.160000E-1	-2.052875E-18	3.493290E-18	3.151531E-3	0.000000E+0	1.406891E-2	1.366643E-4	0.000000E+0	0.000000E+0	0.000000E+0
7.015994E+1	-6.255608E-1	3.480000E-1	5.725575E-18	5.135270E+17	3.866682E-3	0.000000E+0	1.425201E-2	1.270740E-4	0.000000E+0	0.000000E+0	0.000000E+0
6.318842E+1	-6.285210E-1	3.800000E-1	-6.504745E+16	2.866239E-18	3.647717E-3	0.000000E+0	1.582412E-2	1.573990E-4	0.000000E+0	0.000000E+0	0.000000E+0
6.683130E+1	-8.474350E-2	4.110000E-1	8.036557E+16	-5.942399E-18	4.303140E-3	0.000000E+0	1.496302E-2	1.897343E-5	0.000000E+0	0.000000E+0	0.000000E+0
7.309370E+1	-8.178444E-1	4.430000E-1	2.127762E-18	3.280462E+15	4.628607E-3	0.000000E+0	1.367936E-2	1.530581E-4	0.000000E+0	0.000000E+0	0.000000E+0
7.513660E+1	-6.729889E-2	4.750000E-1	8.607211E+16	4.250517E-18	3.937733E-3	0.000000E+0	1.330908E-2	1.192077E-5	0.000000E+0	0.000000E+0	0.000000E+0
8.485764E+1	-1.337318E-1	5.060000E-1	-4.013414E-19	-2.240669E+17	4.991521E-3	0.000000E+0	1.178441E-2	1.857170E-5	0.000000E+0	0.000000E+0	0.000000E+0
6.323367E+1	-1.024620E+0	5.380000E-1	2.698511E+17	2.403799E+17	4.873169E-3	0.000000E+0	1.581021E-2	2.561840E-4	0.000000E+0	0.000000E+0	0.000000E+0
5.996925E+1	-8.140984E-1	5.700000E-1	-5.198214E+17	1.399337E+17	5.904458E-3	0.000000E+0	1.667214E-2	2.263287E-4	0.000000E+0	0.000000E+0	0.000000E+0
6.281671E+1	-1.267433E-1	6.010000E-1	-4.479008E-18	-5.687757E-18	7.120145E-3	0.000000E+0	1.591927E-2	3.211980E-5	0.000000E+0	0.000000E+0	0.000000E+0
6.690106E+1	-5.192299E-1	6.330000E-1	1.593192E+15	5.049270E-18	6.317933E-3	0.000000E+0	1.494655E-2	1.160026E-4	0.000000E+0	0.000000E+0	0.000000E+0
6.823314E+1	-5.962334E-1	6.650000E-1	3.716679E-18	4.246583E+17	6.736353E-3	0.000000E+0	1.465452E-2	1.280538E-4	0.000000E+0	0.000000E+0	0.000000E+0
6.569440E+1	-6.264267E-1	6.960000E-1	-5.203440E-18	3.830367E-18	7.054187E-3	0.000000E+0	1.522061E-2	1.451356E-4	0.000000E+0	0.000000E+0	0.000000E+0
6.510057E+1	-2.274437E-1	7.280000E-1	-1.183520E-18	-5.342346E-18	7.046662E-3	0.000000E+0	1.536066E-2	5.366598E-5	0.000000E+0	0.000000E+0	0.000000E+0
6.045380E+1	-3.353958E-1	7.590000E-1	-5.319197E+16	-3.553127E+17	7.686764E-3	0.000000E+0	1.654105E-2	9.176922E-5	0.000000E+0	0.000000E+0	0.000000E+0
6.059010E+1	-9.522247E-1	7.910000E-1	2.088264E+17	-2.196584E+17	8.913148E-3	0.000000E+0	1.650027E-2	2.593157E-4	0.000000E+0	0.000000E+0	0.000000E+0
5.852940E+1	-1.035347E-1	8.230000E-1	-7.957818E+16	-3.386204E-18	9.205928E-3	0.000000E+0	1.708538E-2	3.022292E-5	0.000000E+0	0.000000E+0	0.000000E+0
5.662430E+1	-3.005066E-1	8.540000E-1	-1.774996E-18	1.902529E-18	9.750526E-3	0.000000E+0	1.765977E-2	9.372082E-5	0.000000E+0	0.000000E+0	0.000000E+0
5.427702E+1	-5.472031E-1	8.860000E-1	-4.775830E-18	6.132215E-18	9.736873E-3	0.000000E+0	1.842213E-2	1.857259E-4	0.000000E+0	0.000000E+0	0.000000E+0
5.513506E+1	-2.437744E-1	9.180000E-1	1.829862E+17	1.849291E+17	1.046070E-2	0.000000E+0	1.813693E-2	8.019068E-5	0.000000E+0	0.000000E+0	0.000000E+0
5.986286E+1	-2.456169E-1	9.490000E-1	4.410889E+17	3.940187E-18	1.011255E-2	0.000000E+0	1.670457E-2	6.853872E-5	0.000000E+0	0.000000E+0	0.000000E+0
5.759693E+1	-5.691147E-1	9.810000E-1	-5.506727E-18	3.318154E+17	1.018010E-2	0.000000E+0	1.736034E-2	1.715374E-4	0.000000E+0	0.000000E+0	0.000000E+0
5.837111E+1	-5.494308E-1	1.013000E+0	-5.761072E+17	-4.172230E+17	1.177319E-2	0.000000E+0	1.713024E-2	1.612422E-4	0.000000E+0	0.000000E+0	0.000000E+0
5.700022E+1	-8.848190E-2	1.044000E+0	6.303170E-18	-1.599031E-19	1.164006E-2	0.000000E+0	1.754375E-2	2.723330E-5	0.000000E+0	0.000000E+0	0.000000E+0
5.546121E+1	2.501564E-1	1.076000E+0	-1.696221E+17	-6.427789E-19	1.275255E-2	0.000000E+0	1.803025E-2	-8.132501E-5	0.000000E+0	0.000000E+0	0.000000E+0
5.191250E+1	-4.954300E-1	1.108000E+0	-2.725491E+17	2.120590E-18	1.120366E-2	0.000000E+0	1.926143E-2	1.838226E-4	0.000000E+0	0.000000E+0	0.000000E+0
4.907034E+1	-9.762192E-1	1.139000E+0	-1.478400E+17	2.700612E+17	1.233508E-2	0.000000E+0	2.037085E-2	4.052634E-4	0.000000E+0	0.000000E+0	0.000000E+0
5.373152E+1	3.544617E-1	1.171000E+0	-2.971689E+17	-4.901914E-18	1.398689E-2	0.000000E+0	1.861024E-2	-1.227700E-4	0.000000E+0	0.000000E+0	0.000000E+0
4.549424E+1	-4.380417E-1	1.203000E+0	-4.717429E+17	-4.919838E+17	1.443749E-2	0.000000E+0	2.197877E-2	2.116228E-4	0.000000E+0	0.000000E+0	0.000000E+0
4.381137E+1	-3.587875E-1	1.234000E+0	-9.427510E-19	-9.434847E-19	1.367770E-2	0.000000E+0	2.282359E-2	1.869108E-4	0.000000E+0	0.000000E+0	0.000000E+0
4.882373E+1	-5.892563E-1	1.266000E+0	-3.093320E+17	4.406614E-18	1.506138E-2	0.000000E+0	2.047886E-2	2.471605E-4	0.000000E+0	0.000000E+0	0.000000E+0
6.025826E+1	1.722595E+0	1.297000E+0	-4.715871E+17	-3.995361E+17	1.520251E-2	0.000000E+0	1.658168E-2	-4.740184E-4	0.000000E+0	0.000000E+0	0.000000E+0
5.267673E+1	-2.911835E-1	1.329000E+0	-1.067113E+17	-5.230656E+17	1.392686E-2	0.000000E+0	1.898313E-2	1.049339E-4	0.000000E+0	0.000000E+0	0.000000E+0
6.023104E+1	8.238220E-2	1.361000E+0	-3.021231E-18	1.442034E+17	1.348215E-2	0.000000E+0	1.660270E-2	-2.270868E-5	0.000000E+0	0.000000E+0	0.000000E+0
5.795656E+1	-1.106491E-1	1.392000E+0	-3.411495E-18	5.558819E-18	1.253492E-2	0.000000E+0	1.725424E-2	3.294133E-5	0.000000E+0	0.000000E+0	0.000000E+0
4.974642E+1	-1.477966E-1	1.424000E+0	4.155990E+17	-2.187937E-18	1.527509E-2	0.000000E+0	2.010177E-2	5.972236E-5	0.000000E+0	0.000000E+0	0.000000E+0
5.645722E+1	1.538116E+0	1.456000E+0	-4.136209E+17	4.857998E-18	1.642129E-2	0.000000E+0	1.769939E-2	-4.822008E-4	0.000000E+0	0.000000E+0	0.000000E+0
4.531851E+1	-1.377117E+0	1.487000E+0	-5.584540E-18	-6.440456E-18	1.780501E-2	0.000000E+0	2.204568E-2	6.699135E-4	0.000000E+0	0.000000E+0	0.000000E+0
5.749044E+1	7.302551E-1	1.519000E+0	4.766215E-20	4.558718E+17	1.768819E-2	0.000000E+0	1.739139E-2	-2.209089E-4	0.000000E+0	0.000000E+0	0.000000E+0
5.620457E+1	9.580269E-1	1.551000E+0	1.388541E-18	6.784133E-18	1.515616E-2	0.000000E+0	1.778698E-2	-3.031854E-4	0.000000E+0	0.000000E+0	0.000000E+0
3.809019E+1	-1.499767E-1	1.582000E+0	3.311088E+17	-3.632627E-18	2.040504E-2	0.000000E+0	2.625307E-2	1.033691E-4	0.000000E+0	0.000000E+0	0.000000E+0
5.464785E+1	2.993927E-1	1.614000E+0	-3.638346E-19	6.323277E-18	1.798587E-2	0.000000E+0	1.829843E-2	-1.002495E-4	0.000000E+0	0.000000E+0	0.000000E+0
4.578822E+1	-4.814682E-1	1.646000E+0	-4.524504E+17	2.055147E+17	1.951103E-2	0.000000E+0	2.183726E-2	2.296212E-4	0.000000E+0	0.000000E+0	0.000000E+0
5.443608E+1	2.291145E+0	1.677000E+0	-6.904543E-18	-3.720036E+17	2.116339E-2	0.000000E+0	1.833768E-2	-7.718097E-4	0.000000E+0	0.000000E+0	0.000000E+0
5.617525E+1	3.431206E-1	1.709000E+0	2.547940E-18	-3.198972E-19	1.653738E-2	0.000000E+0	1.780077E-2	-1.087278E-4	0.000000E+0	0.000000E+0	0.000000E+0
4.823994E+1	-8.674431E-1	1.741000E+0	-1.554791E+17	1.089529E+17	1.808195E-2	0.000000E+0	2.072301E-2	3.726379E-4	0.000000E+0	0.000000E+0	0.000000E+0
4.621410E+1	-3.086166E-1	1.772000E+0	-5.196819E+17	2.162502E-18	1.964289E-2	0.000000E+0	2.163745E-2	1.444944E-4	0.000000E+0	0.000000E+0	0.000000E+0
5.323096E+1	1.138184E+0	1.804000E+0	1.001296E+17	-5.707470E+17	2.212565E-2	0.000000E+0	1.877747E-2	-4.014998E-4	0.000000E+0	0.000000E+0	0.000000E+0
5.519762E+1	1.243244E+0	1.835000E+0	-2.799864E+17	-3.562291E+17	1.873358E-2	0.000000E+0	1.810754E-2	-4.078452E-4	0.000000E+0	0.000000E+0	0.000000E+0
4.181241E+1	-1.308922E+0	1.867000E+0	7.433461E+16	-3.421229E+17	1.751871E-2	0.000000E+0	2.389293E-2	7.479593E-4	0.000000E+0	0.000000E+0	0.000000E+0
3.960783E+1	-1.991444E-1	1.899000E+0	5.230660E-18	8.421242E+16	2.478645E-2	0.000000E+0	2.524689E-2	1.269390E-4	0.000000E+0	0.000000E+0	0.000000E+0
4.905627E+1	2.552666E+0	1.930000E+0	5.364498E+17	-2.871878E+17	2.528712E-2	0.000000E+0	2.032971E-2	-1.057866E-3	0.000000E+0	0.000000E+0	0.000000E+0
4.369951E+1	-6.552048E-1	1.962000E+0	-5.656005E-19	1.659667E-18	2.039401E-2	0.000000E+0	2.287841E-2	3.430254E-4	0.000000E+0	0.000000E+0	0.000000E+0
3.650815E+1	-7.967339E-1	1.994000E+0	9.197504E+16	2.296609E-18	2.404531E-2	0.000000E+0	2.737810E-2	5.974848E-4	0.000000E+0	0.000000E+0	0.000000E+0
5.514080E+1	7.779312E-1	2.025000E+0	3.660067E+17	4.737481E+17	2.693669E-2	0.000000E+0	1.813178E-2	-2.558048E-4	0.000000E+0	0.000000E+0	0.000000E+0
5.781786E+1	1.998543E+0	2.057000E+0	1.676928E-18	4.035830E-18	2.208341E-2	0.000000E+0	1.727505E-2	-5.971327E-4	0.000000E+0	0.000000E+0	0.000000E+0
4.753938E+1	-2.725906E-1	2.089000E+0	-2.680825E+17	-5.492346E+17	2.018620E-2	0.000000E+0	2.103450E-2	1.206117E-4	0.000000E+0	0.000000E+0	0.000000E+0
3.944839E+1	-1.224157E+0	2.120000E+0	5.241928E+17	-4.155966E-18	2.416542E-2	0.000000E+0	2.532519E-2	7.858878E-4	0.000000E+0	0.000000E+0	0.000000E+0
4.778694E+1	2.517338E+0	2.152000E+0	2.579781E+17	4.569569E-19	2.450876E-2	0.000000E+0	2.086831E-2	-1.099308E-3	0.000000E+0	0.000000E+0	0.000000E+0
5.692509E+1	3.013592E+0	2.184000E+0	2.888526E-18	5.332336E+16	2.929030E-2	0.000000E+0	1.751785E-2	-9.273882E-4	0.000000E+0	0.000000E+0	0.000000E+0
3.160161E+1	-4.350185E-1	2.215000E+0	-1.980651E+17	3.078113E+17	2.197077E-2	0.000000E+0	3.163796E-2	4.355189E-4	0.000000E+0	0.000000E+0	0.000000E+0
3.321474E+1	-6.678638E-1	2.247000E+0	-2.714796E-18	1.441508E+17	2.913432E-2	0.000000E+0	3.009495E-2	6.051327E-4	0.000000E+0	0.000000E+0	0.000000E+0
3.644495E+1	3.015900E-2	2.278000E+0	5.785078E-19	3.793536E+17	2.709772E-2	0.000000E+0	2.743862E-2	-2.270607E-5	0.000000E+0	0.000000E+0	0.000000E+0
3.815265E+1	1.605968E-1	2.310000E+0	-2.375066E+17	1.295985E-19	2.965147E-2	0.000000E+0	2.621003E-2	-1.103265E-4	0.000000E+0	0.000000E+0	0.000000E+0
3.875595E+1	-2.790070E-1	2.342000E+0	-5.351625E-18	2.391872E+17	2.943353E-2	0.000000E+0	2.580115E-2	1.857444E-4	0.000000E+0	0.000000E+0	0.000000E+0
3.468680E+1	2.181530E-1	2.373000E+0	2.587907E+17	2.090634E-18	3.146484E-2	0.000000E+0	2.882827E-2	-1.813074E-4	0.000000E+0	0.000000E+0	0.000000E+0
3.176661E+1	1.173065E+0	2.405000E+0	-3.127958E+17	-2.708644E-18	2.962382E-2	0.000000E+0	3.143673E-2	-1.160883E-3	0.000000E+0	0.000000E+0	0.000000E+0
2.433313E+1	2.785416E-1	2.437000E+0	6.653737E-18	-4.395667E+17	3.036604E-2	0.000000E+0	4.109085E-2	-4.703674E-4	0.000000E+0	0.000000E+0	0.000000E+0
2.818364E+1	-1.230118E+0	2.468000E+0	-1.137863E-18	-4.190346E+17	2.988510E-2	0.000000E+0	3.541411E-2	1.545703E-3	0.000000E+0	0.000000E+0	0.000000E+0
2.938789E+1	1.588158E+0	2.500000E+0	-9.275714E-19	-3.780201E-18	3.002977E-2	0.000000E+0	3.392853E-2	-1.833540E-3	0.000000E+0	0.000000E+0	0.000000E+0
