Real / Ohm	Ximag / Ohm	V_DC / V	I_a c / A	V_ac / V	I_DC / A
7.870422E+1	-1.116595E-1	-2.500000E+0	-3.567381E+17	-4.286482E-18	-2.248400E-2	5.994843E+4	1.270577E-2	1.802598E-5	0.000000E+0	0.000000E+0	0.000000E+0
8.260612E+1	1.784563E-2	-2.437000E+0	-4.691026E+17	6.689522E-18	-2.689279E-2	0.000000E+0	1.210564E-2	-2.615215E-6	0.000000E+0	0.000000E+0	0.000000E+0
7.168420E+1	-1.132329E+0	-2.373000E+0	-5.749716E+17	1.371951E+17	-2.140529E-2	0.000000E+0	1.394660E-2	2.203015E-4	0.000000E+0	0.000000E+0	0.000000E+0
6.592850E+1	-3.155844E+0	-2.310000E+0	-6.194310E-18	5.176248E+17	-2.101991E-2	0.000000E+0	1.513327E-2	7.243945E-4	0.000000E+0	0.000000E+0	0.000000E+0
8.787981E+1	-1.056242E-1	-2.247000E+0	2.517955E+17	5.595160E+16	-2.064065E-2	0.000000E+0	1.137916E-2	1.367680E-5	0.000000E+0	0.000000E+0	0.000000E+0
9.014534E+1	-1.487503E-1	-2.184000E+0	4.553607E+17	-2.686618E+17	-2.037835E-2	0.000000E+0	1.109317E-2	1.830502E-5	0.000000E+0	0.000000E+0	0.000000E+0
8.521629E+1	-4.134355E-1	-2.120000E+0	8.250878E-19	2.832976E+17	-1.929994E-2	0.000000E+0	1.173457E-2	5.693146E-5	0.000000E+0	0.000000E+0	0.000000E+0
8.211061E+1	-1.913242E-1	-2.057000E+0	2.818897E-18	-3.928899E-18	-1.918932E-2	0.000000E+0	1.217863E-2	2.837716E-5	0.000000E+0	0.000000E+0	0.000000E+0
9.153864E+1	-7.554579E-2	-1.994000E+0	-3.088639E-18	4.664211E-18	-2.179831E-2	0.000000E+0	1.092434E-2	9.015733E-6	0.000000E+0	0.000000E+0	0.000000E+0
7.827586E+1	-4.039335E-1	-1.930000E+0	2.907620E+17	-1.496570E-18	-2.061060E-2	0.000000E+0	1.277499E-2	6.592386E-5	0.000000E+0	0.000000E+0	0.000000E+0
9.873125E+1	-1.217055E+0	-1.867000E+0	-2.052875E-18	3.493290E-18	-1.964350E-2	0.000000E+0	1.012697E-2	1.248346E-4	0.000000E+0	0.000000E+0	0.000000E+0
1.000752E+2	-3.895597E-1	-1.804000E+0	5.725575E-18	5.135270E+17	-1.903187E-2	0.000000E+0	9.992334E-3	3.889686E-5	0.000000E+0	0.000000E+0	0.000000E+0
8.755363E+1	-1.147097E+0	-1.741000E+0	-6.504745E+16	2.866239E-18	-1.610256E-2	0.000000E+0	1.141961E-2	1.496157E-4	0.000000E+0	0.000000E+0	0.000000E+0
9.890120E+1	-3.137555E-1	-1.677000E+0	8.036557E+16	-5.942399E-18	-1.576572E-2	0.000000E+0	1.011100E-2	3.207627E-5	0.000000E+0	0.000000E+0	0.000000E+0
9.239207E+1	-9.174957E-1	-1.614000E+0	2.127762E-18	3.280462E+15	-1.538340E-2	0.000000E+0	1.082237E-2	1.074711E-4	0.000000E+0	0.000000E+0	0.000000E+0
9.769327E+1	-3.270111E-1	-1.551000E+0	8.607211E+16	4.250517E-18	-1.493928E-2	0.000000E+0	1.023600E-2	3.426323E-5	0.000000E+0	0.000000E+0	0.000000E+0
8.372954E+1	-5.090461E-1	-1.487000E+0	-4.013414E-19	-2.240669E+17	-1.438743E-2	0.000000E+0	1.194277E-2	7.260786E-5	0.000000E+0	0.000000E+0	0.000000E+0
9.408243E+1	-3.619275E-1	-1.424000E+0	2.698511E+17	2.403799E+17	-1.375842E-2	0.000000E+0	1.062882E-2	4.088821E-5	0.000000E+0	0.000000E+0	0.000000E+0
9.162556E+1	-3.387933E-1	-1.361000E+0	-5.198214E+17	1.399337E+17	-1.362585E-2	0.000000E+0	1.091384E-2	4.035484E-5	0.000000E+0	0.000000E+0	0.000000E+0
8.565472E+1	-5.899439E-1	-1.297000E+0	-4.479008E-18	-5.687757E-18	-1.312506E-2	0.000000E+0	1.167423E-2	8.040583E-5	0.000000E+0	0.000000E+0	0.000000E+0
8.294051E+1	-9.319067E-1	-1.234000E+0	1.593192E+15	5.049270E-18	-1.361251E-2	0.000000E+0	1.205531E-2	1.354516E-4	0.000000E+0	0.000000E+0	0.000000E+0
8.615910E+1	-3.042755E-1	-1.171000E+0	3.716679E-18	4.246583E+17	-1.169188E-2	0.000000E+0	1.160629E-2	4.098824E-5	0.000000E+0	0.000000E+0	0.000000E+0
8.687352E+1	-2.561979E-1	-1.108000E+0	-5.203440E-18	3.830367E-18	-1.305419E-2	0.000000E+0	1.151089E-2	3.394665E-5	0.000000E+0	0.000000E+0	0.000000E+0
8.525439E+1	-3.099027E-1	-1.044000E+0	-1.183520E-18	-5.342346E-18	-1.080623E-2	0.000000E+0	1.172945E-2	4.263695E-5	0.000000E+0	0.000000E+0	0.000000E+0
7.776714E+1	-2.214885E-1	-9.810000E-1	-5.319197E+16	-3.553127E+17	-1.019459E-2	0.000000E+0	1.285880E-2	3.662313E-5	0.000000E+0	0.000000E+0	0.000000E+0
8.277419E+1	-1.625447E-1	-9.180000E-1	2.088264E+17	-2.196584E+17	-9.533409E-3	0.000000E+0	1.208101E-2	2.372364E-5	0.000000E+0	0.000000E+0	0.000000E+0
8.033502E+1	-2.696705E-1	-8.540000E-1	-7.957818E+16	-3.386204E-18	-9.049483E-3	0.000000E+0	1.244773E-2	4.178484E-5	0.000000E+0	0.000000E+0	0.000000E+0
7.310004E+1	-2.712479E-1	-7.910000E-1	-1.774996E-18	1.902529E-18	-8.405160E-3	0.000000E+0	1.367969E-2	5.076042E-5	0.000000E+0	0.000000E+0	0.000000E+0
7.494228E+1	-9.950924E-2	-7.280000E-1	-4.775830E-18	6.132215E-18	-7.881366E-3	0.000000E+0	1.334358E-2	1.771776E-5	0.000000E+0	0.000000E+0	0.000000E+0
7.244142E+1	-9.696913E-2	-6.650000E-1	1.829862E+17	1.849291E+17	-7.435203E-3	0.000000E+0	1.380423E-2	1.847816E-5	0.000000E+0	0.000000E+0	0.000000E+0
6.948486E+1	-1.401320E-1	-6.010000E-1	4.410889E+17	3.940187E-18	-6.419100E-3	0.000000E+0	1.439157E-2	2.902386E-5	0.000000E+0	0.000000E+0	0.000000E+0
6.521725E+1	-1.300640E-1	-5.380000E-1	-5.506727E-18	3.318154E+17	-5.948933E-3	0.000000E+0	1.533331E-2	3.057950E-5	0.000000E+0	0.000000E+0	0.000000E+0
6.171206E+1	-1.655364E-2	-4.750000E-1	-5.761072E+17	-4.172230E+17	-5.235662E-3	0.000000E+0	1.620429E-2	4.346637E-6	0.000000E+0	0.000000E+0	0.000000E+0
6.614691E+1	-1.012952E-1	-4.110000E-1	6.303170E-18	-1.599031E-19	-5.682784E-3	0.000000E+0	1.511783E-2	2.315095E-5	0.000000E+0	0.000000E+0	0.000000E+0
6.783685E+1	-2.805257E-2	-3.480000E-1	-1.696221E+17	-6.427789E-19	-3.815786E-3	0.000000E+0	1.474125E-2	6.095948E-6	0.000000E+0	0.000000E+0	0.000000E+0
6.601279E+1	-1.474857E-2	-2.850000E-1	-2.725491E+17	2.120590E-18	-3.146437E-3	0.000000E+0	1.514858E-2	3.384494E-6	0.000000E+0	0.000000E+0	0.000000E+0
6.582938E+1	-3.488326E-2	-2.220000E-1	-1.478400E+17	2.700612E+17	-2.442359E-3	0.000000E+0	1.519078E-2	8.049658E-6	0.000000E+0	0.000000E+0	0.000000E+0
6.374181E+1	-2.988958E-2	-1.580000E-1	-2.971689E+17	-4.901914E-18	-1.799596E-3	0.000000E+0	1.568829E-2	7.356495E-6	0.000000E+0	0.000000E+0	0.000000E+0
5.202163E+1	-2.445602E-2	-9.500000E-2	-4.717429E+17	-4.919838E+17	-1.084281E-3	0.000000E+0	1.922277E-2	9.036865E-6	0.000000E+0	0.000000E+0	0.000000E+0
5.904965E+1	1.677752E-3	-3.200000E-2	-9.427510E-19	-9.434847E-19	-3.582420E-4	0.000000E+0	1.693490E-2	-4.811640E-7	0.000000E+0	0.000000E+0	0.000000E+0
6.405888E+1	-3.340364E-2	3.200000E-2	-3.093320E+17	4.406614E-18	4.387603E-4	0.000000E+0	1.561063E-2	8.140198E-6	0.000000E+0	0.000000E+0	0.000000E+0
5.984541E+1	-8.242917E-2	9.500000E-2	-4.715871E+17	-3.995361E+17	1.194932E-3	0.000000E+0	1.670969E-2	2.301539E-5	0.000000E+0	0.000000E+0	0.000000E+0
5.985694E+1	-4.787397E-2	1.580000E-1	-1.067113E+17	-5.230656E+17	1.747325E-3	0.000000E+0	1.670649E-2	1.336196E-5	0.000000E+0	0.000000E+0	0.000000E+0
6.031855E+1	2.051830E-3	2.220000E-1	-3.021231E-18	1.442034E+17	2.494276E-3	0.000000E+0	1.657865E-2	-5.639487E-7	0.000000E+0	0.000000E+0	0.000000E+0
6.033271E+1	-5.557251E-2	2.850000E-1	-3.411495E-18	5.558819E-18	3.334718E-3	0.000000E+0	1.657474E-2	1.526701E-5	0.000000E+0	0.000000E+0	0.000000E+0
6.024619E+1	-5.298710E-2	3.480000E-1	4.155990E+17	-2.187937E-18	3.944823E-3	0.000000E+0	1.659855E-2	1.459858E-5	0.000000E+0	0.000000E+0	0.000000E+0
6.341468E+1	-2.028513E-2	4.110000E-1	-4.136209E+17	4.857998E-18	4.717337E-3	0.000000E+0	1.576922E-2	5.044268E-6	0.000000E+0	0.000000E+0	0.000000E+0
5.713485E+1	3.443956E-3	4.750000E-1	-5.584540E-18	-6.440456E-18	5.393808E-3	0.000000E+0	1.750245E-2	-1.055007E-6	0.000000E+0	0.000000E+0	0.000000E+0
6.529564E+1	-5.285120E-2	5.380000E-1	4.766215E-20	4.558718E+17	6.997782E-3	0.000000E+0	1.531495E-2	1.239613E-5	0.000000E+0	0.000000E+0	0.000000E+0
6.456122E+1	-1.021011E-1	6.010000E-1	1.388541E-18	6.784133E-18	8.479182E-3	0.000000E+0	1.548914E-2	2.449548E-5	0.000000E+0	0.000000E+0	0.000000E+0
6.363363E+1	-1.145670E-1	6.650000E-1	3.311088E+17	-3.632627E-18	7.851264E-3	0.000000E+0	1.571491E-2	2.829337E-5	0.000000E+0	0.000000E+0	0.000000E+0
6.912158E+1	-8.243227E-2	7.280000E-1	-3.638346E-19	6.323277E-18	8.202940E-3	0.000000E+0	1.446724E-2	1.725319E-5	0.000000E+0	0.000000E+0	0.000000E+0
7.778427E+1	-1.472282E-1	7.910000E-1	-4.524504E+17	2.055147E+17	9.163914E-3	0.000000E+0	1.285602E-2	2.433357E-5	0.000000E+0	0.000000E+0	0.000000E+0
8.065192E+1	-2.651405E-1	8.540000E-1	-6.904543E-18	-3.720036E+17	1.106462E-2	0.000000E+0	1.239883E-2	4.076073E-5	0.000000E+0	0.000000E+0	0.000000E+0
8.493562E+1	-1.328049E-1	9.180000E-1	2.547940E-18	-3.198972E-19	9.895843E-3	0.000000E+0	1.177359E-2	1.840913E-5	0.000000E+0	0.000000E+0	0.000000E+0
8.861371E+1	-9.966803E-2	9.810000E-1	-1.554791E+17	1.089529E+17	1.187775E-2	0.000000E+0	1.128492E-2	1.269268E-5	0.000000E+0	0.000000E+0	0.000000E+0
9.308623E+1	-9.874535E-2	1.044000E+0	-5.196819E+17	2.162502E-18	1.182851E-2	0.000000E+0	1.074272E-2	1.139581E-5	0.000000E+0	0.000000E+0	0.000000E+0
9.771100E+1	-3.412404E-1	1.108000E+0	1.001296E+17	-5.707470E+17	1.164237E-2	0.000000E+0	1.023414E-2	3.574113E-5	0.000000E+0	0.000000E+0	0.000000E+0
1.005979E+2	-6.139708E-2	1.171000E+0	-2.799864E+17	-3.562291E+17	1.267842E-2	0.000000E+0	9.940562E-3	6.066940E-6	0.000000E+0	0.000000E+0	0.000000E+0
9.714696E+1	-5.474567E-2	1.234000E+0	7.433461E+16	-3.421229E+17	1.274614E-2	0.000000E+0	1.029368E-2	5.800844E-6	0.000000E+0	0.000000E+0	0.000000E+0
6.719980E+1	5.499005E-2	1.297000E+0	5.230660E-18	8.421242E+16	1.616165E-2	0.000000E+0	1.488099E-2	-1.217721E-5	0.000000E+0	0.000000E+0	0.000000E+0
5.360539E+1	-7.507801E-4	1.361000E+0	5.364498E+17	-2.871878E+17	1.415988E-2	0.000000E+0	1.865484E-2	2.612738E-7	0.000000E+0	0.000000E+0	0.000000E+0
4.889817E+1	3.444822E-1	1.424000E+0	-5.656005E-19	1.659667E-18	1.455344E-2	0.000000E+0	2.044965E-2	-1.440655E-4	0.000000E+0	0.000000E+0	0.000000E+0
6.786147E+1	1.235576E-1	1.487000E+0	9.197504E+16	2.296609E-18	1.865128E-2	0.000000E+0	1.473585E-2	-2.683005E-5	0.000000E+0	0.000000E+0	0.000000E+0
6.243212E+1	1.398647E-1	1.551000E+0	3.660067E+17	4.737481E+17	1.896667E-2	0.000000E+0	1.601732E-2	-3.588308E-5	0.000000E+0	0.000000E+0	0.000000E+0
5.158237E+1	-5.969496E-1	1.614000E+0	1.676928E-18	4.035830E-18	1.583266E-2	0.000000E+0	1.938387E-2	2.243246E-4	0.000000E+0	0.000000E+0	0.000000E+0
6.077835E+1	-1.914461E-1	1.677000E+0	-2.680825E+17	-5.492346E+17	1.697646E-2	0.000000E+0	1.645306E-2	5.182561E-5	0.000000E+0	0.000000E+0	0.000000E+0
5.926952E+1	1.409271E-1	1.741000E+0	5.241928E+17	-4.155966E-18	1.760850E-2	0.000000E+0	1.687198E-2	-4.011707E-5	0.000000E+0	0.000000E+0	0.000000E+0
5.573862E+1	1.192777E-1	1.804000E+0	2.579781E+17	4.569569E-19	1.808531E-2	0.000000E+0	1.794080E-2	-3.839236E-5	0.000000E+0	0.000000E+0	0.000000E+0
5.090128E+1	-1.773124E-1	1.867000E+0	2.888526E-18	5.332336E+16	1.954424E-2	0.000000E+0	1.964563E-2	6.843471E-5	0.000000E+0	0.000000E+0	0.000000E+0
4.642769E+1	-1.690378E-1	1.930000E+0	-1.980651E+17	3.078113E+17	1.987957E-2	0.000000E+0	2.153858E-2	7.841947E-5	0.000000E+0	0.000000E+0	0.000000E+0
5.061613E+1	1.423278E-1	1.994000E+0	-2.714796E-18	1.441508E+17	2.687984E-2	0.000000E+0	1.975639E-2	-5.555312E-5	0.000000E+0	0.000000E+0	0.000000E+0
3.976035E+1	3.679419E-2	2.057000E+0	5.785078E-19	3.793536E+17	2.186124E-2	0.000000E+0	2.515066E-2	-2.327440E-5	0.000000E+0	0.000000E+0	0.000000E+0
4.168308E+1	-2.793479E-1	2.120000E+0	-2.375066E+17	1.295985E-19	2.265776E-2	0.000000E+0	2.398947E-2	1.607705E-4	0.000000E+0	0.000000E+0	0.000000E+0
3.648357E+1	-5.199304E-1	2.184000E+0	-5.351625E-18	2.391872E+17	2.441340E-2	0.000000E+0	2.740403E-2	3.905372E-4	0.000000E+0	0.000000E+0	0.000000E+0
4.662646E+1	-6.074388E-1	2.247000E+0	2.587907E+17	2.090634E-18	3.153728E-2	0.000000E+0	2.144341E-2	2.793598E-4	0.000000E+0	0.000000E+0	0.000000E+0
4.629116E+1	-8.438683E-2	2.310000E+0	-3.127958E+17	-2.708644E-18	3.236087E-2	0.000000E+0	2.160232E-2	3.938013E-5	0.000000E+0	0.000000E+0	0.000000E+0
3.654086E+1	-5.177886E-1	2.373000E+0	6.653737E-18	-4.395667E+17	3.157362E-2	0.000000E+0	2.736113E-2	3.877107E-4	0.000000E+0	0.000000E+0	0.000000E+0
3.938860E+1	-4.216620E+0	2.437000E+0	-1.137863E-18	-4.190346E+17	3.409228E-2	0.000000E+0	2.510040E-2	2.687043E-3	0.000000E+0	0.000000E+0	0.000000E+0
4.421395E+1	-1.422344E+0	2.500000E+0	-9.275714E-19	-3.780201E-18	2.845623E-2	0.000000E+0	2.259391E-2	7.268366E-4	0.000000E+0	0.000000E+0	0.000000E+0
