Real / Ohm	Ximag / Ohm	V_DC / V	I_a c / A	V_ac / V	I_DC / A
8.356863E+1	-1.349932E+0	2.000000E+0	-9.275714E-19	-3.780201E-18	1.413454E-2	1.000000E+3	1.196309E-2	1.932467E-4	0.000000E+0	0.000000E+0	0.000000E+0
5.950543E+1	7.471466E+0	1.949000E+0	-1.137863E-18	-4.190346E+17	1.550980E-2	0.000000E+0	1.654436E-2	-2.077300E-3	0.000000E+0	0.000000E+0	0.000000E+0
8.133157E+1	3.770553E+0	1.899000E+0	6.653737E-18	-4.395667E+17	1.706430E-2	0.000000E+0	1.226898E-2	-5.687931E-4	0.000000E+0	0.000000E+0	0.000000E+0
7.714964E+1	6.382525E+0	1.848000E+0	-3.127958E+17	-2.708644E-18	1.397736E-2	0.000000E+0	1.287371E-2	-1.065032E-3	0.000000E+0	0.000000E+0	0.000000E+0
7.085017E+1	1.768886E+0	1.797000E+0	2.587907E+17	2.090634E-18	1.302525E-2	0.000000E+0	1.410550E-2	-3.521660E-4	0.000000E+0	0.000000E+0	0.000000E+0
8.268987E+1	-5.739900E+0	1.747000E+0	-5.351625E-18	2.391872E+17	1.513745E-2	0.000000E+0	1.203539E-2	8.354340E-4	0.000000E+0	0.000000E+0	0.000000E+0
7.308446E+1	2.776414E-3	1.696000E+0	-2.375066E+17	1.295985E-19	1.276093E-2	0.000000E+0	1.368280E-2	-5.197974E-7	0.000000E+0	0.000000E+0	0.000000E+0
8.312421E+1	2.055027E+0	1.646000E+0	5.785078E-19	3.793536E+17	1.242319E-2	0.000000E+0	1.202284E-2	-2.972331E-4	0.000000E+0	0.000000E+0	0.000000E+0
8.390833E+1	2.152181E+0	1.595000E+0	-2.714796E-18	1.441508E+17	1.304871E-2	0.000000E+0	1.190993E-2	-3.054802E-4	0.000000E+0	0.000000E+0	0.000000E+0
7.590837E+1	-3.428300E+0	1.544000E+0	-1.980651E+17	3.078113E+17	1.330651E-2	0.000000E+0	1.314696E-2	5.937649E-4	0.000000E+0	0.000000E+0	0.000000E+0
7.921953E+1	4.389164E-1	1.494000E+0	2.888526E-18	5.332336E+16	1.213220E-2	0.000000E+0	1.262276E-2	-6.993651E-5	0.000000E+0	0.000000E+0	0.000000E+0
8.576581E+1	-6.979791E-1	1.443000E+0	2.579781E+17	4.569569E-19	1.073780E-2	0.000000E+0	1.165889E-2	9.488231E-5	0.000000E+0	0.000000E+0	0.000000E+0
8.857912E+1	4.684407E-1	1.392000E+0	5.241928E+17	-4.155966E-18	1.058293E-2	0.000000E+0	1.128903E-2	-5.970075E-5	0.000000E+0	0.000000E+0	0.000000E+0
9.199490E+1	2.272635E+0	1.342000E+0	-2.680825E+17	-5.492346E+17	1.069259E-2	0.000000E+0	1.086354E-2	-2.683720E-4	0.000000E+0	0.000000E+0	0.000000E+0
1.072371E+2	-2.293312E+0	1.291000E+0	1.676928E-18	4.035830E-18	1.085335E-2	0.000000E+0	9.320868E-3	1.993308E-4	0.000000E+0	0.000000E+0	0.000000E+0
1.237583E+2	-5.010321E-1	1.241000E+0	3.660067E+17	4.737481E+17	9.446153E-3	0.000000E+0	8.080134E-3	3.271220E-5	0.000000E+0	0.000000E+0	0.000000E+0
9.910280E+1	-1.682886E-1	1.190000E+0	9.197504E+16	2.296609E-18	9.847971E-3	0.000000E+0	1.009050E-2	1.713490E-5	0.000000E+0	0.000000E+0	0.000000E+0
1.135363E+2	-2.677733E-1	1.139000E+0	-5.656005E-19	1.659667E-18	8.506177E-3	0.000000E+0	8.807707E-3	2.077282E-5	0.000000E+0	0.000000E+0	0.000000E+0
1.296623E+2	-8.037448E-1	1.089000E+0	5.364498E+17	-2.871878E+17	8.605618E-3	0.000000E+0	7.712046E-3	4.780508E-5	0.000000E+0	0.000000E+0	0.000000E+0
1.397280E+2	-7.793328E-2	1.038000E+0	5.230660E-18	8.421242E+16	8.452281E-3	0.000000E+0	7.156759E-3	3.991682E-6	0.000000E+0	0.000000E+0	0.000000E+0
1.402100E+2	-2.759445E+0	9.870000E-1	7.433461E+16	-3.421229E+17	7.756043E-3	0.000000E+0	7.129397E-3	1.403122E-4	0.000000E+0	0.000000E+0	0.000000E+0
1.345113E+2	-3.774621E+0	9.370000E-1	-2.799864E+17	-3.562291E+17	7.539859E-3	0.000000E+0	7.428470E-3	2.084558E-4	0.000000E+0	0.000000E+0	0.000000E+0
1.316597E+2	-1.472283E+0	8.860000E-1	1.001296E+17	-5.707470E+17	6.699085E-3	0.000000E+0	7.594389E-3	8.492416E-5	0.000000E+0	0.000000E+0	0.000000E+0
1.192932E+2	-1.039979E+0	8.350000E-1	-5.196819E+17	2.162502E-18	6.673939E-3	0.000000E+0	8.382070E-3	7.307355E-5	0.000000E+0	0.000000E+0	0.000000E+0
1.156005E+2	-2.511618E-1	7.850000E-1	-1.554791E+17	1.089529E+17	6.858161E-3	0.000000E+0	8.650441E-3	1.879456E-5	0.000000E+0	0.000000E+0	0.000000E+0
1.194017E+2	-2.584599E+0	7.340000E-1	2.547940E-18	-3.198972E-19	5.848338E-3	0.000000E+0	8.371168E-3	1.812044E-4	0.000000E+0	0.000000E+0	0.000000E+0
1.108414E+2	8.040572E-1	6.840000E-1	-6.904543E-18	-3.720036E+17	5.653092E-3	0.000000E+0	9.021425E-3	-6.544253E-5	0.000000E+0	0.000000E+0	0.000000E+0
1.111228E+2	-2.433264E+0	6.330000E-1	-4.524504E+17	2.055147E+17	5.357261E-3	0.000000E+0	8.994740E-3	1.969585E-4	0.000000E+0	0.000000E+0	0.000000E+0
9.965189E+1	-4.125220E-2	5.820000E-1	-3.638346E-19	6.323277E-18	5.432727E-3	0.000000E+0	1.003493E-2	4.154091E-6	0.000000E+0	0.000000E+0	0.000000E+0
9.464287E+1	-1.552075E-1	5.320000E-1	3.311088E+17	-3.632627E-18	4.743611E-3	0.000000E+0	1.056601E-2	1.732749E-5	0.000000E+0	0.000000E+0	0.000000E+0
8.810390E+1	1.224985E+0	4.810000E-1	1.388541E-18	6.784133E-18	4.575462E-3	0.000000E+0	1.134804E-2	-1.577817E-4	0.000000E+0	0.000000E+0	0.000000E+0
9.815657E+1	6.263407E-1	4.300000E-1	4.766215E-20	4.558718E+17	3.267887E-3	0.000000E+0	1.018739E-2	-6.500611E-5	0.000000E+0	0.000000E+0	0.000000E+0
9.800175E+1	1.081102E+0	3.800000E-1	-5.584540E-18	-6.440456E-18	2.933214E-3	0.000000E+0	1.020266E-2	-1.125502E-4	0.000000E+0	0.000000E+0	0.000000E+0
8.599500E+1	-3.592308E+0	3.290000E-1	-4.136209E+17	4.857998E-18	2.653726E-3	0.000000E+0	1.160833E-2	4.849199E-4	0.000000E+0	0.000000E+0	0.000000E+0
7.929230E+1	2.045932E-2	2.780000E-1	4.155990E+17	-2.187937E-18	2.093851E-3	0.000000E+0	1.261156E-2	-3.254087E-6	0.000000E+0	0.000000E+0	0.000000E+0
7.931900E+1	-4.357972E-1	2.280000E-1	-3.411495E-18	5.558819E-18	2.190740E-3	0.000000E+0	1.260694E-2	6.926548E-5	0.000000E+0	0.000000E+0	0.000000E+0
7.922586E+1	-5.250953E-1	1.770000E-1	-3.021231E-18	1.442034E+17	1.497566E-3	0.000000E+0	1.262159E-2	8.365370E-5	0.000000E+0	0.000000E+0	0.000000E+0
9.671133E+1	1.762513E-1	1.270000E-1	-1.067113E+17	-5.230656E+17	1.049512E-3	0.000000E+0	1.034002E-2	-1.884413E-5	0.000000E+0	0.000000E+0	0.000000E+0
1.028168E+2	-1.480657E-2	7.600000E-2	-4.715871E+17	-3.995361E+17	5.928031E-4	0.000000E+0	9.726037E-3	1.400639E-6	0.000000E+0	0.000000E+0	0.000000E+0
9.583173E+1	-2.078615E-1	2.500000E-2	-3.093320E+17	4.406614E-18	2.024886E-4	0.000000E+0	1.043491E-2	2.263359E-5	0.000000E+0	0.000000E+0	0.000000E+0
9.127214E+1	1.725569E-3	-2.500000E-2	-9.427510E-19	-9.434847E-19	-1.919395E-4	0.000000E+0	1.095625E-2	-2.071361E-7	0.000000E+0	0.000000E+0	0.000000E+0
8.678235E+1	7.608621E-2	-7.600000E-2	-4.717429E+17	-4.919838E+17	-7.216820E-4	0.000000E+0	1.152307E-2	-1.010282E-5	0.000000E+0	0.000000E+0	0.000000E+0
8.261290E+1	2.731109E-2	-1.270000E-1	-2.971689E+17	-4.901914E-18	-1.052242E-3	0.000000E+0	1.210465E-2	-4.001688E-6	0.000000E+0	0.000000E+0	0.000000E+0
9.277951E+1	8.982718E-2	-1.770000E-1	-1.478400E+17	2.700612E+17	-1.642788E-3	0.000000E+0	1.077823E-2	-1.043526E-5	0.000000E+0	0.000000E+0	0.000000E+0
1.095696E+2	3.788866E-1	-2.280000E-1	-2.725491E+17	2.120590E-18	-1.700621E-3	0.000000E+0	9.126510E-3	-3.155905E-5	0.000000E+0	0.000000E+0	0.000000E+0
9.880051E+1	8.071823E-1	-2.780000E-1	-1.696221E+17	-6.427789E-19	-2.223752E-3	0.000000E+0	1.012073E-2	-8.268453E-5	0.000000E+0	0.000000E+0	0.000000E+0
9.420416E+1	-1.317627E+0	-3.290000E-1	6.303170E-18	-1.599031E-19	-2.409777E-3	0.000000E+0	1.061317E-2	1.484456E-4	0.000000E+0	0.000000E+0	0.000000E+0
9.162950E+1	-2.381878E-1	-3.800000E-1	-5.761072E+17	-4.172230E+17	-3.489569E-3	0.000000E+0	1.091344E-2	2.836913E-5	0.000000E+0	0.000000E+0	0.000000E+0
9.601497E+1	2.359607E+0	-4.300000E-1	-5.506727E-18	3.318154E+17	-3.668983E-3	0.000000E+0	1.040876E-2	-2.557994E-4	0.000000E+0	0.000000E+0	0.000000E+0
1.070183E+2	2.761555E-1	-4.810000E-1	4.410889E+17	3.940187E-18	-4.347857E-3	0.000000E+0	9.344134E-3	-2.411208E-5	0.000000E+0	0.000000E+0	0.000000E+0
1.087223E+2	-1.236448E+0	-5.320000E-1	1.829862E+17	1.849291E+17	-4.681992E-3	0.000000E+0	9.196556E-3	1.045881E-4	0.000000E+0	0.000000E+0	0.000000E+0
1.137730E+2	-7.305850E-1	-5.820000E-1	-4.775830E-18	6.132215E-18	-4.584081E-3	0.000000E+0	8.789069E-3	5.643837E-5	0.000000E+0	0.000000E+0	0.000000E+0
1.115803E+2	-3.272702E+0	-6.330000E-1	-1.774996E-18	1.902529E-18	-5.653660E-3	0.000000E+0	8.954452E-3	2.626382E-4	0.000000E+0	0.000000E+0	0.000000E+0
1.115823E+2	-2.136453E+0	-6.840000E-1	-7.957818E+16	-3.386204E-18	-5.982176E-3	0.000000E+0	8.958711E-3	1.715314E-4	0.000000E+0	0.000000E+0	0.000000E+0
1.084206E+2	-6.970077E+0	-7.340000E-1	2.088264E+17	-2.196584E+17	-6.318382E-3	0.000000E+0	9.185378E-3	5.905039E-4	0.000000E+0	0.000000E+0	0.000000E+0
1.200190E+2	1.709442E+0	-7.850000E-1	-5.319197E+16	-3.553127E+17	-6.957419E-3	0.000000E+0	8.330324E-3	-1.186496E-4	0.000000E+0	0.000000E+0	0.000000E+0
1.248591E+2	1.263703E+0	-8.350000E-1	-1.183520E-18	-5.342346E-18	-6.327335E-3	0.000000E+0	8.008207E-3	-8.105133E-5	0.000000E+0	0.000000E+0	0.000000E+0
1.248538E+2	-1.173281E+0	-8.860000E-1	-5.203440E-18	3.830367E-18	-7.024084E-3	0.000000E+0	8.008661E-3	7.525930E-5	0.000000E+0	0.000000E+0	0.000000E+0
1.167879E+2	-8.871055E-1	-9.370000E-1	3.716679E-18	4.246583E+17	-6.992030E-3	0.000000E+0	8.562037E-3	6.503610E-5	0.000000E+0	0.000000E+0	0.000000E+0
1.206669E+2	-4.940799E-2	-9.870000E-1	1.593192E+15	5.049270E-18	-8.292483E-3	0.000000E+0	8.287275E-3	3.393289E-6	0.000000E+0	0.000000E+0	0.000000E+0
1.176572E+2	-1.087616E+0	-1.038000E+0	-4.479008E-18	-5.687757E-18	-9.215483E-3	0.000000E+0	8.498541E-3	7.856000E-5	0.000000E+0	0.000000E+0	0.000000E+0
1.188481E+2	-2.964017E-1	-1.089000E+0	-5.198214E+17	1.399337E+17	-9.250844E-3	0.000000E+0	8.414049E-3	2.098425E-5	0.000000E+0	0.000000E+0	0.000000E+0
1.193693E+2	-3.223398E-1	-1.139000E+0	2.698511E+17	2.403799E+17	-9.716265E-3	0.000000E+0	8.377302E-3	2.262171E-5	0.000000E+0	0.000000E+0	0.000000E+0
1.199184E+2	1.139759E-1	-1.190000E+0	-4.013414E-19	-2.240669E+17	-9.924760E-3	0.000000E+0	8.338996E-3	-7.925761E-6	0.000000E+0	0.000000E+0	0.000000E+0
1.243218E+2	6.854212E+0	-1.241000E+0	8.607211E+16	4.250517E-18	-1.103213E-2	0.000000E+0	8.019266E-3	-4.421248E-4	0.000000E+0	0.000000E+0	0.000000E+0
1.172952E+2	7.674170E-2	-1.291000E+0	2.127762E-18	3.280462E+15	-1.088621E-2	0.000000E+0	8.525494E-3	-5.577900E-6	0.000000E+0	0.000000E+0	0.000000E+0
1.118236E+2	-3.623161E+0	-1.342000E+0	8.036557E+16	-5.942399E-18	-1.123414E-2	0.000000E+0	8.933278E-3	2.894443E-4	0.000000E+0	0.000000E+0	0.000000E+0
1.145921E+2	2.160476E-2	-1.392000E+0	-6.504745E+16	2.866239E-18	-1.163776E-2	0.000000E+0	8.726605E-3	-1.645281E-6	0.000000E+0	0.000000E+0	0.000000E+0
1.150109E+2	-4.988950E-1	-1.443000E+0	5.725575E-18	5.135270E+17	-1.217618E-2	0.000000E+0	8.694664E-3	3.771577E-5	0.000000E+0	0.000000E+0	0.000000E+0
1.013439E+2	6.418367E+0	-1.494000E+0	-2.052875E-18	3.493290E-18	-1.255067E-2	0.000000E+0	9.827972E-3	-6.224305E-4	0.000000E+0	0.000000E+0	0.000000E+0
1.065926E+2	2.946030E-1	-1.544000E+0	2.907620E+17	-1.496570E-18	-1.298084E-2	0.000000E+0	9.381443E-3	-2.592864E-5	0.000000E+0	0.000000E+0	0.000000E+0
1.022155E+2	3.719534E+0	-1.595000E+0	-3.088639E-18	4.664211E-18	-1.332520E-2	0.000000E+0	9.770314E-3	-3.555333E-4	0.000000E+0	0.000000E+0	0.000000E+0
1.212023E+2	6.541406E-1	-1.646000E+0	2.818897E-18	-3.928899E-18	-1.329927E-2	0.000000E+0	8.250428E-3	-4.452836E-5	0.000000E+0	0.000000E+0	0.000000E+0
1.024651E+2	-2.478137E+0	-1.696000E+0	8.250878E-19	2.832976E+17	-1.226980E-2	0.000000E+0	9.753715E-3	2.358954E-4	0.000000E+0	0.000000E+0	0.000000E+0
1.001812E+2	-9.653578E-1	-1.747000E+0	4.553607E+17	-2.686618E+17	-1.450842E-2	0.000000E+0	9.980986E-3	9.617795E-5	0.000000E+0	0.000000E+0	0.000000E+0
8.812392E+1	9.379723E+0	-1.797000E+0	2.517955E+17	5.595160E+16	-1.465157E-2	0.000000E+0	1.122054E-2	-1.194290E-3	0.000000E+0	0.000000E+0	0.000000E+0
9.798979E+1	3.236100E+0	-1.848000E+0	-6.194310E-18	5.176248E+17	-1.487335E-2	0.000000E+0	1.019403E-2	-3.366564E-4	0.000000E+0	0.000000E+0	0.000000E+0
9.210628E+1	-7.373770E-1	-1.899000E+0	-5.749716E+17	1.371951E+17	-1.553231E-2	0.000000E+0	1.085633E-2	8.691271E-5	0.000000E+0	0.000000E+0	0.000000E+0
8.883484E+1	-1.592933E-1	-1.949000E+0	-4.691026E+17	6.689522E-18	-1.363563E-2	0.000000E+0	1.125681E-2	2.018503E-5	0.000000E+0	0.000000E+0	0.000000E+0
8.060571E+1	-8.614420E-1	-2.000000E+0	-3.567381E+17	-4.286482E-18	-1.622410E-2	0.000000E+0	1.240465E-2	1.325699E-4	0.000000E+0	0.000000E+0	0.000000E+0
