Real / Ohm	Ximag / Ohm	V_DC / V	I_a c / A	V_ac / V	I_DC / A
1.004590E+2	-2.434291E-1	-1.000000E+0	-3.567381E+17	-4.286482E-18	-8.527057E-3	1.000000E+3	9.954251E-3	2.412083E-5	0.000000E+0	0.000000E+0	0.000000E+0
1.074993E+2	-2.999798E-1	-9.750000E-1	-4.691026E+17	6.689522E-18	-9.346440E-3	0.000000E+0	9.302314E-3	2.595837E-5	0.000000E+0	0.000000E+0	0.000000E+0
1.013964E+2	-1.592399E+0	-9.490000E-1	-5.749716E+17	1.371951E+17	-9.458497E-3	0.000000E+0	9.859851E-3	1.548459E-4	0.000000E+0	0.000000E+0	0.000000E+0
1.143857E+2	-1.433087E+0	-9.240000E-1	-6.194310E-18	5.176248E+17	-9.566952E-3	0.000000E+0	8.740980E-3	1.095118E-4	0.000000E+0	0.000000E+0	0.000000E+0
1.067846E+2	5.584382E+0	-8.990000E-1	2.517955E+17	5.595160E+16	-8.092672E-3	0.000000E+0	9.339105E-3	-4.883956E-4	0.000000E+0	0.000000E+0	0.000000E+0
1.057501E+2	2.300654E+0	-8.730000E-1	4.553607E+17	-2.686618E+17	-8.850286E-3	0.000000E+0	9.451782E-3	-2.056289E-4	0.000000E+0	0.000000E+0	0.000000E+0
9.562906E+1	2.226559E-1	-8.480000E-1	8.250878E-19	2.832976E+17	-7.257003E-3	0.000000E+0	1.045702E-2	-2.434737E-5	0.000000E+0	0.000000E+0	0.000000E+0
1.032234E+2	-1.676559E+0	-8.230000E-1	2.818897E-18	-3.928899E-18	-7.313364E-3	0.000000E+0	9.685171E-3	1.573070E-4	0.000000E+0	0.000000E+0	0.000000E+0
9.594000E+1	-1.154477E+0	-7.970000E-1	-3.088639E-18	4.664211E-18	-8.476494E-3	0.000000E+0	1.042167E-2	1.254073E-4	0.000000E+0	0.000000E+0	0.000000E+0
9.100185E+1	-6.977217E-1	-7.720000E-1	2.907620E+17	-1.496570E-18	-8.190669E-3	0.000000E+0	1.098814E-2	8.424735E-5	0.000000E+0	0.000000E+0	0.000000E+0
9.918692E+1	6.077440E-1	-7.470000E-1	-2.052875E-18	3.493290E-18	-6.588707E-3	0.000000E+0	1.008160E-2	-6.177256E-5	0.000000E+0	0.000000E+0	0.000000E+0
9.846780E+1	1.512458E+0	-7.220000E-1	5.725575E-18	5.135270E+17	-6.579183E-3	0.000000E+0	1.015321E-2	-1.559525E-4	0.000000E+0	0.000000E+0	0.000000E+0
9.315605E+1	5.334949E+0	-6.960000E-1	-6.504745E+16	2.866239E-18	-7.589606E-3	0.000000E+0	1.069958E-2	-6.127539E-4	0.000000E+0	0.000000E+0	0.000000E+0
9.150880E+1	1.872292E-1	-6.710000E-1	8.036557E+16	-5.942399E-18	-7.183759E-3	0.000000E+0	1.092787E-2	-2.235867E-5	0.000000E+0	0.000000E+0	0.000000E+0
8.959897E+1	7.065240E-1	-6.460000E-1	2.127762E-18	3.280462E+15	-7.183941E-3	0.000000E+0	1.116015E-2	-8.800227E-5	0.000000E+0	0.000000E+0	0.000000E+0
1.011453E+2	-1.283399E+0	-6.200000E-1	8.607211E+16	4.250517E-18	-6.875161E-3	0.000000E+0	9.885175E-3	1.254297E-4	0.000000E+0	0.000000E+0	0.000000E+0
9.790941E+1	5.559216E-1	-5.950000E-1	-4.013414E-19	-2.240669E+17	-5.629174E-3	0.000000E+0	1.021319E-2	-5.798968E-5	0.000000E+0	0.000000E+0	0.000000E+0
9.580853E+1	-7.465963E-1	-5.700000E-1	2.698511E+17	2.403799E+17	-5.321899E-3	0.000000E+0	1.043685E-2	8.133006E-5	0.000000E+0	0.000000E+0	0.000000E+0
8.329462E+1	-3.781634E-1	-5.440000E-1	-5.198214E+17	1.399337E+17	-6.186253E-3	0.000000E+0	1.200533E-2	5.450504E-5	0.000000E+0	0.000000E+0	0.000000E+0
8.857939E+1	1.193686E+0	-5.190000E-1	-4.479008E-18	-5.687757E-18	-6.062840E-3	0.000000E+0	1.128726E-2	-1.521058E-4	0.000000E+0	0.000000E+0	0.000000E+0
8.349927E+1	-3.761068E+0	-4.940000E-1	1.593192E+15	5.049270E-18	-4.625843E-3	0.000000E+0	1.195190E-2	5.383511E-4	0.000000E+0	0.000000E+0	0.000000E+0
8.713599E+1	1.557313E+0	-4.680000E-1	3.716679E-18	4.246583E+17	-5.237899E-3	0.000000E+0	1.147265E-2	-2.050416E-4	0.000000E+0	0.000000E+0	0.000000E+0
8.427814E+1	1.623959E+0	-4.430000E-1	-5.203440E-18	3.830367E-18	-4.976589E-3	0.000000E+0	1.186107E-2	-2.285514E-4	0.000000E+0	0.000000E+0	0.000000E+0
7.804138E+1	-1.459946E+0	-4.180000E-1	-1.183520E-18	-5.342346E-18	-4.397608E-3	0.000000E+0	1.280923E-2	2.396266E-4	0.000000E+0	0.000000E+0	0.000000E+0
8.029846E+1	2.981382E+0	-3.920000E-1	-5.319197E+16	-3.553127E+17	-4.755324E-3	0.000000E+0	1.243639E-2	-4.617479E-4	0.000000E+0	0.000000E+0	0.000000E+0
7.236227E+1	5.699067E-1	-3.670000E-1	2.088264E+17	-2.196584E+17	-3.469500E-3	0.000000E+0	1.381850E-2	-1.088310E-4	0.000000E+0	0.000000E+0	0.000000E+0
6.776521E+1	-1.428363E-1	-3.420000E-1	-7.957818E+16	-3.386204E-18	-4.268454E-3	0.000000E+0	1.475677E-2	3.110449E-5	0.000000E+0	0.000000E+0	0.000000E+0
7.765390E+1	3.147773E-1	-3.160000E-1	-1.774996E-18	1.902529E-18	-3.128215E-3	0.000000E+0	1.287744E-2	-5.219991E-5	0.000000E+0	0.000000E+0	0.000000E+0
7.099825E+1	1.178600E+0	-2.910000E-1	-4.775830E-18	6.132215E-18	-3.645249E-3	0.000000E+0	1.408097E-2	-2.337499E-4	0.000000E+0	0.000000E+0	0.000000E+0
6.197698E+1	-1.698163E-1	-2.660000E-1	1.829862E+17	1.849291E+17	-2.851254E-3	0.000000E+0	1.613490E-2	4.420947E-5	0.000000E+0	0.000000E+0	0.000000E+0
7.700465E+1	1.189773E+0	-2.410000E-1	4.410889E+17	3.940187E-18	-2.926511E-3	0.000000E+0	1.298313E-2	-2.005980E-4	0.000000E+0	0.000000E+0	0.000000E+0
5.695722E+1	-1.131408E-1	-2.150000E-1	-5.506727E-18	3.318154E+17	-2.708640E-3	0.000000E+0	1.755697E-2	3.487546E-5	0.000000E+0	0.000000E+0	0.000000E+0
6.668327E+1	-5.395263E-4	-1.900000E-1	-5.761072E+17	-4.172230E+17	-2.470823E-3	0.000000E+0	1.499627E-2	1.213330E-7	0.000000E+0	0.000000E+0	0.000000E+0
6.638814E+1	4.898851E-1	-1.650000E-1	6.303170E-18	-1.599031E-19	-2.097665E-3	0.000000E+0	1.506211E-2	-1.111449E-4	0.000000E+0	0.000000E+0	0.000000E+0
6.239297E+1	5.909433E-2	-1.390000E-1	-1.696221E+17	-6.427789E-19	-1.750070E-3	0.000000E+0	1.602743E-2	-1.518008E-5	0.000000E+0	0.000000E+0	0.000000E+0
6.262402E+1	6.851904E-1	-1.140000E-1	-2.725491E+17	2.120590E-18	-1.233909E-3	0.000000E+0	1.596640E-2	-1.746938E-4	0.000000E+0	0.000000E+0	0.000000E+0
6.448763E+1	9.376718E-2	-8.900000E-2	-1.478400E+17	2.700612E+17	-1.147266E-3	0.000000E+0	1.550682E-2	-2.254743E-5	0.000000E+0	0.000000E+0	0.000000E+0
6.232050E+1	2.472572E-1	-6.300000E-2	-2.971689E+17	-4.901914E-18	-8.267402E-4	0.000000E+0	1.604583E-2	-6.366200E-5	0.000000E+0	0.000000E+0	0.000000E+0
6.504465E+1	-1.250185E-2	-3.800000E-2	-4.717429E+17	-4.919838E+17	-5.036326E-4	0.000000E+0	1.537405E-2	2.954957E-6	0.000000E+0	0.000000E+0	0.000000E+0
5.637147E+1	1.267797E-1	-1.300000E-2	-9.427510E-19	-9.434847E-19	-1.345597E-4	0.000000E+0	1.773938E-2	-3.989595E-5	0.000000E+0	0.000000E+0	0.000000E+0
5.364613E+1	1.634419E-2	1.300000E-2	-3.093320E+17	4.406614E-18	1.394908E-4	0.000000E+0	1.864067E-2	-5.679192E-6	0.000000E+0	0.000000E+0	0.000000E+0
6.040199E+1	-8.576074E-2	3.800000E-2	-4.715871E+17	-3.995361E+17	5.197994E-4	0.000000E+0	1.655571E-2	2.350635E-5	0.000000E+0	0.000000E+0	0.000000E+0
6.894907E+1	-1.441513E-1	6.300000E-2	-1.067113E+17	-5.230656E+17	6.503639E-4	0.000000E+0	1.450340E-2	3.032214E-5	0.000000E+0	0.000000E+0	0.000000E+0
5.761721E+1	-9.493703E-2	8.900000E-2	-3.021231E-18	1.442034E+17	1.210931E-3	0.000000E+0	1.735588E-2	2.859763E-5	0.000000E+0	0.000000E+0	0.000000E+0
6.619969E+1	-1.021580E-2	1.140000E-1	-3.411495E-18	5.558819E-18	1.551402E-3	0.000000E+0	1.510581E-2	2.331098E-6	0.000000E+0	0.000000E+0	0.000000E+0
6.315633E+1	3.708321E-1	1.390000E-1	4.155990E+17	-2.187937E-18	1.487381E-3	0.000000E+0	1.583318E-2	-9.296695E-5	0.000000E+0	0.000000E+0	0.000000E+0
5.958785E+1	-1.775727E-1	1.650000E-1	-4.136209E+17	4.857998E-18	2.069398E-3	0.000000E+0	1.678180E-2	5.001001E-5	0.000000E+0	0.000000E+0	0.000000E+0
4.826210E+1	2.135435E-1	1.900000E-1	-5.584540E-18	-6.440456E-18	2.607521E-3	0.000000E+0	2.071979E-2	-9.167806E-5	0.000000E+0	0.000000E+0	0.000000E+0
5.704205E+1	2.968361E-1	2.150000E-1	4.766215E-20	4.558718E+17	2.269751E-3	0.000000E+0	1.753045E-2	-9.122518E-5	0.000000E+0	0.000000E+0	0.000000E+0
5.799332E+1	-1.252490E-1	2.410000E-1	1.388541E-18	6.784133E-18	2.476386E-3	0.000000E+0	1.724328E-2	3.724057E-5	0.000000E+0	0.000000E+0	0.000000E+0
6.841803E+1	-2.492101E-1	2.660000E-1	3.311088E+17	-3.632627E-18	3.180494E-3	0.000000E+0	1.461584E-2	5.323763E-5	0.000000E+0	0.000000E+0	0.000000E+0
6.265578E+1	-1.438982E+0	2.910000E-1	-3.638346E-19	6.323277E-18	3.222192E-3	0.000000E+0	1.595181E-2	3.663566E-4	0.000000E+0	0.000000E+0	0.000000E+0
6.699429E+1	1.010340E+0	3.160000E-1	-4.524504E+17	2.055147E+17	4.318025E-3	0.000000E+0	1.492325E-2	-2.250574E-4	0.000000E+0	0.000000E+0	0.000000E+0
6.906111E+1	1.574019E+0	3.420000E-1	-6.904543E-18	-3.720036E+17	4.546111E-3	0.000000E+0	1.447241E-2	-3.298506E-4	0.000000E+0	0.000000E+0	0.000000E+0
7.563419E+1	5.486646E-1	3.670000E-1	2.547940E-18	-3.198972E-19	4.481067E-3	0.000000E+0	1.322084E-2	-9.590644E-5	0.000000E+0	0.000000E+0	0.000000E+0
7.356766E+1	-1.812892E+0	3.920000E-1	-1.554791E+17	1.089529E+17	4.119294E-3	0.000000E+0	1.358468E-2	3.347606E-4	0.000000E+0	0.000000E+0	0.000000E+0
7.848291E+1	-1.220083E+0	4.180000E-1	-5.196819E+17	2.162502E-18	4.421945E-3	0.000000E+0	1.273855E-2	1.980315E-4	0.000000E+0	0.000000E+0	0.000000E+0
8.078029E+1	7.467995E-1	4.430000E-1	1.001296E+17	-5.707470E+17	5.513692E-3	0.000000E+0	1.237820E-2	-1.144343E-4	0.000000E+0	0.000000E+0	0.000000E+0
8.601630E+1	-8.218870E-1	4.680000E-1	-2.799864E+17	-3.562291E+17	5.837821E-3	0.000000E+0	1.162464E-2	1.110736E-4	0.000000E+0	0.000000E+0	0.000000E+0
9.049704E+1	-2.260834E+0	4.940000E-1	7.433461E+16	-3.421229E+17	6.120044E-3	0.000000E+0	1.104319E-2	2.758856E-4	0.000000E+0	0.000000E+0	0.000000E+0
9.713278E+1	-1.031294E-1	5.190000E-1	5.230660E-18	8.421242E+16	5.094838E-3	0.000000E+0	1.029517E-2	1.093076E-5	0.000000E+0	0.000000E+0	0.000000E+0
1.005014E+2	3.936960E-1	5.440000E-1	5.364498E+17	-2.871878E+17	5.455229E-3	0.000000E+0	9.949957E-3	-3.897715E-5	0.000000E+0	0.000000E+0	0.000000E+0
9.795399E+1	7.236342E-1	5.700000E-1	-5.656005E-19	1.659667E-18	5.614878E-3	0.000000E+0	1.020832E-2	-7.541385E-5	0.000000E+0	0.000000E+0	0.000000E+0
1.068303E+2	-1.072140E+0	5.950000E-1	9.197504E+16	2.296609E-18	6.861885E-3	0.000000E+0	9.359697E-3	9.393315E-5	0.000000E+0	0.000000E+0	0.000000E+0
1.058060E+2	2.830151E+0	6.200000E-1	3.660067E+17	4.737481E+17	7.041479E-3	0.000000E+0	9.444502E-3	-2.526262E-4	0.000000E+0	0.000000E+0	0.000000E+0
1.120205E+2	5.159039E-1	6.460000E-1	1.676928E-18	4.035830E-18	6.374775E-3	0.000000E+0	8.926748E-3	-4.111162E-5	0.000000E+0	0.000000E+0	0.000000E+0
1.123681E+2	-9.883742E-1	6.710000E-1	-2.680825E+17	-5.492346E+17	7.450690E-3	0.000000E+0	8.898634E-3	7.827115E-5	0.000000E+0	0.000000E+0	0.000000E+0
1.204604E+2	-3.016185E+0	6.960000E-1	5.241928E+17	-4.155966E-18	6.801379E-3	0.000000E+0	8.296282E-3	2.077290E-4	0.000000E+0	0.000000E+0	0.000000E+0
1.144388E+2	-5.256906E-1	7.220000E-1	2.579781E+17	4.569569E-19	7.875223E-3	0.000000E+0	8.738111E-3	4.013973E-5	0.000000E+0	0.000000E+0	0.000000E+0
1.187256E+2	1.119133E+0	7.470000E-1	2.888526E-18	5.332336E+16	8.080352E-3	0.000000E+0	8.422035E-3	-7.938791E-5	0.000000E+0	0.000000E+0	0.000000E+0
1.170032E+2	1.372738E+0	7.720000E-1	-1.980651E+17	3.078113E+17	8.325320E-3	0.000000E+0	8.545598E-3	-1.002611E-4	0.000000E+0	0.000000E+0	0.000000E+0
1.120499E+2	-5.854332E-1	7.970000E-1	-2.714796E-18	1.441508E+17	7.786325E-3	0.000000E+0	8.924352E-3	4.662754E-5	0.000000E+0	0.000000E+0	0.000000E+0
1.008865E+2	3.923584E+0	8.230000E-1	5.785078E-19	3.793536E+17	7.589999E-3	0.000000E+0	9.897159E-3	-3.849111E-4	0.000000E+0	0.000000E+0	0.000000E+0
9.594530E+1	1.799518E-1	8.480000E-1	-2.375066E+17	1.295985E-19	7.750185E-3	0.000000E+0	1.042257E-2	-1.954822E-5	0.000000E+0	0.000000E+0	0.000000E+0
9.945021E+1	1.359982E+0	8.730000E-1	-5.351625E-18	2.391872E+17	7.960422E-3	0.000000E+0	1.005340E-2	-1.374803E-4	0.000000E+0	0.000000E+0	0.000000E+0
9.611617E+1	1.174599E+0	8.990000E-1	2.587907E+17	2.090634E-18	8.018944E-3	0.000000E+0	1.040252E-2	-1.271253E-4	0.000000E+0	0.000000E+0	0.000000E+0
1.061916E+2	5.557623E-1	9.240000E-1	-3.127958E+17	-2.708644E-18	8.358397E-3	0.000000E+0	9.416683E-3	-4.928297E-5	0.000000E+0	0.000000E+0	0.000000E+0
1.098814E+2	-7.275400E-1	9.490000E-1	6.653737E-18	-4.395667E+17	8.442996E-3	0.000000E+0	9.100322E-3	6.025450E-5	0.000000E+0	0.000000E+0	0.000000E+0
7.781104E+1	1.423009E+0	9.750000E-1	-1.137863E-18	-4.190346E+17	1.020887E-2	0.000000E+0	1.284735E-2	-2.349525E-4	0.000000E+0	0.000000E+0	0.000000E+0
8.872821E+1	2.903162E+0	1.000000E+0	-9.275714E-19	-3.780201E-18	8.853739E-3	0.000000E+0	1.125832E-2	-3.683690E-4	0.000000E+0	0.000000E+0	0.000000E+0
