Real / Ohm	Ximag / Ohm	V_DC / V	I_a c / A	V_ac / V	I_DC / A
3.735084E+1	-1.237935E+0	2.500000E+0	-9.275714E-19	-3.780201E-18	3.453691E-2	2.154435E+4	2.674378E-2	8.863807E-4	0.000000E+0	0.000000E+0	0.000000E+0
4.166011E+1	5.124075E-1	2.437000E+0	-1.137863E-18	-4.190346E+17	2.583847E-2	0.000000E+0	2.400015E-2	-2.951950E-4	0.000000E+0	0.000000E+0	0.000000E+0
4.892078E+1	1.516823E-1	2.373000E+0	6.653737E-18	-4.395667E+17	2.653585E-2	0.000000E+0	2.044101E-2	-6.337880E-5	0.000000E+0	0.000000E+0	0.000000E+0
4.984810E+1	1.211616E-1	2.310000E+0	-3.127958E+17	-2.708644E-18	2.656108E-2	0.000000E+0	2.006083E-2	-4.876017E-5	0.000000E+0	0.000000E+0	0.000000E+0
4.935547E+1	7.201135E-2	2.247000E+0	2.587907E+17	2.090634E-18	2.497090E-2	0.000000E+0	2.026114E-2	-2.956170E-5	0.000000E+0	0.000000E+0	0.000000E+0
4.196052E+1	2.951356E-1	2.184000E+0	-5.351625E-18	2.391872E+17	2.279083E-2	0.000000E+0	2.383075E-2	-1.676171E-4	0.000000E+0	0.000000E+0	0.000000E+0
5.142745E+1	3.092949E-1	2.120000E+0	-2.375066E+17	1.295985E-19	2.202140E-2	0.000000E+0	1.944417E-2	-1.169411E-4	0.000000E+0	0.000000E+0	0.000000E+0
4.823304E+1	-1.344054E-1	2.057000E+0	5.785078E-19	3.793536E+17	2.850577E-2	0.000000E+0	2.073252E-2	5.777289E-5	0.000000E+0	0.000000E+0	0.000000E+0
3.419689E+1	7.535261E-2	1.994000E+0	-2.714796E-18	1.441508E+17	2.157341E-2	0.000000E+0	2.924228E-2	-6.443517E-5	0.000000E+0	0.000000E+0	0.000000E+0
3.953086E+1	3.899193E-2	1.930000E+0	-1.980651E+17	3.078113E+17	1.978049E-2	0.000000E+0	2.529667E-2	-2.495179E-5	0.000000E+0	0.000000E+0	0.000000E+0
4.529367E+1	-3.128163E-1	1.867000E+0	2.888526E-18	5.332336E+16	2.426946E-2	0.000000E+0	2.207709E-2	1.524732E-4	0.000000E+0	0.000000E+0	0.000000E+0
4.902395E+1	-4.982890E-1	1.804000E+0	2.579781E+17	4.569569E-19	1.911902E-2	0.000000E+0	2.039609E-2	2.073098E-4	0.000000E+0	0.000000E+0	0.000000E+0
3.916766E+1	-8.761120E-2	1.741000E+0	5.241928E+17	-4.155966E-18	2.191953E-2	0.000000E+0	2.553114E-2	5.710869E-5	0.000000E+0	0.000000E+0	0.000000E+0
6.281216E+1	4.162127E-1	1.677000E+0	-2.680825E+17	-5.492346E+17	1.696114E-2	0.000000E+0	1.591979E-2	-1.054894E-4	0.000000E+0	0.000000E+0	0.000000E+0
6.762923E+1	2.720940E-1	1.614000E+0	1.676928E-18	4.035830E-18	1.608444E-2	0.000000E+0	1.478627E-2	-5.948987E-5	0.000000E+0	0.000000E+0	0.000000E+0
7.972169E+1	1.704398E-1	1.551000E+0	3.660067E+17	4.737481E+17	1.524349E-2	0.000000E+0	1.254358E-2	-2.681736E-5	0.000000E+0	0.000000E+0	0.000000E+0
7.622781E+1	2.406112E-1	1.487000E+0	9.197504E+16	2.296609E-18	1.506395E-2	0.000000E+0	1.311844E-2	-4.140804E-5	0.000000E+0	0.000000E+0	0.000000E+0
6.433553E+1	2.302561E-1	1.424000E+0	-5.656005E-19	1.659667E-18	1.436447E-2	0.000000E+0	1.554331E-2	-5.562933E-5	0.000000E+0	0.000000E+0	0.000000E+0
8.102846E+1	6.809616E-2	1.361000E+0	5.364498E+17	-2.871878E+17	1.682995E-2	0.000000E+0	1.234133E-2	-1.037163E-5	0.000000E+0	0.000000E+0	0.000000E+0
8.600743E+1	1.990298E-1	1.297000E+0	5.230660E-18	8.421242E+16	1.576686E-2	0.000000E+0	1.162684E-2	-2.690567E-5	0.000000E+0	0.000000E+0	0.000000E+0
7.604300E+1	6.343317E-2	1.234000E+0	7.433461E+16	-3.421229E+17	1.320272E-2	0.000000E+0	1.315045E-2	-1.096977E-5	0.000000E+0	0.000000E+0	0.000000E+0
8.411592E+1	-1.726773E-1	1.171000E+0	-2.799864E+17	-3.562291E+17	1.249252E-2	0.000000E+0	1.188831E-2	2.440490E-5	0.000000E+0	0.000000E+0	0.000000E+0
8.031944E+1	7.153273E-3	1.108000E+0	1.001296E+17	-5.707470E+17	1.176495E-2	0.000000E+0	1.245029E-2	-1.108826E-6	0.000000E+0	0.000000E+0	0.000000E+0
8.406544E+1	-1.001252E-1	1.044000E+0	-5.196819E+17	2.162502E-18	1.128817E-2	0.000000E+0	1.189548E-2	1.416798E-5	0.000000E+0	0.000000E+0	0.000000E+0
8.100511E+1	-1.195264E-2	9.810000E-1	-1.554791E+17	1.089529E+17	1.275160E-2	0.000000E+0	1.234490E-2	1.821541E-6	0.000000E+0	0.000000E+0	0.000000E+0
7.956357E+1	-5.989933E-2	9.180000E-1	2.547940E-18	-3.198972E-19	1.012720E-2	0.000000E+0	1.256856E-2	9.462223E-6	0.000000E+0	0.000000E+0	0.000000E+0
7.516086E+1	-1.246598E-1	8.540000E-1	-6.904543E-18	-3.720036E+17	9.377185E-3	0.000000E+0	1.330476E-2	2.206692E-5	0.000000E+0	0.000000E+0	0.000000E+0
7.302725E+1	-1.639414E-2	7.910000E-1	-4.524504E+17	2.055147E+17	8.714987E-3	0.000000E+0	1.369352E-2	3.074105E-6	0.000000E+0	0.000000E+0	0.000000E+0
7.069141E+1	-7.366645E-2	7.280000E-1	-3.638346E-19	6.323277E-18	9.829087E-3	0.000000E+0	1.414597E-2	1.474131E-5	0.000000E+0	0.000000E+0	0.000000E+0
6.180534E+1	-1.060830E-1	6.650000E-1	3.311088E+17	-3.632627E-18	7.515208E-3	0.000000E+0	1.617978E-2	2.777106E-5	0.000000E+0	0.000000E+0	0.000000E+0
5.801159E+1	-1.128429E-1	6.010000E-1	1.388541E-18	6.784133E-18	6.863762E-3	0.000000E+0	1.723787E-2	3.353073E-5	0.000000E+0	0.000000E+0	0.000000E+0
6.128855E+1	-1.955637E-1	5.380000E-1	4.766215E-20	4.558718E+17	7.527404E-3	0.000000E+0	1.631610E-2	5.206251E-5	0.000000E+0	0.000000E+0	0.000000E+0
5.681236E+1	-8.815289E-3	4.750000E-1	-5.584540E-18	-6.440456E-18	5.379508E-3	0.000000E+0	1.760180E-2	2.731184E-6	0.000000E+0	0.000000E+0	0.000000E+0
5.924309E+1	1.473210E-1	4.110000E-1	-4.136209E+17	4.857998E-18	5.879235E-3	0.000000E+0	1.687950E-2	-4.197460E-5	0.000000E+0	0.000000E+0	0.000000E+0
6.296395E+1	1.201034E-3	3.480000E-1	4.155990E+17	-2.187937E-18	3.875875E-3	0.000000E+0	1.588210E-2	-3.029503E-7	0.000000E+0	0.000000E+0	0.000000E+0
6.417351E+1	-2.807570E-2	2.850000E-1	-3.411495E-18	5.558819E-18	3.175372E-3	0.000000E+0	1.558275E-2	6.817402E-6	0.000000E+0	0.000000E+0	0.000000E+0
6.268074E+1	1.038289E-2	2.220000E-1	-3.021231E-18	1.442034E+17	2.411539E-3	0.000000E+0	1.595386E-2	-2.642713E-6	0.000000E+0	0.000000E+0	0.000000E+0
6.319817E+1	-8.903623E-3	1.580000E-1	-1.067113E+17	-5.230656E+17	1.758050E-3	0.000000E+0	1.582324E-2	2.229245E-6	0.000000E+0	0.000000E+0	0.000000E+0
5.786977E+1	-5.263281E-2	9.500000E-2	-4.715871E+17	-3.995361E+17	1.115770E-3	0.000000E+0	1.728016E-2	1.571639E-5	0.000000E+0	0.000000E+0	0.000000E+0
5.721200E+1	-1.535642E-2	3.200000E-2	-3.093320E+17	4.406614E-18	4.499962E-4	0.000000E+0	1.747885E-2	4.691543E-6	0.000000E+0	0.000000E+0	0.000000E+0
5.109491E+1	-7.679582E-3	-3.200000E-2	-9.427510E-19	-9.434847E-19	-3.607957E-4	0.000000E+0	1.957142E-2	2.941591E-6	0.000000E+0	0.000000E+0	0.000000E+0
5.007622E+1	1.697886E-2	-9.500000E-2	-4.717429E+17	-4.919838E+17	-1.074578E-3	0.000000E+0	1.996956E-2	-6.770884E-6	0.000000E+0	0.000000E+0	0.000000E+0
5.931107E+1	1.089180E-2	-1.580000E-1	-2.971689E+17	-4.901914E-18	-1.831261E-3	0.000000E+0	1.686026E-2	-3.096194E-6	0.000000E+0	0.000000E+0	0.000000E+0
6.486496E+1	3.335440E-2	-2.220000E-1	-1.478400E+17	2.700612E+17	-2.934187E-3	0.000000E+0	1.541664E-2	-7.927435E-6	0.000000E+0	0.000000E+0	0.000000E+0
6.491644E+1	3.164196E-2	-2.850000E-1	-2.725491E+17	2.120590E-18	-3.155120E-3	0.000000E+0	1.540441E-2	-7.508512E-6	0.000000E+0	0.000000E+0	0.000000E+0
6.582758E+1	7.531714E-2	-3.480000E-1	-1.696221E+17	-6.427789E-19	-3.737135E-3	0.000000E+0	1.519118E-2	-1.738111E-5	0.000000E+0	0.000000E+0	0.000000E+0
7.078540E+1	3.965735E-3	-4.110000E-1	6.303170E-18	-1.599031E-19	-4.441724E-3	0.000000E+0	1.412721E-2	-7.914734E-7	0.000000E+0	0.000000E+0	0.000000E+0
7.077081E+1	-7.827044E-3	-4.750000E-1	-5.761072E+17	-4.172230E+17	-5.059462E-3	0.000000E+0	1.413012E-2	1.562750E-6	0.000000E+0	0.000000E+0	0.000000E+0
6.926796E+1	-3.195214E-2	-5.380000E-1	-5.506727E-18	3.318154E+17	-5.763540E-3	0.000000E+0	1.443669E-2	6.659399E-6	0.000000E+0	0.000000E+0	0.000000E+0
6.562233E+1	5.332291E-2	-6.010000E-1	4.410889E+17	3.940187E-18	-7.323082E-3	0.000000E+0	1.523871E-2	-1.238255E-5	0.000000E+0	0.000000E+0	0.000000E+0
6.185943E+1	-8.473432E-2	-6.650000E-1	1.829862E+17	1.849291E+17	-8.684436E-3	0.000000E+0	1.616565E-2	2.214352E-5	0.000000E+0	0.000000E+0	0.000000E+0
6.611523E+1	3.519380E-2	-7.280000E-1	-4.775830E-18	6.132215E-18	-8.823652E-3	0.000000E+0	1.512510E-2	-8.051244E-6	0.000000E+0	0.000000E+0	0.000000E+0
7.430023E+1	-3.360224E-2	-7.910000E-1	-1.774996E-18	1.902529E-18	-9.390347E-3	0.000000E+0	1.345891E-2	6.086783E-6	0.000000E+0	0.000000E+0	0.000000E+0
7.938695E+1	-4.881787E-2	-8.540000E-1	-7.957818E+16	-3.386204E-18	-1.073998E-2	0.000000E+0	1.259652E-2	7.746052E-6	0.000000E+0	0.000000E+0	0.000000E+0
7.273830E+1	1.286459E-2	-9.180000E-1	2.088264E+17	-2.196584E+17	-9.578865E-3	0.000000E+0	1.374792E-2	-2.431474E-6	0.000000E+0	0.000000E+0	0.000000E+0
8.417729E+1	3.941488E-2	-9.810000E-1	-5.319197E+16	-3.553127E+17	-1.175689E-2	0.000000E+0	1.187969E-2	-5.562503E-6	0.000000E+0	0.000000E+0	0.000000E+0
8.581140E+1	-1.407533E-1	-1.044000E+0	-1.183520E-18	-5.342346E-18	-1.268978E-2	0.000000E+0	1.165343E-2	1.911470E-5	0.000000E+0	0.000000E+0	0.000000E+0
8.660783E+1	-1.322658E-1	-1.108000E+0	-5.203440E-18	3.830367E-18	-1.321099E-2	0.000000E+0	1.154627E-2	1.763324E-5	0.000000E+0	0.000000E+0	0.000000E+0
8.912303E+1	-1.489398E-1	-1.171000E+0	3.716679E-18	4.246583E+17	-1.182671E-2	0.000000E+0	1.122041E-2	1.875123E-5	0.000000E+0	0.000000E+0	0.000000E+0
9.092850E+1	-4.481304E-1	-1.234000E+0	1.593192E+15	5.049270E-18	-1.228156E-2	0.000000E+0	1.099738E-2	5.419932E-5	0.000000E+0	0.000000E+0	0.000000E+0
8.702722E+1	-7.019615E-1	-1.297000E+0	-4.479008E-18	-5.687757E-18	-1.522312E-2	0.000000E+0	1.148991E-2	9.267761E-5	0.000000E+0	0.000000E+0	0.000000E+0
8.411707E+1	-1.863427E-1	-1.361000E+0	-5.198214E+17	1.399337E+17	-1.387099E-2	0.000000E+0	1.188814E-2	2.633552E-5	0.000000E+0	0.000000E+0	0.000000E+0
8.687697E+1	-4.870985E-1	-1.424000E+0	2.698511E+17	2.403799E+17	-1.457865E-2	0.000000E+0	1.151017E-2	6.453478E-5	0.000000E+0	0.000000E+0	0.000000E+0
8.856186E+1	6.043255E-2	-1.487000E+0	-4.013414E-19	-2.240669E+17	-1.454473E-2	0.000000E+0	1.129154E-2	-7.705082E-6	0.000000E+0	0.000000E+0	0.000000E+0
1.007491E+2	-1.796587E-1	-1.551000E+0	8.607211E+16	4.250517E-18	-1.704346E-2	0.000000E+0	9.925615E-3	1.769964E-5	0.000000E+0	0.000000E+0	0.000000E+0
9.968997E+1	-1.348617E-1	-1.614000E+0	2.127762E-18	3.280462E+15	-1.506675E-2	0.000000E+0	1.003108E-2	1.357016E-5	0.000000E+0	0.000000E+0	0.000000E+0
9.153670E+1	-4.319286E-1	-1.677000E+0	8.036557E+16	-5.942399E-18	-1.561710E-2	0.000000E+0	1.092434E-2	5.154800E-5	0.000000E+0	0.000000E+0	0.000000E+0
1.018704E+2	-2.549663E-1	-1.741000E+0	-6.504745E+16	2.866239E-18	-1.601931E-2	0.000000E+0	9.816333E-3	2.456881E-5	0.000000E+0	0.000000E+0	0.000000E+0
1.029748E+2	-2.046027E-1	-1.804000E+0	5.725575E-18	5.135270E+17	-1.951348E-2	0.000000E+0	9.711075E-3	1.929513E-5	0.000000E+0	0.000000E+0	0.000000E+0
1.027035E+2	-2.143490E-1	-1.867000E+0	-2.052875E-18	3.493290E-18	-1.728242E-2	0.000000E+0	9.736724E-3	2.032119E-5	0.000000E+0	0.000000E+0	0.000000E+0
9.055612E+1	-5.632584E-1	-1.930000E+0	2.907620E+17	-1.496570E-18	-1.817394E-2	0.000000E+0	1.104245E-2	6.868395E-5	0.000000E+0	0.000000E+0	0.000000E+0
9.708507E+1	-2.593253E-1	-1.994000E+0	-3.088639E-18	4.664211E-18	-1.856849E-2	0.000000E+0	1.030017E-2	2.751293E-5	0.000000E+0	0.000000E+0	0.000000E+0
8.887321E+1	-1.258965E-1	-2.057000E+0	2.818897E-18	-3.928899E-18	-2.289156E-2	0.000000E+0	1.125196E-2	1.593937E-5	0.000000E+0	0.000000E+0	0.000000E+0
6.332461E+1	2.606845E-2	-2.120000E+0	8.250878E-19	2.832976E+17	-1.953385E-2	0.000000E+0	1.579165E-2	-6.500849E-6	0.000000E+0	0.000000E+0	0.000000E+0
6.295296E+1	-4.576571E-1	-2.184000E+0	4.553607E+17	-2.686618E+17	-2.211481E-2	0.000000E+0	1.588404E-2	1.154742E-4	0.000000E+0	0.000000E+0	0.000000E+0
8.756395E+1	-6.391358E-1	-2.247000E+0	2.517955E+17	5.595160E+16	-1.943943E-2	0.000000E+0	1.141962E-2	8.335263E-5	0.000000E+0	0.000000E+0	0.000000E+0
8.890573E+1	-9.011889E-2	-2.310000E+0	-6.194310E-18	5.176248E+17	-2.442082E-2	0.000000E+0	1.124786E-2	1.140134E-5	0.000000E+0	0.000000E+0	0.000000E+0
7.605318E+1	1.058054E-1	-2.373000E+0	-5.749716E+17	1.371951E+17	-2.180008E-2	0.000000E+0	1.314867E-2	-1.829247E-5	0.000000E+0	0.000000E+0	0.000000E+0
5.968311E+1	-7.008803E-1	-2.437000E+0	-4.691026E+17	6.689522E-18	-2.224162E-2	0.000000E+0	1.675285E-2	1.967347E-4	0.000000E+0	0.000000E+0	0.000000E+0
7.877550E+1	4.364407E-2	-2.500000E+0	-3.567381E+17	-4.286482E-18	-2.231853E-2	0.000000E+0	1.269430E-2	-7.033035E-6	0.000000E+0	0.000000E+0	0.000000E+0
