Real / Ohm	Ximag / Ohm	V_DC / V	I_a c / A	V_ac / V	I_DC / A
3.305797E+1	1.678474E+0	2.000000E+0	-9.275714E-19	-3.780201E-18	2.135312E-2	1.000000E+3	3.017211E-2	-1.531948E-3	0.000000E+0	0.000000E+0	0.000000E+0
5.031326E+1	-3.734586E-1	1.949000E+0	-1.137863E-18	-4.190346E+17	1.997915E-2	0.000000E+0	1.987438E-2	1.475209E-4	0.000000E+0	0.000000E+0	0.000000E+0
3.208422E+1	8.565697E+0	1.899000E+0	6.653737E-18	-4.395667E+17	1.905816E-2	0.000000E+0	2.909425E-2	-7.767449E-3	0.000000E+0	0.000000E+0	0.000000E+0
4.188340E+1	7.219868E-1	1.848000E+0	-3.127958E+17	-2.708644E-18	1.665508E-2	0.000000E+0	2.386872E-2	-4.114493E-4	0.000000E+0	0.000000E+0	0.000000E+0
4.585099E+1	-5.628521E-1	1.797000E+0	2.587907E+17	2.090634E-18	1.710389E-2	0.000000E+0	2.180649E-2	2.676895E-4	0.000000E+0	0.000000E+0	0.000000E+0
4.786042E+1	5.923176E+0	1.747000E+0	-5.351625E-18	2.391872E+17	1.708433E-2	0.000000E+0	2.057890E-2	-2.546832E-3	0.000000E+0	0.000000E+0	0.000000E+0
4.554918E+1	9.880833E-2	1.696000E+0	-2.375066E+17	1.295985E-19	1.715163E-2	0.000000E+0	2.195419E-2	-4.762450E-5	0.000000E+0	0.000000E+0	0.000000E+0
5.033825E+1	1.628328E+0	1.646000E+0	5.785078E-19	3.793536E+17	1.647120E-2	0.000000E+0	1.984484E-2	-6.419356E-4	0.000000E+0	0.000000E+0	0.000000E+0
5.229905E+1	1.411047E+0	1.595000E+0	-2.714796E-18	1.441508E+17	1.469222E-2	0.000000E+0	1.910690E-2	-5.155109E-4	0.000000E+0	0.000000E+0	0.000000E+0
6.075410E+1	6.107981E-2	1.544000E+0	-1.980651E+17	3.078113E+17	1.183051E-2	0.000000E+0	1.645978E-2	-1.654802E-5	0.000000E+0	0.000000E+0	0.000000E+0
6.268909E+1	3.888755E-2	1.494000E+0	2.888526E-18	5.332336E+16	1.363220E-2	0.000000E+0	1.595173E-2	-9.895243E-6	0.000000E+0	0.000000E+0	0.000000E+0
6.245648E+1	2.009104E-1	1.443000E+0	2.579781E+17	4.569569E-19	1.301870E-2	0.000000E+0	1.601098E-2	-5.150423E-5	0.000000E+0	0.000000E+0	0.000000E+0
6.360486E+1	8.827850E-2	1.392000E+0	5.241928E+17	-4.155966E-18	1.240571E-2	0.000000E+0	1.572204E-2	-2.182094E-5	0.000000E+0	0.000000E+0	0.000000E+0
6.218233E+1	5.472888E+0	1.342000E+0	-2.680825E+17	-5.492346E+17	1.231873E-2	0.000000E+0	1.595812E-2	-1.404531E-3	0.000000E+0	0.000000E+0	0.000000E+0
7.334619E+1	2.932995E+0	1.291000E+0	1.676928E-18	4.035830E-18	1.182219E-2	0.000000E+0	1.361221E-2	-5.443300E-4	0.000000E+0	0.000000E+0	0.000000E+0
7.426035E+1	-1.647829E+0	1.241000E+0	3.660067E+17	4.737481E+17	1.076944E-2	0.000000E+0	1.345951E-2	2.986650E-4	0.000000E+0	0.000000E+0	0.000000E+0
8.622496E+1	-6.426280E-1	1.190000E+0	9.197504E+16	2.296609E-18	1.022182E-2	0.000000E+0	1.159693E-2	8.643100E-5	0.000000E+0	0.000000E+0	0.000000E+0
8.276363E+1	-1.592659E+0	1.139000E+0	-5.656005E-19	1.659667E-18	9.798821E-3	0.000000E+0	1.207813E-2	2.324251E-4	0.000000E+0	0.000000E+0	0.000000E+0
9.599915E+1	5.228045E-1	1.089000E+0	5.364498E+17	-2.871878E+17	9.646986E-3	0.000000E+0	1.041645E-2	-5.672724E-5	0.000000E+0	0.000000E+0	0.000000E+0
1.086945E+2	-1.640089E+0	1.038000E+0	5.230660E-18	8.421242E+16	9.089665E-3	0.000000E+0	9.198003E-3	1.387885E-4	0.000000E+0	0.000000E+0	0.000000E+0
1.144405E+2	2.150511E+0	9.870000E-1	7.433461E+16	-3.421229E+17	8.819370E-3	0.000000E+0	8.735081E-3	-1.641454E-4	0.000000E+0	0.000000E+0	0.000000E+0
1.202792E+2	1.126433E+0	9.370000E-1	-2.799864E+17	-3.562291E+17	8.329947E-3	0.000000E+0	8.313260E-3	-7.785495E-5	0.000000E+0	0.000000E+0	0.000000E+0
1.264005E+2	6.842129E+0	8.860000E-1	1.001296E+17	-5.707470E+17	7.962618E-3	0.000000E+0	7.888248E-3	-4.269952E-4	0.000000E+0	0.000000E+0	0.000000E+0
1.129713E+2	1.409857E+0	8.350000E-1	-5.196819E+17	2.162502E-18	7.598350E-3	0.000000E+0	8.850427E-3	-1.104514E-4	0.000000E+0	0.000000E+0	0.000000E+0
1.054371E+2	-1.755852E+0	7.850000E-1	-1.554791E+17	1.089529E+17	7.739671E-3	0.000000E+0	9.481698E-3	1.578994E-4	0.000000E+0	0.000000E+0	0.000000E+0
1.016425E+2	-1.613412E-1	7.340000E-1	2.547940E-18	-3.198972E-19	6.965802E-3	0.000000E+0	9.838379E-3	1.561685E-5	0.000000E+0	0.000000E+0	0.000000E+0
9.784189E+1	-2.213139E-1	6.840000E-1	-6.904543E-18	-3.720036E+17	6.579545E-3	0.000000E+0	1.022052E-2	2.311835E-5	0.000000E+0	0.000000E+0	0.000000E+0
9.442722E+1	4.198377E+0	6.330000E-1	-4.524504E+17	2.055147E+17	6.185145E-3	0.000000E+0	1.056927E-2	-4.699259E-4	0.000000E+0	0.000000E+0	0.000000E+0
9.432323E+1	-1.527592E+0	5.820000E-1	-3.638346E-19	6.323277E-18	5.616588E-3	0.000000E+0	1.059906E-2	1.716549E-4	0.000000E+0	0.000000E+0	0.000000E+0
8.766599E+1	-1.462329E+0	5.320000E-1	3.311088E+17	-3.632627E-18	5.098054E-3	0.000000E+0	1.140376E-2	1.902225E-4	0.000000E+0	0.000000E+0	0.000000E+0
8.525256E+1	-2.623346E+0	4.810000E-1	1.388541E-18	6.784133E-18	5.096911E-3	0.000000E+0	1.171876E-2	3.606033E-4	0.000000E+0	0.000000E+0	0.000000E+0
7.984744E+1	3.258553E-2	4.300000E-1	4.766215E-20	4.558718E+17	4.299039E-3	0.000000E+0	1.252388E-2	-5.110963E-6	0.000000E+0	0.000000E+0	0.000000E+0
7.599989E+1	-2.102239E-2	3.800000E-1	-5.584540E-18	-6.440456E-18	3.834642E-3	0.000000E+0	1.315791E-2	3.639621E-6	0.000000E+0	0.000000E+0	0.000000E+0
7.447624E+1	-9.957097E-1	3.290000E-1	-4.136209E+17	4.857998E-18	3.310007E-3	0.000000E+0	1.342470E-2	1.794815E-4	0.000000E+0	0.000000E+0	0.000000E+0
7.924525E+1	-2.343784E+0	2.780000E-1	4.155990E+17	-2.187937E-18	2.726128E-3	0.000000E+0	1.260802E-2	3.728991E-4	0.000000E+0	0.000000E+0	0.000000E+0
7.494067E+1	-1.473059E-2	2.280000E-1	-3.411495E-18	5.558819E-18	2.216276E-3	0.000000E+0	1.334389E-2	2.622920E-6	0.000000E+0	0.000000E+0	0.000000E+0
7.222716E+1	-2.345849E-1	1.770000E-1	-3.021231E-18	1.442034E+17	1.753949E-3	0.000000E+0	1.384506E-2	4.496705E-5	0.000000E+0	0.000000E+0	0.000000E+0
7.460837E+1	-4.710793E-1	1.270000E-1	-1.067113E+17	-5.230656E+17	1.274741E-3	0.000000E+0	1.340279E-2	8.462557E-5	0.000000E+0	0.000000E+0	0.000000E+0
7.758530E+1	-7.615194E-3	7.600000E-2	-4.715871E+17	-3.995361E+17	7.409131E-4	0.000000E+0	1.288904E-2	1.265092E-6	0.000000E+0	0.000000E+0	0.000000E+0
8.016817E+1	-1.060987E-2	2.500000E-2	-3.093320E+17	4.406614E-18	2.494752E-4	0.000000E+0	1.247378E-2	1.650844E-6	0.000000E+0	0.000000E+0	0.000000E+0
8.334180E+1	-5.304754E-3	-2.500000E-2	-9.427510E-19	-9.434847E-19	-2.353511E-4	0.000000E+0	1.199878E-2	7.637294E-7	0.000000E+0	0.000000E+0	0.000000E+0
8.614511E+1	3.909144E-2	-7.600000E-2	-4.717429E+17	-4.919838E+17	-7.043174E-4	0.000000E+0	1.160832E-2	-5.267691E-6	0.000000E+0	0.000000E+0	0.000000E+0
8.064949E+1	3.032030E-2	-1.270000E-1	-2.971689E+17	-4.901914E-18	-1.177880E-3	0.000000E+0	1.239933E-2	-4.661548E-6	0.000000E+0	0.000000E+0	0.000000E+0
8.344308E+1	7.092671E-1	-1.770000E-1	-1.478400E+17	2.700612E+17	-1.695393E-3	0.000000E+0	1.198335E-2	-1.018586E-4	0.000000E+0	0.000000E+0	0.000000E+0
8.079431E+1	2.586533E+0	-2.280000E-1	-2.725491E+17	2.120590E-18	-2.233307E-3	0.000000E+0	1.236444E-2	-3.958326E-4	0.000000E+0	0.000000E+0	0.000000E+0
8.556334E+1	-8.441076E-1	-2.780000E-1	-1.696221E+17	-6.427789E-19	-2.694129E-3	0.000000E+0	1.168611E-2	1.152869E-4	0.000000E+0	0.000000E+0	0.000000E+0
8.706548E+1	-1.604314E-2	-3.290000E-1	6.303170E-18	-1.599031E-19	-3.037457E-3	0.000000E+0	1.148561E-2	2.116398E-6	0.000000E+0	0.000000E+0	0.000000E+0
8.863625E+1	8.946404E-3	-3.800000E-1	-5.761072E+17	-4.172230E+17	-3.497230E-3	0.000000E+0	1.128207E-2	-1.138743E-6	0.000000E+0	0.000000E+0	0.000000E+0
8.895171E+1	-7.528049E-1	-4.300000E-1	-5.506727E-18	3.318154E+17	-4.002997E-3	0.000000E+0	1.124125E-2	9.513553E-5	0.000000E+0	0.000000E+0	0.000000E+0
8.994472E+1	3.701347E-2	-4.810000E-1	4.410889E+17	3.940187E-18	-4.601177E-3	0.000000E+0	1.111794E-2	-4.575182E-6	0.000000E+0	0.000000E+0	0.000000E+0
9.224049E+1	-3.297833E+0	-5.320000E-1	1.829862E+17	1.849291E+17	-4.893432E-3	0.000000E+0	1.082739E-2	3.871067E-4	0.000000E+0	0.000000E+0	0.000000E+0
9.793427E+1	4.329343E-1	-5.820000E-1	-4.775830E-18	6.132215E-18	-4.715337E-3	0.000000E+0	1.021073E-2	-4.513819E-5	0.000000E+0	0.000000E+0	0.000000E+0
1.015641E+2	1.824945E-3	-6.330000E-1	-1.774996E-18	1.902529E-18	-5.613822E-3	0.000000E+0	9.845999E-3	-1.769169E-7	0.000000E+0	0.000000E+0	0.000000E+0
1.048007E+2	-7.675256E-1	-6.840000E-1	-7.957818E+16	-3.386204E-18	-6.037845E-3	0.000000E+0	9.541409E-3	6.987812E-5	0.000000E+0	0.000000E+0	0.000000E+0
1.014757E+2	-1.712089E-1	-7.340000E-1	2.088264E+17	-2.196584E+17	-6.992028E-3	0.000000E+0	9.854548E-3	1.662651E-5	0.000000E+0	0.000000E+0	0.000000E+0
1.050452E+2	-1.312456E+0	-7.850000E-1	-5.319197E+16	-3.553127E+17	-7.217378E-3	0.000000E+0	9.518226E-3	1.189226E-4	0.000000E+0	0.000000E+0	0.000000E+0
1.057234E+2	2.587332E-2	-8.350000E-1	-1.183520E-18	-5.342346E-18	-7.464208E-3	0.000000E+0	9.458643E-3	-2.314781E-6	0.000000E+0	0.000000E+0	0.000000E+0
1.103964E+2	1.150214E-1	-8.860000E-1	-5.203440E-18	3.830367E-18	-7.944411E-3	0.000000E+0	9.058257E-3	-9.437748E-6	0.000000E+0	0.000000E+0	0.000000E+0
1.120070E+2	-6.530091E-2	-9.370000E-1	3.716679E-18	4.246583E+17	-7.942488E-3	0.000000E+0	8.928010E-3	5.205096E-6	0.000000E+0	0.000000E+0	0.000000E+0
1.074484E+2	-3.078126E+0	-9.870000E-1	1.593192E+15	5.049270E-18	-8.321594E-3	0.000000E+0	9.299161E-3	2.663975E-4	0.000000E+0	0.000000E+0	0.000000E+0
1.148403E+2	1.841048E+0	-1.038000E+0	-4.479008E-18	-5.687757E-18	-8.815587E-3	0.000000E+0	8.705507E-3	-1.395613E-4	0.000000E+0	0.000000E+0	0.000000E+0
1.182493E+2	-8.869349E+0	-1.089000E+0	-5.198214E+17	1.399337E+17	-8.662490E-3	0.000000E+0	8.409400E-3	6.307513E-4	0.000000E+0	0.000000E+0	0.000000E+0
1.137522E+2	7.565428E+0	-1.139000E+0	2.698511E+17	2.403799E+17	-9.898594E-3	0.000000E+0	8.752325E-3	-5.820993E-4	0.000000E+0	0.000000E+0	0.000000E+0
1.108425E+2	3.371982E+0	-1.190000E+0	-4.013414E-19	-2.240669E+17	-1.003252E-2	0.000000E+0	9.013469E-3	-2.742022E-4	0.000000E+0	0.000000E+0	0.000000E+0
1.155259E+2	4.286032E-1	-1.241000E+0	8.607211E+16	4.250517E-18	-1.017973E-2	0.000000E+0	8.655948E-3	-3.211373E-5	0.000000E+0	0.000000E+0	0.000000E+0
1.171450E+2	1.388208E+1	-1.291000E+0	2.127762E-18	3.280462E+15	-1.048019E-2	0.000000E+0	8.418212E-3	-9.975867E-4	0.000000E+0	0.000000E+0	0.000000E+0
1.160833E+2	3.190414E+0	-1.342000E+0	8.036557E+16	-5.942399E-18	-1.147265E-2	0.000000E+0	8.608001E-3	-2.365809E-4	0.000000E+0	0.000000E+0	0.000000E+0
1.223055E+2	-2.451516E+0	-1.392000E+0	-6.504745E+16	2.866239E-18	-1.124757E-2	0.000000E+0	8.172964E-3	1.638205E-4	0.000000E+0	0.000000E+0	0.000000E+0
1.183668E+2	2.540670E+0	-1.443000E+0	5.725575E-18	5.135270E+17	-1.169151E-2	0.000000E+0	8.444424E-3	-1.812543E-4	0.000000E+0	0.000000E+0	0.000000E+0
1.123748E+2	-8.699516E-1	-1.494000E+0	-2.052875E-18	3.493290E-18	-1.192350E-2	0.000000E+0	8.898259E-3	6.888604E-5	0.000000E+0	0.000000E+0	0.000000E+0
1.110798E+2	-2.777702E-1	-1.544000E+0	2.907620E+17	-1.496570E-18	-1.225357E-2	0.000000E+0	9.002481E-3	2.251193E-5	0.000000E+0	0.000000E+0	0.000000E+0
1.001096E+2	-1.452885E+0	-1.595000E+0	-3.088639E-18	4.664211E-18	-1.251468E-2	0.000000E+0	9.986948E-3	1.449400E-4	0.000000E+0	0.000000E+0	0.000000E+0
1.042874E+2	-2.835840E-1	-1.646000E+0	2.818897E-18	-3.928899E-18	-1.325228E-2	0.000000E+0	9.588815E-3	2.607443E-5	0.000000E+0	0.000000E+0	0.000000E+0
1.073554E+2	-2.985700E+0	-1.696000E+0	8.250878E-19	2.832976E+17	-1.361913E-2	0.000000E+0	9.307656E-3	2.588586E-4	0.000000E+0	0.000000E+0	0.000000E+0
7.904405E+1	3.928523E+0	-1.747000E+0	4.553607E+17	-2.686618E+17	-1.391854E-2	0.000000E+0	1.262000E-2	-6.272194E-4	0.000000E+0	0.000000E+0	0.000000E+0
8.551036E+1	5.496181E+0	-1.797000E+0	2.517955E+17	5.595160E+16	-1.421950E-2	0.000000E+0	1.164637E-2	-7.485711E-4	0.000000E+0	0.000000E+0	0.000000E+0
9.085760E+1	4.172719E+0	-1.848000E+0	-6.194310E-18	5.176248E+17	-1.480798E-2	0.000000E+0	1.098307E-2	-5.044075E-4	0.000000E+0	0.000000E+0	0.000000E+0
8.788235E+1	-2.144614E-1	-1.899000E+0	-5.749716E+17	1.371951E+17	-1.515641E-2	0.000000E+0	1.137878E-2	2.776791E-5	0.000000E+0	0.000000E+0	0.000000E+0
7.846048E+1	-1.332157E+1	-1.949000E+0	-4.691026E+17	6.689522E-18	-1.564226E-2	0.000000E+0	1.238815E-2	2.103347E-3	0.000000E+0	0.000000E+0	0.000000E+0
7.770000E+1	-6.756179E-1	-2.000000E+0	-3.567381E+17	-4.286482E-18	-1.637629E-2	0.000000E+0	1.286904E-2	1.118990E-4	0.000000E+0	0.000000E+0	0.000000E+0
