Real / Ohm	Ximag / Ohm	V_DC / V	I_a c / A	V_ac / V	I_DC / A
4.468845E+1	1.259695E-1	-2.500000E+0	-3.567381E+17	-4.286482E-18	-2.616479E-2	2.782559E+3	2.237697E-2	-6.307705E-5	0.000000E+0	0.000000E+0	0.000000E+0
7.112144E+1	2.493814E+0	-2.437000E+0	-4.691026E+17	6.689522E-18	-2.202354E-2	0.000000E+0	1.404319E-2	-4.924128E-4	0.000000E+0	0.000000E+0	0.000000E+0
8.925320E+1	-3.308264E-1	-2.373000E+0	-5.749716E+17	1.371951E+17	-2.490886E-2	0.000000E+0	1.120393E-2	4.152853E-5	0.000000E+0	0.000000E+0	0.000000E+0
7.643307E+1	-1.958707E+0	-2.310000E+0	-6.194310E-18	5.176248E+17	-2.083809E-2	0.000000E+0	1.307476E-2	3.350594E-4	0.000000E+0	0.000000E+0	0.000000E+0
7.007727E+1	2.104583E+0	-2.247000E+0	2.517955E+17	5.595160E+16	-2.239601E-2	0.000000E+0	1.425710E-2	-4.281739E-4	0.000000E+0	0.000000E+0	0.000000E+0
8.150575E+1	3.450507E+0	-2.184000E+0	4.553607E+17	-2.686618E+17	-2.183902E-2	0.000000E+0	1.224712E-2	-5.184761E-4	0.000000E+0	0.000000E+0	0.000000E+0
7.079059E+1	5.248165E-1	-2.120000E+0	8.250878E-19	2.832976E+17	-2.187143E-2	0.000000E+0	1.412539E-2	-1.047207E-4	0.000000E+0	0.000000E+0	0.000000E+0
6.958287E+1	6.798341E-1	-2.057000E+0	2.818897E-18	-3.928899E-18	-2.180065E-2	0.000000E+0	1.436998E-2	-1.403967E-4	0.000000E+0	0.000000E+0	0.000000E+0
6.204806E+1	-1.305339E+0	-1.994000E+0	-3.088639E-18	4.664211E-18	-2.108125E-2	0.000000E+0	1.610941E-2	3.389025E-4	0.000000E+0	0.000000E+0	0.000000E+0
6.886647E+1	-3.243718E-1	-1.930000E+0	2.907620E+17	-1.496570E-18	-1.918824E-2	0.000000E+0	1.452053E-2	6.839397E-5	0.000000E+0	0.000000E+0	0.000000E+0
9.844212E+1	1.862529E+0	-1.867000E+0	-2.052875E-18	3.493290E-18	-2.005208E-2	0.000000E+0	1.015462E-2	-1.921258E-4	0.000000E+0	0.000000E+0	0.000000E+0
1.016821E+2	-4.738147E-1	-1.804000E+0	5.725575E-18	5.135270E+17	-1.663912E-2	0.000000E+0	9.834359E-3	4.582580E-5	0.000000E+0	0.000000E+0	0.000000E+0
8.346487E+1	9.529977E-1	-1.741000E+0	-6.504745E+16	2.866239E-18	-1.881655E-2	0.000000E+0	1.197953E-2	-1.367816E-4	0.000000E+0	0.000000E+0	0.000000E+0
9.527936E+1	3.042551E-1	-1.677000E+0	8.036557E+16	-5.942399E-18	-1.844345E-2	0.000000E+0	1.049535E-2	-3.351473E-5	0.000000E+0	0.000000E+0	0.000000E+0
8.439024E+1	-1.627257E+0	-1.614000E+0	2.127762E-18	3.280462E+15	-1.754325E-2	0.000000E+0	1.184531E-2	2.284074E-4	0.000000E+0	0.000000E+0	0.000000E+0
8.482373E+1	-4.174383E-1	-1.551000E+0	8.607211E+16	4.250517E-18	-1.670843E-2	0.000000E+0	1.178887E-2	5.801590E-5	0.000000E+0	0.000000E+0	0.000000E+0
8.789226E+1	2.545556E-1	-1.487000E+0	-4.013414E-19	-2.240669E+17	-1.617138E-2	0.000000E+0	1.137747E-2	-3.295169E-5	0.000000E+0	0.000000E+0	0.000000E+0
7.979213E+1	3.297225E-3	-1.424000E+0	2.698511E+17	2.403799E+17	-1.582022E-2	0.000000E+0	1.253256E-2	-5.178792E-7	0.000000E+0	0.000000E+0	0.000000E+0
8.045662E+1	1.357893E+0	-1.361000E+0	-5.198214E+17	1.399337E+17	-1.547314E-2	0.000000E+0	1.242552E-2	-2.097096E-4	0.000000E+0	0.000000E+0	0.000000E+0
9.530386E+1	-6.591696E-1	-1.297000E+0	-4.479008E-18	-5.687757E-18	-1.253313E-2	0.000000E+0	1.049225E-2	7.256971E-5	0.000000E+0	0.000000E+0	0.000000E+0
9.491873E+1	3.637110E-1	-1.234000E+0	1.593192E+15	5.049270E-18	-1.221414E-2	0.000000E+0	1.053517E-2	-4.036884E-5	0.000000E+0	0.000000E+0	0.000000E+0
8.981702E+1	-1.091520E+0	-1.171000E+0	3.716679E-18	4.246583E+17	-1.172916E-2	0.000000E+0	1.113210E-2	1.352852E-4	0.000000E+0	0.000000E+0	0.000000E+0
8.582115E+1	8.102843E-1	-1.108000E+0	-5.203440E-18	3.830367E-18	-1.113132E-2	0.000000E+0	1.165110E-2	-1.100044E-4	0.000000E+0	0.000000E+0	0.000000E+0
8.473424E+1	-3.594816E-1	-1.044000E+0	-1.183520E-18	-5.342346E-18	-1.084504E-2	0.000000E+0	1.180139E-2	5.006693E-5	0.000000E+0	0.000000E+0	0.000000E+0
8.406577E+1	-3.266656E-1	-9.810000E-1	-5.319197E+16	-3.553127E+17	-1.094995E-2	0.000000E+0	1.189527E-2	4.622303E-5	0.000000E+0	0.000000E+0	0.000000E+0
7.420058E+1	-3.691297E-1	-9.180000E-1	2.088264E+17	-2.196584E+17	-9.346485E-3	0.000000E+0	1.347665E-2	6.704303E-5	0.000000E+0	0.000000E+0	0.000000E+0
8.217157E+1	3.374134E-1	-8.540000E-1	-7.957818E+16	-3.386204E-18	-1.034672E-2	0.000000E+0	1.216945E-2	-4.997029E-5	0.000000E+0	0.000000E+0	0.000000E+0
7.595734E+1	-1.742142E-1	-7.910000E-1	-1.774996E-18	1.902529E-18	-8.216701E-3	0.000000E+0	1.316522E-2	3.019547E-5	0.000000E+0	0.000000E+0	0.000000E+0
6.729871E+1	7.457538E-2	-7.280000E-1	-4.775830E-18	6.132215E-18	-7.854298E-3	0.000000E+0	1.485911E-2	-1.646575E-5	0.000000E+0	0.000000E+0	0.000000E+0
6.892155E+1	5.819839E-1	-6.650000E-1	1.829862E+17	1.849291E+17	-7.069524E-3	0.000000E+0	1.450822E-2	-1.225095E-4	0.000000E+0	0.000000E+0	0.000000E+0
6.829282E+1	-2.129695E-1	-6.010000E-1	4.410889E+17	3.940187E-18	-6.766903E-3	0.000000E+0	1.464269E-2	4.566286E-5	0.000000E+0	0.000000E+0	0.000000E+0
6.014514E+1	1.774685E-1	-5.380000E-1	-5.506727E-18	3.318154E+17	-7.018900E-3	0.000000E+0	1.662630E-2	-4.905874E-5	0.000000E+0	0.000000E+0	0.000000E+0
5.603740E+1	-3.611687E-2	-4.750000E-1	-5.761072E+17	-4.172230E+17	-6.197356E-3	0.000000E+0	1.784522E-2	1.150149E-5	0.000000E+0	0.000000E+0	0.000000E+0
5.515658E+1	5.323181E-1	-4.110000E-1	6.303170E-18	-1.599031E-19	-4.952448E-3	0.000000E+0	1.812851E-2	-1.749589E-4	0.000000E+0	0.000000E+0	0.000000E+0
6.091235E+1	-4.083359E-1	-3.480000E-1	-1.696221E+17	-6.427789E-19	-3.991987E-3	0.000000E+0	1.641629E-2	1.100493E-4	0.000000E+0	0.000000E+0	0.000000E+0
6.529866E+1	-3.121778E-2	-2.850000E-1	-2.725491E+17	2.120590E-18	-3.260840E-3	0.000000E+0	1.531425E-2	7.321387E-6	0.000000E+0	0.000000E+0	0.000000E+0
6.601001E+1	2.140388E-1	-2.220000E-1	-1.478400E+17	2.700612E+17	-2.465853E-3	0.000000E+0	1.514906E-2	-4.912113E-5	0.000000E+0	0.000000E+0	0.000000E+0
5.193295E+1	-2.849165E-2	-1.580000E-1	-2.971689E+17	-4.901914E-18	-2.197450E-3	0.000000E+0	1.925559E-2	1.056408E-5	0.000000E+0	0.000000E+0	0.000000E+0
5.285895E+1	-4.781976E-2	-9.500000E-2	-4.717429E+17	-4.919838E+17	-1.310532E-3	0.000000E+0	1.891826E-2	1.711473E-5	0.000000E+0	0.000000E+0	0.000000E+0
5.035157E+1	1.660505E-2	-3.200000E-2	-9.427510E-19	-9.434847E-19	-4.287221E-4	0.000000E+0	1.986035E-2	-6.549590E-6	0.000000E+0	0.000000E+0	0.000000E+0
4.614275E+1	-2.730192E-2	3.200000E-2	-3.093320E+17	4.406614E-18	4.642965E-4	0.000000E+0	2.167187E-2	1.282290E-5	0.000000E+0	0.000000E+0	0.000000E+0
4.787955E+1	-1.073238E-2	9.500000E-2	-4.715871E+17	-3.995361E+17	1.355299E-3	0.000000E+0	2.088574E-2	4.681617E-6	0.000000E+0	0.000000E+0	0.000000E+0
5.552990E+1	-3.838226E-3	1.580000E-1	-1.067113E+17	-5.230656E+17	2.256006E-3	0.000000E+0	1.800832E-2	1.244735E-6	0.000000E+0	0.000000E+0	0.000000E+0
5.631888E+1	1.753241E-1	2.220000E-1	-3.021231E-18	1.442034E+17	2.720017E-3	0.000000E+0	1.775586E-2	-5.527508E-5	0.000000E+0	0.000000E+0	0.000000E+0
5.701633E+1	-5.879211E-2	2.850000E-1	-3.411495E-18	5.558819E-18	3.317353E-3	0.000000E+0	1.753882E-2	1.808506E-5	0.000000E+0	0.000000E+0	0.000000E+0
6.136278E+1	2.434694E-1	3.480000E-1	4.155990E+17	-2.187937E-18	4.066375E-3	0.000000E+0	1.629627E-2	-6.465878E-5	0.000000E+0	0.000000E+0	0.000000E+0
5.147750E+1	-1.224753E-1	4.110000E-1	-4.136209E+17	4.857998E-18	5.923157E-3	0.000000E+0	1.942585E-2	4.621800E-5	0.000000E+0	0.000000E+0	0.000000E+0
5.284874E+1	7.237136E-2	4.750000E-1	-5.584540E-18	-6.440456E-18	6.653255E-3	0.000000E+0	1.892189E-2	-2.591174E-5	0.000000E+0	0.000000E+0	0.000000E+0
5.480319E+1	-1.302095E-1	5.380000E-1	4.766215E-20	4.558718E+17	7.611162E-3	0.000000E+0	1.824701E-2	4.335394E-5	0.000000E+0	0.000000E+0	0.000000E+0
6.069259E+1	1.379420E+0	6.010000E-1	1.388541E-18	6.784133E-18	8.438835E-3	0.000000E+0	1.646797E-2	-3.742837E-4	0.000000E+0	0.000000E+0	0.000000E+0
6.703920E+1	1.465259E+0	6.650000E-1	3.311088E+17	-3.632627E-18	8.868115E-3	0.000000E+0	1.490952E-2	-3.258737E-4	0.000000E+0	0.000000E+0	0.000000E+0
7.653323E+1	-1.628778E-1	7.280000E-1	-3.638346E-19	6.323277E-18	9.570150E-3	0.000000E+0	1.306616E-2	2.780737E-5	0.000000E+0	0.000000E+0	0.000000E+0
7.943932E+1	2.190717E-1	7.910000E-1	-4.524504E+17	2.055147E+17	8.672597E-3	0.000000E+0	1.258813E-2	-3.471458E-5	0.000000E+0	0.000000E+0	0.000000E+0
8.329391E+1	-8.855250E-2	8.540000E-1	-6.904543E-18	-3.720036E+17	9.443069E-3	0.000000E+0	1.200567E-2	1.276362E-5	0.000000E+0	0.000000E+0	0.000000E+0
8.710597E+1	4.550530E-1	9.180000E-1	2.547940E-18	-3.198972E-19	9.866221E-3	0.000000E+0	1.147996E-2	-5.997279E-5	0.000000E+0	0.000000E+0	0.000000E+0
9.166444E+1	7.890244E-1	9.810000E-1	-1.554791E+17	1.089529E+17	1.231034E-2	0.000000E+0	1.090855E-2	-9.389803E-5	0.000000E+0	0.000000E+0	0.000000E+0
9.352805E+1	7.663146E-1	1.044000E+0	-5.196819E+17	2.162502E-18	1.293372E-2	0.000000E+0	1.069126E-2	-8.759800E-5	0.000000E+0	0.000000E+0	0.000000E+0
8.905115E+1	1.882274E+0	1.108000E+0	1.001296E+17	-5.707470E+17	1.345953E-2	0.000000E+0	1.122449E-2	-2.372520E-4	0.000000E+0	0.000000E+0	0.000000E+0
9.278947E+1	-1.150087E+0	1.171000E+0	-2.799864E+17	-3.562291E+17	1.381938E-2	0.000000E+0	1.077543E-2	1.335570E-4	0.000000E+0	0.000000E+0	0.000000E+0
1.048886E+2	-9.780914E-2	1.234000E+0	7.433461E+16	-3.421229E+17	1.431559E-2	0.000000E+0	9.533916E-3	8.890424E-6	0.000000E+0	0.000000E+0	0.000000E+0
6.721507E+1	-8.462715E-1	1.297000E+0	5.230660E-18	8.421242E+16	1.480517E-2	0.000000E+0	1.487526E-2	1.872870E-4	0.000000E+0	0.000000E+0	0.000000E+0
5.985173E+1	6.741374E-1	1.361000E+0	5.364498E+17	-2.871878E+17	1.366754E-2	0.000000E+0	1.670584E-2	-1.881655E-4	0.000000E+0	0.000000E+0	0.000000E+0
4.632342E+1	-4.586722E-1	1.424000E+0	-5.656005E-19	1.659667E-18	1.743903E-2	0.000000E+0	2.158524E-2	2.137266E-4	0.000000E+0	0.000000E+0	0.000000E+0
5.094691E+1	5.670173E-1	1.487000E+0	9.197504E+16	2.296609E-18	1.847814E-2	0.000000E+0	1.962584E-2	-2.184273E-4	0.000000E+0	0.000000E+0	0.000000E+0
4.043629E+1	-1.481904E-1	1.551000E+0	3.660067E+17	4.737481E+17	1.915564E-2	0.000000E+0	2.472993E-2	9.062993E-5	0.000000E+0	0.000000E+0	0.000000E+0
3.841676E+1	-2.824528E-1	1.614000E+0	1.676928E-18	4.035830E-18	2.000476E-2	0.000000E+0	2.602890E-2	1.913731E-4	0.000000E+0	0.000000E+0	0.000000E+0
3.074089E+1	-2.836608E+0	1.677000E+0	-2.680825E+17	-5.492346E+17	2.142079E-2	0.000000E+0	3.225532E-2	2.976352E-3	0.000000E+0	0.000000E+0	0.000000E+0
5.107123E+1	-1.533418E-1	1.741000E+0	5.241928E+17	-4.155966E-18	2.229951E-2	0.000000E+0	1.958032E-2	5.879007E-5	0.000000E+0	0.000000E+0	0.000000E+0
4.693420E+1	-7.042429E-1	1.804000E+0	2.579781E+17	4.569569E-19	2.365834E-2	0.000000E+0	2.130163E-2	3.196288E-4	0.000000E+0	0.000000E+0	0.000000E+0
4.461485E+1	1.264868E+0	1.867000E+0	2.888526E-18	5.332336E+16	1.816120E-2	0.000000E+0	2.239606E-2	-6.349469E-4	0.000000E+0	0.000000E+0	0.000000E+0
3.806439E+1	6.873130E-1	1.930000E+0	-1.980651E+17	3.078113E+17	2.004607E-2	0.000000E+0	2.626271E-2	-4.742149E-4	0.000000E+0	0.000000E+0	0.000000E+0
3.251899E+1	-6.915320E-1	1.994000E+0	-2.714796E-18	1.441508E+17	2.586349E-2	0.000000E+0	3.073736E-2	6.536448E-4	0.000000E+0	0.000000E+0	0.000000E+0
3.228203E+1	7.128231E-2	2.057000E+0	5.785078E-19	3.793536E+17	2.776777E-2	0.000000E+0	3.097684E-2	-6.840029E-5	0.000000E+0	0.000000E+0	0.000000E+0
2.558534E+1	-1.332069E+0	2.120000E+0	-2.375066E+17	1.295985E-19	2.767563E-2	0.000000E+0	3.897922E-2	2.029405E-3	0.000000E+0	0.000000E+0	0.000000E+0
3.256252E+1	-6.864483E-1	2.184000E+0	-5.351625E-18	2.391872E+17	2.699613E-2	0.000000E+0	3.069651E-2	6.471111E-4	0.000000E+0	0.000000E+0	0.000000E+0
2.824911E+1	-6.505089E-1	2.247000E+0	2.587907E+17	2.090634E-18	3.034474E-2	0.000000E+0	3.538058E-2	8.147296E-4	0.000000E+0	0.000000E+0	0.000000E+0
2.659267E+1	4.282925E+0	2.310000E+0	-3.127958E+17	-2.708644E-18	3.021634E-2	0.000000E+0	3.665358E-2	-5.903301E-3	0.000000E+0	0.000000E+0	0.000000E+0
2.998572E+1	8.910719E-1	2.373000E+0	6.653737E-18	-4.395667E+17	3.268701E-2	0.000000E+0	3.331978E-2	-9.901487E-4	0.000000E+0	0.000000E+0	0.000000E+0
3.128688E+1	-1.459181E+0	2.437000E+0	-1.137863E-18	-4.190346E+17	3.370924E-2	0.000000E+0	3.189291E-2	1.487445E-3	0.000000E+0	0.000000E+0	0.000000E+0
2.311804E+1	1.409403E+0	2.500000E+0	-9.275714E-19	-3.780201E-18	2.921466E-2	0.000000E+0	4.309608E-2	-2.627374E-3	0.000000E+0	0.000000E+0	0.000000E+0
