Real / Ohm	Ximag / Ohm	V_DC / V	I_a c / A	V_ac / V	I_DC / A
6.659595E+1	-1.991754E+1	-2.500000E+0	-3.567381E+17	-4.286482E-18	-2.399166E-2	1.000000E+7	1.378305E-2	4.122239E-3	0.000000E+0	0.000000E+0	0.000000E+0
6.183685E+1	-1.841502E+1	-2.437000E+0	-4.691026E+17	6.689522E-18	-2.223651E-2	0.000000E+0	1.485424E-2	4.423594E-3	0.000000E+0	0.000000E+0	0.000000E+0
4.606937E+1	-1.648314E+1	-2.373000E+0	-5.749716E+17	1.371951E+17	-2.197628E-2	0.000000E+0	1.924303E-2	6.884956E-3	0.000000E+0	0.000000E+0	0.000000E+0
6.522673E+1	-2.209483E+1	-2.310000E+0	-6.194310E-18	5.176248E+17	-2.168946E-2	0.000000E+0	1.375306E-2	4.658695E-3	0.000000E+0	0.000000E+0	0.000000E+0
6.875455E+1	-2.710717E+1	-2.247000E+0	2.517955E+17	5.595160E+16	-2.053748E-2	0.000000E+0	1.258783E-2	4.962877E-3	0.000000E+0	0.000000E+0	0.000000E+0
6.846259E+1	-2.773921E+1	-2.184000E+0	4.553607E+17	-2.686618E+17	-2.013320E-2	0.000000E+0	1.254677E-2	5.083616E-3	0.000000E+0	0.000000E+0	0.000000E+0
6.927127E+1	-2.903812E+1	-2.120000E+0	8.250878E-19	2.832976E+17	-2.005989E-2	0.000000E+0	1.227839E-2	5.147032E-3	0.000000E+0	0.000000E+0	0.000000E+0
6.959975E+1	-2.776458E+1	-2.057000E+0	2.818897E-18	-3.928899E-18	-1.933641E-2	0.000000E+0	1.239533E-2	4.944718E-3	0.000000E+0	0.000000E+0	0.000000E+0
5.566158E+1	-2.822391E+1	-1.994000E+0	-3.088639E-18	4.664211E-18	-1.881262E-2	0.000000E+0	1.429125E-2	7.246561E-3	0.000000E+0	0.000000E+0	0.000000E+0
6.966281E+1	-3.063725E+1	-1.930000E+0	2.907620E+17	-1.496570E-18	-1.770560E-2	0.000000E+0	1.202836E-2	5.289993E-3	0.000000E+0	0.000000E+0	0.000000E+0
7.121753E+1	-3.082854E+1	-1.867000E+0	-2.052875E-18	3.493290E-18	-1.780949E-2	0.000000E+0	1.182557E-2	5.119034E-3	0.000000E+0	0.000000E+0	0.000000E+0
7.238852E+1	-3.072607E+1	-1.804000E+0	5.725575E-18	5.135270E+17	-1.731992E-2	0.000000E+0	1.170542E-2	4.968488E-3	0.000000E+0	0.000000E+0	0.000000E+0
6.157661E+1	-3.155130E+1	-1.741000E+0	-6.504745E+16	2.866239E-18	-1.640797E-2	0.000000E+0	1.286286E-2	6.590813E-3	0.000000E+0	0.000000E+0	0.000000E+0
5.556676E+1	-3.288658E+1	-1.677000E+0	8.036557E+16	-5.942399E-18	-1.867736E-2	0.000000E+0	1.332794E-2	7.887999E-3	0.000000E+0	0.000000E+0	0.000000E+0
6.923558E+1	-3.042928E+1	-1.614000E+0	2.127762E-18	3.280462E+15	-1.597022E-2	0.000000E+0	1.210517E-2	5.320263E-3	0.000000E+0	0.000000E+0	0.000000E+0
7.236684E+1	-3.039299E+1	-1.551000E+0	8.607211E+16	4.250517E-18	-1.498218E-2	0.000000E+0	1.174654E-2	4.933372E-3	0.000000E+0	0.000000E+0	0.000000E+0
7.219609E+1	-2.976578E+1	-1.487000E+0	-4.013414E-19	-2.240669E+17	-1.438845E-2	0.000000E+0	1.183877E-2	4.881015E-3	0.000000E+0	0.000000E+0	0.000000E+0
7.333585E+1	-2.889875E+1	-1.424000E+0	2.698511E+17	2.403799E+17	-1.594228E-2	0.000000E+0	1.180307E-2	4.651123E-3	0.000000E+0	0.000000E+0	0.000000E+0
7.126347E+1	-2.846591E+1	-1.361000E+0	-5.198214E+17	1.399337E+17	-1.342258E-2	0.000000E+0	1.210155E-2	4.833915E-3	0.000000E+0	0.000000E+0	0.000000E+0
6.226907E+1	-3.076122E+1	-1.297000E+0	-4.479008E-18	-5.687757E-18	-1.252701E-2	0.000000E+0	1.290901E-2	6.377114E-3	0.000000E+0	0.000000E+0	0.000000E+0
7.242726E+1	-2.629067E+1	-1.234000E+0	1.593192E+15	5.049270E-18	-1.198432E-2	0.000000E+0	1.219949E-2	4.428344E-3	0.000000E+0	0.000000E+0	0.000000E+0
7.340253E+1	-2.460939E+1	-1.171000E+0	3.716679E-18	4.246583E+17	-1.180986E-2	0.000000E+0	1.224691E-2	4.105977E-3	0.000000E+0	0.000000E+0	0.000000E+0
7.189629E+1	-2.426748E+1	-1.108000E+0	-5.203440E-18	3.830367E-18	-1.104501E-2	0.000000E+0	1.248636E-2	4.214577E-3	0.000000E+0	0.000000E+0	0.000000E+0
6.931511E+1	-2.411619E+1	-1.044000E+0	-1.183520E-18	-5.342346E-18	-1.214432E-2	0.000000E+0	1.286908E-2	4.477424E-3	0.000000E+0	0.000000E+0	0.000000E+0
6.865752E+1	-2.232640E+1	-9.810000E-1	-5.319197E+16	-3.553127E+17	-9.939736E-3	0.000000E+0	1.317215E-2	4.283388E-3	0.000000E+0	0.000000E+0	0.000000E+0
6.853366E+1	-1.975395E+1	-9.180000E-1	2.088264E+17	-2.196584E+17	-9.590100E-3	0.000000E+0	1.347210E-2	3.883160E-3	0.000000E+0	0.000000E+0	0.000000E+0
6.883768E+1	-1.936147E+1	-8.540000E-1	-7.957818E+16	-3.386204E-18	-8.931505E-3	0.000000E+0	1.346197E-2	3.786349E-3	0.000000E+0	0.000000E+0	0.000000E+0
6.880486E+1	-1.769812E+1	-7.910000E-1	-1.774996E-18	1.902529E-18	-8.612003E-3	0.000000E+0	1.363193E-2	3.506431E-3	0.000000E+0	0.000000E+0	0.000000E+0
6.840500E+1	-1.656174E+1	-7.280000E-1	-4.775830E-18	6.132215E-18	-7.666862E-3	0.000000E+0	1.380933E-2	3.343418E-3	0.000000E+0	0.000000E+0	0.000000E+0
6.591418E+1	-1.578679E+1	-6.650000E-1	1.829862E+17	1.849291E+17	-7.156858E-3	0.000000E+0	1.434819E-2	3.436467E-3	0.000000E+0	0.000000E+0	0.000000E+0
6.098206E+1	-1.597505E+1	-6.010000E-1	4.410889E+17	3.940187E-18	-6.476811E-3	0.000000E+0	1.534521E-2	4.019878E-3	0.000000E+0	0.000000E+0	0.000000E+0
6.542831E+1	-1.302488E+1	-5.380000E-1	-5.506727E-18	3.318154E+17	-5.733407E-3	0.000000E+0	1.470130E-2	2.926603E-3	0.000000E+0	0.000000E+0	0.000000E+0
6.523274E+1	-1.221304E+1	-4.750000E-1	-5.761072E+17	-4.172230E+17	-5.703486E-3	0.000000E+0	1.481058E-2	2.772875E-3	0.000000E+0	0.000000E+0	0.000000E+0
5.448278E+1	-1.355621E+1	-4.110000E-1	6.303170E-18	-1.599031E-19	-4.567362E-3	0.000000E+0	1.728436E-2	4.300631E-3	0.000000E+0	0.000000E+0	0.000000E+0
5.850268E+1	-1.204493E+1	-3.480000E-1	-1.696221E+17	-6.427789E-19	-3.883713E-3	0.000000E+0	1.639813E-2	3.376158E-3	0.000000E+0	0.000000E+0	0.000000E+0
6.106988E+1	-8.550781E+0	-2.850000E-1	-2.725491E+17	2.120590E-18	-3.238878E-3	0.000000E+0	1.605984E-2	2.248640E-3	0.000000E+0	0.000000E+0	0.000000E+0
6.114140E+1	-9.917044E+0	-2.220000E-1	-1.478400E+17	2.700612E+17	-2.453085E-3	0.000000E+0	1.593627E-2	2.584840E-3	0.000000E+0	0.000000E+0	0.000000E+0
6.058952E+1	-9.369228E+0	-1.580000E-1	-2.971689E+17	-4.901914E-18	-1.762823E-3	0.000000E+0	1.611907E-2	2.492563E-3	0.000000E+0	0.000000E+0	0.000000E+0
5.988187E+1	-9.436798E+0	-9.500000E-2	-4.717429E+17	-4.919838E+17	-1.044445E-3	0.000000E+0	1.629487E-2	2.567912E-3	0.000000E+0	0.000000E+0	0.000000E+0
5.996505E+1	-9.196369E+0	-3.200000E-2	-9.427510E-19	-9.434847E-19	-3.480276E-4	0.000000E+0	1.629317E-2	2.498755E-3	0.000000E+0	0.000000E+0	0.000000E+0
5.895211E+1	-8.766943E+0	3.200000E-2	-3.093320E+17	4.406614E-18	3.881986E-4	0.000000E+0	1.659589E-2	2.468025E-3	0.000000E+0	0.000000E+0	0.000000E+0
4.579233E+1	-1.085659E+1	9.500000E-2	-4.715871E+17	-3.995361E+17	1.118834E-3	0.000000E+0	2.067558E-2	4.901831E-3	0.000000E+0	0.000000E+0	0.000000E+0
5.266187E+1	-8.150974E+0	1.580000E-1	-1.067113E+17	-5.230656E+17	1.847427E-3	0.000000E+0	1.854480E-2	2.870353E-3	0.000000E+0	0.000000E+0	0.000000E+0
5.831641E+1	-8.468395E+0	2.220000E-1	-3.021231E-18	1.442034E+17	2.639832E-3	0.000000E+0	1.679370E-2	2.438690E-3	0.000000E+0	0.000000E+0	0.000000E+0
4.631218E+1	-1.024272E+1	2.850000E-1	-3.411495E-18	5.558819E-18	3.857189E-3	0.000000E+0	2.058565E-2	4.552864E-3	0.000000E+0	0.000000E+0	0.000000E+0
5.364085E+1	-9.262308E+0	3.480000E-1	4.155990E+17	-2.187937E-18	4.346251E-3	0.000000E+0	1.810276E-2	3.125852E-3	0.000000E+0	0.000000E+0	0.000000E+0
5.969273E+1	-6.101530E+0	4.110000E-1	-4.136209E+17	4.857998E-18	5.665752E-3	0.000000E+0	1.657924E-2	1.694657E-3	0.000000E+0	0.000000E+0	0.000000E+0
5.391177E+1	-1.056830E+1	4.750000E-1	-5.584540E-18	-6.440456E-18	5.387680E-3	0.000000E+0	1.786242E-2	3.501561E-3	0.000000E+0	0.000000E+0	0.000000E+0
6.233869E+1	-9.241970E+0	5.380000E-1	4.766215E-20	4.558718E+17	5.932922E-3	0.000000E+0	1.569641E-2	2.327057E-3	0.000000E+0	0.000000E+0	0.000000E+0
6.313067E+1	-1.051221E+1	6.010000E-1	1.388541E-18	6.784133E-18	6.599718E-3	0.000000E+0	1.541281E-2	2.566465E-3	0.000000E+0	0.000000E+0	0.000000E+0
6.563837E+1	-1.127757E+1	6.650000E-1	3.311088E+17	-3.632627E-18	7.308365E-3	0.000000E+0	1.479815E-2	2.542525E-3	0.000000E+0	0.000000E+0	0.000000E+0
6.766788E+1	-1.252212E+1	7.280000E-1	-3.638346E-19	6.323277E-18	8.165658E-3	0.000000E+0	1.428875E-2	2.644171E-3	0.000000E+0	0.000000E+0	0.000000E+0
6.752763E+1	-1.637118E+1	7.910000E-1	-4.524504E+17	2.055147E+17	8.879952E-3	0.000000E+0	1.398668E-2	3.390885E-3	0.000000E+0	0.000000E+0	0.000000E+0
7.247191E+1	-1.490331E+1	8.540000E-1	-6.904543E-18	-3.720036E+17	9.483928E-3	0.000000E+0	1.323860E-2	2.722421E-3	0.000000E+0	0.000000E+0	0.000000E+0
7.531569E+1	-1.739372E+1	9.180000E-1	2.547940E-18	-3.198972E-19	1.003118E-2	0.000000E+0	1.260515E-2	2.911085E-3	0.000000E+0	0.000000E+0	0.000000E+0
7.692918E+1	-2.128693E+1	9.810000E-1	-1.554791E+17	1.089529E+17	1.055191E-2	0.000000E+0	1.207446E-2	3.341101E-3	0.000000E+0	0.000000E+0	0.000000E+0
8.176555E+1	-2.134529E+1	1.044000E+0	-5.196819E+17	2.162502E-18	1.195160E-2	0.000000E+0	1.144979E-2	2.989023E-3	0.000000E+0	0.000000E+0	0.000000E+0
8.174719E+1	-2.021949E+1	1.108000E+0	1.001296E+17	-5.707470E+17	1.318731E-2	0.000000E+0	1.152760E-2	2.851257E-3	0.000000E+0	0.000000E+0	0.000000E+0
7.650113E+1	-1.469802E+1	1.171000E+0	-2.799864E+17	-3.562291E+17	1.211662E-2	0.000000E+0	1.260636E-2	2.422037E-3	0.000000E+0	0.000000E+0	0.000000E+0
8.854445E+1	-2.351446E+1	1.234000E+0	7.433461E+16	-3.421229E+17	1.306381E-2	0.000000E+0	1.054974E-2	2.801659E-3	0.000000E+0	0.000000E+0	0.000000E+0
9.258797E+1	-2.480013E+1	1.297000E+0	5.230660E-18	8.421242E+16	1.317902E-2	0.000000E+0	1.007752E-2	2.699311E-3	0.000000E+0	0.000000E+0	0.000000E+0
9.526552E+1	-2.191133E+1	1.361000E+0	5.364498E+17	-2.871878E+17	1.379880E-2	0.000000E+0	9.969574E-3	2.293029E-3	0.000000E+0	0.000000E+0	0.000000E+0
9.385115E+1	-1.439466E+1	1.424000E+0	-5.656005E-19	1.659667E-18	1.455344E-2	0.000000E+0	1.041027E-2	1.596702E-3	0.000000E+0	0.000000E+0	0.000000E+0
8.695880E+1	-5.672581E+0	1.487000E+0	9.197504E+16	2.296609E-18	1.511298E-2	0.000000E+0	1.145097E-2	7.469809E-4	0.000000E+0	0.000000E+0	0.000000E+0
7.626538E+1	-9.178734E-1	1.551000E+0	3.660067E+17	4.737481E+17	1.618067E-2	0.000000E+0	1.311021E-2	1.577847E-4	0.000000E+0	0.000000E+0	0.000000E+0
3.948647E+1	-4.030407E+0	1.614000E+0	1.676928E-18	4.035830E-18	1.620037E-2	0.000000E+0	2.506400E-2	2.558297E-3	0.000000E+0	0.000000E+0	0.000000E+0
6.094130E+1	1.459272E+0	1.677000E+0	-2.680825E+17	-5.492346E+17	2.054694E-2	0.000000E+0	1.639983E-2	-3.927027E-4	0.000000E+0	0.000000E+0	0.000000E+0
4.627135E+1	-3.302555E-1	1.741000E+0	5.241928E+17	-4.155966E-18	1.760595E-2	0.000000E+0	2.161054E-2	1.542423E-4	0.000000E+0	0.000000E+0	0.000000E+0
5.820219E+1	3.187943E+0	1.804000E+0	2.579781E+17	4.569569E-19	2.340808E-2	0.000000E+0	1.713009E-2	-9.382766E-4	0.000000E+0	0.000000E+0	0.000000E+0
4.071043E+1	-2.674644E+0	1.867000E+0	2.888526E-18	5.332336E+16	1.993086E-2	0.000000E+0	2.445816E-2	1.606882E-3	0.000000E+0	0.000000E+0	0.000000E+0
5.419965E+1	-2.034092E-1	1.930000E+0	-1.980651E+17	3.078113E+17	1.995210E-2	0.000000E+0	1.845004E-2	6.924230E-5	0.000000E+0	0.000000E+0	0.000000E+0
5.098761E+1	-1.284552E+0	1.994000E+0	-2.714796E-18	1.441508E+17	2.645338E-2	0.000000E+0	1.960017E-2	4.937951E-4	0.000000E+0	0.000000E+0	0.000000E+0
5.097594E+1	-4.817448E-1	2.057000E+0	5.785078E-19	3.793536E+17	2.214368E-2	0.000000E+0	1.961535E-2	1.853735E-4	0.000000E+0	0.000000E+0	0.000000E+0
3.788799E+1	-3.472355E+0	2.120000E+0	-2.375066E+17	1.295985E-19	2.305409E-2	0.000000E+0	2.617375E-2	2.398769E-3	0.000000E+0	0.000000E+0	0.000000E+0
4.715102E+1	-2.012230E+0	2.184000E+0	-5.351625E-18	2.391872E+17	2.393894E-2	0.000000E+0	2.116989E-2	9.034522E-4	0.000000E+0	0.000000E+0	0.000000E+0
4.560958E+1	-1.762989E+0	2.247000E+0	2.587907E+17	2.090634E-18	2.407253E-2	0.000000E+0	2.189251E-2	8.462312E-4	0.000000E+0	0.000000E+0	0.000000E+0
3.627225E+1	-4.045044E+0	2.310000E+0	-3.127958E+17	-2.708644E-18	2.443085E-2	0.000000E+0	2.723063E-2	3.036732E-3	0.000000E+0	0.000000E+0	0.000000E+0
4.872733E+1	-1.522284E+0	2.373000E+0	6.653737E-18	-4.395667E+17	2.953124E-2	0.000000E+0	2.050235E-2	6.405113E-4	0.000000E+0	0.000000E+0	0.000000E+0
4.263832E+1	-2.082254E+0	2.437000E+0	-1.137863E-18	-4.190346E+17	3.276388E-2	0.000000E+0	2.339728E-2	1.142613E-3	0.000000E+0	0.000000E+0	0.000000E+0
4.586282E+1	-1.532763E+0	2.500000E+0	-9.275714E-19	-3.780201E-18	3.624068E-2	0.000000E+0	2.177983E-2	7.278949E-4	0.000000E+0	0.000000E+0	0.000000E+0
