Real / Ohm	Ximag / Ohm	V_DC / V	I_a c / A	V_ac / V	I_DC / A
1.145750E+2	-8.470289E+2	-3.000000E+0	-3.567381E+17	-4.286482E-18	4.769972E-6	1.000000E+7	1.568263E-4	1.159384E-3	0.000000E+0	0.000000E+0	0.000000E+0
1.080043E+2	-8.466274E+2	-2.924000E+0	-4.736062E+17	6.689522E-18	1.135195E-6	0.000000E+0	1.482674E-4	1.162243E-3	0.000000E+0	0.000000E+0	0.000000E+0
1.026439E+2	-8.426068E+2	-2.848000E+0	-5.704683E+17	1.371951E+17	2.096902E-6	0.000000E+0	1.424577E-4	1.169439E-3	0.000000E+0	0.000000E+0	0.000000E+0
9.814331E+1	-8.377291E+2	-2.772000E+0	-6.194311E-18	5.356395E+17	3.569323E-6	0.000000E+0	1.379537E-4	1.177541E-3	0.000000E+0	0.000000E+0	0.000000E+0
9.380212E+1	-8.328514E+2	-2.696000E+0	2.517955E+17	3.793714E+16	1.977402E-6	0.000000E+0	1.335375E-4	1.185654E-3	0.000000E+0	0.000000E+0	0.000000E+0
8.977008E+1	-8.280265E+2	-2.620000E+0	4.553607E+17	-2.686618E+17	1.917666E-6	0.000000E+0	1.294101E-4	1.193661E-3	0.000000E+0	0.000000E+0	0.000000E+0
8.614044E+1	-8.232086E+2	-2.544000E+0	8.250878E-19	-2.928817E+17	3.390087E-6	0.000000E+0	1.257355E-4	1.201602E-3	0.000000E+0	0.000000E+0	0.000000E+0
8.234418E+1	-8.184972E+2	-2.468000E+0	6.234134E-18	-3.929323E-18	5.883994E-6	0.000000E+0	1.216816E-4	1.209510E-3	0.000000E+0	0.000000E+0	0.000000E+0
7.899384E+1	-8.137628E+2	-2.392000E+0	-2.651570E-18	4.664198E-18	2.249144E-6	0.000000E+0	1.181747E-4	1.217388E-3	0.000000E+0	0.000000E+0	0.000000E+0
7.591418E+1	-8.087256E+2	-2.316000E+0	2.907620E+17	-1.496570E-18	4.232294E-6	0.000000E+0	1.150563E-4	1.225713E-3	0.000000E+0	0.000000E+0	0.000000E+0
7.270798E+1	-8.035747E+2	-2.241000E+0	-2.052452E-18	3.493290E-18	1.135879E-6	0.000000E+0	1.116834E-4	1.234334E-3	0.000000E+0	0.000000E+0	0.000000E+0
6.971762E+1	-7.984873E+2	-2.165000E+0	5.725577E-18	6.181569E-18	3.119087E-6	0.000000E+0	1.085196E-4	1.242893E-3	0.000000E+0	0.000000E+0	0.000000E+0
6.697961E+1	-7.932344E+2	-2.089000E+0	-6.504745E+16	2.369916E+17	1.527151E-6	0.000000E+0	1.056949E-4	1.251737E-3	0.000000E+0	0.000000E+0	0.000000E+0
6.461084E+1	-7.875659E+2	-2.013000E+0	8.036557E+16	-5.942611E-18	4.459434E-7	0.000000E+0	1.034709E-4	1.261246E-3	0.000000E+0	0.000000E+0	0.000000E+0
6.195108E+1	-7.819817E+2	-1.937000E+0	2.127762E-18	2.730706E+15	1.918372E-6	0.000000E+0	1.006789E-4	1.270826E-3	0.000000E+0	0.000000E+0	0.000000E+0
5.943359E+1	-7.764752E+2	-1.861000E+0	8.607266E+16	1.699868E-17	-1.205699E-6	0.000000E+0	9.800309E-5	1.280370E-3	0.000000E+0	0.000000E+0	0.000000E+0
5.726227E+1	-7.706660E+2	-1.785000E+0	-3.870894E-18	-2.240669E+17	3.331057E-6	0.000000E+0	9.588377E-5	1.290455E-3	0.000000E+0	0.000000E+0	0.000000E+0
5.528040E+1	-7.648466E+2	-1.709000E+0	2.698511E+17	2.405250E+17	7.177077E-7	0.000000E+0	9.400689E-5	1.300657E-3	0.000000E+0	0.000000E+0	0.000000E+0
5.319351E+1	-7.588384E+2	-1.633000E+0	-6.256276E-18	1.399337E+17	-1.384928E-6	0.000000E+0	9.192449E-5	1.311360E-3	0.000000E+0	0.000000E+0	0.000000E+0
5.134854E+1	-7.528636E+2	-1.557000E+0	-1.009562E-18	-5.687810E-18	-4.232279E-7	0.000000E+0	9.017371E-5	1.322112E-3	0.000000E+0	0.000000E+0	0.000000E+0
4.965790E+1	-7.466993E+2	-1.481000E+0	1.311717E+15	5.157690E-18	5.384791E-7	0.000000E+0	8.867074E-5	1.333330E-3	0.000000E+0	0.000000E+0	0.000000E+0
4.806531E+1	-7.405521E+2	-1.405000E+0	2.540081E-19	4.245176E+17	-3.195601E-8	0.000000E+0	8.727600E-5	1.344679E-3	0.000000E+0	0.000000E+0	0.000000E+0
4.643689E+1	-7.343595E+2	-1.329000E+0	-5.203440E-18	3.830367E-18	2.461893E-6	0.000000E+0	8.576549E-5	1.356308E-3	0.000000E+0	0.000000E+0	0.000000E+0
4.487140E+1	-7.282872E+2	-1.253000E+0	-1.291940E-18	-5.342346E-18	8.700226E-7	0.000000E+0	8.427888E-5	1.367892E-3	0.000000E+0	0.000000E+0	0.000000E+0
4.369058E+1	-7.220538E+2	-1.177000E+0	-5.319417E+16	-3.192840E+17	8.102725E-7	0.000000E+0	8.349520E-5	1.379886E-3	0.000000E+0	0.000000E+0	0.000000E+0
4.252087E+1	-7.157098E+2	-1.101000E+0	2.088264E+17	-2.195880E+17	1.772001E-6	0.000000E+0	8.271762E-5	1.392300E-3	0.000000E+0	0.000000E+0	0.000000E+0
4.137305E+1	-7.095756E+2	-1.025000E+0	-7.957818E+16	-3.372665E-18	6.907940E-7	0.000000E+0	8.189290E-5	1.404518E-3	0.000000E+0	0.000000E+0	0.000000E+0
4.018161E+1	-7.035109E+2	-9.490000E-1	-2.208677E-18	1.580559E+17	2.163244E-6	0.000000E+0	8.092286E-5	1.416820E-3	0.000000E+0	0.000000E+0	0.000000E+0
3.931024E+1	-6.973390E+2	-8.730000E-1	-4.776253E-18	6.132215E-18	1.082033E-6	0.000000E+0	8.058234E-5	1.429480E-3	0.000000E+0	0.000000E+0	0.000000E+0
3.845041E+1	-6.912878E+2	-7.970000E-1	1.829862E+17	1.849291E+17	2.043766E-6	0.000000E+0	8.021243E-5	1.442114E-3	0.000000E+0	0.000000E+0	0.000000E+0
3.758163E+1	-6.853947E+2	-7.220000E-1	4.410889E+17	3.940187E-18	3.033139E-6	0.000000E+0	7.976096E-5	1.454640E-3	0.000000E+0	0.000000E+0	0.000000E+0
3.681873E+1	-6.795518E+2	-6.460000E-1	-5.506727E-18	3.318154E+17	-6.016708E-7	0.000000E+0	7.949698E-5	1.467251E-3	0.000000E+0	0.000000E+0	0.000000E+0
3.620990E+1	-6.737791E+2	-5.700000E-1	-4.319920E+17	-4.172230E+17	1.892204E-6	0.000000E+0	7.953161E-5	1.479892E-3	0.000000E+0	0.000000E+0	0.000000E+0
3.545871E+1	-6.678605E+2	-4.940000E-1	2.833723E-18	-1.599031E-19	2.343195E-6	0.000000E+0	7.927366E-5	1.493110E-3	0.000000E+0	0.000000E+0	0.000000E+0
3.485696E+1	-6.622184E+2	-4.180000E-1	-1.699035E+17	-6.410840E-19	7.512699E-7	0.000000E+0	7.926572E-5	1.505904E-3	0.000000E+0	0.000000E+0	0.000000E+0
3.435175E+1	-6.567357E+2	-3.420000E-1	-2.726888E+17	2.120591E-18	2.223718E-6	0.000000E+0	7.942935E-5	1.518528E-3	0.000000E+0	0.000000E+0	0.000000E+0
3.393777E+1	-6.511621E+2	-2.660000E-1	-1.478400E+17	2.700591E+17	6.317932E-7	0.000000E+0	7.982280E-5	1.531556E-3	0.000000E+0	0.000000E+0	0.000000E+0
3.338220E+1	-6.457854E+2	-1.900000E-1	-2.971689E+17	-4.956124E-18	2.614956E-6	0.000000E+0	7.983247E-5	1.544375E-3	0.000000E+0	0.000000E+0	0.000000E+0
3.299185E+1	-6.403915E+2	-1.140000E-1	-4.717429E+17	-4.931097E+17	1.023032E-6	0.000000E+0	8.023510E-5	1.557411E-3	0.000000E+0	0.000000E+0	0.000000E+0
3.281137E+1	-6.350073E+2	-3.800000E-2	-9.427510E-19	-9.422141E-19	9.632797E-7	0.000000E+0	8.115382E-5	1.570592E-3	0.000000E+0	0.000000E+0	0.000000E+0
3.245889E+1	-6.295435E+2	3.800000E-2	-3.093320E+17	4.406614E-18	2.435727E-6	0.000000E+0	8.168253E-5	1.584241E-3	0.000000E+0	0.000000E+0	0.000000E+0
3.231259E+1	-6.240803E+2	1.140000E-1	-4.715871E+17	-5.436513E+17	-1.709795E-6	0.000000E+0	8.274240E-5	1.598074E-3	0.000000E+0	0.000000E+0	0.000000E+0
3.221832E+1	-6.187990E+2	1.900000E-1	-1.067113E+17	-5.230656E+17	-2.373772E-7	0.000000E+0	8.391275E-5	1.611665E-3	0.000000E+0	0.000000E+0	0.000000E+0
3.213159E+1	-6.134218E+2	2.660000E-1	-3.022078E-18	2.162610E+17	7.243289E-7	0.000000E+0	8.515768E-5	1.625739E-3	0.000000E+0	0.000000E+0	0.000000E+0
3.205923E+1	-6.080703E+2	3.420000E-1	-3.411601E-18	5.558819E-18	-1.889024E-6	0.000000E+0	8.646492E-5	1.639988E-3	0.000000E+0	0.000000E+0	0.000000E+0
3.210675E+1	-6.027852E+2	4.180000E-1	4.155990E+17	-2.188149E-18	-1.438033E-6	0.000000E+0	8.811317E-5	1.654272E-3	0.000000E+0	0.000000E+0	0.000000E+0
3.211139E+1	-5.976786E+2	4.940000E-1	-4.136209E+17	4.857998E-18	1.055841E-6	0.000000E+0	8.963381E-5	1.668324E-3	0.000000E+0	0.000000E+0	0.000000E+0
3.230850E+1	-5.925684E+2	5.700000E-1	-3.851510E-18	-6.874336E-18	1.506833E-6	0.000000E+0	9.173830E-5	1.682567E-3	0.000000E+0	0.000000E+0	0.000000E+0
3.236865E+1	-5.877629E+2	6.460000E-1	4.766215E-20	4.558806E+17	2.979250E-6	0.000000E+0	9.341252E-5	1.696222E-3	0.000000E+0	0.000000E+0	0.000000E+0
3.248886E+1	-5.830448E+2	7.220000E-1	1.388541E-18	6.784133E-18	-1.448461E-7	0.000000E+0	9.527615E-5	1.709825E-3	0.000000E+0	0.000000E+0	0.000000E+0
3.257904E+1	-5.786758E+2	7.970000E-1	3.266052E+17	-3.632098E-18	3.338137E-7	0.000000E+0	9.698248E-5	1.722623E-3	0.000000E+0	0.000000E+0	0.000000E+0
3.278009E+1	-5.743928E+2	8.730000E-1	-3.570583E-19	6.323277E-18	-2.790282E-6	0.000000E+0	9.903302E-5	1.735317E-3	0.000000E+0	0.000000E+0	0.000000E+0
3.286975E+1	-5.702797E+2	9.490000E-1	-4.524463E+17	2.055148E+17	2.767963E-6	0.000000E+0	1.007350E-4	1.747719E-3	0.000000E+0	0.000000E+0	0.000000E+0
3.299161E+1	-5.665048E+2	1.025000E+0	-6.904437E-18	-8.375564E+16	-1.377586E-6	0.000000E+0	1.024533E-4	1.759244E-3	0.000000E+0	0.000000E+0	0.000000E+0
3.308560E+1	-5.629127E+2	1.101000E+0	2.547933E-18	-3.199502E-19	2.648492E-6	0.000000E+0	1.040541E-4	1.770359E-3	0.000000E+0	0.000000E+0	0.000000E+0
3.323807E+1	-5.594268E+2	1.177000E+0	-1.554791E+17	1.089529E+17	1.567278E-6	0.000000E+0	1.058325E-4	1.781256E-3	0.000000E+0	0.000000E+0	0.000000E+0
3.326971E+1	-5.562173E+2	1.253000E+0	-5.196819E+17	1.790907E+17	-2.461456E-8	0.000000E+0	1.071542E-4	1.791449E-3	0.000000E+0	0.000000E+0	0.000000E+0
3.331833E+1	-5.532799E+2	1.329000E+0	1.001297E+17	-5.707470E+17	4.263420E-7	0.000000E+0	1.084480E-4	1.800873E-3	0.000000E+0	0.000000E+0	0.000000E+0
3.348560E+1	-5.504739E+2	1.405000E+0	-2.820974E+17	-3.573550E+17	-1.441222E-7	0.000000E+0	1.100983E-4	1.809919E-3	0.000000E+0	0.000000E+0	0.000000E+0
3.348758E+1	-5.478881E+2	1.481000E+0	7.433461E+16	-3.421240E+17	-2.038432E-7	0.000000E+0	1.111426E-4	1.818397E-3	0.000000E+0	0.000000E+0	0.000000E+0
3.351572E+1	-5.455388E+2	1.557000E+0	1.746814E-18	8.421242E+16	-1.795765E-6	0.000000E+0	1.121918E-4	1.826158E-3	0.000000E+0	0.000000E+0	0.000000E+0
3.355142E+1	-5.434751E+2	1.633000E+0	5.364322E+17	-2.871880E+17	-1.855493E-6	0.000000E+0	1.131617E-4	1.833025E-3	0.000000E+0	0.000000E+0	0.000000E+0
3.363358E+1	-5.420619E+2	1.709000E+0	-4.075705E-18	1.673219E-18	-1.404529E-6	0.000000E+0	1.140267E-4	1.837733E-3	0.000000E+0	0.000000E+0	0.000000E+0
3.358527E+1	-5.410066E+2	1.785000E+0	9.197504E+16	2.295762E-18	-9.535361E-7	0.000000E+0	1.143071E-4	1.841310E-3	0.000000E+0	0.000000E+0	0.000000E+0
3.353189E+1	-5.402488E+2	1.861000E+0	4.020355E+17	1.878399E+17	-1.524008E-6	0.000000E+0	1.144460E-4	1.843896E-3	0.000000E+0	0.000000E+0	0.000000E+0
3.358688E+1	-5.395549E+2	1.937000E+0	1.731139E-18	4.035830E-18	-5.156471E-8	0.000000E+0	1.149261E-4	1.846225E-3	0.000000E+0	0.000000E+0	0.000000E+0
3.366745E+1	-5.386951E+2	2.013000E+0	-2.680825E+17	-5.492346E+17	9.101495E-7	0.000000E+0	1.155663E-4	1.849115E-3	0.000000E+0	0.000000E+0	0.000000E+0
3.366190E+1	-5.379254E+2	2.089000E+0	5.241928E+17	-4.155966E-18	-1.192486E-6	0.000000E+0	1.158770E-4	1.851743E-3	0.000000E+0	0.000000E+0	0.000000E+0
3.360168E+1	-5.371442E+2	2.165000E+0	2.579781E+17	4.569561E-19	-2.307934E-7	0.000000E+0	1.160067E-4	1.854441E-3	0.000000E+0	0.000000E+0	0.000000E+0
3.360522E+1	-5.364253E+2	2.241000E+0	2.915631E-18	5.325354E+16	-1.822700E-6	0.000000E+0	1.163288E-4	1.856905E-3	0.000000E+0	0.000000E+0	0.000000E+0
3.366428E+1	-5.356697E+2	2.316000E+0	-1.980656E+17	3.078113E+17	-8.333154E-7	0.000000E+0	1.168593E-4	1.859478E-3	0.000000E+0	0.000000E+0	0.000000E+0
3.363168E+1	-5.349536E+2	2.392000E+0	-2.769006E-18	3.559669E+13	1.284061E-7	0.000000E+0	1.170586E-4	1.861962E-3	0.000000E+0	0.000000E+0	0.000000E+0
3.356387E+1	-5.342789E+2	2.468000E+0	6.327179E-19	5.234687E+17	-4.527872E-6	0.000000E+0	1.171185E-4	1.864324E-3	0.000000E+0	0.000000E+0	0.000000E+0
3.361401E+1	-5.336654E+2	2.544000E+0	-2.375415E+17	1.295985E-19	1.541091E-6	0.000000E+0	1.175608E-4	1.866428E-3	0.000000E+0	0.000000E+0	0.000000E+0
3.359952E+1	-5.330199E+2	2.620000E+0	-5.351627E-18	2.346836E+17	-5.615439E-7	0.000000E+0	1.177942E-4	1.868677E-3	0.000000E+0	0.000000E+0	0.000000E+0
3.356940E+1	-5.323486E+2	2.696000E+0	2.587907E+17	-4.848260E-18	1.421577E-6	0.000000E+0	1.179853E-4	1.871028E-3	0.000000E+0	0.000000E+0	0.000000E+0
3.351578E+1	-5.317793E+2	2.772000E+0	-3.127958E+17	-9.739258E-19	-6.810587E-7	0.000000E+0	1.180497E-4	1.873039E-3	0.000000E+0	0.000000E+0	0.000000E+0
3.356528E+1	-5.311575E+2	2.848000E+0	6.653737E-18	-4.395667E+17	-3.294408E-6	0.000000E+0	1.184985E-4	1.875193E-3	0.000000E+0	0.000000E+0	0.000000E+0
3.362292E+1	-5.305323E+2	2.924000E+0	-1.137863E-18	-4.190346E+17	7.316412E-7	0.000000E+0	1.189792E-4	1.877359E-3	0.000000E+0	0.000000E+0	0.000000E+0
3.361862E+1	-5.298130E+2	3.000000E+0	-9.275184E-19	-3.780148E-18	-8.602510E-7	0.000000E+0	1.192860E-4	1.879889E-3	0.000000E+0	0.000000E+0	0.000000E+0
