Real / Ohm	Ximag / Ohm	V_DC / V	I_a c / A	V_ac / V	I_DC / A
1.790291E+1	-8.574200E-2	3.000000E+0	-9.275184E-19	-3.780148E-18	5.700567E-2	5.623413E+6	5.585556E-2	2.675078E-4	0.000000E+0	0.000000E+0	0.000000E+0
1.815250E+1	-1.194324E-1	2.924000E+0	-1.137863E-18	-4.190346E+17	5.529276E-2	0.000000E+0	5.508645E-2	3.624353E-4	0.000000E+0	0.000000E+0	0.000000E+0
1.843555E+1	-1.515427E-1	2.848000E+0	6.653737E-18	-4.395667E+17	5.359977E-2	0.000000E+0	5.423936E-2	4.458548E-4	0.000000E+0	0.000000E+0	0.000000E+0
1.871303E+1	-1.874256E-1	2.772000E+0	-3.127958E+17	-9.739258E-19	5.190831E-2	0.000000E+0	5.343334E-2	5.351766E-4	0.000000E+0	0.000000E+0	0.000000E+0
1.902321E+1	-2.268858E-1	2.696000E+0	2.587907E+17	-4.848260E-18	5.024187E-2	0.000000E+0	5.255989E-2	6.268707E-4	0.000000E+0	0.000000E+0	0.000000E+0
1.933435E+1	-2.602978E-1	2.620000E+0	-5.351627E-18	2.346836E+17	4.859179E-2	0.000000E+0	5.171205E-2	6.961978E-4	0.000000E+0	0.000000E+0	0.000000E+0
1.968860E+1	-3.022032E-1	2.544000E+0	-2.375415E+17	1.295985E-19	4.695089E-2	0.000000E+0	5.077885E-2	7.794120E-4	0.000000E+0	0.000000E+0	0.000000E+0
2.003535E+1	-3.475189E-1	2.468000E+0	6.327179E-19	5.234687E+17	4.532991E-2	0.000000E+0	4.989677E-2	8.654738E-4	0.000000E+0	0.000000E+0	0.000000E+0
2.042168E+1	-3.819771E-1	2.392000E+0	-2.769006E-18	3.559669E+13	4.372272E-2	0.000000E+0	4.895044E-2	9.155930E-4	0.000000E+0	0.000000E+0	0.000000E+0
2.080707E+1	-4.351282E-1	2.316000E+0	-1.980656E+17	3.078113E+17	4.214311E-2	0.000000E+0	4.803958E-2	1.004628E-3	0.000000E+0	0.000000E+0	0.000000E+0
2.121118E+1	-4.812555E-1	2.241000E+0	2.915631E-18	5.325354E+16	4.059565E-2	0.000000E+0	4.712069E-2	1.069110E-3	0.000000E+0	0.000000E+0	0.000000E+0
2.163692E+1	-5.346727E-1	2.165000E+0	2.579781E+17	4.569561E-19	3.904719E-2	0.000000E+0	4.618909E-2	1.141385E-3	0.000000E+0	0.000000E+0	0.000000E+0
2.207770E+1	-5.704861E-1	2.089000E+0	5.241928E+17	-4.155966E-18	3.751507E-2	0.000000E+0	4.526435E-2	1.169627E-3	0.000000E+0	0.000000E+0	0.000000E+0
2.251921E+1	-6.283493E-1	2.013000E+0	-2.680825E+17	-5.492346E+17	3.599370E-2	0.000000E+0	4.437198E-2	1.238103E-3	0.000000E+0	0.000000E+0	0.000000E+0
2.296696E+1	-6.658859E-1	1.937000E+0	1.731139E-18	4.035830E-18	3.449529E-2	0.000000E+0	4.350424E-2	1.261328E-3	0.000000E+0	0.000000E+0	0.000000E+0
2.341657E+1	-7.129383E-1	1.861000E+0	4.020355E+17	1.878399E+17	3.300965E-2	0.000000E+0	4.266525E-2	1.298982E-3	0.000000E+0	0.000000E+0	0.000000E+0
2.387759E+1	-7.675476E-1	1.785000E+0	9.197504E+16	2.295762E-18	3.153729E-2	0.000000E+0	4.183704E-2	1.344856E-3	0.000000E+0	0.000000E+0	0.000000E+0
2.433715E+1	-8.033543E-1	1.709000E+0	-4.075705E-18	1.673219E-18	3.008434E-2	0.000000E+0	4.104472E-2	1.354861E-3	0.000000E+0	0.000000E+0	0.000000E+0
2.480623E+1	-8.435898E-1	1.633000E+0	5.364322E+17	-2.871880E+17	2.864876E-2	0.000000E+0	4.026589E-2	1.369329E-3	0.000000E+0	0.000000E+0	0.000000E+0
2.528122E+1	-8.850632E-1	1.557000E+0	1.746814E-18	8.421242E+16	2.721981E-2	0.000000E+0	3.950663E-2	1.383077E-3	0.000000E+0	0.000000E+0	0.000000E+0
2.574590E+1	-9.196510E-1	1.481000E+0	7.433461E+16	-3.421240E+17	2.580976E-2	0.000000E+0	3.879164E-2	1.385649E-3	0.000000E+0	0.000000E+0	0.000000E+0
2.624204E+1	-9.672508E-1	1.405000E+0	-2.820974E+17	-3.573550E+17	2.442065E-2	0.000000E+0	3.805509E-2	1.402666E-3	0.000000E+0	0.000000E+0	0.000000E+0
2.669212E+1	-9.883747E-1	1.329000E+0	1.001297E+17	-5.707470E+17	2.302388E-2	0.000000E+0	3.741294E-2	1.385353E-3	0.000000E+0	0.000000E+0	0.000000E+0
2.715665E+1	-1.034668E+0	1.253000E+0	-5.196819E+17	1.790907E+17	2.164549E-2	0.000000E+0	3.677002E-2	1.400937E-3	0.000000E+0	0.000000E+0	0.000000E+0
2.762155E+1	-1.057646E+0	1.177000E+0	-1.554791E+17	1.089529E+17	2.029877E-2	0.000000E+0	3.615061E-2	1.384229E-3	0.000000E+0	0.000000E+0	0.000000E+0
2.806820E+1	-1.084181E+0	1.101000E+0	2.547933E-18	-3.199502E-19	1.895205E-2	0.000000E+0	3.557443E-2	1.374122E-3	0.000000E+0	0.000000E+0	0.000000E+0
2.851473E+1	-1.118664E+0	1.025000E+0	-6.904437E-18	-8.375564E+16	1.761657E-2	0.000000E+0	3.501570E-2	1.373704E-3	0.000000E+0	0.000000E+0	0.000000E+0
2.891690E+1	-1.143324E+0	9.490000E-1	-4.524463E+17	2.055148E+17	1.629283E-2	0.000000E+0	3.452788E-2	1.365172E-3	0.000000E+0	0.000000E+0	0.000000E+0
2.929536E+1	-1.167089E+0	8.730000E-1	-3.570583E-19	6.323277E-18	1.498492E-2	0.000000E+0	3.408101E-2	1.357743E-3	0.000000E+0	0.000000E+0	0.000000E+0
2.963912E+1	-1.179897E+0	7.970000E-1	3.266052E+17	-3.632098E-18	1.368161E-2	0.000000E+0	3.368581E-2	1.340991E-3	0.000000E+0	0.000000E+0	0.000000E+0
2.993735E+1	-1.195913E+0	7.220000E-1	1.388541E-18	6.784133E-18	1.239922E-2	0.000000E+0	3.334987E-2	1.332234E-3	0.000000E+0	0.000000E+0	0.000000E+0
3.017532E+1	-1.201797E+0	6.460000E-1	4.766215E-20	4.558806E+17	1.111123E-2	0.000000E+0	3.308718E-2	1.317768E-3	0.000000E+0	0.000000E+0	0.000000E+0
3.031123E+1	-1.199909E+0	5.700000E-1	-3.851510E-18	-6.874336E-18	9.819159E-3	0.000000E+0	3.293945E-2	1.303951E-3	0.000000E+0	0.000000E+0	0.000000E+0
3.039074E+1	-1.199026E+0	4.940000E-1	-4.136209E+17	4.857998E-18	8.531682E-3	0.000000E+0	3.285362E-2	1.296196E-3	0.000000E+0	0.000000E+0	0.000000E+0
3.037426E+1	-1.187630E+0	4.180000E-1	4.155990E+17	-2.188149E-18	7.242675E-3	0.000000E+0	3.287236E-2	1.285305E-3	0.000000E+0	0.000000E+0	0.000000E+0
3.029160E+1	-1.172661E+0	3.420000E-1	-3.411601E-18	5.558819E-18	5.956731E-3	0.000000E+0	3.296305E-2	1.276079E-3	0.000000E+0	0.000000E+0	0.000000E+0
3.015180E+1	-1.162678E+0	2.660000E-1	-3.022078E-18	2.162610E+17	4.662615E-3	0.000000E+0	3.311627E-2	1.276991E-3	0.000000E+0	0.000000E+0	0.000000E+0
2.996276E+1	-1.149954E+0	1.900000E-1	-1.067113E+17	-5.230656E+17	3.362882E-3	0.000000E+0	3.332567E-2	1.279021E-3	0.000000E+0	0.000000E+0	0.000000E+0
2.974720E+1	-1.119404E+0	1.140000E-1	-4.715871E+17	-5.436513E+17	2.059062E-3	0.000000E+0	3.356907E-2	1.263223E-3	0.000000E+0	0.000000E+0	0.000000E+0
2.953592E+1	-1.098341E+0	3.800000E-2	-3.093320E+17	4.406614E-18	7.475824E-4	0.000000E+0	3.381033E-2	1.257292E-3	0.000000E+0	0.000000E+0	0.000000E+0
2.936016E+1	-1.082947E+0	-3.800000E-2	-9.427510E-19	-9.422141E-19	-5.802412E-4	0.000000E+0	3.401348E-2	1.254584E-3	0.000000E+0	0.000000E+0	0.000000E+0
2.915681E+1	-1.061701E+0	-1.140000E-1	-4.717429E+17	-4.931097E+17	-1.903468E-3	0.000000E+0	3.425189E-2	1.247231E-3	0.000000E+0	0.000000E+0	0.000000E+0
2.902024E+1	-1.039652E+0	-1.900000E-1	-2.971689E+17	-4.956124E-18	-3.229760E-3	0.000000E+0	3.441454E-2	1.232903E-3	0.000000E+0	0.000000E+0	0.000000E+0
2.885123E+1	-1.012058E+0	-2.660000E-1	-1.478400E+17	2.700591E+17	-4.561160E-3	0.000000E+0	3.461797E-2	1.214347E-3	0.000000E+0	0.000000E+0	0.000000E+0
2.872521E+1	-9.865646E-1	-3.420000E-1	-2.726888E+17	2.120591E-18	-5.895622E-3	0.000000E+0	3.477161E-2	1.194228E-3	0.000000E+0	0.000000E+0	0.000000E+0
2.863241E+1	-9.616642E-1	-4.180000E-1	-1.699035E+17	-6.410840E-19	-7.240300E-3	0.000000E+0	3.488610E-2	1.171704E-3	0.000000E+0	0.000000E+0	0.000000E+0
2.861287E+1	-9.658375E-1	-4.940000E-1	2.833723E-18	-1.599031E-19	-8.586511E-3	0.000000E+0	3.490953E-2	1.178384E-3	0.000000E+0	0.000000E+0	0.000000E+0
2.866163E+1	-9.743500E-1	-5.700000E-1	-4.319920E+17	-4.172230E+17	-9.927101E-3	0.000000E+0	3.484958E-2	1.184709E-3	0.000000E+0	0.000000E+0	0.000000E+0
2.882061E+1	-1.019991E+0	-6.460000E-1	-5.506727E-18	3.318154E+17	-1.126974E-2	0.000000E+0	3.465399E-2	1.226440E-3	0.000000E+0	0.000000E+0	0.000000E+0
2.911428E+1	-1.057552E+0	-7.220000E-1	4.410889E+17	3.940187E-18	-1.260880E-2	0.000000E+0	3.430215E-2	1.245997E-3	0.000000E+0	0.000000E+0	0.000000E+0
2.947837E+1	-1.113119E+0	-7.970000E-1	1.829862E+17	1.849291E+17	-1.392439E-2	0.000000E+0	3.387488E-2	1.279133E-3	0.000000E+0	0.000000E+0	0.000000E+0
2.993025E+1	-1.139521E+0	-8.730000E-1	-4.776253E-18	6.132215E-18	-1.525170E-2	0.000000E+0	3.336265E-2	1.270201E-3	0.000000E+0	0.000000E+0	0.000000E+0
3.035009E+1	-1.138983E+0	-9.490000E-1	-2.208677E-18	1.580559E+17	-1.656676E-2	0.000000E+0	3.290249E-2	1.234770E-3	0.000000E+0	0.000000E+0	0.000000E+0
3.063535E+1	-1.085279E+0	-1.025000E+0	-7.957818E+16	-3.372665E-18	-1.788232E-2	0.000000E+0	3.260112E-2	1.154918E-3	0.000000E+0	0.000000E+0	0.000000E+0
3.071258E+1	-9.788647E-1	-1.101000E+0	2.088264E+17	-2.195880E+17	-1.920045E-2	0.000000E+0	3.252691E-2	1.036691E-3	0.000000E+0	0.000000E+0	0.000000E+0
3.041059E+1	-8.390064E-1	-1.177000E+0	-5.319417E+16	-3.192840E+17	-2.052061E-2	0.000000E+0	3.285827E-2	9.065362E-4	0.000000E+0	0.000000E+0	0.000000E+0
2.975758E+1	-6.812325E-1	-1.253000E+0	-1.291940E-18	-5.342346E-18	-2.185558E-2	0.000000E+0	3.358728E-2	7.689048E-4	0.000000E+0	0.000000E+0	0.000000E+0
2.879021E+1	-5.572834E-1	-1.329000E+0	-5.203440E-18	3.830367E-18	-2.321558E-2	0.000000E+0	3.472102E-2	6.720843E-4	0.000000E+0	0.000000E+0	0.000000E+0
2.767587E+1	-4.442768E-1	-1.405000E+0	2.540081E-19	4.245176E+17	-2.461184E-2	0.000000E+0	3.612325E-2	5.798814E-4	0.000000E+0	0.000000E+0	0.000000E+0
2.648735E+1	-3.784981E-1	-1.481000E+0	1.311717E+15	5.157690E-18	-2.601934E-2	0.000000E+0	3.774616E-2	5.393839E-4	0.000000E+0	0.000000E+0	0.000000E+0
2.539234E+1	-3.518200E-1	-1.557000E+0	-1.009562E-18	-5.687810E-18	-2.746105E-2	0.000000E+0	3.937440E-2	5.455464E-4	0.000000E+0	0.000000E+0	0.000000E+0
2.442495E+1	-3.544064E-1	-1.633000E+0	-6.256276E-18	1.399337E+17	-2.894720E-2	0.000000E+0	4.093312E-2	5.939403E-4	0.000000E+0	0.000000E+0	0.000000E+0
2.356897E+1	-3.736057E-1	-1.709000E+0	2.698511E+17	2.405250E+17	-3.043233E-2	0.000000E+0	4.241801E-2	6.723930E-4	0.000000E+0	0.000000E+0	0.000000E+0
2.288700E+1	-3.956127E-1	-1.785000E+0	-3.870894E-18	-2.240669E+17	-3.195883E-2	0.000000E+0	4.367988E-2	7.550275E-4	0.000000E+0	0.000000E+0	0.000000E+0
2.226419E+1	-4.458427E-1	-1.861000E+0	8.607266E+16	1.699868E-17	-3.349503E-2	0.000000E+0	4.489717E-2	8.990705E-4	0.000000E+0	0.000000E+0	0.000000E+0
2.174636E+1	-4.756546E-1	-1.937000E+0	2.127762E-18	2.730706E+15	-3.503889E-2	0.000000E+0	4.596272E-2	1.005335E-3	0.000000E+0	0.000000E+0	0.000000E+0
2.132347E+1	-5.035639E-1	-2.013000E+0	8.036557E+16	-5.942611E-18	-3.659961E-2	0.000000E+0	4.687054E-2	1.106870E-3	0.000000E+0	0.000000E+0	0.000000E+0
2.092963E+1	-5.372200E-1	-2.089000E+0	-6.504745E+16	2.369916E+17	-3.819147E-2	0.000000E+0	4.774770E-2	1.225584E-3	0.000000E+0	0.000000E+0	0.000000E+0
2.061314E+1	-5.665922E-1	-2.165000E+0	5.725577E-18	6.181569E-18	-3.976802E-2	0.000000E+0	4.847612E-2	1.332460E-3	0.000000E+0	0.000000E+0	0.000000E+0
2.034278E+1	-6.078844E-1	-2.241000E+0	-2.052452E-18	3.493290E-18	-4.136295E-2	0.000000E+0	4.911363E-2	1.467617E-3	0.000000E+0	0.000000E+0	0.000000E+0
2.009798E+1	-6.231060E-1	-2.316000E+0	2.907620E+17	-1.496570E-18	-4.294667E-2	0.000000E+0	4.970846E-2	1.541132E-3	0.000000E+0	0.000000E+0	0.000000E+0
1.991264E+1	-6.602354E-1	-2.392000E+0	-2.651570E-18	4.664198E-18	-4.456152E-2	0.000000E+0	5.016421E-2	1.663275E-3	0.000000E+0	0.000000E+0	0.000000E+0
1.970791E+1	-6.794548E-1	-2.468000E+0	6.234134E-18	-3.929323E-18	-4.616974E-2	0.000000E+0	5.068081E-2	1.747284E-3	0.000000E+0	0.000000E+0	0.000000E+0
1.955910E+1	-6.986876E-1	-2.544000E+0	8.250878E-19	-2.928817E+17	-4.779736E-2	0.000000E+0	5.106194E-2	1.824028E-3	0.000000E+0	0.000000E+0	0.000000E+0
1.940754E+1	-7.252388E-1	-2.620000E+0	4.553607E+17	-2.686618E+17	-4.942498E-2	0.000000E+0	5.145451E-2	1.922800E-3	0.000000E+0	0.000000E+0	0.000000E+0
1.929433E+1	-7.350588E-1	-2.696000E+0	2.517955E+17	3.793714E+16	-5.102859E-2	0.000000E+0	5.175358E-2	1.971664E-3	0.000000E+0	0.000000E+0	0.000000E+0
1.919014E+1	-7.546568E-1	-2.772000E+0	-6.194311E-18	5.356395E+17	-5.268123E-2	0.000000E+0	5.202963E-2	2.046078E-3	0.000000E+0	0.000000E+0	0.000000E+0
1.904021E+1	-7.736053E-1	-2.848000E+0	-5.704683E+17	1.371951E+17	-5.433285E-2	0.000000E+0	5.243387E-2	2.130393E-3	0.000000E+0	0.000000E+0	0.000000E+0
1.898689E+1	-7.757864E-1	-2.924000E+0	-4.736062E+17	6.689522E-18	-5.597069E-2	0.000000E+0	5.258014E-2	2.148375E-3	0.000000E+0	0.000000E+0	0.000000E+0
1.887771E+1	-8.001842E-1	-3.000000E+0	-3.567381E+17	-4.286482E-18	-5.761568E-2	0.000000E+0	5.287752E-2	2.241361E-3	0.000000E+0	0.000000E+0	0.000000E+0
