Real / Ohm	Ximag / Ohm	V_DC / V	I_a c / A	V_ac / V	I_DC / A
1.852557E+1	2.162800E-1	-3.000000E+0	-3.567381E+17	-4.286482E-18	-5.532661E-2	1.778279E+6	5.397209E-2	-6.301066E-4	0.000000E+0	0.000000E+0	0.000000E+0
1.851624E+1	2.389507E-1	-2.924000E+0	-4.736062E+17	6.689522E-18	-5.367856E-2	0.000000E+0	5.399765E-2	-6.968357E-4	0.000000E+0	0.000000E+0	0.000000E+0
1.852715E+1	5.312347E-2	-2.848000E+0	-5.704683E+17	1.371951E+17	-5.230426E-2	0.000000E+0	5.397440E-2	-1.547625E-4	0.000000E+0	0.000000E+0	0.000000E+0
1.849689E+1	5.932617E-2	-2.772000E+0	-6.194311E-18	5.356395E+17	-5.098971E-2	0.000000E+0	5.406259E-2	-1.733981E-4	0.000000E+0	0.000000E+0	0.000000E+0
1.859848E+1	1.008720E-1	-2.696000E+0	2.517955E+17	3.793714E+16	-4.946883E-2	0.000000E+0	5.376625E-2	-2.916104E-4	0.000000E+0	0.000000E+0	0.000000E+0
1.878688E+1	9.517860E-2	-2.620000E+0	4.553607E+17	-2.686618E+17	-4.780088E-2	0.000000E+0	5.322727E-2	-2.696614E-4	0.000000E+0	0.000000E+0	0.000000E+0
1.902000E+1	9.067154E-2	-2.544000E+0	8.250878E-19	-2.928817E+17	-4.614057E-2	0.000000E+0	5.257504E-2	-2.506341E-4	0.000000E+0	0.000000E+0	0.000000E+0
1.925305E+1	8.426666E-2	-2.468000E+0	6.234134E-18	-3.929323E-18	-4.447771E-2	0.000000E+0	5.193883E-2	-2.273256E-4	0.000000E+0	0.000000E+0	0.000000E+0
1.950478E+1	7.866859E-2	-2.392000E+0	-2.651570E-18	4.664198E-18	-4.284191E-2	0.000000E+0	5.126865E-2	-2.067817E-4	0.000000E+0	0.000000E+0	0.000000E+0
1.977380E+1	7.889175E-2	-2.316000E+0	2.907620E+17	-1.496570E-18	-4.121378E-2	0.000000E+0	5.057116E-2	-2.017643E-4	0.000000E+0	0.000000E+0	0.000000E+0
2.007284E+1	7.042885E-2	-2.241000E+0	-2.052452E-18	3.493290E-18	-3.961883E-2	0.000000E+0	4.981795E-2	-1.747944E-4	0.000000E+0	0.000000E+0	0.000000E+0
2.040746E+1	6.513214E-2	-2.165000E+0	5.725577E-18	6.181569E-18	-3.801572E-2	0.000000E+0	4.900119E-2	-1.563915E-4	0.000000E+0	0.000000E+0	0.000000E+0
2.078778E+1	6.473160E-2	-2.089000E+0	-6.504745E+16	2.369916E+17	-3.642896E-2	0.000000E+0	4.810472E-2	-1.497945E-4	0.000000E+0	0.000000E+0	0.000000E+0
2.122230E+1	6.321716E-2	-2.013000E+0	8.036557E+16	-5.942611E-18	-3.485037E-2	0.000000E+0	4.711983E-2	-1.403609E-4	0.000000E+0	0.000000E+0	0.000000E+0
2.173300E+1	6.014824E-2	-1.937000E+0	2.127762E-18	2.730706E+15	-3.329375E-2	0.000000E+0	4.601262E-2	-1.273445E-4	0.000000E+0	0.000000E+0	0.000000E+0
2.233872E+1	5.549622E-2	-1.861000E+0	8.607266E+16	1.699868E-17	-3.174835E-2	0.000000E+0	4.476505E-2	-1.112101E-4	0.000000E+0	0.000000E+0	0.000000E+0
2.305483E+1	5.424690E-2	-1.785000E+0	-3.870894E-18	-2.240669E+17	-3.022338E-2	0.000000E+0	4.337462E-2	-1.020584E-4	0.000000E+0	0.000000E+0	0.000000E+0
2.392403E+1	4.486465E-2	-1.709000E+0	2.698511E+17	2.405250E+17	-2.872549E-2	0.000000E+0	4.179883E-2	-7.838520E-5	0.000000E+0	0.000000E+0	0.000000E+0
2.496509E+1	2.598572E-2	-1.633000E+0	-6.256276E-18	1.399337E+17	-2.725415E-2	0.000000E+0	4.005589E-2	-4.169347E-5	0.000000E+0	0.000000E+0	0.000000E+0
2.619719E+1	2.441406E-4	-1.557000E+0	-1.009562E-18	-5.687810E-18	-2.580988E-2	0.000000E+0	3.817203E-2	-3.557383E-7	0.000000E+0	0.000000E+0	0.000000E+0
2.762952E+1	-4.410934E-2	-1.481000E+0	1.311717E+15	5.157690E-18	-2.440903E-2	0.000000E+0	3.619308E-2	5.778070E-5	0.000000E+0	0.000000E+0	0.000000E+0
2.921049E+1	-1.066093E-1	-1.405000E+0	2.540081E-19	4.245176E+17	-2.304341E-2	0.000000E+0	3.423382E-2	1.249429E-4	0.000000E+0	0.000000E+0	0.000000E+0
3.083265E+1	-1.885128E-1	-1.329000E+0	-5.203440E-18	3.830367E-18	-2.171814E-2	0.000000E+0	3.243194E-2	1.982910E-4	0.000000E+0	0.000000E+0	0.000000E+0
3.232037E+1	-2.911301E-1	-1.253000E+0	-1.291940E-18	-5.342346E-18	-2.043168E-2	0.000000E+0	3.093773E-2	2.786758E-4	0.000000E+0	0.000000E+0	0.000000E+0
3.349686E+1	-3.990746E-1	-1.177000E+0	-5.319417E+16	-3.192840E+17	-1.918200E-2	0.000000E+0	2.984931E-2	3.556184E-4	0.000000E+0	0.000000E+0	0.000000E+0
3.423689E+1	-4.933624E-1	-1.101000E+0	2.088264E+17	-2.195880E+17	-1.795019E-2	0.000000E+0	2.920220E-2	4.208112E-4	0.000000E+0	0.000000E+0	0.000000E+0
3.454767E+1	-5.570793E-1	-1.025000E+0	-7.957818E+16	-3.372665E-18	-1.672809E-2	0.000000E+0	2.893799E-2	4.666235E-4	0.000000E+0	0.000000E+0	0.000000E+0
3.451138E+1	-6.022224E-1	-9.490000E-1	-2.208677E-18	1.580559E+17	-1.551569E-2	0.000000E+0	2.896713E-2	5.054754E-4	0.000000E+0	0.000000E+0	0.000000E+0
3.424272E+1	-6.237221E-1	-8.730000E-1	-4.776253E-18	6.132215E-18	-1.429461E-2	0.000000E+0	2.919360E-2	5.317537E-4	0.000000E+0	0.000000E+0	0.000000E+0
3.385016E+1	-6.293106E-1	-7.970000E-1	1.829862E+17	1.849291E+17	-1.306995E-2	0.000000E+0	2.953175E-2	5.490268E-4	0.000000E+0	0.000000E+0	0.000000E+0
3.341847E+1	-6.230659E-1	-7.220000E-1	4.410889E+17	3.940187E-18	-1.185548E-2	0.000000E+0	2.991317E-2	5.577119E-4	0.000000E+0	0.000000E+0	0.000000E+0
3.300658E+1	-6.154366E-1	-6.460000E-1	-5.506727E-18	3.318154E+17	-1.061550E-2	0.000000E+0	3.028646E-2	5.647176E-4	0.000000E+0	0.000000E+0	0.000000E+0
3.265292E+1	-6.065140E-1	-5.700000E-1	-4.319920E+17	-4.172230E+17	-9.367349E-3	0.000000E+0	3.061457E-2	5.686525E-4	0.000000E+0	0.000000E+0	0.000000E+0
3.237800E+1	-5.981770E-1	-4.940000E-1	2.833723E-18	-1.599031E-19	-8.111026E-3	0.000000E+0	3.087463E-2	5.704026E-4	0.000000E+0	0.000000E+0	0.000000E+0
3.219920E+1	-5.983791E-1	-4.180000E-1	-1.699035E+17	-6.410840E-19	-6.850617E-3	0.000000E+0	3.104595E-2	5.769475E-4	0.000000E+0	0.000000E+0	0.000000E+0
3.211157E+1	-6.072540E-1	-3.420000E-1	-2.726888E+17	2.120591E-18	-5.582037E-3	0.000000E+0	3.113029E-2	5.886973E-4	0.000000E+0	0.000000E+0	0.000000E+0
3.211842E+1	-6.219368E-1	-2.660000E-1	-1.478400E+17	2.700591E+17	-4.320608E-3	0.000000E+0	3.112311E-2	6.026638E-4	0.000000E+0	0.000000E+0	0.000000E+0
3.220615E+1	-6.470318E-1	-1.900000E-1	-2.971689E+17	-4.956124E-18	-3.058156E-3	0.000000E+0	3.103744E-2	6.235521E-4	0.000000E+0	0.000000E+0	0.000000E+0
3.238982E+1	-6.735992E-1	-1.140000E-1	-4.717429E+17	-4.931097E+17	-1.798259E-3	0.000000E+0	3.086055E-2	6.417956E-4	0.000000E+0	0.000000E+0	0.000000E+0
3.265404E+1	-7.124252E-1	-3.800000E-2	-9.427510E-19	-9.422141E-19	-5.429584E-4	0.000000E+0	3.060951E-2	6.678190E-4	0.000000E+0	0.000000E+0	0.000000E+0
3.301010E+1	-7.569885E-1	3.800000E-2	-3.093320E+17	4.406614E-18	7.164283E-4	0.000000E+0	3.027784E-2	6.943322E-4	0.000000E+0	0.000000E+0	0.000000E+0
3.345287E+1	-8.060303E-1	1.140000E-1	-4.715871E+17	-5.436513E+17	1.952321E-3	0.000000E+0	2.987546E-2	7.198343E-4	0.000000E+0	0.000000E+0	0.000000E+0
3.398500E+1	-8.733635E-1	1.900000E-1	-1.067113E+17	-5.230656E+17	3.179532E-3	0.000000E+0	2.940533E-2	7.556728E-4	0.000000E+0	0.000000E+0	0.000000E+0
3.459657E+1	-9.353600E-1	2.660000E-1	-3.022078E-18	2.162610E+17	4.393974E-3	0.000000E+0	2.888349E-2	7.808999E-4	0.000000E+0	0.000000E+0	0.000000E+0
3.529861E+1	-1.021767E+0	3.420000E-1	-3.411601E-18	5.558819E-18	5.596670E-3	0.000000E+0	2.830601E-2	8.193565E-4	0.000000E+0	0.000000E+0	0.000000E+0
3.606645E+1	-1.099968E+0	4.180000E-1	4.155990E+17	-2.188149E-18	6.780470E-3	0.000000E+0	2.770083E-2	8.448303E-4	0.000000E+0	0.000000E+0	0.000000E+0
3.691895E+1	-1.200558E+0	4.940000E-1	-4.136209E+17	4.857998E-18	7.941797E-3	0.000000E+0	2.705775E-2	8.798841E-4	0.000000E+0	0.000000E+0	0.000000E+0
3.779846E+1	-1.302757E+0	5.700000E-1	-3.851510E-18	-6.874336E-18	9.093419E-3	0.000000E+0	2.642471E-2	9.107509E-4	0.000000E+0	0.000000E+0	0.000000E+0
3.868840E+1	-1.412254E+0	6.460000E-1	4.766215E-20	4.558806E+17	1.022206E-2	0.000000E+0	2.581315E-2	9.422648E-4	0.000000E+0	0.000000E+0	0.000000E+0
3.957503E+1	-1.521210E+0	7.220000E-1	1.388541E-18	6.784133E-18	1.133538E-2	0.000000E+0	2.523118E-2	9.698520E-4	0.000000E+0	0.000000E+0	0.000000E+0
4.043120E+1	-1.628227E+0	7.970000E-1	3.266052E+17	-3.632098E-18	1.242268E-2	0.000000E+0	2.469333E-2	9.944385E-4	0.000000E+0	0.000000E+0	0.000000E+0
4.122606E+1	-1.724743E+0	8.730000E-1	-3.570583E-19	6.323277E-18	1.350587E-2	0.000000E+0	2.421412E-2	1.013028E-3	0.000000E+0	0.000000E+0	0.000000E+0
4.188608E+1	-1.803085E+0	9.490000E-1	-4.524463E+17	2.055148E+17	1.457169E-2	0.000000E+0	2.383012E-2	1.025824E-3	0.000000E+0	0.000000E+0	0.000000E+0
4.235248E+1	-1.849842E+0	1.025000E+0	-6.904437E-18	-8.375564E+16	1.562985E-2	0.000000E+0	2.356641E-2	1.029317E-3	0.000000E+0	0.000000E+0	0.000000E+0
4.252996E+1	-1.843098E+0	1.101000E+0	2.547933E-18	-3.199502E-19	1.668444E-2	0.000000E+0	2.346876E-2	1.017053E-3	0.000000E+0	0.000000E+0	0.000000E+0
4.226532E+1	-1.763783E+0	1.177000E+0	-1.554791E+17	1.089529E+17	1.772932E-2	0.000000E+0	2.361893E-2	9.856465E-4	0.000000E+0	0.000000E+0	0.000000E+0
4.146641E+1	-1.593357E+0	1.253000E+0	-5.196819E+17	1.790907E+17	1.879718E-2	0.000000E+0	2.408035E-2	9.252934E-4	0.000000E+0	0.000000E+0	0.000000E+0
3.975327E+1	-1.380096E+0	1.329000E+0	1.001297E+17	-5.707470E+17	1.987884E-2	0.000000E+0	2.512488E-2	8.722490E-4	0.000000E+0	0.000000E+0	0.000000E+0
3.771315E+1	-9.436989E-1	1.405000E+0	-2.820974E+17	-3.573550E+17	2.115150E-2	0.000000E+0	2.649936E-2	6.630953E-4	0.000000E+0	0.000000E+0	0.000000E+0
3.529924E+1	-5.166283E-1	1.481000E+0	7.433461E+16	-3.421240E+17	2.228219E-2	0.000000E+0	2.832315E-2	4.145286E-4	0.000000E+0	0.000000E+0	0.000000E+0
3.263297E+1	-1.531811E-1	1.557000E+0	1.746814E-18	8.421242E+16	2.351042E-2	0.000000E+0	3.064318E-2	1.438409E-4	0.000000E+0	0.000000E+0	0.000000E+0
3.012650E+1	-8.525467E-2	1.633000E+0	5.364322E+17	-2.871880E+17	2.491689E-2	0.000000E+0	3.319310E-2	9.393282E-5	0.000000E+0	0.000000E+0	0.000000E+0
2.747266E+1	4.138107E-1	1.709000E+0	-4.075705E-18	1.673219E-18	2.631775E-2	0.000000E+0	3.639157E-2	-5.481530E-4	0.000000E+0	0.000000E+0	0.000000E+0
2.459829E+1	7.458572E-1	1.785000E+0	9.197504E+16	2.295762E-18	2.783658E-2	0.000000E+0	4.061589E-2	-1.231535E-3	0.000000E+0	0.000000E+0	0.000000E+0
2.212383E+1	1.173153E+0	1.861000E+0	4.020355E+17	1.878399E+17	2.952038E-2	0.000000E+0	4.507339E-2	-2.390092E-3	0.000000E+0	0.000000E+0	0.000000E+0
2.020926E+1	1.594189E+0	1.937000E+0	1.731139E-18	4.035830E-18	3.118528E-2	0.000000E+0	4.917626E-2	-3.879224E-3	0.000000E+0	0.000000E+0	0.000000E+0
1.844546E+1	1.840219E+0	2.013000E+0	-2.680825E+17	-5.492346E+17	3.266633E-2	0.000000E+0	5.367960E-2	-5.355368E-3	0.000000E+0	0.000000E+0	0.000000E+0
1.751390E+1	2.155426E+0	2.089000E+0	5.241928E+17	-4.155966E-18	3.439864E-2	0.000000E+0	5.624560E-2	-6.922115E-3	0.000000E+0	0.000000E+0	0.000000E+0
1.639973E+1	2.263062E+0	2.165000E+0	2.579781E+17	4.569561E-19	3.594352E-2	0.000000E+0	5.983718E-2	-8.257163E-3	0.000000E+0	0.000000E+0	0.000000E+0
1.513268E+1	2.441658E+0	2.241000E+0	2.915631E-18	5.325354E+16	3.763957E-2	0.000000E+0	6.440543E-2	-1.039182E-2	0.000000E+0	0.000000E+0	0.000000E+0
1.352673E+1	2.379576E+0	2.316000E+0	-1.980656E+17	3.078113E+17	3.954097E-2	0.000000E+0	7.170856E-2	-1.261472E-2	0.000000E+0	0.000000E+0	0.000000E+0
1.193092E+1	2.738936E+0	2.392000E+0	-2.769006E-18	3.559669E+13	4.154141E-2	0.000000E+0	7.961982E-2	-1.827802E-2	0.000000E+0	0.000000E+0	0.000000E+0
1.148223E+1	2.741777E+0	2.468000E+0	6.327179E-19	5.234687E+17	4.352093E-2	0.000000E+0	8.239320E-2	-1.967421E-2	0.000000E+0	0.000000E+0	0.000000E+0
1.184593E+1	2.724142E+0	2.544000E+0	-2.375415E+17	1.295985E-19	4.544119E-2	0.000000E+0	8.017712E-2	-1.843788E-2	0.000000E+0	0.000000E+0	0.000000E+0
1.220498E+1	2.579045E+0	2.620000E+0	-5.351627E-18	2.346836E+17	4.705808E-2	0.000000E+0	7.843162E-2	-1.657345E-2	0.000000E+0	0.000000E+0	0.000000E+0
1.253229E+1	2.571366E+0	2.696000E+0	2.587907E+17	-4.848260E-18	4.917293E-2	0.000000E+0	7.657038E-2	-1.571065E-2	0.000000E+0	0.000000E+0	0.000000E+0
1.308027E+1	3.128658E+0	2.772000E+0	-3.127958E+17	-9.739258E-19	5.096756E-2	0.000000E+0	7.231384E-2	-1.729668E-2	0.000000E+0	0.000000E+0	0.000000E+0
1.366849E+1	3.068227E+0	2.848000E+0	6.653737E-18	-4.395667E+17	5.044554E-2	0.000000E+0	6.965133E-2	-1.563494E-2	0.000000E+0	0.000000E+0	0.000000E+0
1.277987E+1	3.102227E+0	2.924000E+0	-1.137863E-18	-4.190346E+17	5.133567E-2	0.000000E+0	7.389391E-2	-1.793725E-2	0.000000E+0	0.000000E+0	0.000000E+0
1.231688E+1	3.508679E+0	3.000000E+0	-9.275184E-19	-3.780148E-18	5.332489E-2	0.000000E+0	7.509544E-2	-2.139225E-2	0.000000E+0	0.000000E+0	0.000000E+0
