Real / Ohm	Ximag / Ohm	V_DC / V	I_a c / A	V_ac / V	I_DC / A
1.995271E+2	-2.059526E+3	-3.000000E+0	-3.567381E+17	-4.286482E-18	-3.372843E-7	3.162278E+6	4.660260E-5	4.810338E-4	0.000000E+0	0.000000E+0	0.000000E+0
1.876287E+2	-2.061133E+3	-2.924000E+0	-4.736062E+17	6.689522E-18	1.645909E-6	0.000000E+0	4.380293E-5	4.811826E-4	0.000000E+0	0.000000E+0	0.000000E+0
1.804487E+2	-2.048556E+3	-2.848000E+0	-5.704683E+17	1.371951E+17	-4.567264E-7	0.000000E+0	4.266791E-5	4.843903E-4	0.000000E+0	0.000000E+0	0.000000E+0
1.747795E+2	-2.030118E+3	-2.772000E+0	-6.194311E-18	5.356395E+17	4.080037E-6	0.000000E+0	4.209600E-5	4.889580E-4	0.000000E+0	0.000000E+0	0.000000E+0
1.705637E+2	-2.008969E+3	-2.696000E+0	2.517955E+17	3.793714E+16	5.041744E-6	0.000000E+0	4.195859E-5	4.942054E-4	0.000000E+0	0.000000E+0	0.000000E+0
1.661567E+2	-1.987603E+3	-2.620000E+0	4.553607E+17	-2.686618E+17	3.854657E-7	0.000000E+0	4.176708E-5	4.996270E-4	0.000000E+0	0.000000E+0	0.000000E+0
1.632708E+2	-1.965600E+3	-2.544000E+0	8.250878E-19	-2.928817E+17	2.368659E-6	0.000000E+0	4.196933E-5	5.052644E-4	0.000000E+0	0.000000E+0	0.000000E+0
1.605037E+2	-1.943847E+3	-2.468000E+0	6.234134E-18	-3.929323E-18	4.351794E-6	0.000000E+0	4.219005E-5	5.109601E-4	0.000000E+0	0.000000E+0	0.000000E+0
1.579182E+2	-1.923465E+3	-2.392000E+0	-2.651570E-18	4.664198E-18	1.738430E-6	0.000000E+0	4.239807E-5	5.164142E-4	0.000000E+0	0.000000E+0	0.000000E+0
1.554285E+2	-1.904151E+3	-2.316000E+0	2.907620E+17	-1.496570E-18	6.572373E-7	0.000000E+0	4.258375E-5	5.216925E-4	0.000000E+0	0.000000E+0	0.000000E+0
1.531768E+2	-1.886337E+3	-2.241000E+0	-2.052452E-18	3.493290E-18	1.135879E-6	0.000000E+0	4.276614E-5	5.266552E-4	0.000000E+0	0.000000E+0	0.000000E+0
1.510375E+2	-1.868150E+3	-2.165000E+0	5.725577E-18	6.181569E-18	5.161943E-6	0.000000E+0	4.299637E-5	5.318127E-4	0.000000E+0	0.000000E+0	0.000000E+0
1.492499E+2	-1.851124E+3	-2.089000E+0	-6.504745E+16	2.369916E+17	4.080779E-6	0.000000E+0	4.327419E-5	5.367233E-4	0.000000E+0	0.000000E+0	0.000000E+0
1.474469E+2	-1.835353E+3	-2.013000E+0	8.036557E+16	-5.942611E-18	2.488858E-6	0.000000E+0	4.349131E-5	5.413603E-4	0.000000E+0	0.000000E+0	0.000000E+0
1.458325E+2	-1.819843E+3	-1.937000E+0	2.127762E-18	2.730706E+15	-6.352566E-7	0.000000E+0	4.375287E-5	5.459918E-4	0.000000E+0	0.000000E+0	0.000000E+0
1.438787E+2	-1.805576E+3	-1.861000E+0	8.607266E+16	1.699868E-17	3.901558E-6	0.000000E+0	4.385468E-5	5.503453E-4	0.000000E+0	0.000000E+0	0.000000E+0
1.425039E+2	-1.791537E+3	-1.785000E+0	-3.870894E-18	-2.240669E+17	7.774288E-7	0.000000E+0	4.412005E-5	5.546705E-4	0.000000E+0	0.000000E+0	0.000000E+0
1.406248E+2	-1.777442E+3	-1.709000E+0	2.698511E+17	2.405250E+17	1.739136E-6	0.000000E+0	4.423450E-5	5.591066E-4	0.000000E+0	0.000000E+0	0.000000E+0
1.391731E+2	-1.764210E+3	-1.633000E+0	-6.256276E-18	1.399337E+17	2.700843E-6	0.000000E+0	4.443861E-5	5.633203E-4	0.000000E+0	0.000000E+0	0.000000E+0
1.378977E+2	-1.751004E+3	-1.557000E+0	-1.009562E-18	-5.687810E-18	-9.339419E-7	0.000000E+0	4.469897E-5	5.675807E-4	0.000000E+0	0.000000E+0	0.000000E+0
1.364380E+2	-1.738292E+3	-1.481000E+0	1.311717E+15	5.157690E-18	2.581393E-6	0.000000E+0	4.487687E-5	5.717550E-4	0.000000E+0	0.000000E+0	0.000000E+0
1.354945E+2	-1.726222E+3	-1.405000E+0	2.540081E-19	4.245176E+17	1.500186E-6	0.000000E+0	4.519193E-5	5.757526E-4	0.000000E+0	0.000000E+0	0.000000E+0
1.339381E+2	-1.713737E+3	-1.329000E+0	-5.203440E-18	3.830367E-18	2.972665E-6	0.000000E+0	4.532847E-5	5.799774E-4	0.000000E+0	0.000000E+0	0.000000E+0
1.326614E+2	-1.701570E+3	-1.253000E+0	-1.291940E-18	-5.342346E-18	3.423651E-6	0.000000E+0	4.554211E-5	5.841419E-4	0.000000E+0	0.000000E+0	0.000000E+0
1.317225E+2	-1.689613E+3	-1.177000E+0	-5.319417E+16	-3.192840E+17	2.342473E-6	0.000000E+0	4.586210E-5	5.882761E-4	0.000000E+0	0.000000E+0	0.000000E+0
1.298497E+2	-1.677602E+3	-1.101000E+0	2.088264E+17	-2.195880E+17	-1.292370E-6	0.000000E+0	4.586369E-5	5.925390E-4	0.000000E+0	0.000000E+0	0.000000E+0
1.291501E+2	-1.665559E+3	-1.025000E+0	-7.957818E+16	-3.372665E-18	1.201537E-6	0.000000E+0	4.627764E-5	5.968106E-4	0.000000E+0	0.000000E+0	0.000000E+0
1.282815E+2	-1.653169E+3	-9.490000E-1	-2.208677E-18	1.580559E+17	1.141787E-6	0.000000E+0	4.665759E-5	6.012783E-4	0.000000E+0	0.000000E+0	0.000000E+0
1.271598E+2	-1.641166E+3	-8.730000E-1	-4.776253E-18	6.132215E-18	3.124947E-6	0.000000E+0	4.692944E-5	6.056867E-4	0.000000E+0	0.000000E+0	0.000000E+0
1.261536E+2	-1.629187E+3	-7.970000E-1	1.829862E+17	1.849291E+17	5.115944E-7	0.000000E+0	4.724562E-5	6.101447E-4	0.000000E+0	0.000000E+0	0.000000E+0
1.249871E+2	-1.617078E+3	-7.220000E-1	4.410889E+17	3.940187E-18	9.902251E-7	0.000000E+0	4.751344E-5	6.147270E-4	0.000000E+0	0.000000E+0	0.000000E+0
1.240010E+2	-1.604063E+3	-6.460000E-1	-5.506727E-18	3.318154E+17	1.441214E-6	0.000000E+0	4.790653E-5	6.197135E-4	0.000000E+0	0.000000E+0	0.000000E+0
1.232815E+2	-1.591302E+3	-5.700000E-1	-4.319920E+17	-4.172230E+17	-1.682882E-6	0.000000E+0	4.839426E-5	6.246670E-4	0.000000E+0	0.000000E+0	0.000000E+0
1.225995E+2	-1.578685E+3	-4.940000E-1	2.833723E-18	-1.599031E-19	1.321738E-6	0.000000E+0	4.889747E-5	6.296412E-4	0.000000E+0	0.000000E+0	0.000000E+0
1.216113E+2	-1.565301E+3	-4.180000E-1	-1.699035E+17	-6.410840E-19	3.304898E-6	0.000000E+0	4.933608E-5	6.350217E-4	0.000000E+0	0.000000E+0	0.000000E+0
1.205935E+2	-1.551617E+3	-3.420000E-1	-2.726888E+17	2.120591E-18	1.808039E-7	0.000000E+0	4.978968E-5	6.406192E-4	0.000000E+0	0.000000E+0	0.000000E+0
1.199321E+2	-1.537740E+3	-2.660000E-1	-1.478400E+17	2.700591E+17	1.653250E-6	0.000000E+0	5.041223E-5	6.463732E-4	0.000000E+0	0.000000E+0	0.000000E+0
1.193698E+2	-1.523571E+3	-1.900000E-1	-2.971689E+17	-4.956124E-18	-9.601290E-7	0.000000E+0	5.111064E-5	6.523483E-4	0.000000E+0	0.000000E+0	0.000000E+0
1.187050E+2	-1.509352E+3	-1.140000E-1	-4.717429E+17	-4.931097E+17	1.575245E-9	0.000000E+0	5.178572E-5	6.584632E-4	0.000000E+0	0.000000E+0	0.000000E+0
1.178031E+2	-1.494497E+3	-3.800000E-2	-9.427510E-19	-9.422141E-19	-5.688914E-7	0.000000E+0	5.241753E-5	6.649897E-4	0.000000E+0	0.000000E+0	0.000000E+0
1.173956E+2	-1.478959E+3	3.800000E-2	-3.093320E+17	4.406614E-18	1.414270E-6	0.000000E+0	5.333493E-5	6.719177E-4	0.000000E+0	0.000000E+0	0.000000E+0
1.163652E+2	-1.463158E+3	1.140000E-1	-4.715871E+17	-5.436513E+17	1.354547E-6	0.000000E+0	5.401351E-5	6.791575E-4	0.000000E+0	0.000000E+0	0.000000E+0
1.157096E+2	-1.446842E+3	1.900000E-1	-1.067113E+17	-5.230656E+17	1.294794E-6	0.000000E+0	5.492352E-5	6.867680E-4	0.000000E+0	0.000000E+0	0.000000E+0
1.150275E+2	-1.430103E+3	2.660000E-1	-3.022078E-18	2.162610E+17	2.256500E-6	0.000000E+0	5.588129E-5	6.947556E-4	0.000000E+0	0.000000E+0	0.000000E+0
1.145867E+2	-1.412777E+3	3.420000E-1	-3.411601E-18	5.558819E-18	2.707489E-6	0.000000E+0	5.703473E-5	7.031999E-4	0.000000E+0	0.000000E+0	0.000000E+0
1.138025E+2	-1.394915E+3	4.180000E-1	4.155990E+17	-2.188149E-18	6.048522E-7	0.000000E+0	5.809988E-5	7.121495E-4	0.000000E+0	0.000000E+0	0.000000E+0
1.132802E+2	-1.376495E+3	4.940000E-1	-4.136209E+17	4.857998E-18	1.055841E-6	0.000000E+0	5.938453E-5	7.215957E-4	0.000000E+0	0.000000E+0	0.000000E+0
1.124065E+2	-1.357751E+3	5.700000E-1	-3.851510E-18	-6.874336E-18	4.853755E-7	0.000000E+0	6.055983E-5	7.314984E-4	0.000000E+0	0.000000E+0	0.000000E+0
1.118477E+2	-1.338083E+3	6.460000E-1	4.766215E-20	4.558806E+17	9.363648E-7	0.000000E+0	6.203505E-5	7.421524E-4	0.000000E+0	0.000000E+0	0.000000E+0
1.110392E+2	-1.318130E+3	7.220000E-1	1.388541E-18	6.784133E-18	3.658970E-7	0.000000E+0	6.345835E-5	7.533048E-4	0.000000E+0	0.000000E+0	0.000000E+0
1.102999E+2	-1.298413E+3	7.970000E-1	3.266052E+17	-3.632098E-18	8.445277E-7	0.000000E+0	6.495709E-5	7.646529E-4	0.000000E+0	0.000000E+0	0.000000E+0
1.095498E+2	-1.278131E+3	8.730000E-1	-3.570583E-19	6.323277E-18	2.740890E-7	0.000000E+0	6.657053E-5	7.766866E-4	0.000000E+0	0.000000E+0	0.000000E+0
1.087615E+2	-1.258819E+3	9.490000E-1	-4.524463E+17	2.055148E+17	2.257220E-6	0.000000E+0	6.812691E-5	7.885092E-4	0.000000E+0	0.000000E+0	0.000000E+0
1.079396E+2	-1.240839E+3	1.025000E+0	-6.904437E-18	-8.375564E+16	-8.668430E-7	0.000000E+0	6.957864E-5	7.998537E-4	0.000000E+0	0.000000E+0	0.000000E+0
1.068859E+2	-1.225803E+3	1.101000E+0	2.547933E-18	-3.199502E-19	-9.265932E-7	0.000000E+0	7.059753E-5	8.096359E-4	0.000000E+0	0.000000E+0	0.000000E+0
1.058777E+2	-1.214061E+3	1.177000E+0	-1.554791E+17	1.089529E+17	2.078021E-6	0.000000E+0	7.129071E-5	8.174646E-4	0.000000E+0	0.000000E+0	0.000000E+0
1.051071E+2	-1.205402E+3	1.253000E+0	-5.196819E+17	1.790907E+17	3.039728E-6	0.000000E+0	7.179243E-5	8.233387E-4	0.000000E+0	0.000000E+0	0.000000E+0
1.045674E+2	-1.199980E+3	1.329000E+0	1.001297E+17	-5.707470E+17	4.263420E-7	0.000000E+0	7.207139E-5	8.270669E-4	0.000000E+0	0.000000E+0	0.000000E+0
1.041521E+2	-1.202752E+3	1.405000E+0	-2.820974E+17	-3.573550E+17	3.430963E-6	0.000000E+0	7.146138E-5	8.252384E-4	0.000000E+0	0.000000E+0	0.000000E+0
1.041425E+2	-1.214523E+3	1.481000E+0	7.433461E+16	-3.421240E+17	3.371213E-6	0.000000E+0	7.008660E-5	8.173588E-4	0.000000E+0	0.000000E+0	0.000000E+0
1.039133E+2	-1.230031E+3	1.557000E+0	1.746814E-18	8.421242E+16	-1.285021E-6	0.000000E+0	6.819468E-5	8.072265E-4	0.000000E+0	0.000000E+0	0.000000E+0
1.040862E+2	-1.246753E+3	1.633000E+0	5.364322E+17	-2.871880E+17	-1.855493E-6	0.000000E+0	6.649911E-5	7.965318E-4	0.000000E+0	0.000000E+0	0.000000E+0
1.040864E+2	-1.263998E+3	1.709000E+0	-4.075705E-18	1.673219E-18	-2.425957E-6	0.000000E+0	6.470922E-5	7.858119E-4	0.000000E+0	0.000000E+0	0.000000E+0
1.040920E+2	-1.281128E+3	1.785000E+0	9.197504E+16	2.295762E-18	1.600092E-6	0.000000E+0	6.300495E-5	7.754430E-4	0.000000E+0	0.000000E+0	0.000000E+0
1.038721E+2	-1.296839E+3	1.861000E+0	4.020355E+17	1.878399E+17	4.604706E-6	0.000000E+0	6.136906E-5	7.661903E-4	0.000000E+0	0.000000E+0	0.000000E+0
1.038091E+2	-1.310890E+3	1.937000E+0	1.731139E-18	4.035830E-18	9.698924E-7	0.000000E+0	6.003271E-5	7.580865E-4	0.000000E+0	0.000000E+0	0.000000E+0
1.036583E+2	-1.323402E+3	2.013000E+0	-2.680825E+17	-5.492346E+17	-1.113076E-7	0.000000E+0	5.882531E-5	7.510207E-4	0.000000E+0	0.000000E+0	0.000000E+0
1.035990E+2	-1.334546E+3	2.089000E+0	5.241928E+17	-4.155966E-18	8.503994E-7	0.000000E+0	5.782014E-5	7.448300E-4	0.000000E+0	0.000000E+0	0.000000E+0
1.032150E+2	-1.344049E+3	2.165000E+0	2.579781E+17	4.569561E-19	7.906638E-7	0.000000E+0	5.680139E-5	7.396585E-4	0.000000E+0	0.000000E+0	0.000000E+0
1.029890E+2	-1.352440E+3	2.241000E+0	2.915631E-18	5.325354E+16	-8.012430E-7	0.000000E+0	5.598139E-5	7.351413E-4	0.000000E+0	0.000000E+0	0.000000E+0
1.027950E+2	-1.359729E+3	2.316000E+0	-1.980656E+17	3.078113E+17	-1.344059E-6	0.000000E+0	5.528308E-5	7.312613E-4	0.000000E+0	0.000000E+0	0.000000E+0
1.025970E+2	-1.366018E+3	2.392000E+0	-2.769006E-18	3.559669E+13	1.284061E-7	0.000000E+0	5.467375E-5	7.279484E-4	0.000000E+0	0.000000E+0	0.000000E+0
1.024386E+2	-1.371913E+3	2.468000E+0	6.327179E-19	5.234687E+17	-9.528158E-7	0.000000E+0	5.412474E-5	7.248678E-4	0.000000E+0	0.000000E+0	0.000000E+0
1.023440E+2	-1.376783E+3	2.544000E+0	-2.375415E+17	1.295985E-19	8.920324E-9	0.000000E+0	5.369554E-5	7.223394E-4	0.000000E+0	0.000000E+0	0.000000E+0
1.023789E+2	-1.381067E+3	2.620000E+0	-5.351627E-18	2.346836E+17	9.706273E-7	0.000000E+0	5.338275E-5	7.201206E-4	0.000000E+0	0.000000E+0	0.000000E+0
1.021747E+2	-1.385282E+3	2.696000E+0	2.587907E+17	-4.848260E-18	4.001486E-7	0.000000E+0	5.295546E-5	7.179688E-4	0.000000E+0	0.000000E+0	0.000000E+0
1.020332E+2	-1.388975E+3	2.772000E+0	-3.127958E+17	-9.739258E-19	-1.702487E-6	0.000000E+0	5.260359E-5	7.160911E-4	0.000000E+0	0.000000E+0	0.000000E+0
1.018350E+2	-1.392433E+3	2.848000E+0	6.653737E-18	-4.395667E+17	1.812848E-6	0.000000E+0	5.224344E-5	7.143466E-4	0.000000E+0	0.000000E+0	0.000000E+0
1.019976E+2	-1.395057E+3	2.924000E+0	-1.137863E-18	-4.190346E+17	1.242384E-6	0.000000E+0	5.213035E-5	7.130052E-4	0.000000E+0	0.000000E+0	0.000000E+0
1.020380E+2	-1.397778E+3	3.000000E+0	-9.275184E-19	-3.780148E-18	-3.495370E-7	0.000000E+0	5.194901E-5	7.116289E-4	0.000000E+0	0.000000E+0	0.000000E+0
