Real / Ohm	Ximag / Ohm	V_DC / V	I_a c / A	V_ac / V	I_DC / A
8.383364E+2	-6.464579E+3	-3.000000E+0	-3.567381E+17	-4.286482E-18	3.748544E-6	1.000000E+6	1.972854E-5	1.521307E-4	0.000000E+0	0.000000E+0	0.000000E+0
8.072813E+2	-6.545224E+3	-2.924000E+0	-4.736062E+17	6.689522E-18	1.137087E-7	0.000000E+0	1.856175E-5	1.504938E-4	0.000000E+0	0.000000E+0	0.000000E+0
7.840645E+2	-6.556436E+3	-2.848000E+0	-5.704683E+17	1.371951E+17	5.647016E-7	0.000000E+0	1.798247E-5	1.503714E-4	0.000000E+0	0.000000E+0	0.000000E+0
7.633770E+2	-6.519686E+3	-2.772000E+0	-6.194311E-18	5.356395E+17	2.037123E-6	0.000000E+0	1.771626E-5	1.513073E-4	0.000000E+0	0.000000E+0	0.000000E+0
7.392813E+2	-6.469282E+3	-2.696000E+0	2.517955E+17	3.793714E+16	2.998830E-6	0.000000E+0	1.743664E-5	1.525841E-4	0.000000E+0	0.000000E+0	0.000000E+0
7.234956E+2	-6.414969E+3	-2.620000E+0	4.553607E+17	-2.686618E+17	2.939094E-6	0.000000E+0	1.736031E-5	1.539275E-4	0.000000E+0	0.000000E+0	0.000000E+0
7.044189E+2	-6.358054E+3	-2.544000E+0	8.250878E-19	-2.928817E+17	1.857887E-6	0.000000E+0	1.721409E-5	1.553737E-4	0.000000E+0	0.000000E+0	0.000000E+0
6.899961E+2	-6.291330E+3	-2.468000E+0	6.234134E-18	-3.929323E-18	7.767376E-7	0.000000E+0	1.722539E-5	1.570597E-4	0.000000E+0	0.000000E+0	0.000000E+0
6.707544E+2	-6.231159E+3	-2.392000E+0	-2.651570E-18	4.664198E-18	3.781344E-6	0.000000E+0	1.707743E-5	1.586455E-4	0.000000E+0	0.000000E+0	0.000000E+0
6.557622E+2	-6.177718E+3	-2.316000E+0	2.907620E+17	-1.496570E-18	2.189438E-6	0.000000E+0	1.699120E-5	1.600685E-4	0.000000E+0	0.000000E+0	0.000000E+0
6.427192E+2	-6.122639E+3	-2.241000E+0	-2.052452E-18	3.493290E-18	-3.962632E-7	0.000000E+0	1.695838E-5	1.615481E-4	0.000000E+0	0.000000E+0	0.000000E+0
6.285972E+2	-6.071592E+3	-2.165000E+0	5.725577E-18	6.181569E-18	2.097600E-6	0.000000E+0	1.687085E-5	1.629548E-4	0.000000E+0	0.000000E+0	0.000000E+0
6.156738E+2	-6.017345E+3	-2.089000E+0	-6.504745E+16	2.369916E+17	2.037865E-6	0.000000E+0	1.682744E-5	1.644645E-4	0.000000E+0	0.000000E+0	0.000000E+0
6.039204E+2	-5.968543E+3	-2.013000E+0	8.036557E+16	-5.942611E-18	4.021000E-6	0.000000E+0	1.678106E-5	1.658471E-4	0.000000E+0	0.000000E+0	0.000000E+0
5.914722E+2	-5.922132E+3	-1.937000E+0	2.127762E-18	2.730706E+15	2.429086E-6	0.000000E+0	1.669812E-5	1.671904E-4	0.000000E+0	0.000000E+0	0.000000E+0
5.778672E+2	-5.875262E+3	-1.861000E+0	8.607266E+16	1.699868E-17	2.880071E-6	0.000000E+0	1.658030E-5	1.685744E-4	0.000000E+0	0.000000E+0	0.000000E+0
5.642236E+2	-5.832680E+3	-1.785000E+0	-3.870894E-18	-2.240669E+17	1.288201E-6	0.000000E+0	1.643122E-5	1.698583E-4	0.000000E+0	0.000000E+0	0.000000E+0
5.518608E+2	-5.786995E+3	-1.709000E+0	2.698511E+17	2.405250E+17	-8.144343E-7	0.000000E+0	1.633021E-5	1.712440E-4	0.000000E+0	0.000000E+0	0.000000E+0
5.440991E+2	-5.746660E+3	-1.633000E+0	-6.256276E-18	1.399337E+17	3.211615E-6	0.000000E+0	1.632943E-5	1.724680E-4	0.000000E+0	0.000000E+0	0.000000E+0
5.322085E+2	-5.701453E+3	-1.557000E+0	-1.009562E-18	-5.687810E-18	5.982001E-7	0.000000E+0	1.623091E-5	1.738788E-4	0.000000E+0	0.000000E+0	0.000000E+0
5.219287E+2	-5.661595E+3	-1.481000E+0	1.311717E+15	5.157690E-18	3.092107E-6	0.000000E+0	1.614575E-5	1.751402E-4	0.000000E+0	0.000000E+0	0.000000E+0
5.118560E+2	-5.621430E+3	-1.405000E+0	2.540081E-19	4.245176E+17	-5.426700E-7	0.000000E+0	1.606454E-5	1.764279E-4	0.000000E+0	0.000000E+0	0.000000E+0
4.984976E+2	-5.581101E+3	-1.329000E+0	-5.203440E-18	3.830367E-18	-1.113163E-6	0.000000E+0	1.587714E-5	1.777580E-4	0.000000E+0	0.000000E+0	0.000000E+0
4.900171E+2	-5.538699E+3	-1.253000E+0	-1.291940E-18	-5.342346E-18	8.700226E-7	0.000000E+0	1.584928E-5	1.791456E-4	0.000000E+0	0.000000E+0	0.000000E+0
4.810630E+2	-5.494635E+3	-1.177000E+0	-5.319417E+16	-3.192840E+17	-7.218987E-7	0.000000E+0	1.581277E-5	1.806113E-4	0.000000E+0	0.000000E+0	0.000000E+0
4.729951E+2	-5.453439E+3	-1.101000E+0	2.088264E+17	-2.195880E+17	1.261258E-6	0.000000E+0	1.578559E-5	1.820014E-4	0.000000E+0	0.000000E+0	0.000000E+0
4.605134E+2	-5.415069E+3	-1.025000E+0	-7.957818E+16	-3.372665E-18	1.712251E-6	0.000000E+0	1.559210E-5	1.833439E-4	0.000000E+0	0.000000E+0	0.000000E+0
4.530232E+2	-5.369011E+3	-9.490000E-1	-2.208677E-18	1.580559E+17	2.163244E-6	0.000000E+0	1.560453E-5	1.849374E-4	0.000000E+0	0.000000E+0	0.000000E+0
4.403699E+2	-5.324338E+3	-8.730000E-1	-4.776253E-18	6.132215E-18	5.713191E-7	0.000000E+0	1.542857E-5	1.865407E-4	0.000000E+0	0.000000E+0	0.000000E+0
4.323557E+2	-5.275793E+3	-7.970000E-1	1.829862E+17	1.849291E+17	5.108108E-6	0.000000E+0	1.542974E-5	1.882805E-4	0.000000E+0	0.000000E+0	0.000000E+0
4.262878E+2	-5.233094E+3	-7.220000E-1	4.410889E+17	3.940187E-18	1.500968E-6	0.000000E+0	1.546370E-5	1.898319E-4	0.000000E+0	0.000000E+0	0.000000E+0
4.154646E+2	-5.179888E+3	-6.460000E-1	-5.506727E-18	3.318154E+17	3.484129E-6	0.000000E+0	1.538538E-5	1.918203E-4	0.000000E+0	0.000000E+0	0.000000E+0
4.060542E+2	-5.125984E+3	-5.700000E-1	-4.319920E+17	-4.172230E+17	3.600326E-7	0.000000E+0	1.535723E-5	1.938680E-4	0.000000E+0	0.000000E+0	0.000000E+0
3.971533E+2	-5.072954E+3	-4.940000E-1	2.833723E-18	-1.599031E-19	3.002806E-7	0.000000E+0	1.533849E-5	1.959230E-4	0.000000E+0	0.000000E+0	0.000000E+0
3.884675E+2	-5.016396E+3	-4.180000E-1	-1.699035E+17	-6.410840E-19	7.512699E-7	0.000000E+0	1.534527E-5	1.981580E-4	0.000000E+0	0.000000E+0	0.000000E+0
3.811538E+2	-4.957191E+3	-3.420000E-1	-2.726888E+17	2.120591E-18	-3.299101E-7	0.000000E+0	1.541945E-5	2.005416E-4	0.000000E+0	0.000000E+0	0.000000E+0
3.743149E+2	-4.897935E+3	-2.660000E-1	-1.478400E+17	2.700591E+17	3.696136E-6	0.000000E+0	1.551251E-5	2.029822E-4	0.000000E+0	0.000000E+0	0.000000E+0
3.656072E+2	-4.833628E+3	-1.900000E-1	-2.971689E+17	-4.956124E-18	2.104213E-6	0.000000E+0	1.555932E-5	2.057071E-4	0.000000E+0	0.000000E+0	0.000000E+0
3.591313E+2	-4.766646E+3	-1.140000E-1	-4.717429E+17	-4.931097E+17	2.555204E-6	0.000000E+0	1.571698E-5	2.086070E-4	0.000000E+0	0.000000E+0	0.000000E+0
3.506736E+2	-4.696104E+3	-3.800000E-2	-9.427510E-19	-9.422141E-19	-1.590320E-6	0.000000E+0	1.581294E-5	2.117617E-4	0.000000E+0	0.000000E+0	0.000000E+0
3.420554E+2	-4.622115E+3	3.800000E-2	-3.093320E+17	4.406614E-18	1.925013E-6	0.000000E+0	1.592366E-5	2.151728E-4	0.000000E+0	0.000000E+0	0.000000E+0
3.336492E+2	-4.545776E+3	1.140000E-1	-4.715871E+17	-5.436513E+17	3.397432E-6	0.000000E+0	1.605982E-5	2.188057E-4	0.000000E+0	0.000000E+0	0.000000E+0
3.268965E+2	-4.465594E+3	1.900000E-1	-1.067113E+17	-5.230656E+17	2.316251E-6	0.000000E+0	1.630537E-5	2.227408E-4	0.000000E+0	0.000000E+0	0.000000E+0
3.205183E+2	-4.380543E+3	2.660000E-1	-3.022078E-18	2.162610E+17	-2.971283E-7	0.000000E+0	1.661415E-5	2.270666E-4	0.000000E+0	0.000000E+0	0.000000E+0
3.117307E+2	-4.291389E+3	3.420000E-1	-3.411601E-18	5.558819E-18	2.196775E-6	0.000000E+0	1.683830E-5	2.318016E-4	0.000000E+0	0.000000E+0	0.000000E+0
3.058860E+2	-4.198761E+3	4.180000E-1	4.155990E+17	-2.188149E-18	1.626309E-6	0.000000E+0	1.725911E-5	2.369081E-4	0.000000E+0	0.000000E+0	0.000000E+0
2.989575E+2	-4.102994E+3	4.940000E-1	-4.136209E+17	4.857998E-18	1.055841E-6	0.000000E+0	1.766477E-5	2.424373E-4	0.000000E+0	0.000000E+0	0.000000E+0
2.915618E+2	-4.001276E+3	5.700000E-1	-3.851510E-18	-6.874336E-18	4.853755E-7	0.000000E+0	1.811481E-5	2.486003E-4	0.000000E+0	0.000000E+0	0.000000E+0
2.846543E+2	-3.900001E+3	6.460000E-1	4.766215E-20	4.558806E+17	1.447079E-6	0.000000E+0	1.861576E-5	2.550515E-4	0.000000E+0	0.000000E+0	0.000000E+0
2.772053E+2	-3.800386E+3	7.220000E-1	1.388541E-18	6.784133E-18	4.451696E-6	0.000000E+0	1.909157E-5	2.617386E-4	0.000000E+0	0.000000E+0	0.000000E+0
2.710430E+2	-3.707058E+3	7.970000E-1	3.266052E+17	-3.632098E-18	1.355271E-6	0.000000E+0	1.961842E-5	2.683213E-4	0.000000E+0	0.000000E+0	0.000000E+0
2.644319E+2	-3.618605E+3	8.730000E-1	-3.570583E-19	6.323277E-18	1.295517E-6	0.000000E+0	2.008716E-5	2.748817E-4	0.000000E+0	0.000000E+0	0.000000E+0
2.577373E+2	-3.544795E+3	9.490000E-1	-4.524463E+17	2.055148E+17	-2.963789E-7	0.000000E+0	2.040352E-5	2.806202E-4	0.000000E+0	0.000000E+0	0.000000E+0
2.512507E+2	-3.489229E+3	1.025000E+0	-6.904437E-18	-8.375564E+16	2.708213E-6	0.000000E+0	2.053063E-5	2.851179E-4	0.000000E+0	0.000000E+0	0.000000E+0
2.449597E+2	-3.452798E+3	1.101000E+0	2.547933E-18	-3.199502E-19	2.137749E-6	0.000000E+0	2.044428E-5	2.881698E-4	0.000000E+0	0.000000E+0	0.000000E+0
2.401155E+2	-3.430239E+3	1.177000E+0	-1.554791E+17	1.089529E+17	1.567278E-6	0.000000E+0	2.030713E-5	2.901034E-4	0.000000E+0	0.000000E+0	0.000000E+0
2.370208E+2	-3.420762E+3	1.253000E+0	-5.196819E+17	1.790907E+17	-1.556786E-6	0.000000E+0	2.015862E-5	2.909358E-4	0.000000E+0	0.000000E+0	0.000000E+0
2.354844E+2	-3.415095E+3	1.329000E+0	1.001297E+17	-5.707470E+17	9.370851E-7	0.000000E+0	2.009539E-5	2.914320E-4	0.000000E+0	0.000000E+0	0.000000E+0
2.342849E+2	-3.411148E+3	1.405000E+0	-2.820974E+17	-3.573550E+17	-1.441222E-7	0.000000E+0	2.004007E-5	2.917800E-4	0.000000E+0	0.000000E+0	0.000000E+0
2.332200E+2	-3.411434E+3	1.481000E+0	7.433461E+16	-3.421240E+17	4.392670E-6	0.000000E+0	1.994651E-5	2.917682E-4	0.000000E+0	0.000000E+0	0.000000E+0
2.333174E+2	-3.415415E+3	1.557000E+0	1.746814E-18	8.421242E+16	1.779321E-6	0.000000E+0	1.990848E-5	2.914302E-4	0.000000E+0	0.000000E+0	0.000000E+0
2.355481E+2	-3.425209E+3	1.633000E+0	5.364322E+17	-2.871880E+17	-1.855493E-6	0.000000E+0	1.998280E-5	2.905788E-4	0.000000E+0	0.000000E+0	0.000000E+0
2.376106E+2	-3.445339E+3	1.709000E+0	-4.075705E-18	1.673219E-18	6.383852E-7	0.000000E+0	1.992238E-5	2.888732E-4	0.000000E+0	0.000000E+0	0.000000E+0
2.394934E+2	-3.473277E+3	1.785000E+0	9.197504E+16	2.295762E-18	1.089378E-6	0.000000E+0	1.975853E-5	2.865501E-4	0.000000E+0	0.000000E+0	0.000000E+0
2.399824E+2	-3.509310E+3	1.861000E+0	4.020355E+17	1.878399E+17	8.163624E-9	0.000000E+0	1.939589E-5	2.836299E-4	0.000000E+0	0.000000E+0	0.000000E+0
2.429346E+2	-3.551854E+3	1.937000E+0	1.731139E-18	4.035830E-18	4.591493E-7	0.000000E+0	1.916692E-5	2.802322E-4	0.000000E+0	0.000000E+0	0.000000E+0
2.440374E+2	-3.599386E+3	2.013000E+0	-2.680825E+17	-5.492346E+17	3.994355E-7	0.000000E+0	1.875028E-5	2.765539E-4	0.000000E+0	0.000000E+0	0.000000E+0
2.440457E+2	-3.648333E+3	2.089000E+0	5.241928E+17	-4.155966E-18	-1.703200E-6	0.000000E+0	1.825338E-5	2.728768E-4	0.000000E+0	0.000000E+0	0.000000E+0
2.444529E+2	-3.700139E+3	2.165000E+0	2.579781E+17	4.569561E-19	2.799206E-7	0.000000E+0	1.777738E-5	2.690856E-4	0.000000E+0	0.000000E+0	0.000000E+0
2.467729E+2	-3.748196E+3	2.241000E+0	2.915631E-18	5.325354E+16	-8.012430E-7	0.000000E+0	1.748938E-5	2.656436E-4	0.000000E+0	0.000000E+0	0.000000E+0
2.483064E+2	-3.795925E+3	2.316000E+0	-1.980656E+17	3.078113E+17	2.741741E-6	0.000000E+0	1.715925E-5	2.623179E-4	0.000000E+0	0.000000E+0	0.000000E+0
2.483364E+2	-3.838637E+3	2.392000E+0	-2.769006E-18	3.559669E+13	2.171291E-6	0.000000E+0	1.678311E-5	2.594234E-4	0.000000E+0	0.000000E+0	0.000000E+0
2.482000E+2	-3.877000E+3	2.468000E+0	6.327179E-19	5.234687E+17	-1.463530E-6	0.000000E+0	1.644500E-5	2.568786E-4	0.000000E+0	0.000000E+0	0.000000E+0
2.496248E+2	-3.914908E+3	2.544000E+0	-2.375415E+17	1.295985E-19	3.583977E-6	0.000000E+0	1.622118E-5	2.543995E-4	0.000000E+0	0.000000E+0	0.000000E+0
2.469026E+2	-3.948872E+3	2.620000E+0	-5.351627E-18	2.346836E+17	-1.072287E-6	0.000000E+0	1.577194E-5	2.522507E-4	0.000000E+0	0.000000E+0	0.000000E+0
2.490056E+2	-3.978511E+3	2.696000E+0	2.587907E+17	-4.848260E-18	4.001486E-7	0.000000E+0	1.567004E-5	2.503696E-4	0.000000E+0	0.000000E+0	0.000000E+0
2.489756E+2	-4.002588E+3	2.772000E+0	-3.127958E+17	-9.739258E-19	-1.702487E-6	0.000000E+0	1.548096E-5	2.488754E-4	0.000000E+0	0.000000E+0	0.000000E+0
2.484360E+2	-4.027071E+3	2.848000E+0	6.653737E-18	-4.395667E+17	-2.272951E-6	0.000000E+0	1.526111E-5	2.473780E-4	0.000000E+0	0.000000E+0	0.000000E+0
2.499700E+2	-4.049396E+3	2.924000E+0	-1.137863E-18	-4.190346E+17	2.263812E-6	0.000000E+0	1.518643E-5	2.460129E-4	0.000000E+0	0.000000E+0	0.000000E+0
2.493745E+2	-4.069505E+3	3.000000E+0	-9.275184E-19	-3.780148E-18	-3.495370E-7	0.000000E+0	1.500172E-5	2.448108E-4	0.000000E+0	0.000000E+0	0.000000E+0
