Real / Ohm	Ximag / Ohm	V_DC / V	I_a c / A	V_ac / V	I_DC / A
2.838651E+1	-1.624504E+0	-3.000000E+0	-3.567381E+17	-4.286482E-18	-4.245482E-2	5.623413E+6	3.511300E-2	2.009448E-3	0.000000E+0	0.000000E+0	0.000000E+0
2.865466E+1	-1.647230E+0	-2.924000E+0	-4.736062E+17	6.689522E-18	-4.104477E-2	0.000000E+0	3.478339E-2	1.999544E-3	0.000000E+0	0.000000E+0	0.000000E+0
2.894030E+1	-1.685272E+0	-2.848000E+0	-5.704683E+17	1.371951E+17	-3.964493E-2	0.000000E+0	3.443711E-2	2.005366E-3	0.000000E+0	0.000000E+0	0.000000E+0
2.924984E+1	-1.742666E+0	-2.772000E+0	-6.194311E-18	5.356395E+17	-3.825276E-2	0.000000E+0	3.406730E-2	2.029683E-3	0.000000E+0	0.000000E+0	0.000000E+0
2.959917E+1	-1.817423E+0	-2.696000E+0	2.517955E+17	3.793714E+16	-3.686927E-2	0.000000E+0	3.365784E-2	2.066630E-3	0.000000E+0	0.000000E+0	0.000000E+0
2.997028E+1	-1.917166E+0	-2.620000E+0	4.553607E+17	-2.686618E+17	-3.550774E-2	0.000000E+0	3.323041E-2	2.125713E-3	0.000000E+0	0.000000E+0	0.000000E+0
3.038508E+1	-2.029272E+0	-2.544000E+0	8.250878E-19	-2.928817E+17	-3.414927E-2	0.000000E+0	3.276475E-2	2.188199E-3	0.000000E+0	0.000000E+0	0.000000E+0
3.085679E+1	-2.160320E+0	-2.468000E+0	6.234134E-18	-3.929323E-18	-3.281889E-2	0.000000E+0	3.224970E-2	2.257840E-3	0.000000E+0	0.000000E+0	0.000000E+0
3.136333E+1	-2.299341E+0	-2.392000E+0	-2.651570E-18	4.664198E-18	-3.150230E-2	0.000000E+0	3.171391E-2	2.325043E-3	0.000000E+0	0.000000E+0	0.000000E+0
3.192324E+1	-2.444185E+0	-2.316000E+0	2.907620E+17	-1.496570E-18	-3.020103E-2	0.000000E+0	3.114258E-2	2.384414E-3	0.000000E+0	0.000000E+0	0.000000E+0
3.249754E+1	-2.593060E+0	-2.241000E+0	-2.052452E-18	3.493290E-18	-2.893242E-2	0.000000E+0	3.057688E-2	2.439806E-3	0.000000E+0	0.000000E+0	0.000000E+0
3.312659E+1	-2.740721E+0	-2.165000E+0	5.725577E-18	6.181569E-18	-2.765976E-2	0.000000E+0	2.998200E-2	2.480554E-3	0.000000E+0	0.000000E+0	0.000000E+0
3.377922E+1	-2.867031E+0	-2.089000E+0	-6.504745E+16	2.369916E+17	-2.640701E-2	0.000000E+0	2.939226E-2	2.494685E-3	0.000000E+0	0.000000E+0	0.000000E+0
3.449052E+1	-2.991772E+0	-2.013000E+0	8.036557E+16	-5.942611E-18	-2.516856E-2	0.000000E+0	2.877695E-2	2.496166E-3	0.000000E+0	0.000000E+0	0.000000E+0
3.521138E+1	-3.097494E+0	-1.937000E+0	2.127762E-18	2.730706E+15	-2.395821E-2	0.000000E+0	2.818183E-2	2.479114E-3	0.000000E+0	0.000000E+0	0.000000E+0
3.598396E+1	-3.175404E+0	-1.861000E+0	8.607266E+16	1.699868E-17	-2.275296E-2	0.000000E+0	2.757543E-2	2.433393E-3	0.000000E+0	0.000000E+0	0.000000E+0
3.680981E+1	-3.238649E+0	-1.785000E+0	-3.870894E-18	-2.240669E+17	-2.156405E-2	0.000000E+0	2.695799E-2	2.371853E-3	0.000000E+0	0.000000E+0	0.000000E+0
3.774303E+1	-3.282166E+0	-1.709000E+0	2.698511E+17	2.405250E+17	-2.039455E-2	0.000000E+0	2.629610E-2	2.286731E-3	0.000000E+0	0.000000E+0	0.000000E+0
3.880217E+1	-3.304588E+0	-1.633000E+0	-6.256276E-18	1.399337E+17	-1.924803E-2	0.000000E+0	2.558618E-2	2.179047E-3	0.000000E+0	0.000000E+0	0.000000E+0
4.005412E+1	-3.310001E+0	-1.557000E+0	-1.009562E-18	-5.687810E-18	-1.811224E-2	0.000000E+0	2.479688E-2	2.049170E-3	0.000000E+0	0.000000E+0	0.000000E+0
4.157974E+1	-3.313410E+0	-1.481000E+0	1.311717E+15	5.157690E-18	-1.700148E-2	0.000000E+0	2.389841E-2	1.904419E-3	0.000000E+0	0.000000E+0	0.000000E+0
4.345645E+1	-3.301884E+0	-1.405000E+0	2.540081E-19	4.245176E+17	-1.592136E-2	0.000000E+0	2.287946E-2	1.738414E-3	0.000000E+0	0.000000E+0	0.000000E+0
4.585148E+1	-3.318195E+0	-1.329000E+0	-5.203440E-18	3.830367E-18	-1.487086E-2	0.000000E+0	2.169592E-2	1.570098E-3	0.000000E+0	0.000000E+0	0.000000E+0
4.884409E+1	-3.393841E+0	-1.253000E+0	-1.291940E-18	-5.342346E-18	-1.385406E-2	0.000000E+0	2.037494E-2	1.415715E-3	0.000000E+0	0.000000E+0	0.000000E+0
5.250890E+1	-3.607494E+0	-1.177000E+0	-5.319417E+16	-3.192840E+17	-1.288068E-2	0.000000E+0	1.895492E-2	1.302251E-3	0.000000E+0	0.000000E+0	0.000000E+0
5.661147E+1	-4.029175E+0	-1.101000E+0	2.088264E+17	-2.195880E+17	-1.196195E-2	0.000000E+0	1.757524E-2	1.250872E-3	0.000000E+0	0.000000E+0	0.000000E+0
6.048959E+1	-4.680714E+0	-1.025000E+0	-7.957818E+16	-3.372665E-18	-1.108254E-2	0.000000E+0	1.643337E-2	1.271622E-3	0.000000E+0	0.000000E+0	0.000000E+0
6.327969E+1	-5.403408E+0	-9.490000E-1	-2.208677E-18	1.580559E+17	-1.024093E-2	0.000000E+0	1.568847E-2	1.339627E-3	0.000000E+0	0.000000E+0	0.000000E+0
6.452042E+1	-5.958923E+0	-8.730000E-1	-4.776253E-18	6.132215E-18	-9.426894E-3	0.000000E+0	1.536788E-2	1.419334E-3	0.000000E+0	0.000000E+0	0.000000E+0
6.450365E+1	-6.285465E+0	-7.970000E-1	1.829862E+17	1.849291E+17	-8.617964E-3	0.000000E+0	1.535718E-2	1.496458E-3	0.000000E+0	0.000000E+0	0.000000E+0
6.382814E+1	-6.448853E+0	-7.220000E-1	4.410889E+17	3.940187E-18	-7.819733E-3	0.000000E+0	1.550876E-2	1.566922E-3	0.000000E+0	0.000000E+0	0.000000E+0
6.297625E+1	-6.500168E+0	-6.460000E-1	-5.506727E-18	3.318154E+17	-7.002123E-3	0.000000E+0	1.571162E-2	1.621693E-3	0.000000E+0	0.000000E+0	0.000000E+0
6.223787E+1	-6.523438E+0	-5.700000E-1	-4.319920E+17	-4.172230E+17	-6.182470E-3	0.000000E+0	1.589279E-2	1.665796E-3	0.000000E+0	0.000000E+0	0.000000E+0
6.166037E+1	-6.541534E+0	-4.940000E-1	2.833723E-18	-1.599031E-19	-5.355157E-3	0.000000E+0	1.603737E-2	1.701401E-3	0.000000E+0	0.000000E+0	0.000000E+0
6.126196E+1	-6.577290E+0	-4.180000E-1	-1.699035E+17	-6.410840E-19	-4.524267E-3	0.000000E+0	1.613733E-2	1.732558E-3	0.000000E+0	0.000000E+0	0.000000E+0
6.104387E+1	-6.617596E+0	-3.420000E-1	-2.726888E+17	2.120591E-18	-3.692357E-3	0.000000E+0	1.619138E-2	1.755262E-3	0.000000E+0	0.000000E+0	0.000000E+0
6.096606E+1	-6.655369E+0	-2.660000E-1	-1.478400E+17	2.700591E+17	-2.859425E-3	0.000000E+0	1.620940E-2	1.769502E-3	0.000000E+0	0.000000E+0	0.000000E+0
6.109291E+1	-6.700344E+0	-1.900000E-1	-2.971689E+17	-4.956124E-18	-2.025983E-3	0.000000E+0	1.617396E-2	1.773874E-3	0.000000E+0	0.000000E+0	0.000000E+0
6.139276E+1	-6.770206E+0	-1.140000E-1	-4.717429E+17	-4.931097E+17	-1.196626E-3	0.000000E+0	1.609286E-2	1.774671E-3	0.000000E+0	0.000000E+0	0.000000E+0
6.188863E+1	-6.833889E+0	-3.800000E-2	-9.427510E-19	-9.422141E-19	-3.693120E-4	0.000000E+0	1.596341E-2	1.762718E-3	0.000000E+0	0.000000E+0	0.000000E+0
6.256990E+1	-6.925743E+0	3.800000E-2	-3.093320E+17	4.406614E-18	4.615769E-4	0.000000E+0	1.578868E-2	1.747619E-3	0.000000E+0	0.000000E+0	0.000000E+0
6.343679E+1	-7.023731E+0	1.140000E-1	-4.715871E+17	-5.436513E+17	1.271015E-3	0.000000E+0	1.557282E-2	1.724225E-3	0.000000E+0	0.000000E+0	0.000000E+0
6.445822E+1	-7.143612E+0	1.900000E-1	-1.067113E+17	-5.230656E+17	2.079431E-3	0.000000E+0	1.532569E-2	1.698477E-3	0.000000E+0	0.000000E+0	0.000000E+0
6.562677E+1	-7.284420E+0	2.660000E-1	-3.022078E-18	2.162610E+17	2.872527E-3	0.000000E+0	1.505223E-2	1.670763E-3	0.000000E+0	0.000000E+0	0.000000E+0
6.691776E+1	-7.431156E+0	3.420000E-1	-3.411601E-18	5.558819E-18	3.656940E-3	0.000000E+0	1.476168E-2	1.639271E-3	0.000000E+0	0.000000E+0	0.000000E+0
6.831664E+1	-7.618931E+0	4.180000E-1	4.155990E+17	-2.188149E-18	4.424498E-3	0.000000E+0	1.445790E-2	1.612400E-3	0.000000E+0	0.000000E+0	0.000000E+0
6.980469E+1	-7.805573E+0	4.940000E-1	-4.136209E+17	4.857998E-18	5.184907E-3	0.000000E+0	1.414877E-2	1.582118E-3	0.000000E+0	0.000000E+0	0.000000E+0
7.130807E+1	-8.020676E+0	5.700000E-1	-3.851510E-18	-6.874336E-18	5.934590E-3	0.000000E+0	1.384845E-2	1.557663E-3	0.000000E+0	0.000000E+0	0.000000E+0
7.282065E+1	-8.241825E+0	6.460000E-1	4.766215E-20	4.558806E+17	6.665888E-3	0.000000E+0	1.355869E-2	1.534569E-3	0.000000E+0	0.000000E+0	0.000000E+0
7.425723E+1	-8.444965E+0	7.220000E-1	1.388541E-18	6.784133E-18	7.390035E-3	0.000000E+0	1.329475E-2	1.511957E-3	0.000000E+0	0.000000E+0	0.000000E+0
7.551132E+1	-8.616634E+0	7.970000E-1	3.266052E+17	-3.632098E-18	8.091226E-3	0.000000E+0	1.307282E-2	1.491746E-3	0.000000E+0	0.000000E+0	0.000000E+0
7.644238E+1	-8.727158E+0	8.730000E-1	-3.570583E-19	6.323277E-18	8.799031E-3	0.000000E+0	1.291344E-2	1.474282E-3	0.000000E+0	0.000000E+0	0.000000E+0
7.682430E+1	-8.691086E+0	9.490000E-1	-4.524463E+17	2.055148E+17	9.496110E-3	0.000000E+0	1.285223E-2	1.453965E-3	0.000000E+0	0.000000E+0	0.000000E+0
7.640013E+1	-8.469860E+0	1.025000E+0	-6.904437E-18	-8.375564E+16	1.019421E-2	0.000000E+0	1.293007E-2	1.433451E-3	0.000000E+0	0.000000E+0	0.000000E+0
7.497559E+1	-8.028927E+0	1.101000E+0	2.547933E-18	-3.199502E-19	1.090508E-2	0.000000E+0	1.318646E-2	1.412101E-3	0.000000E+0	0.000000E+0	0.000000E+0
7.245557E+1	-7.339981E+0	1.177000E+0	-1.554791E+17	1.089529E+17	1.163127E-2	0.000000E+0	1.366136E-2	1.383940E-3	0.000000E+0	0.000000E+0	0.000000E+0
6.897562E+1	-6.461006E+0	1.253000E+0	-5.196819E+17	1.790907E+17	1.238044E-2	0.000000E+0	1.437177E-2	1.346217E-3	0.000000E+0	0.000000E+0	0.000000E+0
6.474167E+1	-5.466446E+0	1.329000E+0	1.001297E+17	-5.707470E+17	1.316332E-2	0.000000E+0	1.533666E-2	1.294947E-3	0.000000E+0	0.000000E+0	0.000000E+0
6.013407E+1	-4.482834E+0	1.405000E+0	-2.820974E+17	-3.573550E+17	1.400085E-2	0.000000E+0	1.653760E-2	1.232834E-3	0.000000E+0	0.000000E+0	0.000000E+0
5.553252E+1	-3.531723E+0	1.481000E+0	7.433461E+16	-3.421240E+17	1.489354E-2	0.000000E+0	1.793493E-2	1.140614E-3	0.000000E+0	0.000000E+0	0.000000E+0
5.114458E+1	-2.694813E+0	1.557000E+0	1.746814E-18	8.421242E+16	1.583678E-2	0.000000E+0	1.949828E-2	1.027366E-3	0.000000E+0	0.000000E+0	0.000000E+0
4.699757E+1	-1.936897E+0	1.633000E+0	5.364322E+17	-2.871880E+17	1.686073E-2	0.000000E+0	2.124162E-2	8.754245E-4	0.000000E+0	0.000000E+0	0.000000E+0
4.319249E+1	-1.264460E+0	1.709000E+0	-4.075705E-18	1.673219E-18	1.797200E-2	0.000000E+0	2.313235E-2	6.771994E-4	0.000000E+0	0.000000E+0	0.000000E+0
3.995034E+1	-7.186775E-1	1.785000E+0	9.197504E+16	2.295762E-18	1.913588E-2	0.000000E+0	2.502298E-2	4.501451E-4	0.000000E+0	0.000000E+0	0.000000E+0
3.707362E+1	-2.163544E-1	1.861000E+0	4.020355E+17	1.878399E+17	2.034573E-2	0.000000E+0	2.697244E-2	1.574059E-4	0.000000E+0	0.000000E+0	0.000000E+0
3.452565E+1	2.253304E-1	1.937000E+0	1.731139E-18	4.035830E-18	2.162810E-2	0.000000E+0	2.896274E-2	-1.890243E-4	0.000000E+0	0.000000E+0	0.000000E+0
3.224094E+1	6.294174E-1	2.013000E+0	-2.680825E+17	-5.492346E+17	2.297686E-2	0.000000E+0	3.100465E-2	-6.052822E-4	0.000000E+0	0.000000E+0	0.000000E+0
3.022355E+1	9.862728E-1	2.089000E+0	5.241928E+17	-4.155966E-18	2.440223E-2	0.000000E+0	3.305159E-2	-1.078559E-3	0.000000E+0	0.000000E+0	0.000000E+0
2.843666E+1	1.271858E+0	2.165000E+0	2.579781E+17	4.569561E-19	2.589349E-2	0.000000E+0	3.509567E-2	-1.569689E-3	0.000000E+0	0.000000E+0	0.000000E+0
2.686354E+1	1.497509E+0	2.241000E+0	2.915631E-18	5.325354E+16	2.743939E-2	0.000000E+0	3.710986E-2	-2.068690E-3	0.000000E+0	0.000000E+0	0.000000E+0
2.560188E+1	1.637081E+0	2.316000E+0	-1.980656E+17	3.078113E+17	2.902363E-2	0.000000E+0	3.890057E-2	-2.487450E-3	0.000000E+0	0.000000E+0	0.000000E+0
2.462791E+1	1.686913E+0	2.392000E+0	-2.769006E-18	3.559669E+13	3.065840E-2	0.000000E+0	4.041472E-2	-2.768246E-3	0.000000E+0	0.000000E+0	0.000000E+0
2.389478E+1	1.676374E+0	2.468000E+0	6.327179E-19	5.234687E+17	3.232074E-2	0.000000E+0	4.164517E-2	-2.921679E-3	0.000000E+0	0.000000E+0	0.000000E+0
2.334928E+1	1.602030E+0	2.544000E+0	-2.375415E+17	1.295985E-19	3.403314E-2	0.000000E+0	4.262720E-2	-2.924718E-3	0.000000E+0	0.000000E+0	0.000000E+0
2.301740E+1	1.509798E+0	2.620000E+0	-5.351627E-18	2.346836E+17	3.591510E-2	0.000000E+0	4.325927E-2	-2.837538E-3	0.000000E+0	0.000000E+0	0.000000E+0
2.289433E+1	1.394276E+0	2.696000E+0	2.587907E+17	-4.848260E-18	3.765712E-2	0.000000E+0	4.351754E-2	-2.650239E-3	0.000000E+0	0.000000E+0	0.000000E+0
2.289705E+1	1.249605E+0	2.772000E+0	-3.127958E+17	-9.739258E-19	3.937565E-2	0.000000E+0	4.354406E-2	-2.376414E-3	0.000000E+0	0.000000E+0	0.000000E+0
2.288321E+1	1.114166E+0	2.848000E+0	6.653737E-18	-4.395667E+17	4.112942E-2	0.000000E+0	4.359681E-2	-2.122695E-3	0.000000E+0	0.000000E+0	0.000000E+0
2.310143E+1	1.174149E+0	2.924000E+0	-1.137863E-18	-4.190346E+17	4.245162E-2	0.000000E+0	4.317583E-2	-2.194447E-3	0.000000E+0	0.000000E+0	0.000000E+0
2.379480E+1	1.964907E+0	3.000000E+0	-9.275184E-19	-3.780148E-18	4.339998E-2	0.000000E+0	4.174136E-2	-3.446883E-3	0.000000E+0	0.000000E+0	0.000000E+0
