Real / Ohm	Ximag / Ohm	V_DC / V	I_a c / A	V_ac / V	I_DC / A
2.480891E+1	-1.101673E+0	-3.000000E+0	-3.567381E+17	-4.286482E-18	-3.421275E-2	1.000000E+6	4.022877E-2	1.786413E-3	0.000000E+0	0.000000E+0	0.000000E+0
2.569246E+1	-3.193130E-1	-2.924000E+0	-4.736062E+17	6.689522E-18	-4.142118E-2	0.000000E+0	3.891591E-2	4.836577E-4	0.000000E+0	0.000000E+0	0.000000E+0
2.583981E+1	-7.907581E-1	-2.848000E+0	-5.704683E+17	1.371951E+17	-4.104330E-2	0.000000E+0	3.866377E-2	1.183201E-3	0.000000E+0	0.000000E+0	0.000000E+0
2.379153E+1	-9.442329E-1	-2.772000E+0	-6.194311E-18	5.356395E+17	-3.926706E-2	0.000000E+0	4.196566E-2	1.665524E-3	0.000000E+0	0.000000E+0	0.000000E+0
2.360554E+1	5.043602E-2	-2.696000E+0	2.517955E+17	3.793714E+16	-3.973340E-2	0.000000E+0	4.236274E-2	-9.051300E-5	0.000000E+0	0.000000E+0	0.000000E+0
2.376478E+1	2.149448E-1	-2.620000E+0	4.553607E+17	-2.686618E+17	-3.813950E-2	0.000000E+0	4.207563E-2	-3.805606E-4	0.000000E+0	0.000000E+0	0.000000E+0
2.362331E+1	1.629906E-1	-2.544000E+0	8.250878E-19	-2.928817E+17	-3.650627E-2	0.000000E+0	4.232906E-2	-2.920521E-4	0.000000E+0	0.000000E+0	0.000000E+0
2.247698E+1	5.192089E-1	-2.468000E+0	6.234134E-18	-3.929323E-18	-3.578927E-2	0.000000E+0	4.446624E-2	-1.027152E-3	0.000000E+0	0.000000E+0	0.000000E+0
2.275443E+1	5.360546E-1	-2.392000E+0	-2.651570E-18	4.664198E-18	-3.487359E-2	0.000000E+0	4.392311E-2	-1.034752E-3	0.000000E+0	0.000000E+0	0.000000E+0
2.354925E+1	5.808105E-1	-2.316000E+0	2.907620E+17	-1.496570E-18	-3.341860E-2	0.000000E+0	4.243838E-2	-1.046685E-3	0.000000E+0	0.000000E+0	0.000000E+0
2.400414E+1	4.599457E-1	-2.241000E+0	-2.052452E-18	3.493290E-18	-3.180781E-2	0.000000E+0	4.164419E-2	-7.979485E-4	0.000000E+0	0.000000E+0	0.000000E+0
2.401465E+1	5.127201E-1	-2.165000E+0	5.725577E-18	6.181569E-18	-3.038805E-2	0.000000E+0	4.162228E-2	-8.886483E-4	0.000000E+0	0.000000E+0	0.000000E+0
2.442973E+1	4.967537E-1	-2.089000E+0	-6.504745E+16	2.369916E+17	-2.889475E-2	0.000000E+0	4.091681E-2	-8.320018E-4	0.000000E+0	0.000000E+0	0.000000E+0
2.475440E+1	5.067329E-1	-2.013000E+0	8.036557E+16	-5.942611E-18	-2.743465E-2	0.000000E+0	4.037994E-2	-8.265942E-4	0.000000E+0	0.000000E+0	0.000000E+0
2.511356E+1	5.210648E-1	-1.937000E+0	2.127762E-18	2.730706E+15	-2.599702E-2	0.000000E+0	3.980199E-2	-8.258254E-4	0.000000E+0	0.000000E+0	0.000000E+0
2.552425E+1	5.415058E-1	-1.861000E+0	8.607266E+16	1.699868E-17	-2.455429E-2	0.000000E+0	3.916080E-2	-8.308100E-4	0.000000E+0	0.000000E+0	0.000000E+0
2.602710E+1	5.662365E-1	-1.785000E+0	-3.870894E-18	-2.240669E+17	-2.314117E-2	0.000000E+0	3.840331E-2	-8.354891E-4	0.000000E+0	0.000000E+0	0.000000E+0
2.663514E+1	5.924263E-1	-1.709000E+0	2.698511E+17	2.405250E+17	-2.171835E-2	0.000000E+0	3.752582E-2	-8.346599E-4	0.000000E+0	0.000000E+0	0.000000E+0
2.735551E+1	6.187572E-1	-1.633000E+0	-6.256276E-18	1.399337E+17	-2.033537E-2	0.000000E+0	3.653701E-2	-8.264346E-4	0.000000E+0	0.000000E+0	0.000000E+0
2.823554E+1	6.402359E-1	-1.557000E+0	-1.009562E-18	-5.687810E-18	-1.895341E-2	0.000000E+0	3.539816E-2	-8.026470E-4	0.000000E+0	0.000000E+0	0.000000E+0
2.931370E+1	6.370735E-1	-1.481000E+0	1.311717E+15	5.157690E-18	-1.760158E-2	0.000000E+0	3.409764E-2	-7.410426E-4	0.000000E+0	0.000000E+0	0.000000E+0
3.065469E+1	6.089230E-1	-1.405000E+0	2.540081E-19	4.245176E+17	-1.628193E-2	0.000000E+0	3.260857E-2	-6.477347E-4	0.000000E+0	0.000000E+0	0.000000E+0
3.237902E+1	5.315475E-1	-1.329000E+0	-5.203440E-18	3.830367E-18	-1.498985E-2	0.000000E+0	3.087587E-2	-5.068712E-4	0.000000E+0	0.000000E+0	0.000000E+0
3.451599E+1	4.217548E-1	-1.253000E+0	-1.291940E-18	-5.342346E-18	-1.374426E-2	0.000000E+0	2.896775E-2	-3.539603E-4	0.000000E+0	0.000000E+0	0.000000E+0
3.707281E+1	3.060036E-1	-1.177000E+0	-5.319417E+16	-3.192840E+17	-1.254667E-2	0.000000E+0	2.697211E-2	-2.226312E-4	0.000000E+0	0.000000E+0	0.000000E+0
3.995437E+1	1.977654E-1	-1.101000E+0	2.088264E+17	-2.195880E+17	-1.138636E-2	0.000000E+0	2.502794E-2	-1.238828E-4	0.000000E+0	0.000000E+0	0.000000E+0
4.317648E+1	1.178970E-1	-1.025000E+0	-7.957818E+16	-3.372665E-18	-1.029449E-2	0.000000E+0	2.316059E-2	-6.324192E-5	0.000000E+0	0.000000E+0	0.000000E+0
4.688831E+1	5.331802E-2	-9.490000E-1	-2.208677E-18	1.580559E+17	-9.242462E-3	0.000000E+0	2.132725E-2	-2.425182E-5	0.000000E+0	0.000000E+0	0.000000E+0
5.135320E+1	-4.402161E-3	-8.730000E-1	-4.776253E-18	6.132215E-18	-8.246608E-3	0.000000E+0	1.947298E-2	1.669287E-6	0.000000E+0	0.000000E+0	0.000000E+0
5.713487E+1	-8.335495E-2	-7.970000E-1	1.829862E+17	1.849291E+17	-7.314083E-3	0.000000E+0	1.750241E-2	2.553454E-5	0.000000E+0	0.000000E+0	0.000000E+0
6.466742E+1	-2.406960E-1	-7.220000E-1	4.410889E+17	3.940187E-18	-6.459674E-3	0.000000E+0	1.546352E-2	5.755616E-5	0.000000E+0	0.000000E+0	0.000000E+0
7.386670E+1	-5.704422E-1	-6.460000E-1	-5.506727E-18	3.318154E+17	-5.673729E-3	0.000000E+0	1.353709E-2	1.045414E-4	0.000000E+0	0.000000E+0	0.000000E+0
8.185207E+1	-1.006233E+0	-5.700000E-1	-4.319920E+17	-4.172230E+17	-4.950603E-3	0.000000E+0	1.221532E-2	1.501667E-4	0.000000E+0	0.000000E+0	0.000000E+0
8.611020E+1	-1.331459E+0	-4.940000E-1	2.833723E-18	-1.599031E-19	-4.276508E-3	0.000000E+0	1.161025E-2	1.795208E-4	0.000000E+0	0.000000E+0	0.000000E+0
8.761804E+1	-1.488289E+0	-4.180000E-1	-1.699035E+17	-6.410840E-19	-3.615178E-3	0.000000E+0	1.140988E-2	1.938094E-4	0.000000E+0	0.000000E+0	0.000000E+0
8.780617E+1	-1.556580E+0	-3.420000E-1	-2.726888E+17	2.120591E-18	-2.962021E-3	0.000000E+0	1.138514E-2	2.018296E-4	0.000000E+0	0.000000E+0	0.000000E+0
8.740622E+1	-1.601479E+0	-2.660000E-1	-1.478400E+17	2.700591E+17	-2.303757E-3	0.000000E+0	1.143699E-2	2.095515E-4	0.000000E+0	0.000000E+0	0.000000E+0
8.705424E+1	-1.643181E+0	-1.900000E-1	-2.971689E+17	-4.956124E-18	-1.642429E-3	0.000000E+0	1.148300E-2	2.167459E-4	0.000000E+0	0.000000E+0	0.000000E+0
8.753029E+1	-1.714790E+0	-1.140000E-1	-4.717429E+17	-4.931097E+17	-9.856967E-4	0.000000E+0	1.142023E-2	2.237317E-4	0.000000E+0	0.000000E+0	0.000000E+0
8.910704E+1	-1.835091E+0	-3.800000E-2	-9.427510E-19	-9.422141E-19	-3.325398E-4	0.000000E+0	1.121770E-2	2.310199E-4	0.000000E+0	0.000000E+0	0.000000E+0
9.170758E+1	-2.024605E+0	3.800000E-2	-3.093320E+17	4.406614E-18	3.211277E-4	0.000000E+0	1.089891E-2	2.406125E-4	0.000000E+0	0.000000E+0	0.000000E+0
9.501996E+1	-2.273048E+0	1.140000E-1	-4.715871E+17	-5.436513E+17	9.410871E-4	0.000000E+0	1.051809E-2	2.516115E-4	0.000000E+0	0.000000E+0	0.000000E+0
9.865851E+1	-2.549614E+0	1.900000E-1	-1.067113E+17	-5.230656E+17	1.551343E-3	0.000000E+0	1.012921E-2	2.617673E-4	0.000000E+0	0.000000E+0	0.000000E+0
1.021789E+2	-2.847992E+0	2.660000E-1	-3.022078E-18	2.162610E+17	2.135552E-3	0.000000E+0	9.779159E-3	2.725706E-4	0.000000E+0	0.000000E+0	0.000000E+0
1.053426E+2	-3.154045E+0	3.420000E-1	-3.411601E-18	5.558819E-18	2.714653E-3	0.000000E+0	9.484333E-3	2.839688E-4	0.000000E+0	0.000000E+0	0.000000E+0
1.082315E+2	-3.440002E+0	4.180000E-1	4.155990E+17	-2.188149E-18	3.276901E-3	0.000000E+0	9.230130E-3	2.933681E-4	0.000000E+0	0.000000E+0	0.000000E+0
1.107119E+2	-3.702591E+0	4.940000E-1	-4.136209E+17	4.857998E-18	3.826892E-3	0.000000E+0	9.022361E-3	3.017391E-4	0.000000E+0	0.000000E+0	0.000000E+0
1.126879E+2	-3.922783E+0	5.700000E-1	-3.851510E-18	-6.874336E-18	4.364624E-3	0.000000E+0	8.863327E-3	3.085416E-4	0.000000E+0	0.000000E+0	0.000000E+0
1.139988E+2	-4.103027E+0	6.460000E-1	4.766215E-20	4.558806E+17	4.898271E-3	0.000000E+0	8.760673E-3	3.153128E-4	0.000000E+0	0.000000E+0	0.000000E+0
1.149488E+2	-4.209152E+0	7.220000E-1	1.388541E-18	6.784133E-18	5.426300E-3	0.000000E+0	8.687876E-3	3.181294E-4	0.000000E+0	0.000000E+0	0.000000E+0
1.140036E+2	-4.201515E+0	7.970000E-1	3.266052E+17	-3.632098E-18	5.948739E-3	0.000000E+0	8.759755E-3	3.228340E-4	0.000000E+0	0.000000E+0	0.000000E+0
1.132804E+2	-4.152710E+0	8.730000E-1	-3.570583E-19	6.323277E-18	6.468597E-3	0.000000E+0	8.815805E-3	3.231758E-4	0.000000E+0	0.000000E+0	0.000000E+0
1.110071E+2	-3.919151E+0	9.490000E-1	-4.524463E+17	2.055148E+17	6.945554E-3	0.000000E+0	8.997218E-3	3.176505E-4	0.000000E+0	0.000000E+0	0.000000E+0
1.058669E+2	-4.201752E+0	1.025000E+0	-6.904437E-18	-8.375564E+16	7.469497E-3	0.000000E+0	9.430967E-3	3.743057E-4	0.000000E+0	0.000000E+0	0.000000E+0
9.967984E+1	-3.169609E+0	1.101000E+0	2.547933E-18	-3.199502E-19	8.349925E-3	0.000000E+0	1.002199E-2	3.186780E-4	0.000000E+0	0.000000E+0	0.000000E+0
9.451440E+1	-2.373459E+0	1.177000E+0	-1.554791E+17	1.089529E+17	8.938219E-3	0.000000E+0	1.057373E-2	2.655290E-4	0.000000E+0	0.000000E+0	0.000000E+0
8.681270E+1	-1.611549E+0	1.253000E+0	-5.196819E+17	1.790907E+17	9.463694E-3	0.000000E+0	1.151508E-2	2.137604E-4	0.000000E+0	0.000000E+0	0.000000E+0
7.773059E+1	-8.000908E-1	1.329000E+0	1.001297E+17	-5.707470E+17	1.011430E-2	0.000000E+0	1.286359E-2	1.324065E-4	0.000000E+0	0.000000E+0	0.000000E+0
6.766287E+1	6.629944E-3	1.405000E+0	-2.820974E+17	-3.573550E+17	1.091659E-2	0.000000E+0	1.477915E-2	-1.448135E-6	0.000000E+0	0.000000E+0	0.000000E+0
5.157735E+1	7.664413E-1	1.481000E+0	7.433461E+16	-3.421240E+17	1.177148E-2	0.000000E+0	1.938408E-2	-2.880481E-4	0.000000E+0	0.000000E+0	0.000000E+0
2.122792E+1	2.464167E+0	1.557000E+0	1.746814E-18	8.421242E+16	1.196243E-2	0.000000E+0	4.648144E-2	-5.395631E-3	0.000000E+0	0.000000E+0	0.000000E+0
1.022257E+1	2.498239E+0	1.633000E+0	5.364322E+17	-2.871880E+17	1.380813E-2	0.000000E+0	9.230967E-2	-2.255906E-2	0.000000E+0	0.000000E+0	0.000000E+0
2.368741E+1	2.700884E+0	1.709000E+0	-4.075705E-18	1.673219E-18	1.717476E-2	0.000000E+0	4.167471E-2	-4.751830E-3	0.000000E+0	0.000000E+0	0.000000E+0
1.883015E+1	2.119028E+0	1.785000E+0	9.197504E+16	2.295762E-18	2.100462E-2	0.000000E+0	5.244220E-2	-5.901519E-3	0.000000E+0	0.000000E+0	0.000000E+0
1.912635E+1	1.277495E+0	1.861000E+0	4.020355E+17	1.878399E+17	2.392489E-2	0.000000E+0	5.205168E-2	-3.476657E-3	0.000000E+0	0.000000E+0	0.000000E+0
1.986163E+1	8.185663E-1	1.937000E+0	1.731139E-18	4.035830E-18	2.563014E-2	0.000000E+0	5.026296E-2	-2.071510E-3	0.000000E+0	0.000000E+0	0.000000E+0
2.117457E+1	8.561449E-1	2.013000E+0	-2.680825E+17	-5.492346E+17	2.818319E-2	0.000000E+0	4.714938E-2	-1.906376E-3	0.000000E+0	0.000000E+0	0.000000E+0
2.273432E+1	1.022497E+0	2.089000E+0	5.241928E+17	-4.155966E-18	2.979140E-2	0.000000E+0	4.389756E-2	-1.974333E-3	0.000000E+0	0.000000E+0	0.000000E+0
2.413097E+1	1.041943E+0	2.165000E+0	2.579781E+17	4.569561E-19	3.115855E-2	0.000000E+0	4.136340E-2	-1.786016E-3	0.000000E+0	0.000000E+0	0.000000E+0
2.494378E+1	7.590542E-1	2.241000E+0	2.915631E-18	5.325354E+16	3.305633E-2	0.000000E+0	4.005306E-2	-1.218839E-3	0.000000E+0	0.000000E+0	0.000000E+0
2.525246E+1	6.868629E-1	2.316000E+0	-1.980656E+17	3.078113E+17	3.461298E-2	0.000000E+0	3.957083E-2	-1.076320E-3	0.000000E+0	0.000000E+0	0.000000E+0
2.321301E+1	8.281708E-3	2.392000E+0	-2.769006E-18	3.559669E+13	3.578658E-2	0.000000E+0	4.307928E-2	-1.536940E-5	0.000000E+0	0.000000E+0	0.000000E+0
2.052440E+1	8.384590E-1	2.468000E+0	6.327179E-19	5.234687E+17	4.126199E-2	0.000000E+0	4.864132E-2	-1.987086E-3	0.000000E+0	0.000000E+0	0.000000E+0
2.061691E+1	9.068499E-1	2.544000E+0	-2.375415E+17	1.295985E-19	4.419757E-2	0.000000E+0	4.841021E-2	-2.129359E-3	0.000000E+0	0.000000E+0	0.000000E+0
2.128234E+1	1.008673E+0	2.620000E+0	-5.351627E-18	2.346836E+17	4.433899E-2	0.000000E+0	4.688200E-2	-2.221965E-3	0.000000E+0	0.000000E+0	0.000000E+0
2.207431E+1	1.164940E+0	2.696000E+0	2.587907E+17	-4.848260E-18	4.561421E-2	0.000000E+0	4.517571E-2	-2.384083E-3	0.000000E+0	0.000000E+0	0.000000E+0
2.265370E+1	9.369354E-1	2.772000E+0	-3.127958E+17	-9.739258E-19	4.644152E-2	0.000000E+0	4.406752E-2	-1.822590E-3	0.000000E+0	0.000000E+0	0.000000E+0
2.308696E+1	7.089710E-1	2.848000E+0	6.653737E-18	-4.395667E+17	4.739651E-2	0.000000E+0	4.327369E-2	-1.328880E-3	0.000000E+0	0.000000E+0	0.000000E+0
2.286098E+1	9.948559E-1	2.924000E+0	-1.137863E-18	-4.190346E+17	4.838318E-2	0.000000E+0	4.365997E-2	-1.899979E-3	0.000000E+0	0.000000E+0	0.000000E+0
2.405804E+1	1.215815E+0	3.000000E+0	-9.275184E-19	-3.780148E-18	4.980497E-2	0.000000E+0	4.146026E-2	-2.095266E-3	0.000000E+0	0.000000E+0	0.000000E+0
