Real / Ohm	Ximag / Ohm	V_DC / V	I_a c / A	V_ac / V	I_DC / A
1.458877E+1	9.902697E-1	-3.000000E+0	-3.567381E+17	-4.286482E-18	-5.542467E-2	1.000000E+6	6.823149E-2	-4.631479E-3	0.000000E+0	0.000000E+0	0.000000E+0
1.464517E+1	9.341345E-1	-2.924000E+0	-4.736062E+17	6.689522E-18	-5.365353E-2	0.000000E+0	6.800522E-2	-4.337677E-3	0.000000E+0	0.000000E+0	0.000000E+0
1.474056E+1	8.513041E-1	-2.848000E+0	-5.704683E+17	1.371951E+17	-5.183746E-2	0.000000E+0	6.761451E-2	-3.904907E-3	0.000000E+0	0.000000E+0	0.000000E+0
1.517220E+1	7.798767E-2	-2.772000E+0	-6.194311E-18	5.356395E+17	-5.015212E-2	0.000000E+0	6.590828E-2	-3.387797E-4	0.000000E+0	0.000000E+0	0.000000E+0
1.467953E+1	9.323368E-1	-2.696000E+0	2.517955E+17	3.793714E+16	-4.834728E-2	0.000000E+0	6.784838E-2	-4.309235E-3	0.000000E+0	0.000000E+0	0.000000E+0
1.499691E+1	8.778143E-1	-2.620000E+0	4.553607E+17	-2.686618E+17	-4.653938E-2	0.000000E+0	6.645273E-2	-3.889678E-3	0.000000E+0	0.000000E+0	0.000000E+0
1.552128E+1	8.029594E-1	-2.544000E+0	8.250878E-19	-2.928817E+17	-4.474680E-2	0.000000E+0	6.425571E-2	-3.324128E-3	0.000000E+0	0.000000E+0	0.000000E+0
1.619783E+1	7.264633E-1	-2.468000E+0	6.234134E-18	-3.929323E-18	-4.298230E-2	0.000000E+0	6.161273E-2	-2.763295E-3	0.000000E+0	0.000000E+0	0.000000E+0
1.697712E+1	6.511974E-1	-2.392000E+0	-2.651570E-18	4.664198E-18	-4.123671E-2	0.000000E+0	5.881627E-2	-2.256036E-3	0.000000E+0	0.000000E+0	0.000000E+0
1.782140E+1	5.823669E-1	-2.316000E+0	2.907620E+17	-1.496570E-18	-3.952737E-2	0.000000E+0	5.605246E-2	-1.831680E-3	0.000000E+0	0.000000E+0	0.000000E+0
1.865009E+1	5.232582E-1	-2.241000E+0	-2.052452E-18	3.493290E-18	-3.787266E-2	0.000000E+0	5.357687E-2	-1.503185E-3	0.000000E+0	0.000000E+0	0.000000E+0
1.949786E+1	4.790716E-1	-2.165000E+0	5.725577E-18	6.181569E-18	-3.622155E-2	0.000000E+0	5.125674E-2	-1.259402E-3	0.000000E+0	0.000000E+0	0.000000E+0
2.033953E+1	4.381981E-1	-2.089000E+0	-6.504745E+16	2.369916E+17	-3.460260E-2	0.000000E+0	4.914253E-2	-1.058735E-3	0.000000E+0	0.000000E+0	0.000000E+0
2.117924E+1	4.009171E-1	-2.013000E+0	8.036557E+16	-5.942611E-18	-3.301738E-2	0.000000E+0	4.719913E-2	-8.934664E-4	0.000000E+0	0.000000E+0	0.000000E+0
2.203440E+1	3.751068E-1	-1.937000E+0	2.127762E-18	2.730706E+15	-3.146229E-2	0.000000E+0	4.537043E-2	-7.723722E-4	0.000000E+0	0.000000E+0	0.000000E+0
2.293132E+1	3.437634E-1	-1.861000E+0	8.607266E+16	1.699868E-17	-2.992813E-2	0.000000E+0	4.359868E-2	-6.535878E-4	0.000000E+0	0.000000E+0	0.000000E+0
2.389474E+1	3.206329E-1	-1.785000E+0	-3.870894E-18	-2.240669E+17	-2.842768E-2	0.000000E+0	4.184268E-2	-5.614683E-4	0.000000E+0	0.000000E+0	0.000000E+0
2.496745E+1	2.983398E-1	-1.709000E+0	2.698511E+17	2.405250E+17	-2.695072E-2	0.000000E+0	4.004643E-2	-4.785208E-4	0.000000E+0	0.000000E+0	0.000000E+0
2.617854E+1	2.676544E-1	-1.633000E+0	-6.256276E-18	1.399337E+17	-2.550594E-2	0.000000E+0	3.819523E-2	-3.905154E-4	0.000000E+0	0.000000E+0	0.000000E+0
2.757583E+1	2.358646E-1	-1.557000E+0	-1.009562E-18	-5.687810E-18	-2.409998E-2	0.000000E+0	3.626099E-2	-3.101514E-4	0.000000E+0	0.000000E+0	0.000000E+0
2.917945E+1	1.931171E-1	-1.481000E+0	1.311717E+15	5.157690E-18	-2.272926E-2	0.000000E+0	3.426919E-2	-2.268023E-4	0.000000E+0	0.000000E+0	0.000000E+0
3.098879E+1	1.378345E-1	-1.405000E+0	2.540081E-19	4.245176E+17	-2.140092E-2	0.000000E+0	3.226910E-2	-1.435291E-4	0.000000E+0	0.000000E+0	0.000000E+0
3.296066E+1	6.703186E-2	-1.329000E+0	-5.203440E-18	3.830367E-18	-2.012366E-2	0.000000E+0	3.033907E-2	-6.170036E-5	0.000000E+0	0.000000E+0	0.000000E+0
3.494553E+1	-2.224541E-2	-1.253000E+0	-1.291940E-18	-5.342346E-18	-1.888725E-2	0.000000E+0	2.861595E-2	1.821617E-5	0.000000E+0	0.000000E+0	0.000000E+0
3.673569E+1	-1.175518E-1	-1.177000E+0	-5.319417E+16	-3.192840E+17	-1.768813E-2	0.000000E+0	2.722121E-2	8.710607E-5	0.000000E+0	0.000000E+0	0.000000E+0
3.814978E+1	-2.194481E-1	-1.101000E+0	2.088264E+17	-2.195880E+17	-1.651812E-2	0.000000E+0	2.621160E-2	1.507764E-4	0.000000E+0	0.000000E+0	0.000000E+0
3.904265E+1	-3.014622E-1	-1.025000E+0	-7.957818E+16	-3.372665E-18	-1.537824E-2	0.000000E+0	2.561149E-2	1.977554E-4	0.000000E+0	0.000000E+0	0.000000E+0
3.946980E+1	-3.621902E-1	-9.490000E-1	-2.208677E-18	1.580559E+17	-1.424041E-2	0.000000E+0	2.533369E-2	2.324718E-4	0.000000E+0	0.000000E+0	0.000000E+0
3.951925E+1	-3.981857E-1	-8.730000E-1	-4.776253E-18	6.132215E-18	-1.311688E-2	0.000000E+0	2.530156E-2	2.549319E-4	0.000000E+0	0.000000E+0	0.000000E+0
3.934247E+1	-4.166260E-1	-7.970000E-1	1.829862E+17	1.849291E+17	-1.199079E-2	0.000000E+0	2.541497E-2	2.691376E-4	0.000000E+0	0.000000E+0	0.000000E+0
3.907249E+1	-4.313583E-1	-7.220000E-1	4.410889E+17	3.940187E-18	-1.087284E-2	0.000000E+0	2.559034E-2	2.825160E-4	0.000000E+0	0.000000E+0	0.000000E+0
3.876051E+1	-4.332161E-1	-6.460000E-1	-5.506727E-18	3.318154E+17	-9.741649E-3	0.000000E+0	2.579623E-2	2.883177E-4	0.000000E+0	0.000000E+0	0.000000E+0
3.849589E+1	-4.384232E-1	-5.700000E-1	-4.319920E+17	-4.172230E+17	-8.603815E-3	0.000000E+0	2.597343E-2	2.958070E-4	0.000000E+0	0.000000E+0	0.000000E+0
3.827660E+1	-4.419632E-1	-4.940000E-1	2.833723E-18	-1.599031E-19	-7.454745E-3	0.000000E+0	2.612214E-2	3.016210E-4	0.000000E+0	0.000000E+0	0.000000E+0
3.814600E+1	-4.503460E-1	-4.180000E-1	-1.699035E+17	-6.410840E-19	-6.308738E-3	0.000000E+0	2.621142E-2	3.094481E-4	0.000000E+0	0.000000E+0	0.000000E+0
3.811588E+1	-4.593220E-1	-3.420000E-1	-2.726888E+17	2.120591E-18	-5.157115E-3	0.000000E+0	2.623197E-2	3.161129E-4	0.000000E+0	0.000000E+0	0.000000E+0
3.818394E+1	-4.778099E-1	-2.660000E-1	-1.478400E+17	2.700591E+17	-4.007534E-3	0.000000E+0	2.618492E-2	3.276617E-4	0.000000E+0	0.000000E+0	0.000000E+0
3.836844E+1	-5.059624E-1	-1.900000E-1	-2.971689E+17	-4.956124E-18	-2.861017E-3	0.000000E+0	2.605856E-2	3.436327E-4	0.000000E+0	0.000000E+0	0.000000E+0
3.865933E+1	-5.311527E-1	-1.140000E-1	-4.717429E+17	-4.931097E+17	-1.717054E-3	0.000000E+0	2.586210E-2	3.553275E-4	0.000000E+0	0.000000E+0	0.000000E+0
3.907618E+1	-5.730610E-1	-3.800000E-2	-9.427510E-19	-9.422141E-19	-5.807519E-4	0.000000E+0	2.558554E-2	3.752176E-4	0.000000E+0	0.000000E+0	0.000000E+0
3.960648E+1	-6.215496E-1	3.800000E-2	-3.093320E+17	4.406614E-18	5.575931E-4	0.000000E+0	2.524218E-2	3.961287E-4	0.000000E+0	0.000000E+0	0.000000E+0
4.023129E+1	-6.789341E-1	1.140000E-1	-4.715871E+17	-5.436513E+17	1.674998E-3	0.000000E+0	2.484920E-2	4.193494E-4	0.000000E+0	0.000000E+0	0.000000E+0
4.096214E+1	-7.430077E-1	1.900000E-1	-1.067113E+17	-5.230656E+17	2.780656E-3	0.000000E+0	2.440476E-2	4.426752E-4	0.000000E+0	0.000000E+0	0.000000E+0
4.177335E+1	-8.142033E-1	2.660000E-1	-3.022078E-18	2.162610E+17	3.875590E-3	0.000000E+0	2.392962E-2	4.664115E-4	0.000000E+0	0.000000E+0	0.000000E+0
4.266811E+1	-8.980522E-1	3.420000E-1	-3.411601E-18	5.558819E-18	4.952647E-3	0.000000E+0	2.342633E-2	4.930630E-4	0.000000E+0	0.000000E+0	0.000000E+0
4.361571E+1	-9.837685E-1	4.180000E-1	4.155990E+17	-2.188149E-18	6.016936E-3	0.000000E+0	2.291586E-2	5.168757E-4	0.000000E+0	0.000000E+0	0.000000E+0
4.460584E+1	-1.078808E+0	4.940000E-1	-4.136209E+17	4.857998E-18	7.067437E-3	0.000000E+0	2.240548E-2	5.418845E-4	0.000000E+0	0.000000E+0	0.000000E+0
4.563638E+1	-1.176174E+0	5.700000E-1	-3.851510E-18	-6.874336E-18	8.103635E-3	0.000000E+0	2.189780E-2	5.643660E-4	0.000000E+0	0.000000E+0	0.000000E+0
4.659026E+1	-1.270771E+0	6.460000E-1	4.766215E-20	4.558806E+17	9.137282E-3	0.000000E+0	2.144776E-2	5.849976E-4	0.000000E+0	0.000000E+0	0.000000E+0
4.762827E+1	-1.372009E+0	7.220000E-1	1.388541E-18	6.784133E-18	1.014028E-2	0.000000E+0	2.097853E-2	6.043202E-4	0.000000E+0	0.000000E+0	0.000000E+0
4.859348E+1	-1.463600E+0	7.970000E-1	3.266052E+17	-3.632098E-18	1.111880E-2	0.000000E+0	2.056024E-2	6.192594E-4	0.000000E+0	0.000000E+0	0.000000E+0
4.942768E+1	-1.544750E+0	8.730000E-1	-3.570583E-19	6.323277E-18	1.209678E-2	0.000000E+0	2.021184E-2	6.316751E-4	0.000000E+0	0.000000E+0	0.000000E+0
5.004176E+1	-1.595703E+0	9.490000E-1	-4.524463E+17	2.055148E+17	1.305943E-2	0.000000E+0	1.996301E-2	6.365691E-4	0.000000E+0	0.000000E+0	0.000000E+0
5.030447E+1	-1.606438E+0	1.025000E+0	-6.904437E-18	-8.375564E+16	1.402107E-2	0.000000E+0	1.985870E-2	6.341736E-4	0.000000E+0	0.000000E+0	0.000000E+0
5.006133E+1	-1.545643E+0	1.101000E+0	2.547933E-18	-3.199502E-19	1.497453E-2	0.000000E+0	1.995647E-2	6.161559E-4	0.000000E+0	0.000000E+0	0.000000E+0
4.913341E+1	-1.408463E+0	1.177000E+0	-1.554791E+17	1.089529E+17	1.594638E-2	0.000000E+0	2.033604E-2	5.829548E-4	0.000000E+0	0.000000E+0	0.000000E+0
4.725658E+1	-1.181046E+0	1.253000E+0	-5.196819E+17	1.790907E+17	1.693406E-2	0.000000E+0	2.114787E-2	5.285317E-4	0.000000E+0	0.000000E+0	0.000000E+0
4.479091E+1	-8.616676E-1	1.329000E+0	1.001297E+17	-5.707470E+17	1.801316E-2	0.000000E+0	2.231770E-2	4.293380E-4	0.000000E+0	0.000000E+0	0.000000E+0
4.164153E+1	-4.650192E-1	1.405000E+0	-2.820974E+17	-3.573550E+17	1.908358E-2	0.000000E+0	2.401149E-2	2.681411E-4	0.000000E+0	0.000000E+0	0.000000E+0
3.815390E+1	-9.502983E-2	1.481000E+0	7.433461E+16	-3.421240E+17	2.014583E-2	0.000000E+0	2.620948E-2	6.527989E-5	0.000000E+0	0.000000E+0	0.000000E+0
3.432451E+1	3.508682E-1	1.557000E+0	1.746814E-18	8.421242E+16	2.134648E-2	0.000000E+0	2.913066E-2	-2.977762E-4	0.000000E+0	0.000000E+0	0.000000E+0
3.072233E+1	7.050095E-1	1.633000E+0	5.364322E+17	-2.871880E+17	2.262681E-2	0.000000E+0	3.253248E-2	-7.465485E-4	0.000000E+0	0.000000E+0	0.000000E+0
2.663020E+1	9.116173E-1	1.709000E+0	-4.075705E-18	1.673219E-18	2.417884E-2	0.000000E+0	3.750740E-2	-1.283971E-3	0.000000E+0	0.000000E+0	0.000000E+0
2.339824E+1	1.248306E+0	1.785000E+0	9.197504E+16	2.295762E-18	2.578450E-2	0.000000E+0	4.261696E-2	-2.273633E-3	0.000000E+0	0.000000E+0	0.000000E+0
2.085422E+1	1.588593E+0	1.861000E+0	4.020355E+17	1.878399E+17	2.745246E-2	0.000000E+0	4.767528E-2	-3.631716E-3	0.000000E+0	0.000000E+0	0.000000E+0
2.048750E+1	1.448713E+0	1.937000E+0	1.731139E-18	4.035830E-18	2.916588E-2	0.000000E+0	4.856740E-2	-3.434300E-3	0.000000E+0	0.000000E+0	0.000000E+0
2.118047E+1	1.623887E+0	2.013000E+0	-2.680825E+17	-5.492346E+17	3.088696E-2	0.000000E+0	4.693740E-2	-3.598647E-3	0.000000E+0	0.000000E+0	0.000000E+0
1.995884E+1	1.935298E+0	2.089000E+0	5.241928E+17	-4.155966E-18	3.121938E-2	0.000000E+0	4.963643E-2	-4.812969E-3	0.000000E+0	0.000000E+0	0.000000E+0
1.839640E+1	2.129594E+0	2.165000E+0	2.579781E+17	4.569561E-19	3.271421E-2	0.000000E+0	5.363965E-2	-6.209404E-3	0.000000E+0	0.000000E+0	0.000000E+0
1.671593E+1	2.259986E+0	2.241000E+0	2.915631E-18	5.325354E+16	3.419525E-2	0.000000E+0	5.874930E-2	-7.942878E-3	0.000000E+0	0.000000E+0	0.000000E+0
1.520657E+1	2.351800E+0	2.316000E+0	-1.980656E+17	3.078113E+17	3.598326E-2	0.000000E+0	6.422487E-2	-9.932815E-3	0.000000E+0	0.000000E+0	0.000000E+0
1.391075E+1	2.415717E+0	2.392000E+0	-2.769006E-18	3.559669E+13	3.788514E-2	0.000000E+0	6.978241E-2	-1.211829E-2	0.000000E+0	0.000000E+0	0.000000E+0
1.297077E+1	2.434039E+0	2.468000E+0	6.327179E-19	5.234687E+17	3.986414E-2	0.000000E+0	7.447385E-2	-1.397544E-2	0.000000E+0	0.000000E+0	0.000000E+0
1.221145E+1	2.376534E+0	2.544000E+0	-2.375415E+17	1.295985E-19	4.181505E-2	0.000000E+0	7.890194E-2	-1.535552E-2	0.000000E+0	0.000000E+0	0.000000E+0
1.179261E+1	2.341549E+0	2.620000E+0	-5.351627E-18	2.346836E+17	4.393654E-2	0.000000E+0	8.158237E-2	-1.619905E-2	0.000000E+0	0.000000E+0	0.000000E+0
1.160079E+1	2.284272E+0	2.696000E+0	2.587907E+17	-4.848260E-18	4.606824E-2	0.000000E+0	8.298357E-2	-1.634001E-2	0.000000E+0	0.000000E+0	0.000000E+0
1.158746E+1	2.224673E+0	2.772000E+0	-3.127958E+17	-9.739258E-19	4.804366E-2	0.000000E+0	8.323225E-2	-1.597973E-2	0.000000E+0	0.000000E+0	0.000000E+0
1.156361E+1	2.167565E+0	2.848000E+0	6.653737E-18	-4.395667E+17	5.009927E-2	0.000000E+0	8.354279E-2	-1.565985E-2	0.000000E+0	0.000000E+0	0.000000E+0
1.186538E+1	2.177044E+0	2.924000E+0	-1.137863E-18	-4.190346E+17	5.210993E-2	0.000000E+0	8.153401E-2	-1.495975E-2	0.000000E+0	0.000000E+0	0.000000E+0
1.222689E+1	2.207114E+0	3.000000E+0	-9.275184E-19	-3.780148E-18	5.381927E-2	0.000000E+0	7.920602E-2	-1.429773E-2	0.000000E+0	0.000000E+0	0.000000E+0
