Real / Ohm	Ximag / Ohm	V_DC / V	I_a c / A	V_ac / V	I_DC / A
1.095616E+2	-1.253761E+3	-3.000000E+0	-3.567381E+17	-4.286482E-18	2.216344E-6	5.623413E+6	6.917115E-5	7.915556E-4	0.000000E+0	0.000000E+0	0.000000E+0
1.037450E+2	-1.211330E+3	-2.924000E+0	-4.736062E+17	6.689522E-18	4.710251E-6	0.000000E+0	7.018887E-5	8.195275E-4	0.000000E+0	0.000000E+0	0.000000E+0
1.013721E+2	-1.175148E+3	-2.848000E+0	-5.704683E+17	1.371951E+17	5.647016E-7	0.000000E+0	7.286409E-5	8.446712E-4	0.000000E+0	0.000000E+0	0.000000E+0
9.963849E+1	-1.145968E+3	-2.772000E+0	-6.194311E-18	5.356395E+17	3.058609E-6	0.000000E+0	7.530284E-5	8.660774E-4	0.000000E+0	0.000000E+0	0.000000E+0
9.801208E+1	-1.122594E+3	-2.696000E+0	2.517955E+17	3.793714E+16	9.559735E-7	0.000000E+0	7.718558E-5	8.840550E-4	0.000000E+0	0.000000E+0	0.000000E+0
9.661975E+1	-1.102930E+3	-2.620000E+0	4.553607E+17	-2.686618E+17	3.449808E-6	0.000000E+0	7.882244E-5	8.997708E-4	0.000000E+0	0.000000E+0	0.000000E+0
9.523853E+1	-1.086223E+3	-2.544000E+0	8.250878E-19	-2.928817E+17	-6.956834E-7	0.000000E+0	8.010300E-5	9.135980E-4	0.000000E+0	0.000000E+0	0.000000E+0
9.386743E+1	-1.071556E+3	-2.468000E+0	6.234134E-18	-3.929323E-18	3.330366E-6	0.000000E+0	8.112698E-5	9.261157E-4	0.000000E+0	0.000000E+0	0.000000E+0
9.266632E+1	-1.058392E+3	-2.392000E+0	-2.651570E-18	4.664198E-18	4.292058E-6	0.000000E+0	8.209418E-5	9.376419E-4	0.000000E+0	0.000000E+0	0.000000E+0
9.152240E+1	-1.046448E+3	-2.316000E+0	2.907620E+17	-1.496570E-18	3.210866E-6	0.000000E+0	8.294357E-5	9.483594E-4	0.000000E+0	0.000000E+0	0.000000E+0
9.048700E+1	-1.036135E+3	-2.241000E+0	-2.052452E-18	3.493290E-18	6.251648E-7	0.000000E+0	8.364766E-5	9.578201E-4	0.000000E+0	0.000000E+0	0.000000E+0
8.963245E+1	-1.026166E+3	-2.165000E+0	5.725577E-18	6.181569E-18	2.608314E-6	0.000000E+0	8.447519E-5	9.671226E-4	0.000000E+0	0.000000E+0	0.000000E+0
8.871570E+1	-1.016706E+3	-2.089000E+0	-6.504745E+16	2.369916E+17	2.037865E-6	0.000000E+0	8.517567E-5	9.761362E-4	0.000000E+0	0.000000E+0	0.000000E+0
8.778949E+1	-1.007956E+3	-2.013000E+0	8.036557E+16	-5.942611E-18	2.999572E-6	0.000000E+0	8.575853E-5	9.846375E-4	0.000000E+0	0.000000E+0	0.000000E+0
8.703522E+1	-9.997161E+2	-1.937000E+0	2.127762E-18	2.730706E+15	2.429086E-6	0.000000E+0	8.642957E-5	9.927594E-4	0.000000E+0	0.000000E+0	0.000000E+0
8.626086E+1	-9.917899E+2	-1.861000E+0	8.607266E+16	1.699868E-17	-6.949849E-7	0.000000E+0	8.703652E-5	1.000708E-3	0.000000E+0	0.000000E+0	0.000000E+0
8.563336E+1	-9.843455E+2	-1.785000E+0	-3.870894E-18	-2.240669E+17	2.667148E-7	0.000000E+0	8.771491E-5	1.008273E-3	0.000000E+0	0.000000E+0	0.000000E+0
8.491339E+1	-9.770094E+2	-1.709000E+0	2.698511E+17	2.405250E+17	4.292764E-6	0.000000E+0	8.828980E-5	1.015858E-3	0.000000E+0	0.000000E+0	0.000000E+0
8.419171E+1	-9.699584E+2	-1.633000E+0	-6.256276E-18	1.399337E+17	4.233043E-6	0.000000E+0	8.881848E-5	1.023263E-3	0.000000E+0	0.000000E+0	0.000000E+0
8.351099E+1	-9.629873E+2	-1.557000E+0	-1.009562E-18	-5.687810E-18	1.619686E-6	0.000000E+0	8.938170E-5	1.030684E-3	0.000000E+0	0.000000E+0	0.000000E+0
8.291980E+1	-9.564370E+2	-1.481000E+0	1.311717E+15	5.157690E-18	3.092107E-6	0.000000E+0	8.996911E-5	1.037747E-3	0.000000E+0	0.000000E+0	0.000000E+0
8.224524E+1	-9.498798E+2	-1.405000E+0	2.540081E-19	4.245176E+17	2.010900E-6	0.000000E+0	9.047524E-5	1.044931E-3	0.000000E+0	0.000000E+0	0.000000E+0
8.168060E+1	-9.433553E+2	-1.329000E+0	-5.203440E-18	3.830367E-18	4.190370E-7	0.000000E+0	9.110130E-5	1.052158E-3	0.000000E+0	0.000000E+0	0.000000E+0
8.104718E+1	-9.370327E+2	-1.253000E+0	-1.291940E-18	-5.342346E-18	1.380737E-6	0.000000E+0	9.162026E-5	1.059274E-3	0.000000E+0	0.000000E+0	0.000000E+0
8.057819E+1	-9.306780E+2	-1.177000E+0	-5.319417E+16	-3.192840E+17	3.874644E-6	0.000000E+0	9.233689E-5	1.066491E-3	0.000000E+0	0.000000E+0	0.000000E+0
8.008435E+1	-9.243469E+2	-1.101000E+0	2.088264E+17	-2.195880E+17	2.793429E-6	0.000000E+0	9.303148E-5	1.073785E-3	0.000000E+0	0.000000E+0	0.000000E+0
7.956989E+1	-9.180485E+2	-1.025000E+0	-7.957818E+16	-3.372665E-18	-3.306341E-7	0.000000E+0	9.370596E-5	1.081145E-3	0.000000E+0	0.000000E+0	0.000000E+0
7.906226E+1	-9.118197E+2	-9.490000E-1	-2.208677E-18	1.580559E+17	1.652501E-6	0.000000E+0	9.438399E-5	1.088524E-3	0.000000E+0	0.000000E+0	0.000000E+0
7.856586E+1	-9.055049E+2	-8.730000E-1	-4.776253E-18	6.132215E-18	2.614233E-6	0.000000E+0	9.510319E-5	1.096105E-3	0.000000E+0	0.000000E+0	0.000000E+0
7.826349E+1	-8.990353E+2	-7.970000E-1	1.829862E+17	1.849291E+17	8.512870E-10	0.000000E+0	9.610079E-5	1.103938E-3	0.000000E+0	0.000000E+0	0.000000E+0
7.783350E+1	-8.929507E+2	-7.220000E-1	4.410889E+17	3.940187E-18	2.522396E-6	0.000000E+0	9.687784E-5	1.111438E-3	0.000000E+0	0.000000E+0	0.000000E+0
7.732928E+1	-8.863649E+2	-6.460000E-1	-5.506727E-18	3.318154E+17	-9.095675E-8	0.000000E+0	9.768453E-5	1.119681E-3	0.000000E+0	0.000000E+0	0.000000E+0
7.702234E+1	-8.798538E+2	-5.700000E-1	-4.319920E+17	-4.172230E+17	2.913661E-6	0.000000E+0	9.873708E-5	1.127909E-3	0.000000E+0	0.000000E+0	0.000000E+0
7.654346E+1	-8.731991E+2	-4.940000E-1	2.833723E-18	-1.599031E-19	1.832452E-6	0.000000E+0	9.962243E-5	1.136481E-3	0.000000E+0	0.000000E+0	0.000000E+0
7.617529E+1	-8.663922E+2	-4.180000E-1	-1.699035E+17	-6.410840E-19	7.512699E-7	0.000000E+0	1.007026E-4	1.145358E-3	0.000000E+0	0.000000E+0	0.000000E+0
7.590619E+1	-8.593904E+2	-3.420000E-1	-2.726888E+17	2.120591E-18	3.755889E-6	0.000000E+0	1.019815E-4	1.154608E-3	0.000000E+0	0.000000E+0	0.000000E+0
7.563361E+1	-8.523062E+2	-2.660000E-1	-1.478400E+17	2.700591E+17	-3.896639E-7	0.000000E+0	1.033040E-4	1.164120E-3	0.000000E+0	0.000000E+0	0.000000E+0
7.539886E+1	-8.450239E+2	-1.900000E-1	-2.971689E+17	-4.956124E-18	1.593499E-6	0.000000E+0	1.047570E-4	1.174051E-3	0.000000E+0	0.000000E+0	0.000000E+0
7.501111E+1	-8.376709E+2	-1.140000E-1	-4.717429E+17	-4.931097E+17	5.123184E-7	0.000000E+0	1.060499E-4	1.184290E-3	0.000000E+0	0.000000E+0	0.000000E+0
7.466028E+1	-8.300219E+2	-3.800000E-2	-9.427510E-19	-9.422141E-19	1.474023E-6	0.000000E+0	1.075006E-4	1.195118E-3	0.000000E+0	0.000000E+0	0.000000E+0
7.437830E+1	-8.221394E+2	3.800000E-2	-3.093320E+17	4.406614E-18	-3.182243E-6	0.000000E+0	1.091479E-4	1.206464E-3	0.000000E+0	0.000000E+0	0.000000E+0
7.405920E+1	-8.141078E+2	1.140000E-1	-4.715871E+17	-5.436513E+17	8.438037E-7	0.000000E+0	1.108245E-4	1.218257E-3	0.000000E+0	0.000000E+0	0.000000E+0
7.377734E+1	-8.057832E+2	1.900000E-1	-1.067113E+17	-5.230656E+17	1.805508E-6	0.000000E+0	1.126837E-4	1.230711E-3	0.000000E+0	0.000000E+0	0.000000E+0
7.353888E+1	-7.971442E+2	2.660000E-1	-3.022078E-18	2.162610E+17	-8.078423E-7	0.000000E+0	1.147527E-4	1.243892E-3	0.000000E+0	0.000000E+0	0.000000E+0
7.326465E+1	-7.883092E+2	3.420000E-1	-3.411601E-18	5.558819E-18	4.239660E-6	0.000000E+0	1.168870E-4	1.257674E-3	0.000000E+0	0.000000E+0	0.000000E+0
7.301678E+1	-7.791515E+2	4.180000E-1	4.155990E+17	-2.188149E-18	6.048522E-7	0.000000E+0	1.192289E-4	1.272274E-3	0.000000E+0	0.000000E+0	0.000000E+0
7.279987E+1	-7.696158E+2	4.940000E-1	-4.136209E+17	4.857998E-18	2.077297E-6	0.000000E+0	1.218187E-4	1.287826E-3	0.000000E+0	0.000000E+0	0.000000E+0
7.260046E+1	-7.597461E+2	5.700000E-1	-3.851510E-18	-6.874336E-18	2.017547E-6	0.000000E+0	1.246392E-4	1.304319E-3	0.000000E+0	0.000000E+0	0.000000E+0
7.232727E+1	-7.495306E+2	6.460000E-1	4.766215E-20	4.558806E+17	-5.958063E-7	0.000000E+0	1.275552E-4	1.321860E-3	0.000000E+0	0.000000E+0	0.000000E+0
7.202411E+1	-7.390607E+2	7.220000E-1	1.388541E-18	6.784133E-18	-1.448461E-7	0.000000E+0	1.306209E-4	1.340339E-3	0.000000E+0	0.000000E+0	0.000000E+0
7.176880E+1	-7.286439E+2	7.970000E-1	3.266052E+17	-3.632098E-18	1.865985E-6	0.000000E+0	1.338789E-4	1.359226E-3	0.000000E+0	0.000000E+0	0.000000E+0
7.143854E+1	-7.178064E+2	8.730000E-1	-3.570583E-19	6.323277E-18	-2.366542E-7	0.000000E+0	1.372895E-4	1.379470E-3	0.000000E+0	0.000000E+0	0.000000E+0
7.117670E+1	-7.073289E+2	9.490000E-1	-4.524463E+17	2.055148E+17	2.767963E-6	0.000000E+0	1.408379E-4	1.399597E-3	0.000000E+0	0.000000E+0	0.000000E+0
7.073267E+1	-6.974955E+2	1.025000E+0	-6.904437E-18	-8.375564E+16	1.686756E-6	0.000000E+0	1.439109E-4	1.419107E-3	0.000000E+0	0.000000E+0	0.000000E+0
7.031274E+1	-6.891831E+2	1.101000E+0	2.547933E-18	-3.199502E-19	1.116321E-6	0.000000E+0	1.465101E-4	1.436046E-3	0.000000E+0	0.000000E+0	0.000000E+0
6.995404E+1	-6.827246E+2	1.177000E+0	-1.554791E+17	1.089529E+17	3.510650E-8	0.000000E+0	1.485203E-4	1.449502E-3	0.000000E+0	0.000000E+0	0.000000E+0
6.949915E+1	-6.779534E+2	1.253000E+0	-5.196819E+17	1.790907E+17	4.860995E-7	0.000000E+0	1.496372E-4	1.459688E-3	0.000000E+0	0.000000E+0	0.000000E+0
6.925403E+1	-6.749459E+2	1.329000E+0	1.001297E+17	-5.707470E+17	-2.638000E-6	0.000000E+0	1.504384E-4	1.466164E-3	0.000000E+0	0.000000E+0	0.000000E+0
6.919348E+1	-6.766383E+2	1.405000E+0	-2.820974E+17	-3.573550E+17	-2.187007E-6	0.000000E+0	1.495664E-4	1.462600E-3	0.000000E+0	0.000000E+0	0.000000E+0
6.919556E+1	-6.850640E+2	1.481000E+0	7.433461E+16	-3.421240E+17	-7.145572E-7	0.000000E+0	1.459512E-4	1.444976E-3	0.000000E+0	0.000000E+0	0.000000E+0
6.917297E+1	-6.958162E+2	1.557000E+0	1.746814E-18	8.421242E+16	3.822206E-6	0.000000E+0	1.414739E-4	1.423097E-3	0.000000E+0	0.000000E+0	0.000000E+0
6.924457E+1	-7.067025E+2	1.633000E+0	5.364322E+17	-2.871880E+17	3.251735E-6	0.000000E+0	1.373292E-4	1.401567E-3	0.000000E+0	0.000000E+0	0.000000E+0
6.927942E+1	-7.174467E+2	1.709000E+0	-4.075705E-18	1.673219E-18	1.276712E-7	0.000000E+0	1.333503E-4	1.380955E-3	0.000000E+0	0.000000E+0	0.000000E+0
6.929584E+1	-7.280344E+2	1.785000E+0	9.197504E+16	2.295762E-18	-4.427930E-7	0.000000E+0	1.295647E-4	1.361229E-3	0.000000E+0	0.000000E+0	0.000000E+0
6.926917E+1	-7.377781E+2	1.861000E+0	4.020355E+17	1.878399E+17	1.029621E-6	0.000000E+0	1.261470E-4	1.343577E-3	0.000000E+0	0.000000E+0	0.000000E+0
6.916742E+1	-7.462882E+2	1.937000E+0	1.731139E-18	4.035830E-18	1.480606E-6	0.000000E+0	1.231328E-4	1.328553E-3	0.000000E+0	0.000000E+0	0.000000E+0
6.907526E+1	-7.537379E+2	2.013000E+0	-2.680825E+17	-5.492346E+17	3.994355E-7	0.000000E+0	1.205729E-4	1.315671E-3	0.000000E+0	0.000000E+0	0.000000E+0
6.894110E+1	-7.601741E+2	2.089000E+0	5.241928E+17	-4.155966E-18	2.382571E-6	0.000000E+0	1.183299E-4	1.304757E-3	0.000000E+0	0.000000E+0	0.000000E+0
6.890485E+1	-7.657642E+2	2.165000E+0	2.579781E+17	4.569561E-19	-7.415074E-7	0.000000E+0	1.165621E-4	1.295397E-3	0.000000E+0	0.000000E+0	0.000000E+0
6.873401E+1	-7.705604E+2	2.241000E+0	2.915631E-18	5.325354E+16	-2.905290E-7	0.000000E+0	1.148462E-4	1.287513E-3	0.000000E+0	0.000000E+0	0.000000E+0
6.865509E+1	-7.749329E+2	2.316000E+0	-1.980656E+17	3.078113E+17	-8.333154E-7	0.000000E+0	1.134355E-4	1.280385E-3	0.000000E+0	0.000000E+0	0.000000E+0
6.857355E+1	-7.785540E+2	2.392000E+0	-2.769006E-18	3.559669E+13	-3.823370E-7	0.000000E+0	1.122595E-4	1.274545E-3	0.000000E+0	0.000000E+0	0.000000E+0
6.847803E+1	-7.817717E+2	2.468000E+0	6.327179E-19	5.234687E+17	-9.528158E-7	0.000000E+0	1.111916E-4	1.269406E-3	0.000000E+0	0.000000E+0	0.000000E+0
6.838922E+1	-7.846359E+2	2.544000E+0	-2.375415E+17	1.295985E-19	2.051805E-6	0.000000E+0	1.102464E-4	1.264867E-3	0.000000E+0	0.000000E+0	0.000000E+0
6.831903E+1	-7.871934E+2	2.620000E+0	-5.351627E-18	2.346836E+17	9.706273E-7	0.000000E+0	1.094258E-4	1.260839E-3	0.000000E+0	0.000000E+0	0.000000E+0
6.827563E+1	-7.896138E+2	2.696000E+0	2.587907E+17	-4.848260E-18	2.953777E-6	0.000000E+0	1.086929E-4	1.257044E-3	0.000000E+0	0.000000E+0	0.000000E+0
6.827289E+1	-7.916990E+2	2.772000E+0	-3.127958E+17	-9.739258E-19	8.511415E-7	0.000000E+0	1.081211E-4	1.253782E-3	0.000000E+0	0.000000E+0	0.000000E+0
6.815918E+1	-7.935472E+2	2.848000E+0	6.653737E-18	-4.395667E+17	2.323563E-6	0.000000E+0	1.074451E-4	1.250936E-3	0.000000E+0	0.000000E+0	0.000000E+0
6.818756E+1	-7.951764E+2	2.924000E+0	-1.137863E-18	-4.190346E+17	-1.821958E-6	0.000000E+0	1.070524E-4	1.248403E-3	0.000000E+0	0.000000E+0	0.000000E+0
6.810675E+1	-7.966586E+2	3.000000E+0	-9.275184E-19	-3.780148E-18	1.693348E-6	0.000000E+0	1.065327E-4	1.246135E-3	0.000000E+0	0.000000E+0	0.000000E+0
