Real / Ohm	Ximag / Ohm	V_DC / V	I_a c / A	V_ac / V	I_DC / A
6.400726E+1	-8.148956E+2	-3.000000E+0	-3.567381E+17	-4.286482E-18	1.705630E-6	5.623413E+6	9.579749E-5	1.219626E-3	0.000000E+0	0.000000E+0	0.000000E+0
6.201801E+1	-7.938335E+2	-2.924000E+0	-4.736062E+17	6.689522E-18	3.178051E-6	0.000000E+0	9.781745E-5	1.252068E-3	0.000000E+0	0.000000E+0	0.000000E+0
6.143890E+1	-7.741952E+2	-2.848000E+0	-5.704683E+17	1.371951E+17	1.075416E-6	0.000000E+0	1.018629E-4	1.283580E-3	0.000000E+0	0.000000E+0	0.000000E+0
6.099939E+1	-7.577312E+2	-2.772000E+0	-6.194311E-18	5.356395E+17	4.080037E-6	0.000000E+0	1.055576E-4	1.311232E-3	0.000000E+0	0.000000E+0	0.000000E+0
6.037189E+1	-7.440927E+2	-2.696000E+0	2.517955E+17	3.793714E+16	2.998830E-6	0.000000E+0	1.083256E-4	1.335130E-3	0.000000E+0	0.000000E+0	0.000000E+0
5.976257E+1	-7.325455E+2	-2.620000E+0	4.553607E+17	-2.686618E+17	8.961797E-7	0.000000E+0	1.106316E-4	1.356077E-3	0.000000E+0	0.000000E+0	0.000000E+0
5.914020E+1	-7.224716E+2	-2.544000E+0	8.250878E-19	-2.928817E+17	8.364586E-7	0.000000E+0	1.125488E-4	1.374924E-3	0.000000E+0	0.000000E+0	0.000000E+0
5.855731E+1	-7.135627E+2	-2.468000E+0	6.234134E-18	-3.929323E-18	5.883994E-6	0.000000E+0	1.142357E-4	1.392044E-3	0.000000E+0	0.000000E+0	0.000000E+0
5.794360E+1	-7.056034E+2	-2.392000E+0	-2.651570E-18	4.664198E-18	2.759858E-6	0.000000E+0	1.156020E-4	1.407734E-3	0.000000E+0	0.000000E+0	0.000000E+0
5.730347E+1	-6.981489E+2	-2.316000E+0	2.907620E+17	-1.496570E-18	5.253780E-6	0.000000E+0	1.167801E-4	1.422774E-3	0.000000E+0	0.000000E+0	0.000000E+0
5.678070E+1	-6.916389E+2	-2.241000E+0	-2.052452E-18	3.493290E-18	1.135879E-6	0.000000E+0	1.179030E-4	1.436162E-3	0.000000E+0	0.000000E+0	0.000000E+0
5.624487E+1	-6.852454E+2	-2.165000E+0	5.725577E-18	6.181569E-18	1.586886E-6	0.000000E+0	1.189802E-4	1.449565E-3	0.000000E+0	0.000000E+0	0.000000E+0
5.571088E+1	-6.792715E+2	-2.089000E+0	-6.504745E+16	2.369916E+17	5.056645E-7	0.000000E+0	1.199338E-4	1.462329E-3	0.000000E+0	0.000000E+0	0.000000E+0
5.519244E+1	-6.735834E+2	-2.013000E+0	8.036557E+16	-5.942611E-18	2.999572E-6	0.000000E+0	1.208344E-4	1.474696E-3	0.000000E+0	0.000000E+0	0.000000E+0
5.473346E+1	-6.681630E+2	-1.937000E+0	2.127762E-18	2.730706E+15	2.939858E-6	0.000000E+0	1.217821E-4	1.486665E-3	0.000000E+0	0.000000E+0	0.000000E+0
5.425092E+1	-6.629305E+2	-1.861000E+0	8.607266E+16	1.699868E-17	2.880071E-6	0.000000E+0	1.226231E-4	1.498419E-3	0.000000E+0	0.000000E+0	0.000000E+0
5.383331E+1	-6.579293E+2	-1.785000E+0	-3.870894E-18	-2.240669E+17	1.288201E-6	0.000000E+0	1.235363E-4	1.509812E-3	0.000000E+0	0.000000E+0	0.000000E+0
5.339063E+1	-6.530122E+2	-1.709000E+0	2.698511E+17	2.405250E+17	2.249908E-6	0.000000E+0	1.243738E-4	1.521196E-3	0.000000E+0	0.000000E+0	0.000000E+0
5.296075E+1	-6.482338E+2	-1.633000E+0	-6.256276E-18	1.399337E+17	3.211615E-6	0.000000E+0	1.251992E-4	1.532424E-3	0.000000E+0	0.000000E+0	0.000000E+0
5.253973E+1	-6.435021E+2	-1.557000E+0	-1.009562E-18	-5.687810E-18	2.130400E-6	0.000000E+0	1.260383E-4	1.543706E-3	0.000000E+0	0.000000E+0	0.000000E+0
5.216479E+1	-6.388813E+2	-1.481000E+0	1.311717E+15	5.157690E-18	2.776505E-8	0.000000E+0	1.269555E-4	1.554870E-3	0.000000E+0	0.000000E+0	0.000000E+0
5.177460E+1	-6.343146E+2	-1.405000E+0	2.540081E-19	4.245176E+17	3.032386E-6	0.000000E+0	1.278273E-4	1.566071E-3	0.000000E+0	0.000000E+0	0.000000E+0
5.136957E+1	-6.297649E+2	-1.329000E+0	-5.203440E-18	3.830367E-18	2.461893E-6	0.000000E+0	1.286675E-4	1.577399E-3	0.000000E+0	0.000000E+0	0.000000E+0
5.104480E+1	-6.251929E+2	-1.253000E+0	-1.291940E-18	-5.342346E-18	2.402194E-6	0.000000E+0	1.297293E-4	1.588914E-3	0.000000E+0	0.000000E+0	0.000000E+0
5.068304E+1	-6.206467E+2	-1.177000E+0	-5.319417E+16	-3.192840E+17	1.831730E-6	0.000000E+0	1.307035E-4	1.600549E-3	0.000000E+0	0.000000E+0	0.000000E+0
5.036194E+1	-6.161073E+2	-1.101000E+0	2.088264E+17	-2.195880E+17	1.261258E-6	0.000000E+0	1.317946E-4	1.612321E-3	0.000000E+0	0.000000E+0	0.000000E+0
5.003052E+1	-6.115181E+2	-1.025000E+0	-7.957818E+16	-3.372665E-18	-3.306341E-7	0.000000E+0	1.328982E-4	1.624402E-3	0.000000E+0	0.000000E+0	0.000000E+0
4.977161E+1	-6.068569E+2	-9.490000E-1	-2.208677E-18	1.580559E+17	2.673958E-6	0.000000E+0	1.342448E-4	1.636825E-3	0.000000E+0	0.000000E+0	0.000000E+0
4.939258E+1	-6.022200E+2	-8.730000E-1	-4.776253E-18	6.132215E-18	4.657119E-6	0.000000E+0	1.352819E-4	1.649427E-3	0.000000E+0	0.000000E+0	0.000000E+0
4.909198E+1	-5.974189E+2	-7.970000E-1	1.829862E+17	1.849291E+17	1.533022E-6	0.000000E+0	1.366249E-4	1.662640E-3	0.000000E+0	0.000000E+0	0.000000E+0
4.880847E+1	-5.927170E+2	-7.220000E-1	4.410889E+17	3.940187E-18	-3.120294E-8	0.000000E+0	1.379957E-4	1.675782E-3	0.000000E+0	0.000000E+0	0.000000E+0
4.855945E+1	-5.877659E+2	-6.460000E-1	-5.506727E-18	3.318154E+17	1.951928E-6	0.000000E+0	1.396081E-4	1.689824E-3	0.000000E+0	0.000000E+0	0.000000E+0
4.825861E+1	-5.827290E+2	-5.700000E-1	-4.319920E+17	-4.172230E+17	1.892204E-6	0.000000E+0	1.411475E-4	1.704374E-3	0.000000E+0	0.000000E+0	0.000000E+0
4.799942E+1	-5.775645E+2	-4.940000E-1	2.833723E-18	-1.599031E-19	2.343195E-6	0.000000E+0	1.429045E-4	1.719532E-3	0.000000E+0	0.000000E+0	0.000000E+0
4.772385E+1	-5.723171E+2	-4.180000E-1	-1.699035E+17	-6.410840E-19	2.283441E-6	0.000000E+0	1.446947E-4	1.735217E-3	0.000000E+0	0.000000E+0	0.000000E+0
4.749191E+1	-5.669209E+2	-3.420000E-1	-2.726888E+17	2.120591E-18	2.734432E-6	0.000000E+0	1.467363E-4	1.751622E-3	0.000000E+0	0.000000E+0	0.000000E+0
4.728021E+1	-5.614294E+2	-2.660000E-1	-1.478400E+17	2.700591E+17	1.653250E-6	0.000000E+0	1.489429E-4	1.768625E-3	0.000000E+0	0.000000E+0	0.000000E+0
4.706503E+1	-5.557943E+2	-1.900000E-1	-2.971689E+17	-4.956124E-18	3.125670E-6	0.000000E+0	1.512750E-4	1.786417E-3	0.000000E+0	0.000000E+0	0.000000E+0
4.680890E+1	-5.499722E+2	-1.140000E-1	-4.717429E+17	-4.931097E+17	1.533746E-6	0.000000E+0	1.536428E-4	1.805197E-3	0.000000E+0	0.000000E+0	0.000000E+0
4.657907E+1	-5.441329E+2	-3.800000E-2	-9.427510E-19	-9.422141E-19	-5.688914E-7	0.000000E+0	1.561745E-4	1.824417E-3	0.000000E+0	0.000000E+0	0.000000E+0
4.634885E+1	-5.377637E+2	3.800000E-2	-3.093320E+17	4.406614E-18	-1.179008E-7	0.000000E+0	1.590896E-4	1.845841E-3	0.000000E+0	0.000000E+0	0.000000E+0
4.608658E+1	-5.313804E+2	1.140000E-1	-4.715871E+17	-5.436513E+17	-1.709795E-6	0.000000E+0	1.619977E-4	1.867841E-3	0.000000E+0	0.000000E+0	0.000000E+0
4.589374E+1	-5.249578E+2	1.900000E-1	-1.067113E+17	-5.230656E+17	1.805508E-6	0.000000E+0	1.652715E-4	1.890466E-3	0.000000E+0	0.000000E+0	0.000000E+0
4.561942E+1	-5.184753E+2	2.660000E-1	-3.022078E-18	2.162610E+17	2.767243E-6	0.000000E+0	1.684009E-4	1.913915E-3	0.000000E+0	0.000000E+0	0.000000E+0
4.540192E+1	-5.118146E+2	3.420000E-1	-3.411601E-18	5.558819E-18	1.175318E-6	0.000000E+0	1.719669E-4	1.938578E-3	0.000000E+0	0.000000E+0	0.000000E+0
4.517313E+1	-5.052495E+2	4.180000E-1	4.155990E+17	-2.188149E-18	2.137023E-6	0.000000E+0	1.755539E-4	1.963524E-3	0.000000E+0	0.000000E+0	0.000000E+0
4.481015E+1	-4.986769E+2	4.940000E-1	-4.136209E+17	4.857998E-18	5.450984E-7	0.000000E+0	1.787497E-4	1.989244E-3	0.000000E+0	0.000000E+0	0.000000E+0
4.453992E+1	-4.923895E+2	5.700000E-1	-3.851510E-18	-6.874336E-18	4.853755E-7	0.000000E+0	1.822186E-4	2.014430E-3	0.000000E+0	0.000000E+0	0.000000E+0
4.425940E+1	-4.864785E+2	6.460000E-1	4.766215E-20	4.558806E+17	-1.617263E-6	0.000000E+0	1.854805E-4	2.038714E-3	0.000000E+0	0.000000E+0	0.000000E+0
4.385577E+1	-4.810870E+2	7.220000E-1	1.388541E-18	6.784133E-18	2.919496E-6	0.000000E+0	1.879254E-4	2.061495E-3	0.000000E+0	0.000000E+0	0.000000E+0
4.353577E+1	-4.767389E+2	7.970000E-1	3.266052E+17	-3.632098E-18	3.908899E-6	0.000000E+0	1.899671E-4	2.080236E-3	0.000000E+0	0.000000E+0	0.000000E+0
4.314279E+1	-4.732874E+2	8.730000E-1	-3.570583E-19	6.323277E-18	7.848030E-7	0.000000E+0	1.910137E-4	2.095469E-3	0.000000E+0	0.000000E+0	0.000000E+0
4.279257E+1	-4.710292E+2	9.490000E-1	-4.524463E+17	2.055148E+17	-1.828550E-6	0.000000E+0	1.912947E-4	2.105632E-3	0.000000E+0	0.000000E+0	0.000000E+0
4.242346E+1	-4.699337E+2	1.025000E+0	-6.904437E-18	-8.375564E+16	-8.668430E-7	0.000000E+0	1.905495E-4	2.110758E-3	0.000000E+0	0.000000E+0	0.000000E+0
4.212036E+1	-4.693866E+2	1.101000E+0	2.547933E-18	-3.199502E-19	-4.158792E-7	0.000000E+0	1.896477E-4	2.113422E-3	0.000000E+0	0.000000E+0	0.000000E+0
4.193533E+1	-4.689661E+2	1.177000E+0	-1.554791E+17	1.089529E+17	-2.007779E-6	0.000000E+0	1.891639E-4	2.115435E-3	0.000000E+0	0.000000E+0	0.000000E+0
4.171460E+1	-4.682306E+2	1.253000E+0	-5.196819E+17	1.790907E+17	-3.088957E-6	0.000000E+0	1.887709E-4	2.118882E-3	0.000000E+0	0.000000E+0	0.000000E+0
4.164819E+1	-4.672979E+2	1.329000E+0	1.001297E+17	-5.707470E+17	-1.616543E-6	0.000000E+0	1.892223E-4	2.123098E-3	0.000000E+0	0.000000E+0	0.000000E+0
4.164044E+1	-4.665732E+2	1.405000E+0	-2.820974E+17	-3.573550E+17	2.409506E-6	0.000000E+0	1.897712E-4	2.126350E-3	0.000000E+0	0.000000E+0	0.000000E+0
4.153217E+1	-4.664590E+2	1.481000E+0	7.433461E+16	-3.421240E+17	-1.736014E-6	0.000000E+0	1.893775E-4	2.126950E-3	0.000000E+0	0.000000E+0	0.000000E+0
4.156516E+1	-4.673356E+2	1.557000E+0	1.746814E-18	8.421242E+16	1.268578E-6	0.000000E+0	1.888208E-4	2.122996E-3	0.000000E+0	0.000000E+0	0.000000E+0
4.154614E+1	-4.692937E+2	1.633000E+0	5.364322E+17	-2.871880E+17	-1.855493E-6	0.000000E+0	1.871763E-4	2.114291E-3	0.000000E+0	0.000000E+0	0.000000E+0
4.165543E+1	-4.719959E+2	1.709000E+0	-4.075705E-18	1.673219E-18	1.149099E-6	0.000000E+0	1.855349E-4	2.102288E-3	0.000000E+0	0.000000E+0	0.000000E+0
4.161691E+1	-4.752458E+2	1.785000E+0	9.197504E+16	2.295762E-18	-1.464250E-6	0.000000E+0	1.828587E-4	2.088162E-3	0.000000E+0	0.000000E+0	0.000000E+0
4.168314E+1	-4.790085E+2	1.861000E+0	4.020355E+17	1.878399E+17	-5.025504E-7	0.000000E+0	1.803008E-4	2.071956E-3	0.000000E+0	0.000000E+0	0.000000E+0
4.165359E+1	-4.831336E+2	1.937000E+0	1.731139E-18	4.035830E-18	-5.623078E-7	0.000000E+0	1.771339E-4	2.054549E-3	0.000000E+0	0.000000E+0	0.000000E+0
4.166165E+1	-4.873523E+2	2.013000E+0	-2.680825E+17	-5.492346E+17	2.442321E-6	0.000000E+0	1.741359E-4	2.037018E-3	0.000000E+0	0.000000E+0	0.000000E+0
4.167789E+1	-4.917751E+2	2.089000E+0	5.241928E+17	-4.155966E-18	-2.213943E-6	0.000000E+0	1.711057E-4	2.018949E-3	0.000000E+0	0.000000E+0	0.000000E+0
4.165039E+1	-4.960568E+2	2.165000E+0	2.579781E+17	4.569561E-19	7.906638E-7	0.000000E+0	1.680759E-4	2.001786E-3	0.000000E+0	0.000000E+0	0.000000E+0
4.167343E+1	-5.003896E+2	2.241000E+0	2.915631E-18	5.325354E+16	1.241671E-6	0.000000E+0	1.652878E-4	1.984677E-3	0.000000E+0	0.000000E+0	0.000000E+0
4.158627E+1	-5.043950E+2	2.316000E+0	-1.980656E+17	3.078113E+17	-3.226014E-7	0.000000E+0	1.623552E-4	1.969187E-3	0.000000E+0	0.000000E+0	0.000000E+0
4.158353E+1	-5.081666E+2	2.392000E+0	-2.769006E-18	3.559669E+13	3.703462E-6	0.000000E+0	1.599597E-4	1.954769E-3	0.000000E+0	0.000000E+0	0.000000E+0
4.158737E+1	-5.116932E+2	2.468000E+0	6.327179E-19	5.234687E+17	-1.974244E-6	0.000000E+0	1.577912E-4	1.941472E-3	0.000000E+0	0.000000E+0	0.000000E+0
4.154816E+1	-5.149125E+2	2.544000E+0	-2.375415E+17	1.295985E-19	-1.012537E-6	0.000000E+0	1.556921E-4	1.929515E-3	0.000000E+0	0.000000E+0	0.000000E+0
4.152496E+1	-5.178931E+2	2.620000E+0	-5.351627E-18	2.346836E+17	4.598842E-7	0.000000E+0	1.538317E-4	1.918566E-3	0.000000E+0	0.000000E+0	0.000000E+0
4.151468E+1	-5.207739E+2	2.696000E+0	2.587907E+17	-4.848260E-18	-1.105946E-7	0.000000E+0	1.521080E-4	1.908093E-3	0.000000E+0	0.000000E+0	0.000000E+0
4.148962E+1	-5.233066E+2	2.772000E+0	-3.127958E+17	-9.739258E-19	3.403984E-7	0.000000E+0	1.505586E-4	1.898989E-3	0.000000E+0	0.000000E+0	0.000000E+0
4.149323E+1	-5.256545E+2	2.848000E+0	6.653737E-18	-4.395667E+17	1.812848E-6	0.000000E+0	1.492378E-4	1.890610E-3	0.000000E+0	0.000000E+0	0.000000E+0
4.151196E+1	-5.277446E+2	2.924000E+0	-1.137863E-18	-4.190346E+17	-8.005300E-7	0.000000E+0	1.481313E-4	1.883204E-3	0.000000E+0	0.000000E+0	0.000000E+0
4.154639E+1	-5.297013E+2	3.000000E+0	-9.275184E-19	-3.780148E-18	-8.602510E-7	0.000000E+0	1.471661E-4	1.876314E-3	0.000000E+0	0.000000E+0	0.000000E+0
