Real / Ohm	Ximag / Ohm	V_DC / V	I_a c / A	V_ac / V	I_DC / A
9.330500E+3	-8.475033E+4	-2.500000E+0	-3.567381E+17	-4.283094E-18	-8.915667E-7	1.000000E+6	1.283482E-6	1.165806E-5	0.000000E+0	0.000000E+0	0.000000E+0
9.248379E+3	-7.609588E+4	-2.467000E+0	-4.916206E+17	6.689522E-18	1.770502E-6	0.000000E+0	1.573893E-6	1.295003E-5	0.000000E+0	0.000000E+0	0.000000E+0
9.091180E+3	-6.977644E+4	-2.434000E+0	-5.704680E+17	6.512875E+16	3.468012E-7	0.000000E+0	1.836082E-6	1.409226E-5	0.000000E+0	0.000000E+0	0.000000E+0
8.870520E+3	-6.454151E+4	-2.401000E+0	-6.194310E-18	5.176251E+17	3.008870E-6	0.000000E+0	2.089988E-6	1.520666E-5	0.000000E+0	0.000000E+0	0.000000E+0
8.628629E+3	-5.989206E+4	-2.368000E+0	2.517966E+17	3.793721E+16	3.117369E-6	0.000000E+0	2.356575E-6	1.635719E-5	0.000000E+0	0.000000E+0	0.000000E+0
8.465703E+3	-5.586366E+4	-2.335000E+0	4.553607E+17	-2.686618E+17	2.715096E-6	0.000000E+0	2.651816E-6	1.749886E-5	0.000000E+0	0.000000E+0	0.000000E+0
8.253762E+3	-5.232587E+4	-2.303000E+0	8.250878E-19	2.832976E+17	2.851200E-6	0.000000E+0	2.941342E-6	1.864705E-5	0.000000E+0	0.000000E+0	0.000000E+0
8.132953E+3	-4.910095E+4	-2.270000E+0	6.288344E-18	-3.928899E-18	4.060712E-7	0.000000E+0	3.283324E-6	1.982236E-5	0.000000E+0	0.000000E+0	0.000000E+0
7.966238E+3	-4.597811E+4	-2.237000E+0	-2.653265E-18	4.664211E-18	4.089568E-6	0.000000E+0	3.658521E-6	2.111560E-5	0.000000E+0	0.000000E+0	0.000000E+0
7.845059E+3	-4.297683E+4	-2.204000E+0	2.907620E+17	-1.496570E-18	2.155153E-6	0.000000E+0	4.110475E-6	2.251802E-5	0.000000E+0	0.000000E+0	0.000000E+0
7.630508E+3	-3.995218E+4	-2.171000E+0	-2.052875E-18	3.601710E-18	1.752880E-6	0.000000E+0	4.612247E-6	2.414903E-5	0.000000E+0	0.000000E+0	0.000000E+0
7.391367E+3	-3.688560E+4	-2.138000E+0	5.725574E-18	5.134919E+17	1.861321E-6	0.000000E+0	5.222917E-6	2.606425E-5	0.000000E+0	0.000000E+0	0.000000E+0
7.033453E+3	-3.393540E+4	-2.105000E+0	-6.504745E+16	2.369919E+17	2.991248E-6	0.000000E+0	5.855936E-6	2.825405E-5	0.000000E+0	0.000000E+0	0.000000E+0
6.678701E+3	-3.099920E+4	-2.072000E+0	8.036557E+16	-4.576640E+17	6.674803E-6	0.000000E+0	6.641803E-6	3.082794E-5	0.000000E+0	0.000000E+0	0.000000E+0
6.241396E+3	-2.820818E+4	-2.039000E+0	2.127762E-18	3.298054E+15	2.186702E-6	0.000000E+0	7.477802E-6	3.379616E-5	0.000000E+0	0.000000E+0	0.000000E+0
5.803840E+3	-2.567158E+4	-2.006000E+0	8.607252E+16	1.700207E-17	4.338057E-6	0.000000E+0	8.378400E-6	3.705939E-5	0.000000E+0	0.000000E+0	0.000000E+0
5.337875E+3	-2.329288E+4	-1.973000E+0	-4.013547E-19	-2.240669E+17	2.403642E-6	0.000000E+0	9.347455E-6	4.078948E-5	0.000000E+0	0.000000E+0	0.000000E+0
4.906240E+3	-2.122847E+4	-1.941000E+0	2.698511E+17	-3.360764E+17	1.518318E-6	0.000000E+0	1.033504E-5	4.471796E-5	0.000000E+0	0.000000E+0	0.000000E+0
4.484413E+3	-1.930277E+4	-1.908000E+0	-6.256276E-18	1.400392E+17	1.626759E-6	0.000000E+0	1.141924E-5	4.915312E-5	0.000000E+0	0.000000E+0	0.000000E+0
4.103563E+3	-1.760626E+4	-1.875000E+0	-1.006173E-18	-5.687810E-18	2.245972E-6	0.000000E+0	1.255605E-5	5.387149E-5	0.000000E+0	0.000000E+0	0.000000E+0
3.736484E+3	-1.611028E+4	-1.842000E+0	1.311717E+15	5.157690E-18	3.375899E-6	0.000000E+0	1.366161E-5	5.890361E-5	0.000000E+0	0.000000E+0	0.000000E+0
3.408210E+3	-1.478727E+4	-1.809000E+0	2.472319E-19	4.245176E+17	4.199974E-7	0.000000E+0	1.480033E-5	6.421451E-5	0.000000E+0	0.000000E+0	0.000000E+0
3.118612E+3	-1.363315E+4	-1.776000E+0	-5.203440E-18	3.843920E-18	1.772423E-8	0.000000E+0	1.594476E-5	6.970322E-5	0.000000E+0	0.000000E+0	0.000000E+0
2.859794E+3	-1.263501E+4	-1.743000E+0	-1.183520E-18	-5.342346E-18	6.369373E-7	0.000000E+0	1.704065E-5	7.528821E-5	0.000000E+0	0.000000E+0	0.000000E+0
2.626596E+3	-1.174558E+4	-1.710000E+0	4.512112E+17	-3.192840E+17	3.299006E-6	0.000000E+0	1.813226E-5	8.108360E-5	0.000000E+0	0.000000E+0	0.000000E+0
2.416612E+3	-1.096667E+4	-1.677000E+0	2.088264E+17	-2.195880E+17	1.875305E-6	0.000000E+0	1.916306E-5	8.696262E-5	0.000000E+0	0.000000E+0	0.000000E+0
2.226969E+3	-1.028409E+4	-1.644000E+0	-7.957818E+16	-3.372665E-18	3.005174E-6	0.000000E+0	2.011318E-5	9.288217E-5	0.000000E+0	0.000000E+0	0.000000E+0
2.059220E+3	-9.689525E+3	-1.611000E+0	-1.773302E-18	1.902740E-18	5.600377E-7	0.000000E+0	2.098519E-5	9.874446E-5	0.000000E+0	0.000000E+0	0.000000E+0
1.900996E+3	-9.158834E+3	-1.578000E+0	-4.775830E-18	6.138991E-18	3.222107E-6	0.000000E+0	2.172616E-5	1.046747E-4	0.000000E+0	0.000000E+0	0.000000E+0
1.758965E+3	-8.705465E+3	-1.546000E+0	1.829862E+17	1.860550E+17	8.046482E-7	0.000000E+0	2.229951E-5	1.103647E-4	0.000000E+0	0.000000E+0	0.000000E+0
1.630354E+3	-8.292910E+3	-1.513000E+0	4.410889E+17	3.940187E-18	2.445289E-6	0.000000E+0	2.282437E-5	1.160978E-4	0.000000E+0	0.000000E+0	0.000000E+0
1.506261E+3	-7.925240E+3	-1.480000E+0	-5.506723E-18	3.318506E+17	2.553730E-6	0.000000E+0	2.314538E-5	1.217802E-4	0.000000E+0	0.000000E+0	0.000000E+0
1.393774E+3	-7.597792E+3	-1.447000E+0	-4.319920E+17	-4.172230E+17	2.151457E-6	0.000000E+0	2.335841E-5	1.273322E-4	0.000000E+0	0.000000E+0	0.000000E+0
1.293606E+3	-7.306964E+3	-1.414000E+0	2.837111E-18	-1.599031E-19	1.749184E-6	0.000000E+0	2.349229E-5	1.326967E-4	0.000000E+0	0.000000E+0	0.000000E+0
1.162042E+3	-7.048176E+3	-1.381000E+0	-1.696221E+17	-6.427781E-19	-1.852313E-7	0.000000E+0	2.277302E-5	1.381261E-4	0.000000E+0	0.000000E+0	0.000000E+0
1.114806E+3	-6.820503E+3	-1.348000E+0	-2.726899E+17	1.903750E-18	3.498324E-6	0.000000E+0	2.334083E-5	1.428017E-4	0.000000E+0	0.000000E+0	0.000000E+0
1.035140E+3	-6.612926E+3	-1.315000E+0	-1.478400E+17	2.700591E+17	2.585337E-6	0.000000E+0	2.310461E-5	1.476024E-4	0.000000E+0	0.000000E+0	0.000000E+0
9.640767E+2	-6.429307E+3	-1.282000E+0	-2.971689E+17	-4.956124E-18	3.715228E-6	0.000000E+0	2.281005E-5	1.521174E-4	0.000000E+0	0.000000E+0	0.000000E+0
9.016118E+2	-6.262529E+3	-1.249000E+0	-4.717429E+17	-4.927578E+17	-2.621309E-7	0.000000E+0	2.252218E-5	1.564374E-4	0.000000E+0	0.000000E+0	0.000000E+0
8.374746E+2	-6.118450E+3	-1.216000E+0	-9.427576E-19	-9.422141E-19	2.910710E-6	0.000000E+0	2.195975E-5	1.604343E-4	0.000000E+0	0.000000E+0	0.000000E+0
7.841777E+2	-5.991927E+3	-1.184000E+0	-3.093320E+17	4.406614E-18	1.003937E-6	0.000000E+0	2.147366E-5	1.640809E-4	0.000000E+0	0.000000E+0	0.000000E+0
7.345527E+2	-5.876070E+3	-1.151000E+0	-4.715168E+17	-5.436513E+17	2.644578E-6	0.000000E+0	2.094666E-5	1.675633E-4	0.000000E+0	0.000000E+0	0.000000E+0
6.871294E+2	-5.770949E+3	-1.118000E+0	4.697494E+17	-5.230656E+17	3.263762E-6	0.000000E+0	2.034372E-5	1.708595E-4	0.000000E+0	0.000000E+0	0.000000E+0
6.462139E+2	-5.677781E+3	-1.085000E+0	-3.021231E-18	1.442034E+17	4.904403E-6	0.000000E+0	1.978925E-5	1.738728E-4	0.000000E+0	0.000000E+0	0.000000E+0
6.124663E+2	-5.594630E+3	-1.052000E+0	-2.834423E+17	5.558819E-18	3.991416E-6	0.000000E+0	1.933595E-5	1.766260E-4	0.000000E+0	0.000000E+0	0.000000E+0
5.613677E+2	-5.521064E+3	-1.019000E+0	4.155990E+17	-2.187937E-18	2.567715E-6	0.000000E+0	1.822783E-5	1.792711E-4	0.000000E+0	0.000000E+0	0.000000E+0
5.223965E+2	-5.456569E+3	-9.860000E-1	-4.136209E+17	4.857998E-18	4.208323E-6	0.000000E+0	1.738595E-5	1.816009E-4	0.000000E+0	0.000000E+0	0.000000E+0
5.266670E+2	-5.396881E+3	-9.530000E-1	-3.851507E-18	-6.877568E-18	2.273908E-6	0.000000E+0	1.791159E-5	1.835443E-4	0.000000E+0	0.000000E+0	0.000000E+0
5.053748E+2	-5.343257E+3	-9.200000E-1	4.766215E-20	4.558806E+17	3.403806E-6	0.000000E+0	1.754420E-5	1.854924E-4	0.000000E+0	0.000000E+0	0.000000E+0
4.837261E+2	-5.294144E+3	-8.870000E-1	1.388541E-18	6.784126E-18	4.022990E-6	0.000000E+0	1.711581E-5	1.873241E-4	0.000000E+0	0.000000E+0	0.000000E+0
4.617097E+2	-5.250920E+3	-8.540000E-1	3.266041E+17	-3.632091E-18	2.088575E-6	0.000000E+0	1.661703E-5	1.889817E-4	0.000000E+0	0.000000E+0	0.000000E+0
4.457917E+2	-5.211776E+3	-8.220000E-1	-7.908450E-19	6.323277E-18	2.224682E-6	0.000000E+0	1.629276E-5	1.904796E-4	0.000000E+0	0.000000E+0	0.000000E+0
4.278823E+2	-5.175582E+3	-7.890000E-1	-4.524506E+17	2.054796E+17	3.865320E-6	0.000000E+0	1.586528E-5	1.919034E-4	0.000000E+0	0.000000E+0	0.000000E+0
4.076387E+2	-5.141280E+3	-7.560000E-1	-6.904543E-18	-1.197844E+17	1.930875E-6	0.000000E+0	1.532538E-5	1.932890E-4	0.000000E+0	0.000000E+0	0.000000E+0
3.933787E+2	-5.109418E+3	-7.230000E-1	2.547933E-18	-3.572396E+16	2.550059E-6	0.000000E+0	1.497964E-5	1.945637E-4	0.000000E+0	0.000000E+0	0.000000E+0
3.865420E+2	-5.079000E+3	-6.900000E-1	-1.734935E+17	1.089529E+17	1.637072E-6	0.000000E+0	1.489814E-5	1.957553E-4	0.000000E+0	0.000000E+0	0.000000E+0
3.498005E+2	-5.051498E+3	-6.570000E-1	-5.196819E+17	2.155725E-18	1.234828E-6	0.000000E+0	1.364277E-5	1.970164E-4	0.000000E+0	0.000000E+0	0.000000E+0
3.637610E+2	-5.025923E+3	-6.240000E-1	3.883600E+17	-5.707470E+17	1.854012E-6	0.000000E+0	1.432568E-5	1.979316E-4	0.000000E+0	0.000000E+0	0.000000E+0
3.525908E+2	-5.000810E+3	-5.910000E-1	-2.820974E+17	-3.562313E+17	4.516081E-6	0.000000E+0	1.402932E-5	1.989784E-4	0.000000E+0	0.000000E+0	0.000000E+0
3.479905E+2	-4.975845E+3	-5.580000E-1	7.433406E+16	-3.376204E+17	1.560209E-6	0.000000E+0	1.398668E-5	1.999927E-4	0.000000E+0	0.000000E+0	0.000000E+0
3.383940E+2	-4.952992E+3	-5.250000E-1	5.217108E-18	8.421242E+16	1.365079E-7	0.000000E+0	1.372982E-5	2.009601E-4	0.000000E+0	0.000000E+0	0.000000E+0
3.311479E+2	-4.930622E+3	-4.920000E-1	5.364300E+17	-2.871880E+17	7.556919E-7	0.000000E+0	1.356014E-5	2.019034E-4	0.000000E+0	0.000000E+0	0.000000E+0
3.205332E+2	-4.908188E+3	-4.590000E-1	6.373293E-18	1.659667E-18	2.396302E-6	0.000000E+0	1.324898E-5	2.028759E-4	0.000000E+0	0.000000E+0	0.000000E+0
3.131870E+2	-4.888947E+3	-4.270000E-1	9.197518E+16	1.907948E+17	2.532439E-6	0.000000E+0	1.304952E-5	2.037071E-4	0.000000E+0	0.000000E+0	0.000000E+0
3.000762E+2	-4.868268E+3	-3.940000E-1	4.020179E+17	1.945249E+17	2.130166E-6	0.000000E+0	1.261350E-5	2.046344E-4	0.000000E+0	0.000000E+0	0.000000E+0
2.945210E+2	-4.848155E+3	-3.610000E-1	1.731138E-18	4.035830E-18	7.064646E-7	0.000000E+0	1.248428E-5	2.055056E-4	0.000000E+0	0.000000E+0	0.000000E+0
2.928975E+2	-4.828955E+3	-3.280000E-1	-2.680828E+17	-5.132047E+17	2.857818E-6	0.000000E+0	1.251453E-5	2.063251E-4	0.000000E+0	0.000000E+0	0.000000E+0
2.755286E+2	-4.809157E+3	-2.950000E-1	6.309741E-18	-4.155966E-18	1.434115E-6	0.000000E+0	1.187423E-5	2.072563E-4	0.000000E+0	0.000000E+0	0.000000E+0
2.812830E+2	-4.789467E+3	-2.620000E-1	2.579781E+17	4.569561E-19	1.542585E-6	0.000000E+0	1.222007E-5	2.080738E-4	0.000000E+0	0.000000E+0	0.000000E+0
2.749358E+2	-4.770678E+3	-2.290000E-1	2.915631E-18	5.325354E+16	2.161771E-6	0.000000E+0	1.204013E-5	2.089199E-4	0.000000E+0	0.000000E+0	0.000000E+0
2.756758E+2	-4.750485E+3	-1.960000E-1	-1.980651E+17	2.858813E+16	5.334553E-6	0.000000E+0	1.217482E-5	2.097983E-4	0.000000E+0	0.000000E+0	0.000000E+0
2.682974E+2	-4.731917E+3	-1.630000E-1	-2.796111E-18	4.284796E-22	3.400138E-6	0.000000E+0	1.194396E-5	2.106536E-4	0.000000E+0	0.000000E+0	0.000000E+0
2.654294E+2	-4.712500E+3	-1.300000E-1	5.785012E-19	5.234687E+17	5.551492E-6	0.000000E+0	1.191436E-5	2.115305E-4	0.000000E+0	0.000000E+0	0.000000E+0
2.579248E+2	-4.693294E+3	-9.700000E-2	-2.375065E+17	1.295985E-19	3.106334E-6	0.000000E+0	1.167422E-5	2.124284E-4	0.000000E+0	0.000000E+0	0.000000E+0
2.548997E+2	-4.673760E+3	-6.500000E-2	-5.351627E-18	2.346836E+17	-1.864787E-6	0.000000E+0	1.163447E-5	2.133260E-4	0.000000E+0	0.000000E+0	0.000000E+0
2.455886E+2	-4.653699E+3	-3.200000E-2	2.587907E+17	-3.980899E-18	2.865679E-7	0.000000E+0	1.130847E-5	2.142860E-4	0.000000E+0	0.000000E+0	0.000000E+0
2.420283E+2	-4.633394E+3	1.000000E-3	-3.127958E+17	-9.739274E-19	3.950377E-7	0.000000E+0	1.124305E-5	2.152372E-4	0.000000E+0	0.000000E+0	0.000000E+0
2.432664E+2	-4.612787E+3	3.400000E-2	6.667395E-18	-4.396019E+17	1.524935E-6	0.000000E+0	1.140116E-5	2.161874E-4	0.000000E+0	0.000000E+0	0.000000E+0
2.349412E+2	-4.592050E+3	6.700000E-2	-1.137863E-18	-4.190346E+17	2.654862E-6	0.000000E+0	1.111247E-5	2.171991E-4	0.000000E+0	0.000000E+0	0.000000E+0
2.325798E+2	-4.571174E+3	1.000000E-1	-9.275714E-19	-3.780148E-18	7.204176E-7	0.000000E+0	1.110181E-5	2.181973E-4	0.000000E+0	0.000000E+0	0.000000E+0
