Real / Ohm	Ximag / Ohm	V_DC / V	I_a c / A	V_ac / V	I_DC / A
4.860797E+3	-1.401762E+5	-2.500000E+0	-3.567381E+17	-4.283094E-18	2.683490E-6	1.000000E+6	2.470797E-7	7.125311E-6	0.000000E+0	0.000000E+0	0.000000E+0
4.711008E+3	-1.359341E+5	-2.462000E+0	-4.916206E+17	6.689522E-18	2.142886E-6	0.000000E+0	2.546453E-7	7.347681E-6	0.000000E+0	0.000000E+0	0.000000E+0
4.740750E+3	-1.328753E+5	-2.424000E+0	-5.704680E+17	6.512875E+16	2.623754E-6	0.000000E+0	2.681674E-7	7.516285E-6	0.000000E+0	0.000000E+0	0.000000E+0
4.667531E+3	-1.301710E+5	-2.386000E+0	-6.194310E-18	5.176251E+17	3.615351E-6	0.000000E+0	2.751064E-7	7.672338E-6	0.000000E+0	0.000000E+0	0.000000E+0
4.393750E+3	-1.276807E+5	-2.348000E+0	2.517966E+17	3.793721E+16	1.542561E-6	0.000000E+0	2.691974E-7	7.822774E-6	0.000000E+0	0.000000E+0	0.000000E+0
4.803664E+3	-1.251047E+5	-2.310000E+0	4.553607E+17	-2.686618E+17	5.598486E-6	0.000000E+0	3.064683E-7	7.981537E-6	0.000000E+0	0.000000E+0	0.000000E+0
4.648156E+3	-1.223040E+5	-2.272000E+0	8.250878E-19	2.832976E+17	-5.600887E-7	0.000000E+0	3.102934E-7	8.164555E-6	0.000000E+0	0.000000E+0	0.000000E+0
4.877422E+3	-1.192089E+5	-2.234000E+0	6.288344E-18	-3.928899E-18	1.452936E-6	0.000000E+0	3.426467E-7	8.374616E-6	0.000000E+0	0.000000E+0	0.000000E+0
4.960734E+3	-1.164365E+5	-2.196000E+0	-2.653265E-18	4.664211E-18	4.998161E-6	0.000000E+0	3.652415E-7	8.572811E-6	0.000000E+0	0.000000E+0	0.000000E+0
5.093570E+3	-1.132353E+5	-2.158000E+0	2.907620E+17	-1.496570E-18	4.457557E-6	0.000000E+0	3.964430E-7	8.813336E-6	0.000000E+0	0.000000E+0	0.000000E+0
4.997586E+3	-1.099956E+5	-2.120000E+0	-2.052875E-18	3.601710E-18	2.384812E-6	0.000000E+0	4.122058E-7	9.072544E-6	0.000000E+0	0.000000E+0	0.000000E+0
5.259500E+3	-1.065252E+5	-2.082000E+0	5.725574E-18	5.134919E+17	3.887108E-6	0.000000E+0	4.623622E-7	9.364622E-6	0.000000E+0	0.000000E+0	0.000000E+0
5.275352E+3	-1.030118E+5	-2.044000E+0	-6.504745E+16	2.369919E+17	2.325018E-6	0.000000E+0	4.958382E-7	9.682233E-6	0.000000E+0	0.000000E+0	0.000000E+0
5.365719E+3	-9.934764E+4	-2.006000E+0	8.036557E+16	-4.576640E+17	2.805915E-6	0.000000E+0	5.420606E-7	1.003639E-5	0.000000E+0	0.000000E+0	0.000000E+0
5.395125E+3	-9.505442E+4	-1.968000E+0	2.127762E-18	3.298054E+15	2.265311E-6	0.000000E+0	5.951961E-7	1.048651E-5	0.000000E+0	0.000000E+0	0.000000E+0
5.573883E+3	-9.092786E+4	-1.930000E+0	8.607252E+16	1.700207E-17	3.256901E-6	0.000000E+0	6.716376E-7	1.095656E-5	0.000000E+0	0.000000E+0	0.000000E+0
5.772449E+3	-8.634520E+4	-1.892000E+0	-4.013547E-19	-2.240669E+17	4.759211E-6	0.000000E+0	7.708094E-7	1.152989E-5	0.000000E+0	0.000000E+0	0.000000E+0
5.957020E+3	-8.187119E+4	-1.854000E+0	2.698511E+17	-3.360764E+17	4.218608E-6	0.000000E+0	8.840436E-7	1.214999E-5	0.000000E+0	0.000000E+0	0.000000E+0
6.213090E+3	-7.786216E+4	-1.816000E+0	-6.256276E-18	1.400392E+17	2.656576E-6	0.000000E+0	1.018353E-6	1.276195E-5	0.000000E+0	0.000000E+0	0.000000E+0
6.207766E+3	-7.488852E+4	-1.778000E+0	-1.006173E-18	-5.687810E-18	2.115965E-6	0.000000E+0	1.099337E-6	1.326205E-5	0.000000E+0	0.000000E+0	0.000000E+0
6.253453E+3	-7.281844E+4	-1.741000E+0	1.311717E+15	5.157690E-18	3.135232E-6	0.000000E+0	1.170701E-6	1.363225E-5	0.000000E+0	0.000000E+0	0.000000E+0
6.140688E+3	-7.084058E+4	-1.703000E+0	2.472319E-19	4.245176E+17	3.105335E-6	0.000000E+0	1.214512E-6	1.401093E-5	0.000000E+0	0.000000E+0	0.000000E+0
6.094043E+3	-6.899513E+4	-1.665000E+0	-5.203440E-18	3.843920E-18	2.054025E-6	0.000000E+0	1.270263E-6	1.438158E-5	0.000000E+0	0.000000E+0	0.000000E+0
6.081199E+3	-6.692172E+4	-1.627000E+0	-1.183520E-18	-5.342346E-18	-1.872831E-8	0.000000E+0	1.346740E-6	1.482045E-5	0.000000E+0	0.000000E+0	0.000000E+0
5.966523E+3	-6.461099E+4	-1.589000E+0	4.512112E+17	-3.192840E+17	3.526438E-6	0.000000E+0	1.417166E-6	1.534637E-5	0.000000E+0	0.000000E+0	0.000000E+0
5.758629E+3	-6.221196E+4	-1.551000E+0	2.088264E+17	-2.195880E+17	-7.850758E-8	0.000000E+0	1.475251E-6	1.593752E-5	0.000000E+0	0.000000E+0	0.000000E+0
5.528945E+3	-5.959962E+4	-1.513000E+0	-7.957818E+16	-3.372665E-18	2.956003E-6	0.000000E+0	1.543241E-6	1.663547E-5	0.000000E+0	0.000000E+0	0.000000E+0
5.265703E+3	-5.686448E+4	-1.475000E+0	-1.773302E-18	1.902740E-18	2.415392E-6	0.000000E+0	1.614604E-6	1.743616E-5	0.000000E+0	0.000000E+0	0.000000E+0
4.914832E+3	-5.404665E+4	-1.437000E+0	-4.775830E-18	6.138991E-18	1.364082E-6	0.000000E+0	1.668762E-6	1.835078E-5	0.000000E+0	0.000000E+0	0.000000E+0
4.530645E+3	-5.115146E+4	-1.399000E+0	1.829862E+17	1.860550E+17	3.377099E-6	0.000000E+0	1.718107E-6	1.939761E-5	0.000000E+0	0.000000E+0	0.000000E+0
4.155152E+3	-4.822036E+4	-1.361000E+0	4.410889E+17	3.940187E-18	-1.759989E-6	0.000000E+0	1.773835E-6	2.058528E-5	0.000000E+0	0.000000E+0	0.000000E+0
3.734703E+3	-4.539268E+4	-1.323000E+0	-5.506723E-18	3.318506E+17	2.806664E-6	0.000000E+0	1.800340E-6	2.188186E-5	0.000000E+0	0.000000E+0	0.000000E+0
3.368172E+3	-4.258012E+4	-1.285000E+0	-4.319920E+17	-4.172230E+17	1.755339E-6	0.000000E+0	1.846169E-6	2.333910E-5	0.000000E+0	0.000000E+0	0.000000E+0
3.040754E+3	-3.987112E+4	-1.247000E+0	2.837111E-18	-1.599031E-19	1.725457E-6	0.000000E+0	1.901716E-6	2.493578E-5	0.000000E+0	0.000000E+0	0.000000E+0
2.698916E+3	-3.722539E+4	-1.209000E+0	-1.696221E+17	-6.427781E-19	2.206332E-6	0.000000E+0	1.937465E-6	2.672292E-5	0.000000E+0	0.000000E+0	0.000000E+0
2.420047E+3	-3.455799E+4	-1.171000E+0	-2.726899E+17	1.903750E-18	3.708643E-6	0.000000E+0	2.016519E-6	2.879565E-5	0.000000E+0	0.000000E+0	0.000000E+0
2.162217E+3	-3.199154E+4	-1.133000E+0	-1.478400E+17	2.700591E+17	3.168039E-6	0.000000E+0	2.103050E-6	3.111612E-5	0.000000E+0	0.000000E+0	0.000000E+0
1.965934E+3	-2.943074E+4	-1.095000E+0	-2.971689E+17	-4.956124E-18	7.383642E-8	0.000000E+0	2.259608E-6	3.382714E-5	0.000000E+0	0.000000E+0	0.000000E+0
1.802744E+3	-2.700774E+4	-1.057000E+0	-4.717429E+17	-4.927578E+17	4.393951E-8	0.000000E+0	2.460520E-6	3.686219E-5	0.000000E+0	0.000000E+0	0.000000E+0
1.628379E+3	-2.450701E+4	-1.019000E+0	-9.427576E-19	-9.422141E-19	4.610600E-6	0.000000E+0	2.699365E-6	4.062529E-5	0.000000E+0	0.000000E+0	0.000000E+0
1.494572E+3	-2.220780E+4	-9.810000E-1	-3.093320E+17	4.406614E-18	4.580736E-6	0.000000E+0	3.016777E-6	4.482620E-5	0.000000E+0	0.000000E+0	0.000000E+0
1.383523E+3	-2.003800E+4	-9.430000E-1	-4.715168E+17	-5.436513E+17	2.507961E-6	0.000000E+0	3.429353E-6	4.966840E-5	0.000000E+0	0.000000E+0	0.000000E+0
1.243730E+3	-1.808664E+4	-9.050000E-1	4.697494E+17	-5.230656E+17	1.967353E-6	0.000000E+0	3.784091E-6	5.502922E-5	0.000000E+0	0.000000E+0	0.000000E+0
1.149190E+3	-1.635837E+4	-8.670000E-1	-3.021231E-18	1.442034E+17	-1.053922E-7	0.000000E+0	4.273402E-6	6.083057E-5	0.000000E+0	0.000000E+0	0.000000E+0
1.037297E+3	-1.486602E+4	-8.290000E-1	-2.834423E+17	5.558819E-18	-6.459959E-7	0.000000E+0	4.670941E-6	6.694158E-5	0.000000E+0	0.000000E+0	0.000000E+0
9.583848E+2	-1.359948E+4	-7.910000E-1	4.155990E+17	-2.187937E-18	3.920653E-6	0.000000E+0	5.156367E-6	7.316884E-5	0.000000E+0	0.000000E+0	0.000000E+0
8.751992E+2	-1.253978E+4	-7.530000E-1	-4.136209E+17	4.857998E-18	4.401507E-6	0.000000E+0	5.538813E-6	7.935964E-5	0.000000E+0	0.000000E+0	0.000000E+0
7.862832E+2	-1.164485E+4	-7.150000E-1	-3.851507E-18	-6.877568E-18	2.858433E-7	0.000000E+0	5.772124E-6	8.548513E-5	0.000000E+0	0.000000E+0	0.000000E+0
7.393882E+2	-1.090691E+4	-6.770000E-1	4.766215E-20	4.558806E+17	-1.786932E-6	0.000000E+0	6.186967E-6	9.126558E-5	0.000000E+0	0.000000E+0	0.000000E+0
6.849678E+2	-1.028105E+4	-6.390000E-1	1.388541E-18	6.784126E-18	1.758261E-6	0.000000E+0	6.451664E-6	9.683649E-5	0.000000E+0	0.000000E+0	0.000000E+0
6.181050E+2	-9.756381E+3	-6.010000E-1	3.266041E+17	-3.632091E-18	-3.144851E-7	0.000000E+0	6.467629E-6	1.020873E-4	0.000000E+0	0.000000E+0	0.000000E+0
5.895464E+2	-9.310076E+3	-5.630000E-1	-7.908450E-19	6.323277E-18	3.230711E-6	0.000000E+0	6.774442E-6	1.069815E-4	0.000000E+0	0.000000E+0	0.000000E+0
5.472476E+2	-8.926629E+3	-5.250000E-1	-4.524506E+17	2.054796E+17	6.472219E-7	0.000000E+0	6.841948E-6	1.116049E-4	0.000000E+0	0.000000E+0	0.000000E+0
5.140786E+2	-8.589176E+3	-4.870000E-1	-6.904543E-18	-1.197844E+17	2.660245E-6	0.000000E+0	6.943422E-6	1.160100E-4	0.000000E+0	0.000000E+0	0.000000E+0
4.802021E+2	-8.293355E+3	-4.490000E-1	2.547933E-18	-3.572396E+16	3.651812E-6	0.000000E+0	6.958409E-6	1.201756E-4	0.000000E+0	0.000000E+0	0.000000E+0
4.495879E+2	-8.032550E+3	-4.110000E-1	-1.734935E+17	1.089529E+17	-4.638496E-7	0.000000E+0	6.946233E-6	1.241047E-4	0.000000E+0	0.000000E+0	0.000000E+0
4.246987E+2	-7.803302E+3	-3.730000E-1	-5.196819E+17	2.155725E-18	1.700209E-8	0.000000E+0	6.954078E-6	1.277724E-4	0.000000E+0	0.000000E+0	0.000000E+0
4.031548E+2	-7.595914E+3	-3.350000E-1	3.883600E+17	-5.707470E+17	4.978538E-7	0.000000E+0	6.967710E-6	1.312799E-4	0.000000E+0	0.000000E+0	0.000000E+0
3.781177E+2	-7.408435E+3	-2.970000E-1	-2.820974E+17	-3.562313E+17	4.679914E-7	0.000000E+0	6.871384E-6	1.346306E-4	0.000000E+0	0.000000E+0	0.000000E+0
3.597490E+2	-7.240308E+3	-2.590000E-1	7.433406E+16	-3.376204E+17	-1.094040E-6	0.000000E+0	6.845649E-6	1.377755E-4	0.000000E+0	0.000000E+0	0.000000E+0
3.444595E+2	-7.090839E+3	-2.220000E-1	5.217108E-18	8.421242E+16	1.968107E-6	0.000000E+0	6.834697E-6	1.406950E-4	0.000000E+0	0.000000E+0	0.000000E+0
3.169609E+2	-6.948430E+3	-1.840000E-1	5.364300E+17	-2.871880E+17	-1.046701E-7	0.000000E+0	6.551331E-6	1.436186E-4	0.000000E+0	0.000000E+0	0.000000E+0
3.191465E+2	-6.815701E+3	-1.460000E-1	6.373293E-18	1.659667E-18	1.397640E-6	0.000000E+0	6.855164E-6	1.463991E-4	0.000000E+0	0.000000E+0	0.000000E+0
3.018960E+2	-6.692263E+3	-1.080000E-1	9.197518E+16	1.907948E+17	-1.696594E-6	0.000000E+0	6.727109E-6	1.491228E-4	0.000000E+0	0.000000E+0	0.000000E+0
2.934941E+2	-6.576859E+3	-7.000000E-2	4.020179E+17	1.945249E+17	2.359344E-6	0.000000E+0	6.771709E-6	1.517461E-4	0.000000E+0	0.000000E+0	0.000000E+0
2.850767E+2	-6.466450E+3	-3.200000E-2	1.731138E-18	4.035830E-18	-1.245603E-6	0.000000E+0	6.804350E-6	1.543444E-4	0.000000E+0	0.000000E+0	0.000000E+0
2.656431E+2	-6.362455E+3	6.000000E-3	-2.680828E+17	-5.132047E+17	2.567063E-7	0.000000E+0	6.550775E-6	1.568985E-4	0.000000E+0	0.000000E+0	0.000000E+0
2.686641E+2	-6.265610E+3	4.400000E-2	6.309741E-18	-4.155966E-18	1.759016E-6	0.000000E+0	6.831014E-6	1.593085E-4	0.000000E+0	0.000000E+0	0.000000E+0
2.610142E+2	-6.172604E+3	8.200000E-2	2.579781E+17	4.569561E-19	3.261296E-6	0.000000E+0	6.838352E-6	1.617170E-4	0.000000E+0	0.000000E+0	0.000000E+0
2.361973E+2	-6.085546E+3	1.200000E-1	2.915631E-18	5.325354E+16	3.742148E-6	0.000000E+0	6.368279E-6	1.640766E-4	0.000000E+0	0.000000E+0	0.000000E+0
2.485703E+2	-6.005144E+3	1.580000E-1	-1.980651E+17	2.858813E+16	-3.735131E-7	0.000000E+0	6.881117E-6	1.662391E-4	0.000000E+0	0.000000E+0	0.000000E+0
2.448394E+2	-5.930028E+3	1.960000E-1	-2.796111E-18	4.284796E-22	6.180826E-7	0.000000E+0	6.950693E-6	1.683463E-4	0.000000E+0	0.000000E+0	0.000000E+0
2.188110E+2	-5.856737E+3	2.340000E-1	5.785012E-19	5.234687E+17	5.881911E-7	0.000000E+0	6.370183E-6	1.705055E-4	0.000000E+0	0.000000E+0	0.000000E+0
2.355640E+2	-5.788453E+3	2.720000E-1	-2.375065E+17	1.295985E-19	4.761569E-8	0.000000E+0	7.018838E-6	1.724721E-4	0.000000E+0	0.000000E+0	0.000000E+0
2.377271E+2	-5.722823E+3	3.100000E-1	-5.351627E-18	2.346836E+17	2.060639E-6	0.000000E+0	7.246183E-6	1.744379E-4	0.000000E+0	0.000000E+0	0.000000E+0
2.179819E+2	-5.660147E+3	3.480000E-1	2.587907E+17	-3.980899E-18	1.520035E-6	0.000000E+0	6.793935E-6	1.764122E-4	0.000000E+0	0.000000E+0	0.000000E+0
2.293872E+2	-5.601769E+3	3.860000E-1	-3.127958E+17	-9.739274E-19	-5.527127E-7	0.000000E+0	7.297787E-6	1.782162E-4	0.000000E+0	0.000000E+0	0.000000E+0
2.257104E+2	-5.545202E+3	4.240000E-1	6.667395E-18	-4.396019E+17	4.388548E-7	0.000000E+0	7.328210E-6	1.800378E-4	0.000000E+0	0.000000E+0	0.000000E+0
2.233105E+2	-5.492190E+3	4.620000E-1	-1.137863E-18	-4.190346E+17	-1.633924E-6	0.000000E+0	7.390957E-6	1.817762E-4	0.000000E+0	0.000000E+0	0.000000E+0
2.201035E+2	-5.440152E+3	5.000000E-1	-9.275714E-19	-3.780148E-18	-6.423252E-7	0.000000E+0	7.424967E-6	1.835180E-4	0.000000E+0	0.000000E+0	0.000000E+0
