Real / Ohm	Ximag / Ohm	V_DC / V	I_a c / A	V_ac / V	I_DC / A
2.758867E+2	-5.651440E+3	3.000000E-1	-9.275714E-19	-3.780148E-18	1.826587E-6	1.000000E+6	8.617450E-6	1.765254E-4	0.000000E+0	0.000000E+0	0.000000E+0
2.971353E+2	-5.774807E+3	2.650000E-1	-1.137863E-18	-4.190346E+17	1.262737E-6	0.000000E+0	8.886506E-6	1.727087E-4	0.000000E+0	0.000000E+0	0.000000E+0
3.189121E+2	-5.902086E+3	2.290000E-1	6.667395E-18	-4.396019E+17	2.258723E-6	0.000000E+0	9.128382E-6	1.689384E-4	0.000000E+0	0.000000E+0	0.000000E+0
3.361538E+2	-6.037076E+3	1.940000E-1	-3.127958E+17	-9.739274E-19	-3.480427E-7	0.000000E+0	9.194758E-6	1.651311E-4	0.000000E+0	0.000000E+0	0.000000E+0
3.609443E+2	-6.188405E+3	1.580000E-1	2.587907E+17	-3.980899E-18	2.690829E-6	0.000000E+0	9.393075E-6	1.610447E-4	0.000000E+0	0.000000E+0	0.000000E+0
3.611567E+2	-6.352550E+3	1.230000E-1	-5.351627E-18	2.346836E+17	1.105550E-6	0.000000E+0	8.920682E-6	1.569099E-4	0.000000E+0	0.000000E+0	0.000000E+0
4.132378E+2	-6.540147E+3	8.700000E-2	-2.375065E+17	1.295985E-19	-4.520916E-7	0.000000E+0	9.622649E-6	1.522938E-4	0.000000E+0	0.000000E+0	0.000000E+0
4.393560E+2	-6.743178E+3	5.200000E-2	5.785012E-19	5.234687E+17	3.069857E-6	0.000000E+0	9.621605E-6	1.476711E-4	0.000000E+0	0.000000E+0	0.000000E+0
4.735488E+2	-6.974347E+3	1.600000E-2	-2.796111E-18	4.284796E-22	-1.552128E-6	0.000000E+0	9.690809E-6	1.427246E-4	0.000000E+0	0.000000E+0	0.000000E+0
5.171362E+2	-7.230492E+3	-1.900000E-2	-1.980651E+17	2.858813E+16	5.544876E-6	0.000000E+0	9.841320E-6	1.375993E-4	0.000000E+0	0.000000E+0	0.000000E+0
5.758618E+2	-7.513764E+3	-5.400000E-2	2.915631E-18	5.325354E+16	3.959569E-6	0.000000E+0	1.014051E-5	1.323119E-4	0.000000E+0	0.000000E+0	0.000000E+0
6.420273E+2	-7.852152E+3	-9.000000E-2	2.579781E+17	4.569561E-19	3.934127E-6	0.000000E+0	1.034385E-5	1.265079E-4	0.000000E+0	0.000000E+0	0.000000E+0
7.190327E+2	-8.241656E+3	-1.250000E-1	6.309741E-18	-4.155966E-18	-2.048100E-7	0.000000E+0	1.050574E-5	1.204183E-4	0.000000E+0	0.000000E+0	0.000000E+0
7.960806E+2	-8.730148E+3	-1.610000E-1	-2.680828E+17	-5.132047E+17	-2.302804E-7	0.000000E+0	1.035899E-5	1.136010E-4	0.000000E+0	0.000000E+0	0.000000E+0
8.913750E+2	-9.314559E+3	-1.960000E-1	1.731138E-18	4.035830E-18	-1.304846E-6	0.000000E+0	1.018068E-5	1.063846E-4	0.000000E+0	0.000000E+0	0.000000E+0
1.011062E+3	-1.006741E+4	-2.320000E-1	4.020179E+17	1.945249E+17	2.244769E-6	0.000000E+0	9.876064E-6	9.833857E-5	0.000000E+0	0.000000E+0	0.000000E+0
1.138861E+3	-1.097147E+4	-2.670000E-1	9.197518E+16	1.907948E+17	6.594601E-7	0.000000E+0	9.360233E-6	9.017388E-5	0.000000E+0	0.000000E+0	0.000000E+0
1.317743E+3	-1.214871E+4	-3.030000E-1	6.373293E-18	1.659667E-18	6.339887E-7	0.000000E+0	8.824511E-6	8.135609E-5	0.000000E+0	0.000000E+0	0.000000E+0
1.487589E+3	-1.358077E+4	-3.380000E-1	5.364300E+17	-2.871880E+17	3.134481E-6	0.000000E+0	7.969928E-6	7.276053E-5	0.000000E+0	0.000000E+0	0.000000E+0
1.705093E+3	-1.535380E+4	-3.730000E-1	5.217108E-18	8.421242E+16	1.549173E-6	0.000000E+0	7.144848E-6	6.433700E-5	0.000000E+0	0.000000E+0	0.000000E+0
1.949387E+3	-1.754859E+4	-4.090000E-1	7.433406E+16	-3.376204E+17	1.012988E-6	0.000000E+0	6.252983E-6	5.629002E-5	0.000000E+0	0.000000E+0	0.000000E+0
2.191692E+3	-2.000161E+4	-4.440000E-1	-2.820974E+17	-3.562313E+17	3.002766E-6	0.000000E+0	5.413351E-6	4.940280E-5	0.000000E+0	0.000000E+0	0.000000E+0
2.418971E+3	-2.276829E+4	-4.800000E-1	3.883600E+17	-5.707470E+17	1.955867E-6	0.000000E+0	4.614187E-6	4.343051E-5	0.000000E+0	0.000000E+0	0.000000E+0
2.582107E+3	-2.551130E+4	-5.150000E-1	-5.196819E+17	2.155725E-18	2.413442E-6	0.000000E+0	3.927197E-6	3.880083E-5	0.000000E+0	0.000000E+0	0.000000E+0
2.671357E+3	-2.825494E+4	-5.510000E-1	-1.734935E+17	1.089529E+17	1.877259E-6	0.000000E+0	3.316488E-6	3.507848E-5	0.000000E+0	0.000000E+0	0.000000E+0
2.747389E+3	-3.074817E+4	-5.860000E-1	2.547933E-18	-3.572396E+16	8.026909E-7	0.000000E+0	2.882890E-6	3.226467E-5	0.000000E+0	0.000000E+0	0.000000E+0
2.812891E+3	-3.312280E+4	-6.220000E-1	-6.904543E-18	-1.197844E+17	-2.442357E-7	0.000000E+0	2.545528E-6	2.997451E-5	0.000000E+0	0.000000E+0	0.000000E+0
2.825588E+3	-3.533947E+4	-6.570000E-1	-4.524506E+17	2.054796E+17	2.766999E-6	0.000000E+0	2.248129E-6	2.811722E-5	0.000000E+0	0.000000E+0	0.000000E+0
2.889404E+3	-3.750838E+4	-6.920000E-1	-7.908450E-19	6.323277E-18	1.602311E-7	0.000000E+0	2.041654E-6	2.650343E-5	0.000000E+0	0.000000E+0	0.000000E+0
2.957039E+3	-3.982573E+4	-7.280000E-1	3.266041E+17	-3.632091E-18	4.220561E-6	0.000000E+0	1.854137E-6	2.497173E-5	0.000000E+0	0.000000E+0	0.000000E+0
3.030236E+3	-4.213366E+4	-7.630000E-1	1.388541E-18	6.784126E-18	5.923721E-7	0.000000E+0	1.698156E-6	2.361186E-5	0.000000E+0	0.000000E+0	0.000000E+0
3.140508E+3	-4.462353E+4	-7.990000E-1	4.766215E-20	4.558806E+17	-1.475986E-6	0.000000E+0	1.569373E-6	2.229925E-5	0.000000E+0	0.000000E+0	0.000000E+0
3.216047E+3	-4.719674E+4	-8.340000E-1	-3.851507E-18	-6.877568E-18	1.024506E-6	0.000000E+0	1.437098E-6	2.108998E-5	0.000000E+0	0.000000E+0	0.000000E+0
3.371832E+3	-4.998001E+4	-8.700000E-1	-4.136209E+17	4.857998E-18	3.041951E-6	0.000000E+0	1.343696E-6	1.991735E-5	0.000000E+0	0.000000E+0	0.000000E+0
3.430953E+3	-5.270923E+4	-9.050000E-1	4.155990E+17	-2.187937E-18	4.010268E-6	0.000000E+0	1.229717E-6	1.889196E-5	0.000000E+0	0.000000E+0	0.000000E+0
3.565926E+3	-5.552892E+4	-9.410000E-1	-2.834423E+17	5.558819E-18	1.941913E-6	0.000000E+0	1.151719E-6	1.793467E-5	0.000000E+0	0.000000E+0	0.000000E+0
3.707301E+3	-5.833027E+4	-9.760000E-1	-3.021231E-18	1.442034E+17	3.420948E-6	0.000000E+0	1.085223E-6	1.707478E-5	0.000000E+0	0.000000E+0	0.000000E+0
3.740613E+3	-6.121128E+4	-1.011000E+0	4.697494E+17	-5.230656E+17	1.835637E-6	0.000000E+0	9.946288E-7	1.627608E-5	0.000000E+0	0.000000E+0	0.000000E+0
3.827648E+3	-6.405659E+4	-1.047000E+0	-4.715168E+17	-5.436513E+17	4.363792E-6	0.000000E+0	9.295151E-7	1.555565E-5	0.000000E+0	0.000000E+0	0.000000E+0
3.854156E+3	-6.675813E+4	-1.082000E+0	-3.093320E+17	4.406614E-18	-2.858287E-7	0.000000E+0	8.619376E-7	1.492969E-5	0.000000E+0	0.000000E+0	0.000000E+0
3.828691E+3	-6.956602E+4	-1.118000E+0	-9.427576E-19	-9.422141E-19	1.994194E-7	0.000000E+0	7.887557E-7	1.433142E-5	0.000000E+0	0.000000E+0	0.000000E+0
3.792746E+3	-7.202017E+4	-1.153000E+0	-4.717429E+17	-4.927578E+17	1.167733E-6	0.000000E+0	7.291934E-7	1.384660E-5	0.000000E+0	0.000000E+0	0.000000E+0
3.646449E+3	-7.443433E+4	-1.189000E+0	-2.971689E+17	-4.956124E-18	1.653010E-6	0.000000E+0	6.565723E-7	1.340250E-5	0.000000E+0	0.000000E+0	0.000000E+0
3.607441E+3	-7.670883E+4	-1.224000E+0	-1.478400E+17	2.700591E+17	5.685673E-6	0.000000E+0	6.117149E-7	1.300754E-5	0.000000E+0	0.000000E+0	0.000000E+0
3.431367E+3	-7.885789E+4	-1.259000E+0	-2.726899E+17	1.903750E-18	4.611102E-6	0.000000E+0	5.507511E-7	1.265707E-5	0.000000E+0	0.000000E+0	0.000000E+0
3.295652E+3	-8.078336E+4	-1.295000E+0	-1.696221E+17	-6.427781E-19	4.998001E-7	0.000000E+0	5.041680E-7	1.235822E-5	0.000000E+0	0.000000E+0	0.000000E+0
3.228281E+3	-8.260333E+4	-1.330000E+0	2.837111E-18	-1.599031E-19	3.000328E-6	0.000000E+0	4.724038E-7	1.208759E-5	0.000000E+0	0.000000E+0	0.000000E+0
3.020871E+3	-8.436659E+4	-1.366000E+0	-4.319920E+17	-4.172230E+17	4.211979E-7	0.000000E+0	4.238720E-7	1.183786E-5	0.000000E+0	0.000000E+0	0.000000E+0
2.909902E+3	-8.590258E+4	-1.401000E+0	-5.506723E-18	3.318506E+17	8.788047E-7	0.000000E+0	3.938836E-7	1.162775E-5	0.000000E+0	0.000000E+0	0.000000E+0
2.865613E+3	-8.750634E+4	-1.437000E+0	4.410889E+17	3.940187E-18	8.533680E-7	0.000000E+0	3.738290E-7	1.141550E-5	0.000000E+0	0.000000E+0	0.000000E+0
2.706922E+3	-8.884414E+4	-1.472000E+0	1.829862E+17	1.860550E+17	1.310967E-6	0.000000E+0	3.426220E-7	1.124523E-5	0.000000E+0	0.000000E+0	0.000000E+0
2.677227E+3	-9.014592E+4	-1.508000E+0	-4.775830E-18	6.138991E-18	2.640372E-7	0.000000E+0	3.291624E-7	1.108335E-5	0.000000E+0	0.000000E+0	0.000000E+0
2.649086E+3	-9.141734E+4	-1.543000E+0	-1.773302E-18	1.902740E-18	1.743079E-6	0.000000E+0	3.167192E-7	1.092967E-5	0.000000E+0	0.000000E+0	0.000000E+0
2.593977E+3	-9.267103E+4	-1.578000E+0	-7.957818E+16	-3.372665E-18	1.689965E-6	0.000000E+0	3.018130E-7	1.078241E-5	0.000000E+0	0.000000E+0	0.000000E+0
2.450477E+3	-9.384739E+4	-1.614000E+0	2.088264E+17	-2.195880E+17	3.707377E-6	0.000000E+0	2.780419E-7	1.064834E-5	0.000000E+0	0.000000E+0	0.000000E+0
2.555656E+3	-9.507459E+4	-1.649000E+0	4.512112E+17	-3.192840E+17	2.122077E-6	0.000000E+0	2.825269E-7	1.051046E-5	0.000000E+0	0.000000E+0	0.000000E+0
2.406375E+3	-9.616452E+4	-1.685000E+0	-1.183520E-18	-5.342346E-18	-4.569956E-7	0.000000E+0	2.600529E-7	1.039234E-5	0.000000E+0	0.000000E+0	0.000000E+0
2.475367E+3	-9.737520E+4	-1.720000E+0	-5.203440E-18	3.843920E-18	5.107810E-6	0.000000E+0	2.608929E-7	1.026292E-5	0.000000E+0	0.000000E+0	0.000000E+0
2.391531E+3	-9.862164E+4	-1.756000E+0	2.472319E-19	4.245176E+17	1.507316E-6	0.000000E+0	2.457402E-7	1.013380E-5	0.000000E+0	0.000000E+0	0.000000E+0
2.391875E+3	-9.954891E+4	-1.791000E+0	1.311717E+15	5.157690E-18	9.434298E-7	0.000000E+0	2.412208E-7	1.003952E-5	0.000000E+0	0.000000E+0	0.000000E+0
2.393953E+3	-1.007587E+5	-1.827000E+0	-1.006173E-18	-5.687810E-18	3.471614E-6	0.000000E+0	2.356706E-7	9.919102E-6	0.000000E+0	0.000000E+0	0.000000E+0
2.316547E+3	-1.015266E+5	-1.862000E+0	-6.256276E-18	1.400392E+17	-1.566004E-7	0.000000E+0	2.246236E-7	9.844510E-6	0.000000E+0	0.000000E+0	0.000000E+0
2.309844E+3	-1.027428E+5	-1.897000E+0	2.698511E+17	-3.360764E+17	8.117131E-7	0.000000E+0	2.187059E-7	9.728125E-6	0.000000E+0	0.000000E+0	0.000000E+0
2.352008E+3	-1.036877E+5	-1.933000E+0	-4.013547E-19	-2.240669E+17	3.339897E-6	0.000000E+0	2.186558E-7	9.639386E-6	0.000000E+0	0.000000E+0	0.000000E+0
2.386625E+3	-1.045501E+5	-1.968000E+0	8.607252E+16	1.700207E-17	3.797511E-6	0.000000E+0	2.182273E-7	9.559811E-6	0.000000E+0	0.000000E+0	0.000000E+0
2.379469E+3	-1.053933E+5	-2.004000E+0	2.127762E-18	3.298054E+15	2.239860E-6	0.000000E+0	2.141079E-7	9.483435E-6	0.000000E+0	0.000000E+0	0.000000E+0
2.273766E+3	-1.062774E+5	-2.039000E+0	8.036557E+16	-4.576640E+17	3.718902E-6	0.000000E+0	2.012172E-7	9.405033E-6	0.000000E+0	0.000000E+0	0.000000E+0
2.374734E+3	-1.070090E+5	-2.075000E+0	-6.504745E+16	2.369919E+17	3.182678E-6	0.000000E+0	2.072815E-7	9.340408E-6	0.000000E+0	0.000000E+0	0.000000E+0
2.318227E+3	-1.078624E+5	-2.110000E+0	5.725574E-18	5.134919E+17	3.640278E-6	0.000000E+0	1.991660E-7	9.266791E-6	0.000000E+0	0.000000E+0	0.000000E+0
2.606102E+3	-1.085271E+5	-2.146000E+0	-2.052875E-18	3.601710E-18	3.104127E-6	0.000000E+0	2.211386E-7	9.208978E-6	0.000000E+0	0.000000E+0	0.000000E+0
2.378625E+3	-1.089449E+5	-2.181000E+0	2.907620E+17	-1.496570E-18	3.050969E-6	0.000000E+0	2.003112E-7	9.174578E-6	0.000000E+0	0.000000E+0	0.000000E+0
2.323805E+3	-1.094864E+5	-2.216000E+0	-2.653265E-18	4.664211E-18	2.487155E-6	0.000000E+0	1.937687E-7	9.129442E-6	0.000000E+0	0.000000E+0	0.000000E+0
2.306938E+3	-1.097173E+5	-2.252000E+0	6.288344E-18	-3.928899E-18	4.187896E-7	0.000000E+0	1.915551E-7	9.110305E-6	0.000000E+0	0.000000E+0	0.000000E+0
2.396203E+3	-1.101560E+5	-2.287000E+0	8.250878E-19	2.832976E+17	2.408531E-6	0.000000E+0	1.973794E-7	9.073741E-6	0.000000E+0	0.000000E+0	0.000000E+0
2.363938E+3	-1.105427E+5	-2.323000E+0	4.553607E+17	-2.686618E+17	1.361608E-6	0.000000E+0	1.933648E-7	9.042143E-6	0.000000E+0	0.000000E+0	0.000000E+0
2.487805E+3	-1.107648E+5	-2.358000E+0	2.517966E+17	3.793721E+16	3.862122E-6	0.000000E+0	2.026720E-7	9.023587E-6	0.000000E+0	0.000000E+0	0.000000E+0
2.293547E+3	-1.112195E+5	-2.394000E+0	-6.194310E-18	5.176251E+17	1.283057E-6	0.000000E+0	1.853366E-7	8.987407E-6	0.000000E+0	0.000000E+0	0.000000E+0
2.474305E+3	-1.111907E+5	-2.429000E+0	-5.704680E+17	6.512875E+16	2.251385E-6	0.000000E+0	2.000328E-7	8.989107E-6	0.000000E+0	0.000000E+0	0.000000E+0
2.265133E+3	-1.114075E+5	-2.465000E+0	-4.916206E+17	6.689522E-18	1.830194E-7	0.000000E+0	1.824254E-7	8.972347E-6	0.000000E+0	0.000000E+0	0.000000E+0
2.351234E+3	-1.113686E+5	-2.500000E+0	-3.567381E+17	-4.283094E-18	2.683490E-6	0.000000E+0	1.894859E-7	8.975191E-6	0.000000E+0	0.000000E+0	0.000000E+0
