Real / Ohm	Ximag / Ohm	V_DC / V	I_a c / A	V_ac / V	I_DC / A
4.767422E+3	-4.577805E+4	-2.500000E+0	-3.567381E+17	-4.283094E-18	6.405753E-7	1.000000E+6	2.250527E-6	2.161016E-5	0.000000E+0	0.000000E+0	0.000000E+0
5.546539E+3	-4.226409E+4	-2.465000E+0	-4.916206E+17	6.689522E-18	2.736590E-6	0.000000E+0	3.052551E-6	2.326015E-5	0.000000E+0	0.000000E+0	0.000000E+0
6.326045E+3	-3.923738E+4	-2.429000E+0	-5.704680E+17	6.512875E+16	3.783527E-6	0.000000E+0	4.004863E-6	2.484022E-5	0.000000E+0	0.000000E+0	0.000000E+0
6.986242E+3	-3.613338E+4	-2.394000E+0	-6.194310E-18	5.176251E+17	2.304485E-6	0.000000E+0	5.158073E-6	2.667795E-5	0.000000E+0	0.000000E+0	0.000000E+0
7.509684E+3	-3.279522E+4	-2.358000E+0	2.517966E+17	3.793721E+16	4.372836E-6	0.000000E+0	6.634455E-6	2.897304E-5	0.000000E+0	0.000000E+0	0.000000E+0
7.719078E+3	-2.943255E+4	-2.323000E+0	4.553607E+17	-2.686618E+17	3.401801E-7	0.000000E+0	8.337205E-6	3.178945E-5	0.000000E+0	0.000000E+0	0.000000E+0
7.571154E+3	-2.601057E+4	-2.287000E+0	8.250878E-19	2.832976E+17	1.387103E-6	0.000000E+0	1.031672E-5	3.544292E-5	0.000000E+0	0.000000E+0	0.000000E+0
7.256336E+3	-2.293920E+4	-2.252000E+0	6.288344E-18	-3.928899E-18	1.440218E-6	0.000000E+0	1.253553E-5	3.962815E-5	0.000000E+0	0.000000E+0	0.000000E+0
6.659686E+3	-2.001565E+4	-2.216000E+0	-2.653265E-18	4.664211E-18	2.487155E-6	0.000000E+0	1.496634E-5	4.498125E-5	0.000000E+0	0.000000E+0	0.000000E+0
5.973180E+3	-1.756712E+4	-2.181000E+0	2.907620E+17	-1.496570E-18	1.008113E-6	0.000000E+0	1.734964E-5	5.102529E-5	0.000000E+0	0.000000E+0	0.000000E+0
5.245880E+3	-1.545751E+4	-2.146000E+0	-2.052875E-18	3.601710E-18	3.104127E-6	0.000000E+0	1.968776E-5	5.801195E-5	0.000000E+0	0.000000E+0	0.000000E+0
4.534050E+3	-1.366199E+4	-2.110000E+0	5.725574E-18	5.134919E+17	1.597422E-6	0.000000E+0	2.188168E-5	6.593383E-5	0.000000E+0	0.000000E+0	0.000000E+0
3.919525E+3	-1.220119E+4	-2.075000E+0	-6.504745E+16	2.369919E+17	1.139822E-6	0.000000E+0	2.386582E-5	7.429253E-5	0.000000E+0	0.000000E+0	0.000000E+0
3.298689E+3	-1.094414E+4	-2.039000E+0	8.036557E+16	-4.576640E+17	1.165274E-6	0.000000E+0	2.524722E-5	8.376330E-5	0.000000E+0	0.000000E+0	0.000000E+0
2.846694E+3	-9.939385E+3	-2.004000E+0	2.127762E-18	3.298054E+15	2.750574E-6	0.000000E+0	2.663074E-5	9.298266E-5	0.000000E+0	0.000000E+0	0.000000E+0
2.433101E+3	-9.087402E+3	-1.968000E+0	8.607252E+16	1.700207E-17	2.265311E-6	0.000000E+0	2.749240E-5	1.026815E-4	0.000000E+0	0.000000E+0	0.000000E+0
2.093268E+3	-8.416480E+3	-1.933000E+0	-4.013547E-19	-2.240669E+17	3.339897E-6	0.000000E+0	2.782901E-5	1.118931E-4	0.000000E+0	0.000000E+0	0.000000E+0
1.765790E+3	-7.840320E+3	-1.897000E+0	2.698511E+17	-3.360764E+17	4.897542E-6	0.000000E+0	2.733902E-5	1.213885E-4	0.000000E+0	0.000000E+0	0.000000E+0
1.559031E+3	-7.381737E+3	-1.862000E+0	-6.256276E-18	1.400392E+17	1.375600E-6	0.000000E+0	2.738957E-5	1.296848E-4	0.000000E+0	0.000000E+0	0.000000E+0
1.367933E+3	-7.000882E+3	-1.827000E+0	-1.006173E-18	-5.687810E-18	1.428700E-6	0.000000E+0	2.688358E-5	1.375862E-4	0.000000E+0	0.000000E+0	0.000000E+0
1.210381E+3	-6.680752E+3	-1.791000E+0	1.311717E+15	5.157690E-18	1.964916E-6	0.000000E+0	2.625699E-5	1.449267E-4	0.000000E+0	0.000000E+0	0.000000E+0
1.072630E+3	-6.425713E+3	-1.756000E+0	2.472319E-19	4.245176E+17	2.528745E-6	0.000000E+0	2.527384E-5	1.514058E-4	0.000000E+0	0.000000E+0	0.000000E+0
9.522622E+2	-6.211294E+3	-1.720000E+0	-5.203440E-18	3.843920E-18	4.086382E-6	0.000000E+0	2.411586E-5	1.572998E-4	0.000000E+0	0.000000E+0	0.000000E+0
8.759233E+2	-6.034463E+3	-1.685000E+0	-1.183520E-18	-5.342346E-18	4.650261E-6	0.000000E+0	2.355773E-5	1.622953E-4	0.000000E+0	0.000000E+0	0.000000E+0
7.992520E+2	-5.887298E+3	-1.649000E+0	4.512112E+17	-3.192840E+17	3.654277E-6	0.000000E+0	2.264229E-5	1.667833E-4	0.000000E+0	0.000000E+0	0.000000E+0
7.368486E+2	-5.768580E+3	-1.614000E+0	2.088264E+17	-2.195880E+17	1.153749E-6	0.000000E+0	2.178771E-5	1.705698E-4	0.000000E+0	0.000000E+0	0.000000E+0
6.827461E+2	-5.662742E+3	-1.578000E+0	-7.957818E+16	-3.372665E-18	-8.636634E-7	0.000000E+0	2.098640E-5	1.740626E-4	0.000000E+0	0.000000E+0	0.000000E+0
6.378359E+2	-5.578355E+3	-1.543000E+0	-1.773302E-18	1.902740E-18	2.253793E-6	0.000000E+0	2.023278E-5	1.769509E-4	0.000000E+0	0.000000E+0	0.000000E+0
5.964585E+2	-5.508103E+3	-1.508000E+0	-4.775830E-18	6.138991E-18	2.817666E-6	0.000000E+0	1.943180E-5	1.794465E-4	0.000000E+0	0.000000E+0	0.000000E+0
5.600806E+2	-5.445232E+3	-1.472000E+0	1.829862E+17	1.860550E+17	1.821682E-6	0.000000E+0	1.869163E-5	1.817243E-4	0.000000E+0	0.000000E+0	0.000000E+0
5.339880E+2	-5.393572E+3	-1.437000E+0	4.410889E+17	3.940187E-18	2.896224E-6	0.000000E+0	1.817784E-5	1.836062E-4	0.000000E+0	0.000000E+0	0.000000E+0
5.104604E+2	-5.345937E+3	-1.401000E+0	-5.506723E-18	3.318506E+17	4.964633E-6	0.000000E+0	1.769997E-5	1.853679E-4	0.000000E+0	0.000000E+0	0.000000E+0
4.808252E+2	-5.306777E+3	-1.366000E+0	-4.319920E+17	-4.172230E+17	2.974826E-6	0.000000E+0	1.693459E-5	1.869039E-4	0.000000E+0	0.000000E+0	0.000000E+0
4.255259E+2	-5.271258E+3	-1.330000E+0	2.837111E-18	-1.599031E-19	-5.747861E-7	0.000000E+0	1.521516E-5	1.884798E-4	0.000000E+0	0.000000E+0	0.000000E+0
4.540493E+2	-5.240117E+3	-1.295000E+0	-1.696221E+17	-6.427781E-19	4.074886E-6	0.000000E+0	1.641242E-5	1.894133E-4	0.000000E+0	0.000000E+0	0.000000E+0
4.354844E+2	-5.208106E+3	-1.259000E+0	-2.726899E+17	1.903750E-18	2.568187E-6	0.000000E+0	1.594362E-5	1.906752E-4	0.000000E+0	0.000000E+0	0.000000E+0
4.233296E+2	-5.182833E+3	-1.224000E+0	-1.478400E+17	2.700591E+17	3.132045E-6	0.000000E+0	1.565512E-5	1.916660E-4	0.000000E+0	0.000000E+0	0.000000E+0
4.152471E+2	-5.157859E+3	-1.189000E+0	-2.971689E+17	-4.956124E-18	3.185181E-6	0.000000E+0	1.550822E-5	1.926304E-4	0.000000E+0	0.000000E+0	0.000000E+0
4.035193E+2	-5.134366E+3	-1.153000E+0	-4.717429E+17	-4.927578E+17	5.253532E-6	0.000000E+0	1.521305E-5	1.935704E-4	0.000000E+0	0.000000E+0	0.000000E+0
3.875747E+2	-5.113964E+3	-1.118000E+0	-9.427576E-19	-9.422141E-19	3.263762E-6	0.000000E+0	1.473509E-5	1.944263E-4	0.000000E+0	0.000000E+0	0.000000E+0
3.761926E+2	-5.093483E+3	-1.082000E+0	-3.093320E+17	4.406614E-18	4.821399E-6	0.000000E+0	1.442175E-5	1.952642E-4	0.000000E+0	0.000000E+0	0.000000E+0
3.703508E+2	-5.074834E+3	-1.047000E+0	-4.715168E+17	-5.436513E+17	2.831621E-6	0.000000E+0	1.430417E-5	1.960069E-4	0.000000E+0	0.000000E+0	0.000000E+0
3.599604E+2	-5.056099E+3	-1.011000E+0	4.697494E+17	-5.230656E+17	4.899979E-6	0.000000E+0	1.400967E-5	1.967835E-4	0.000000E+0	0.000000E+0	0.000000E+0
3.568572E+2	-5.039386E+3	-9.760000E-1	-3.021231E-18	1.442034E+17	3.420948E-6	0.000000E+0	1.398192E-5	1.974468E-4	0.000000E+0	0.000000E+0	0.000000E+0
3.009221E+2	-5.021783E+3	-9.410000E-1	-2.834423E+17	5.558819E-18	4.495541E-6	0.000000E+0	1.188999E-5	1.984200E-4	0.000000E+0	0.000000E+0	0.000000E+0
3.434817E+2	-5.005890E+3	-9.050000E-1	4.155990E+17	-2.187937E-18	2.478097E-6	0.000000E+0	1.364272E-5	1.988286E-4	0.000000E+0	0.000000E+0	0.000000E+0
3.380176E+2	-4.989265E+3	-8.700000E-1	-4.136209E+17	4.857998E-18	4.883223E-7	0.000000E+0	1.351691E-5	1.995146E-4	0.000000E+0	0.000000E+0	0.000000E+0
3.326045E+2	-4.973108E+3	-8.340000E-1	-3.851507E-18	-6.877568E-18	4.088848E-6	0.000000E+0	1.338857E-5	2.001861E-4	0.000000E+0	0.000000E+0	0.000000E+0
3.294250E+2	-4.957870E+3	-7.990000E-1	4.766215E-20	4.558806E+17	2.099099E-6	0.000000E+0	1.334299E-5	2.008129E-4	0.000000E+0	0.000000E+0	0.000000E+0
3.232065E+2	-4.941630E+3	-7.630000E-1	1.388541E-18	6.784126E-18	2.635286E-6	0.000000E+0	1.317910E-5	2.015004E-4	0.000000E+0	0.000000E+0	0.000000E+0
3.175234E+2	-4.926939E+3	-7.280000E-1	3.266041E+17	-3.632091E-18	3.199133E-6	0.000000E+0	1.302631E-5	2.021263E-4	0.000000E+0	0.000000E+0	0.000000E+0
3.065071E+2	-4.911536E+3	-6.920000E-1	-7.908450E-19	6.323277E-18	1.602311E-7	0.000000E+0	1.265662E-5	2.028125E-4	0.000000E+0	0.000000E+0	0.000000E+0
3.091802E+2	-4.897357E+3	-6.570000E-1	-4.524506E+17	2.054796E+17	1.745542E-6	0.000000E+0	1.283987E-5	2.033812E-4	0.000000E+0	0.000000E+0	0.000000E+0
3.031895E+2	-4.882123E+3	-6.220000E-1	-6.904543E-18	-1.197844E+17	2.665074E-7	0.000000E+0	1.267141E-5	2.040420E-4	0.000000E+0	0.000000E+0	0.000000E+0
2.970303E+2	-4.866813E+3	-5.860000E-1	2.547933E-18	-3.572396E+16	3.356319E-6	0.000000E+0	1.249386E-5	2.047108E-4	0.000000E+0	0.000000E+0	0.000000E+0
2.458135E+2	-4.850044E+3	-5.510000E-1	-1.734935E+17	1.089529E+17	2.898716E-6	0.000000E+0	1.042318E-5	2.056554E-4	0.000000E+0	0.000000E+0	0.000000E+0
2.691257E+2	-4.836398E+3	-5.150000E-1	-5.196819E+17	2.155725E-18	2.413442E-6	0.000000E+0	1.147013E-5	2.061272E-4	0.000000E+0	0.000000E+0	0.000000E+0
2.805554E+2	-4.821828E+3	-4.800000E-1	3.883600E+17	-5.707470E+17	1.955867E-6	0.000000E+0	1.202617E-5	2.066905E-4	0.000000E+0	0.000000E+0	0.000000E+0
2.806836E+2	-4.805769E+3	-4.440000E-1	-2.820974E+17	-3.562313E+17	1.470595E-6	0.000000E+0	1.211190E-5	2.073758E-4	0.000000E+0	0.000000E+0	0.000000E+0
2.544915E+2	-4.791663E+3	-4.090000E-1	7.433406E+16	-3.376204E+17	4.588073E-6	0.000000E+0	1.105293E-5	2.081088E-4	0.000000E+0	0.000000E+0	0.000000E+0
2.713445E+2	-4.775692E+3	-3.730000E-1	5.217108E-18	8.421242E+16	4.613545E-6	0.000000E+0	1.185902E-5	2.087199E-4	0.000000E+0	0.000000E+0	0.000000E+0
2.411204E+2	-4.760136E+3	-3.380000E-1	5.364300E+17	-2.871880E+17	4.155938E-6	0.000000E+0	1.061408E-5	2.095404E-4	0.000000E+0	0.000000E+0	0.000000E+0
2.519741E+2	-4.745178E+3	-3.030000E-1	6.373293E-18	1.659667E-18	2.676903E-6	0.000000E+0	1.115907E-5	2.101477E-4	0.000000E+0	0.000000E+0	0.000000E+0
2.679038E+2	-4.729082E+3	-2.670000E-1	9.197518E+16	1.907948E+17	2.702345E-6	0.000000E+0	1.194081E-5	2.107811E-4	0.000000E+0	0.000000E+0	0.000000E+0
2.583516E+2	-4.713035E+3	-2.320000E-1	4.020179E+17	1.945249E+17	2.755483E-6	0.000000E+0	1.159596E-5	2.115419E-4	0.000000E+0	0.000000E+0	0.000000E+0
2.614578E+2	-4.696504E+3	-1.960000E-1	1.731138E-18	4.035830E-18	2.270211E-6	0.000000E+0	1.181703E-5	2.122665E-4	0.000000E+0	0.000000E+0	0.000000E+0
2.128831E+2	-4.678230E+3	-1.610000E-1	-2.680828E+17	-5.132047E+17	7.911767E-7	0.000000E+0	9.706880E-6	2.133143E-4	0.000000E+0	0.000000E+0	0.000000E+0
2.394155E+2	-4.662051E+3	-1.250000E-1	6.309741E-18	-4.155966E-18	4.902447E-6	0.000000E+0	1.098637E-5	2.139337E-4	0.000000E+0	0.000000E+0	0.000000E+0
2.130283E+2	-4.645106E+3	-9.000000E-2	2.579781E+17	4.569561E-19	1.380499E-6	0.000000E+0	9.852208E-6	2.148285E-4	0.000000E+0	0.000000E+0	0.000000E+0
2.503062E+2	-4.626318E+3	-5.400000E-2	2.915631E-18	5.325354E+16	2.427398E-6	0.000000E+0	1.166088E-5	2.155237E-4	0.000000E+0	0.000000E+0	0.000000E+0
2.444568E+2	-4.607635E+3	-1.900000E-2	-1.980651E+17	2.858813E+16	2.480534E-6	0.000000E+0	1.148220E-5	2.164219E-4	0.000000E+0	0.000000E+0	0.000000E+0
2.459971E+2	-4.587559E+3	1.600000E-2	-2.796111E-18	4.284796E-22	2.533672E-6	0.000000E+0	1.165520E-5	2.173559E-4	0.000000E+0	0.000000E+0	0.000000E+0
2.190022E+2	-4.565652E+3	5.200000E-2	5.785012E-19	5.234687E+17	5.623456E-6	0.000000E+0	1.048201E-5	2.185240E-4	0.000000E+0	0.000000E+0	0.000000E+0
2.382219E+2	-4.542688E+3	8.700000E-2	-2.375065E+17	1.295985E-19	1.590794E-6	0.000000E+0	1.151233E-5	2.195303E-4	0.000000E+0	0.000000E+0	0.000000E+0
2.354172E+2	-4.519148E+3	1.230000E-1	-5.351627E-18	2.346836E+17	5.191348E-6	0.000000E+0	1.149604E-5	2.206818E-4	0.000000E+0	0.000000E+0	0.000000E+0
2.334351E+2	-4.497033E+3	1.580000E-1	2.587907E+17	-3.980899E-18	6.479440E-7	0.000000E+0	1.151186E-5	2.217713E-4	0.000000E+0	0.000000E+0	0.000000E+0
2.414312E+2	-4.475201E+3	1.940000E-1	-3.127958E+17	-9.739274E-19	1.626713E-7	0.000000E+0	1.202005E-5	2.228052E-4	0.000000E+0	0.000000E+0	0.000000E+0
1.925010E+2	-4.453781E+3	2.290000E-1	6.667395E-18	-4.396019E+17	3.280151E-6	0.000000E+0	9.686452E-6	2.241097E-4	0.000000E+0	0.000000E+0	0.000000E+0
2.390718E+2	-4.434786E+3	2.650000E-1	-1.137863E-18	-4.190346E+17	4.837793E-6	0.000000E+0	1.212056E-5	2.248366E-4	0.000000E+0	0.000000E+0	0.000000E+0
2.209790E+2	-4.417205E+3	3.000000E-1	-9.275714E-19	-3.780148E-18	8.051302E-7	0.000000E+0	1.129719E-5	2.258223E-4	0.000000E+0	0.000000E+0	0.000000E+0
