Real / Ohm	Ximag / Ohm	V_DC / V	I_a c / A	V_ac / V	I_DC / A
8.944458E+1	-2.210132E+3	2.500000E+0	-9.275714E-19	-3.780148E-18	1.226232E-6	1.778279E+6	1.828129E-5	4.517218E-4	0.000000E+0	0.000000E+0	0.000000E+0
6.631494E+1	-2.201267E+3	2.437000E+0	-1.137863E-18	-4.190346E+17	2.458473E-6	0.000000E+0	1.367326E-5	4.538719E-4	0.000000E+0	0.000000E+0	0.000000E+0
7.928735E+1	-2.198337E+3	2.373000E+0	6.667395E-18	-4.396019E+17	1.433218E-7	0.000000E+0	1.638516E-5	4.542983E-4	0.000000E+0	0.000000E+0	0.000000E+0
8.606665E+1	-2.197276E+3	2.310000E+0	-3.127958E+17	-9.739274E-19	8.648640E-7	0.000000E+0	1.779917E-5	4.544118E-4	0.000000E+0	0.000000E+0	0.000000E+0
1.038567E+2	-2.198366E+3	2.247000E+0	2.587907E+17	-3.980899E-18	5.649199E-7	0.000000E+0	2.144205E-5	4.538703E-4	0.000000E+0	0.000000E+0	0.000000E+0
7.100781E+1	-2.198879E+3	2.184000E+0	-5.351627E-18	2.346836E+17	-7.564522E-7	0.000000E+0	1.467070E-5	4.543034E-4	0.000000E+0	0.000000E+0	0.000000E+0
8.032593E+1	-2.200900E+3	2.120000E+0	-2.375065E+17	1.295985E-19	1.014196E-6	0.000000E+0	1.656064E-5	4.537552E-4	0.000000E+0	0.000000E+0	0.000000E+0
7.686572E+1	-2.202208E+3	2.057000E+0	5.785012E-19	5.234687E+17	1.735723E-6	0.000000E+0	1.583023E-5	4.535372E-4	0.000000E+0	0.000000E+0	0.000000E+0
1.048760E+2	-2.205224E+3	1.994000E+0	-2.796111E-18	4.284796E-22	9.250871E-7	0.000000E+0	2.151739E-5	4.524453E-4	0.000000E+0	0.000000E+0	0.000000E+0
9.314258E+1	-2.206897E+3	1.930000E+0	-1.980651E+17	2.858813E+16	2.184992E-6	0.000000E+0	1.909023E-5	4.523192E-4	0.000000E+0	0.000000E+0	0.000000E+0
1.144290E+2	-2.209201E+3	1.867000E+0	2.915631E-18	5.325354E+16	8.636271E-7	0.000000E+0	2.338310E-5	4.514412E-4	0.000000E+0	0.000000E+0	0.000000E+0
1.132117E+2	-2.211282E+3	1.804000E+0	2.579781E+17	4.569561E-19	3.117311E-6	0.000000E+0	2.309225E-5	4.510441E-4	0.000000E+0	0.000000E+0	0.000000E+0
7.277197E+1	-2.212656E+3	1.741000E+0	6.309741E-18	-4.155966E-18	2.306690E-6	0.000000E+0	1.484796E-5	4.514572E-4	0.000000E+0	0.000000E+0	0.000000E+0
1.114392E+2	-2.215760E+3	1.677000E+0	-2.680828E+17	-5.132047E+17	3.566587E-6	0.000000E+0	2.264099E-5	4.501737E-4	0.000000E+0	0.000000E+0	0.000000E+0
9.928003E+1	-2.217598E+3	1.614000E+0	1.731138E-18	4.035830E-18	2.245230E-6	0.000000E+0	2.014776E-5	4.500364E-4	0.000000E+0	0.000000E+0	0.000000E+0
1.202012E+2	-2.219341E+3	1.551000E+0	4.020179E+17	1.945249E+17	2.456029E-6	0.000000E+0	2.433261E-5	4.492663E-4	0.000000E+0	0.000000E+0	0.000000E+0
1.131343E+2	-2.221968E+3	1.487000E+0	9.197518E+16	1.907948E+17	1.162327E-6	0.000000E+0	2.285569E-5	4.488878E-4	0.000000E+0	0.000000E+0	0.000000E+0
9.323462E+1	-2.223339E+3	1.424000E+0	6.373293E-18	1.659667E-18	1.373133E-6	0.000000E+0	1.882794E-5	4.489844E-4	0.000000E+0	0.000000E+0	0.000000E+0
1.236128E+2	-2.225939E+3	1.361000E+0	5.364300E+17	-2.871880E+17	2.605397E-6	0.000000E+0	2.487137E-5	4.478674E-4	0.000000E+0	0.000000E+0	0.000000E+0
9.191748E+1	-2.227326E+3	1.297000E+0	5.217108E-18	8.421242E+16	3.865294E-6	0.000000E+0	1.849658E-5	4.482055E-4	0.000000E+0	0.000000E+0	0.000000E+0
9.702808E+1	-2.229199E+3	1.234000E+0	7.433406E+16	-3.376204E+17	2.033215E-6	0.000000E+0	1.948847E-5	4.477434E-4	0.000000E+0	0.000000E+0	0.000000E+0
9.996460E+1	-2.230979E+3	1.171000E+0	-2.820974E+17	-3.562313E+17	7.118506E-7	0.000000E+0	2.004399E-5	4.473356E-4	0.000000E+0	0.000000E+0	0.000000E+0
1.075408E+2	-2.232689E+3	1.108000E+0	3.883600E+17	-5.707470E+17	5.519163E-6	0.000000E+0	2.152338E-5	4.468537E-4	0.000000E+0	0.000000E+0	0.000000E+0
7.670532E+1	-2.234017E+3	1.044000E+0	-5.196819E+17	2.155725E-18	6.503833E-7	0.000000E+0	1.535115E-5	4.470971E-4	0.000000E+0	0.000000E+0	0.000000E+0
1.045415E+2	-2.235738E+3	9.810000E-1	-1.734935E+17	1.089529E+17	3.925525E-6	0.000000E+0	2.086884E-5	4.463038E-4	0.000000E+0	0.000000E+0	0.000000E+0
8.674609E+1	-2.236827E+3	9.180000E-1	2.547933E-18	-3.572396E+16	-4.601789E-7	0.000000E+0	1.731141E-5	4.463905E-4	0.000000E+0	0.000000E+0	0.000000E+0
8.061792E+1	-2.238325E+3	8.540000E-1	-6.904543E-18	-1.197844E+17	3.353347E-6	0.000000E+0	1.607024E-5	4.461838E-4	0.000000E+0	0.000000E+0	0.000000E+0
9.848779E+1	-2.240292E+3	7.910000E-1	-4.524506E+17	2.054796E+17	3.053439E-6	0.000000E+0	1.958550E-5	4.455094E-4	0.000000E+0	0.000000E+0	0.000000E+0
1.007708E+2	-2.242480E+3	7.280000E-1	-7.908450E-19	6.323277E-18	2.242788E-6	0.000000E+0	1.999869E-5	4.450362E-4	0.000000E+0	0.000000E+0	0.000000E+0
7.915039E+1	-2.242936E+3	6.650000E-1	3.266041E+17	-3.632091E-18	1.432134E-6	0.000000E+0	1.571371E-5	4.452897E-4	0.000000E+0	0.000000E+0	0.000000E+0
1.009045E+2	-2.245264E+3	6.010000E-1	1.388541E-18	6.784126E-18	5.756407E-6	0.000000E+0	1.997558E-5	4.444842E-4	0.000000E+0	0.000000E+0	0.000000E+0
1.157283E+2	-2.247095E+3	5.380000E-1	4.766215E-20	4.558806E+17	1.370696E-6	0.000000E+0	2.285843E-5	4.438418E-4	0.000000E+0	0.000000E+0	0.000000E+0
1.094570E+2	-2.248311E+3	4.750000E-1	-3.851507E-18	-6.877568E-18	3.113673E-6	0.000000E+0	2.160243E-5	4.437266E-4	0.000000E+0	0.000000E+0	0.000000E+0
1.091182E+2	-2.250804E+3	4.110000E-1	-4.136209E+17	4.857998E-18	1.819972E-6	0.000000E+0	2.148831E-5	4.432439E-4	0.000000E+0	0.000000E+0	0.000000E+0
8.864160E+1	-2.252248E+3	3.480000E-1	4.155990E+17	-2.187937E-18	2.541492E-6	0.000000E+0	1.744749E-5	4.433142E-4	0.000000E+0	0.000000E+0	0.000000E+0
9.117725E+1	-2.253318E+3	2.850000E-1	-2.834423E+17	5.558819E-18	7.094113E-7	0.000000E+0	1.792797E-5	4.430646E-4	0.000000E+0	0.000000E+0	0.000000E+0
8.657593E+1	-2.255103E+3	2.220000E-1	-3.021231E-18	1.442034E+17	-1.012413E-7	0.000000E+0	1.699905E-5	4.427861E-4	0.000000E+0	0.000000E+0	0.000000E+0
1.299580E+2	-2.258341E+3	1.580000E-1	4.697494E+17	-5.230656E+17	4.733743E-6	0.000000E+0	2.539734E-5	4.413414E-4	0.000000E+0	0.000000E+0	0.000000E+0
1.061101E+2	-2.260384E+3	9.500000E-2	-4.715168E+17	-5.436513E+17	2.901634E-6	0.000000E+0	2.072222E-5	4.414299E-4	0.000000E+0	0.000000E+0	0.000000E+0
8.674023E+1	-2.262317E+3	3.200000E-2	-3.093320E+17	4.406614E-18	2.091011E-6	0.000000E+0	1.692293E-5	4.413759E-4	0.000000E+0	0.000000E+0	0.000000E+0
1.058669E+2	-2.265423E+3	-3.200000E-2	-9.427576E-19	-9.422141E-19	1.308025E-6	0.000000E+0	2.058326E-5	4.404568E-4	0.000000E+0	0.000000E+0	0.000000E+0
9.386987E+1	-2.268026E+3	-9.500000E-2	-4.717429E+17	-4.927578E+17	2.029544E-6	0.000000E+0	1.821742E-5	4.401581E-4	0.000000E+0	0.000000E+0	0.000000E+0
1.024375E+2	-2.272793E+3	-1.580000E-1	-2.971689E+17	-4.956124E-18	1.218892E-6	0.000000E+0	1.979055E-5	4.390953E-4	0.000000E+0	0.000000E+0	0.000000E+0
1.157046E+2	-2.278960E+3	-2.220000E-1	-1.478400E+17	2.700591E+17	4.521706E-6	0.000000E+0	2.222077E-5	4.376685E-4	0.000000E+0	0.000000E+0	0.000000E+0
1.264954E+2	-2.286733E+3	-2.850000E-1	-2.726899E+17	1.903750E-18	1.359967E-7	0.000000E+0	2.411665E-5	4.359710E-4	0.000000E+0	0.000000E+0	0.000000E+0
1.035054E+2	-2.296089E+3	-3.480000E-1	-1.696221E+17	-6.427781E-19	1.878972E-6	0.000000E+0	1.959313E-5	4.346399E-4	0.000000E+0	0.000000E+0	0.000000E+0
1.131487E+2	-2.307310E+3	-4.110000E-1	2.837111E-18	-1.599031E-19	2.089779E-6	0.000000E+0	2.120286E-5	4.323654E-4	0.000000E+0	0.000000E+0	0.000000E+0
1.104866E+2	-2.321826E+3	-4.750000E-1	-4.319920E+17	-4.172230E+17	2.853631E-7	0.000000E+0	2.044881E-5	4.297224E-4	0.000000E+0	0.000000E+0	0.000000E+0
1.275732E+2	-2.339605E+3	-5.380000E-1	-5.506723E-18	3.318506E+17	2.028341E-6	0.000000E+0	2.323726E-5	4.261555E-4	0.000000E+0	0.000000E+0	0.000000E+0
1.124282E+2	-2.361242E+3	-6.010000E-1	4.410889E+17	3.940187E-18	1.728400E-6	0.000000E+0	2.011920E-5	4.225480E-4	0.000000E+0	0.000000E+0	0.000000E+0
1.193235E+2	-2.389025E+3	-6.650000E-1	1.829862E+17	1.860550E+17	3.499044E-6	0.000000E+0	2.085463E-5	4.175392E-4	0.000000E+0	0.000000E+0	0.000000E+0
1.549231E+2	-2.426349E+3	-7.280000E-1	-4.775830E-18	6.138991E-18	1.156219E-6	0.000000E+0	2.620853E-5	4.104684E-4	0.000000E+0	0.000000E+0	0.000000E+0
1.408506E+2	-2.474437E+3	-7.910000E-1	-1.773302E-18	1.902740E-18	2.388482E-6	0.000000E+0	2.292984E-5	4.028271E-4	0.000000E+0	0.000000E+0	0.000000E+0
1.784929E+2	-2.540548E+3	-8.540000E-1	-7.957818E+16	-3.372665E-18	4.642174E-6	0.000000E+0	2.751868E-5	3.916825E-4	0.000000E+0	0.000000E+0	0.000000E+0
1.989563E+2	-2.627941E+3	-9.180000E-1	2.088264E+17	-2.195880E+17	1.816301E-6	0.000000E+0	2.864470E-5	3.783574E-4	0.000000E+0	0.000000E+0	0.000000E+0
2.264517E+2	-2.736907E+3	-9.810000E-1	4.512112E+17	-3.192840E+17	1.516393E-6	0.000000E+0	3.002566E-5	3.628916E-4	0.000000E+0	0.000000E+0	0.000000E+0
2.584280E+2	-2.880146E+3	-1.044000E+0	-1.183520E-18	-5.342346E-18	3.259367E-6	0.000000E+0	3.090495E-5	3.444316E-4	0.000000E+0	0.000000E+0	0.000000E+0
2.839507E+2	-3.074900E+3	-1.108000E+0	-5.203440E-18	3.843920E-18	2.987101E-6	0.000000E+0	2.977784E-5	3.224640E-4	0.000000E+0	0.000000E+0	0.000000E+0
3.420808E+2	-3.322860E+3	-1.171000E+0	2.472319E-19	4.245176E+17	2.687186E-6	0.000000E+0	3.065675E-5	2.977895E-4	0.000000E+0	0.000000E+0	0.000000E+0
4.417319E+2	-3.649833E+3	-1.234000E+0	1.311717E+15	5.157690E-18	3.408706E-6	0.000000E+0	3.268116E-5	2.700298E-4	0.000000E+0	0.000000E+0	0.000000E+0
5.086387E+2	-4.079453E+3	-1.297000E+0	-1.006173E-18	-5.687810E-18	1.065855E-6	0.000000E+0	3.009581E-5	2.413785E-4	0.000000E+0	0.000000E+0	0.000000E+0
6.177754E+2	-4.619455E+3	-1.361000E+0	-6.256276E-18	1.400392E+17	-7.385606E-7	0.000000E+0	2.844137E-5	2.126722E-4	0.000000E+0	0.000000E+0	0.000000E+0
7.484521E+2	-5.258813E+3	-1.424000E+0	2.698511E+17	-3.360764E+17	3.047331E-6	0.000000E+0	2.652647E-5	1.863816E-4	0.000000E+0	0.000000E+0	0.000000E+0
8.888008E+2	-6.023994E+3	-1.487000E+0	-4.013547E-19	-2.240669E+17	7.044800E-7	0.000000E+0	2.397081E-5	1.624661E-4	0.000000E+0	0.000000E+0	0.000000E+0
1.082650E+3	-6.940280E+3	-1.551000E+0	8.607252E+16	1.700207E-17	2.475121E-6	0.000000E+0	2.194281E-5	1.406634E-4	0.000000E+0	0.000000E+0	0.000000E+0
1.279857E+3	-7.987246E+3	-1.614000E+0	2.127762E-18	3.298054E+15	2.175177E-6	0.000000E+0	1.955947E-5	1.220654E-4	0.000000E+0	0.000000E+0	0.000000E+0
1.503694E+3	-9.165379E+3	-1.677000E+0	8.036557E+16	-4.576640E+17	1.364591E-6	0.000000E+0	1.743105E-5	1.062465E-4	0.000000E+0	0.000000E+0	0.000000E+0
1.721525E+3	-1.051277E+4	-1.741000E+0	-6.504745E+16	2.369919E+17	5.178088E-6	0.000000E+0	1.517003E-5	9.263823E-5	0.000000E+0	0.000000E+0	0.000000E+0
1.981312E+3	-1.203148E+4	-1.804000E+0	5.725574E-18	5.134919E+17	1.813867E-6	0.000000E+0	1.332583E-5	8.092083E-5	0.000000E+0	0.000000E+0	0.000000E+0
2.271919E+3	-1.372231E+4	-1.867000E+0	-2.052875E-18	3.601710E-18	5.088979E-6	0.000000E+0	1.174340E-5	7.092974E-5	0.000000E+0	0.000000E+0	0.000000E+0
2.605029E+3	-1.568466E+4	-1.930000E+0	2.907620E+17	-1.496570E-18	3.767615E-6	0.000000E+0	1.030492E-5	6.204504E-5	0.000000E+0	0.000000E+0	0.000000E+0
3.004406E+3	-1.794454E+4	-1.994000E+0	-2.653265E-18	4.664211E-18	1.963206E-6	0.000000E+0	9.075851E-6	5.420771E-5	0.000000E+0	0.000000E+0	0.000000E+0
3.439910E+3	-2.057913E+4	-2.057000E+0	6.288344E-18	-3.928899E-18	2.684683E-6	0.000000E+0	7.901780E-6	4.727210E-5	0.000000E+0	0.000000E+0	0.000000E+0
3.928406E+3	-2.367203E+4	-2.120000E+0	8.250878E-19	2.832976E+17	2.384812E-6	0.000000E+0	6.822549E-6	4.111174E-5	0.000000E+0	0.000000E+0	0.000000E+0
4.481189E+3	-2.739066E+4	-2.184000E+0	4.553607E+17	-2.686618E+17	3.644745E-6	0.000000E+0	5.817238E-6	3.555708E-5	0.000000E+0	0.000000E+0	0.000000E+0
4.964758E+3	-3.148745E+4	-2.247000E+0	2.517966E+17	3.793721E+16	4.366229E-6	0.000000E+0	4.886052E-6	3.098828E-5	0.000000E+0	0.000000E+0	0.000000E+0
5.371297E+3	-3.573517E+4	-2.310000E+0	-6.194310E-18	5.176251E+17	4.912290E-7	0.000000E+0	4.113247E-6	2.736538E-5	0.000000E+0	0.000000E+0	0.000000E+0
5.505949E+3	-3.984748E+4	-2.373000E+0	-5.704680E+17	6.512875E+16	1.212771E-6	0.000000E+0	3.402647E-6	2.462553E-5	0.000000E+0	0.000000E+0	0.000000E+0
5.558707E+3	-4.348745E+4	-2.437000E+0	-4.916206E+17	6.689522E-18	1.961933E-6	0.000000E+0	2.892061E-6	2.262547E-5	0.000000E+0	0.000000E+0	0.000000E+0
5.321055E+3	-4.660823E+4	-2.500000E+0	-3.567381E+17	-4.283094E-18	4.215690E-6	0.000000E+0	2.417957E-6	2.117939E-5	0.000000E+0	0.000000E+0	0.000000E+0
