Real / Ohm	Ximag / Ohm	V_DC / V	I_a c / A	V_ac / V	I_DC / A
7.347109E+2	-9.740803E+4	-2.500000E+0	-3.567381E+17	-4.283094E-18	1.662062E-6	1.000000E+6	7.742875E-8	1.026551E-5	0.000000E+0	0.000000E+0	0.000000E+0
7.519219E+2	-9.273408E+4	-2.437000E+0	-4.916206E+17	6.689522E-18	4.515561E-6	0.000000E+0	8.743100E-8	1.078281E-5	0.000000E+0	0.000000E+0	0.000000E+0
7.674727E+2	-8.806308E+4	-2.373000E+0	-5.704680E+17	6.512875E+16	5.298542E-6	0.000000E+0	9.895602E-8	1.135463E-5	0.000000E+0	0.000000E+0	0.000000E+0
7.280820E+2	-8.308170E+4	-2.310000E+0	-6.194310E-18	5.176251E+17	3.555571E-6	0.000000E+0	1.054718E-7	1.203542E-5	0.000000E+0	0.000000E+0	0.000000E+0
6.780352E+2	-7.793147E+4	-2.247000E+0	2.517966E+17	3.793721E+16	1.301887E-6	0.000000E+0	1.116333E-7	1.283082E-5	0.000000E+0	0.000000E+0	0.000000E+0
7.417578E+2	-7.224081E+4	-2.184000E+0	4.553607E+17	-2.686618E+17	2.623259E-6	0.000000E+0	1.421187E-7	1.384113E-5	0.000000E+0	0.000000E+0	0.000000E+0
7.093398E+2	-6.646108E+4	-2.120000E+0	8.250878E-19	2.832976E+17	1.363325E-6	0.000000E+0	1.605721E-7	1.504469E-5	0.000000E+0	0.000000E+0	0.000000E+0
7.337578E+2	-6.190052E+4	-2.057000E+0	6.288344E-18	-3.928899E-18	-1.401088E-6	0.000000E+0	1.914710E-7	1.615268E-5	0.000000E+0	0.000000E+0	0.000000E+0
7.664297E+2	-5.961028E+4	-1.994000E+0	-2.653265E-18	4.664211E-18	1.452492E-6	0.000000E+0	2.156543E-7	1.677286E-5	0.000000E+0	0.000000E+0	0.000000E+0
8.681445E+2	-5.736159E+4	-1.930000E+0	2.907620E+17	-1.496570E-18	2.746187E-6	0.000000E+0	2.637851E-7	1.742928E-5	0.000000E+0	0.000000E+0	0.000000E+0
9.428281E+2	-5.480994E+4	-1.867000E+0	-2.052875E-18	3.601710E-18	4.578265E-6	0.000000E+0	3.137512E-7	1.823947E-5	0.000000E+0	0.000000E+0	0.000000E+0
1.091625E+3	-5.209723E+4	-1.804000E+0	5.725574E-18	5.134919E+17	4.367437E-6	0.000000E+0	4.020255E-7	1.918645E-5	0.000000E+0	0.000000E+0	0.000000E+0
1.348938E+3	-4.944009E+4	-1.741000E+0	-6.504745E+16	2.369919E+17	2.113746E-6	0.000000E+0	5.514553E-7	2.021145E-5	0.000000E+0	0.000000E+0	0.000000E+0
1.731375E+3	-4.698930E+4	-1.677000E+0	8.036557E+16	-4.576640E+17	2.896733E-6	0.000000E+0	7.830761E-7	2.125259E-5	0.000000E+0	0.000000E+0	0.000000E+0
2.387273E+3	-4.473163E+4	-1.614000E+0	2.127762E-18	3.298054E+15	4.218091E-6	0.000000E+0	1.189700E-6	2.229205E-5	0.000000E+0	0.000000E+0	0.000000E+0
3.318732E+3	-4.249364E+4	-1.551000E+0	8.607252E+16	1.700207E-17	9.429787E-7	0.000000E+0	1.826768E-6	2.339026E-5	0.000000E+0	0.000000E+0	0.000000E+0
4.359969E+3	-3.980898E+4	-1.487000E+0	-4.013547E-19	-2.240669E+17	2.236680E-6	0.000000E+0	2.718585E-6	2.482221E-5	0.000000E+0	0.000000E+0	0.000000E+0
5.255822E+3	-3.662509E+4	-1.424000E+0	2.698511E+17	-3.360764E+17	1.515131E-6	0.000000E+0	3.839110E-6	2.675276E-5	0.000000E+0	0.000000E+0	0.000000E+0
5.650822E+3	-3.290695E+4	-1.361000E+0	-6.256276E-18	1.400392E+17	-2.278466E-7	0.000000E+0	5.068915E-6	2.951828E-5	0.000000E+0	0.000000E+0	0.000000E+0
5.512074E+3	-2.905351E+4	-1.297000E+0	-1.006173E-18	-5.687810E-18	1.576569E-6	0.000000E+0	6.303191E-6	3.322340E-5	0.000000E+0	0.000000E+0	0.000000E+0
4.923217E+3	-2.498313E+4	-1.234000E+0	1.311717E+15	5.157690E-18	-2.720037E-6	0.000000E+0	7.592930E-6	3.853073E-5	0.000000E+0	0.000000E+0	0.000000E+0
4.072426E+3	-2.143555E+4	-1.171000E+0	2.472319E-19	4.245176E+17	1.665729E-6	0.000000E+0	8.554305E-6	4.502629E-5	0.000000E+0	0.000000E+0	0.000000E+0
3.306153E+3	-1.836163E+4	-1.108000E+0	-5.203440E-18	3.843920E-18	1.454930E-6	0.000000E+0	9.498253E-6	5.275116E-5	0.000000E+0	0.000000E+0	0.000000E+0
2.564738E+3	-1.577682E+4	-1.044000E+0	-1.183520E-18	-5.342346E-18	2.748624E-6	0.000000E+0	1.003867E-5	6.175221E-5	0.000000E+0	0.000000E+0	0.000000E+0
2.059437E+3	-1.377054E+4	-9.810000E-1	4.512112E+17	-3.192840E+17	2.537821E-6	0.000000E+0	1.062282E-5	7.103011E-5	0.000000E+0	0.000000E+0	0.000000E+0
1.650161E+3	-1.221884E+4	-9.180000E-1	2.088264E+17	-2.195880E+17	5.391386E-6	0.000000E+0	1.085467E-5	8.037490E-5	0.000000E+0	0.000000E+0	0.000000E+0
1.340212E+3	-1.101204E+4	-8.540000E-1	-7.957818E+16	-3.372665E-18	1.067117E-6	0.000000E+0	1.089061E-5	8.948426E-5	0.000000E+0	0.000000E+0	0.000000E+0
1.113117E+3	-1.012370E+4	-7.910000E-1	-1.773302E-18	1.902740E-18	8.563111E-7	0.000000E+0	1.073108E-5	9.759822E-5	0.000000E+0	0.000000E+0	0.000000E+0
9.417119E+2	-9.435963E+3	-7.280000E-1	-4.775830E-18	6.138991E-18	-8.866664E-7	0.000000E+0	1.047228E-5	1.049324E-4	0.000000E+0	0.000000E+0	0.000000E+0
7.878872E+2	-8.895371E+3	-6.650000E-1	1.829862E+17	1.860550E+17	2.988330E-6	0.000000E+0	9.879663E-6	1.115430E-4	0.000000E+0	0.000000E+0	0.000000E+0
7.059653E+2	-8.450680E+3	-6.010000E-1	4.410889E+17	3.940187E-18	1.728400E-6	0.000000E+0	9.817020E-6	1.175136E-4	0.000000E+0	0.000000E+0	0.000000E+0
6.237612E+2	-8.097054E+3	-5.380000E-1	-5.506723E-18	3.318506E+17	1.006883E-6	0.000000E+0	9.457897E-6	1.227731E-4	0.000000E+0	0.000000E+0	0.000000E+0
5.358970E+2	-7.795274E+3	-4.750000E-1	-4.319920E+17	-4.172230E+17	2.838962E-6	0.000000E+0	8.777501E-6	1.276794E-4	0.000000E+0	0.000000E+0	0.000000E+0
4.953486E+2	-7.529127E+3	-4.110000E-1	2.837111E-18	-1.599031E-19	1.068322E-6	0.000000E+0	8.700534E-6	1.322451E-4	0.000000E+0	0.000000E+0	0.000000E+0
4.157061E+2	-7.293750E+3	-3.480000E-1	-1.696221E+17	-6.427781E-19	8.575153E-7	0.000000E+0	7.788901E-6	1.366598E-4	0.000000E+0	0.000000E+0	0.000000E+0
3.838452E+2	-7.080773E+3	-2.850000E-1	-2.726899E+17	1.903750E-18	4.732510E-6	0.000000E+0	7.633442E-6	1.408137E-4	0.000000E+0	0.000000E+0	0.000000E+0
3.775796E+2	-6.884404E+3	-2.220000E-1	-1.478400E+17	2.700591E+17	9.466494E-7	0.000000E+0	7.942759E-6	1.448202E-4	0.000000E+0	0.000000E+0	0.000000E+0
3.521060E+2	-6.701130E+3	-1.580000E-1	-2.971689E+17	-4.956124E-18	1.974640E-7	0.000000E+0	7.819517E-6	1.488177E-4	0.000000E+0	0.000000E+0	0.000000E+0
3.251172E+2	-6.531299E+3	-9.500000E-2	-4.717429E+17	-4.927578E+17	4.973731E-7	0.000000E+0	7.602668E-6	1.527305E-4	0.000000E+0	0.000000E+0	0.000000E+0
3.090952E+2	-6.372863E+3	-3.200000E-2	-9.427576E-19	-9.422141E-19	2.865679E-7	0.000000E+0	7.592812E-6	1.565471E-4	0.000000E+0	0.000000E+0	0.000000E+0
2.873813E+2	-6.217593E+3	3.200000E-2	-3.093320E+17	4.406614E-18	3.112439E-6	0.000000E+0	7.418005E-6	1.604911E-4	0.000000E+0	0.000000E+0	0.000000E+0
2.713213E+2	-6.073714E+3	9.500000E-2	-4.715168E+17	-5.436513E+17	2.901634E-6	0.000000E+0	7.340226E-6	1.643160E-4	0.000000E+0	0.000000E+0	0.000000E+0
2.604888E+2	-5.935615E+3	1.580000E-1	4.697494E+17	-5.230656E+17	4.733743E-6	0.000000E+0	7.379416E-6	1.681507E-4	0.000000E+0	0.000000E+0	0.000000E+0
2.498496E+2	-5.799110E+3	2.220000E-1	-3.021231E-18	1.442034E+17	1.430930E-6	0.000000E+0	7.415673E-6	1.721208E-4	0.000000E+0	0.000000E+0	0.000000E+0
2.353618E+2	-5.670566E+3	2.850000E-1	-2.834423E+17	5.558819E-18	1.220125E-6	0.000000E+0	7.306941E-6	1.760460E-4	0.000000E+0	0.000000E+0	0.000000E+0
2.318120E+2	-5.544969E+3	3.480000E-1	4.155990E+17	-2.187937E-18	-5.228503E-7	0.000000E+0	7.526261E-6	1.800290E-4	0.000000E+0	0.000000E+0	0.000000E+0
2.299309E+2	-5.423688E+3	4.110000E-1	-4.136209E+17	4.857998E-18	3.352143E-6	0.000000E+0	7.802398E-6	1.840456E-4	0.000000E+0	0.000000E+0	0.000000E+0
2.229827E+2	-5.305522E+3	4.750000E-1	-3.851507E-18	-6.877568E-18	5.600450E-7	0.000000E+0	7.907669E-6	1.881505E-4	0.000000E+0	0.000000E+0	0.000000E+0
2.283577E+2	-5.192457E+3	5.380000E-1	4.766215E-20	4.558806E+17	2.392153E-6	0.000000E+0	8.453385E-6	1.922153E-4	0.000000E+0	0.000000E+0	0.000000E+0
2.154944E+2	-5.084429E+3	6.010000E-1	1.388541E-18	6.784126E-18	-8.829920E-7	0.000000E+0	8.320936E-6	1.963263E-4	0.000000E+0	0.000000E+0	0.000000E+0
2.056965E+2	-4.980746E+3	6.650000E-1	3.266041E+17	-3.632091E-18	-6.107512E-7	0.000000E+0	8.277478E-6	2.004313E-4	0.000000E+0	0.000000E+0	0.000000E+0
2.126143E+2	-4.884229E+3	7.280000E-1	-7.908450E-19	6.323277E-18	1.221331E-6	0.000000E+0	8.895662E-6	2.043534E-4	0.000000E+0	0.000000E+0	0.000000E+0
2.126211E+2	-4.794026E+3	7.910000E-1	-4.524506E+17	2.054796E+17	3.564153E-6	0.000000E+0	9.233198E-6	2.081834E-4	0.000000E+0	0.000000E+0	0.000000E+0
2.148232E+2	-4.710396E+3	8.540000E-1	-6.904543E-18	-1.197844E+17	1.821176E-6	0.000000E+0	9.661932E-6	2.118557E-4	0.000000E+0	0.000000E+0	0.000000E+0
2.140854E+2	-4.632654E+3	9.180000E-1	2.547933E-18	-3.572396E+16	1.071992E-6	0.000000E+0	9.954073E-6	2.153990E-4	0.000000E+0	0.000000E+0	0.000000E+0
2.012659E+2	-4.563470E+3	9.810000E-1	-1.734935E+17	1.089529E+17	1.882643E-6	0.000000E+0	9.645747E-6	2.187061E-4	0.000000E+0	0.000000E+0	0.000000E+0
2.161724E+2	-4.500489E+3	1.044000E+0	-5.196819E+17	2.155725E-18	6.503833E-7	0.000000E+0	1.064829E-5	2.216866E-4	0.000000E+0	0.000000E+0	0.000000E+0
2.167976E+2	-4.441612E+3	1.108000E+0	3.883600E+17	-5.707470E+17	1.433364E-6	0.000000E+0	1.096326E-5	2.246084E-4	0.000000E+0	0.000000E+0	0.000000E+0
2.167688E+2	-4.388812E+3	1.171000E+0	-2.820974E+17	-3.562313E+17	3.776193E-6	0.000000E+0	1.122651E-5	2.272976E-4	0.000000E+0	0.000000E+0	0.000000E+0
2.124441E+2	-4.339434E+3	1.234000E+0	7.433406E+16	-3.376204E+17	-9.698851E-9	0.000000E+0	1.125483E-5	2.298938E-4	0.000000E+0	0.000000E+0	0.000000E+0
2.128523E+2	-4.293104E+3	1.297000E+0	5.217108E-18	8.421242E+16	3.865294E-6	0.000000E+0	1.152045E-5	2.323605E-4	0.000000E+0	0.000000E+0	0.000000E+0
2.166270E+2	-4.249369E+3	1.361000E+0	5.364300E+17	-2.871880E+17	-3.012574E-6	0.000000E+0	1.196566E-5	2.347191E-4	0.000000E+0	0.000000E+0	0.000000E+0
2.172883E+2	-4.210430E+3	1.424000E+0	6.373293E-18	1.659667E-18	8.624193E-7	0.000000E+0	1.222442E-5	2.368746E-4	0.000000E+0	0.000000E+0	0.000000E+0
2.193821E+2	-4.175322E+3	1.487000E+0	9.197518E+16	1.907948E+17	-1.902015E-6	0.000000E+0	1.254943E-5	2.388431E-4	0.000000E+0	0.000000E+0	0.000000E+0
2.237529E+2	-4.145884E+3	1.551000E+0	4.020179E+17	1.945249E+17	9.238574E-7	0.000000E+0	1.297990E-5	2.405026E-4	0.000000E+0	0.000000E+0	0.000000E+0
2.121116E+2	-4.123220E+3	1.614000E+0	1.731138E-18	4.035830E-18	2.755973E-6	0.000000E+0	1.244353E-5	2.418888E-4	0.000000E+0	0.000000E+0	0.000000E+0
2.051636E+2	-4.108498E+3	1.677000E+0	-2.680828E+17	-5.132047E+17	-1.029926E-6	0.000000E+0	1.212418E-5	2.427925E-4	0.000000E+0	0.000000E+0	0.000000E+0
2.259070E+2	-4.101908E+3	1.741000E+0	6.309741E-18	-4.155966E-18	1.285232E-6	0.000000E+0	1.338575E-5	2.430518E-4	0.000000E+0	0.000000E+0	0.000000E+0
2.263074E+2	-4.102699E+3	1.804000E+0	2.579781E+17	4.569561E-19	1.585140E-6	0.000000E+0	1.340417E-5	2.430026E-4	0.000000E+0	0.000000E+0	0.000000E+0
2.256846E+2	-4.111271E+3	1.867000E+0	2.915631E-18	5.325354E+16	3.529130E-7	0.000000E+0	1.331199E-5	2.425030E-4	0.000000E+0	0.000000E+0	0.000000E+0
2.258442E+2	-4.125228E+3	1.930000E+0	-1.980651E+17	2.858813E+16	6.528207E-7	0.000000E+0	1.323163E-5	2.416865E-4	0.000000E+0	0.000000E+0	0.000000E+0
2.277434E+2	-4.143127E+3	1.994000E+0	-2.796111E-18	4.284796E-22	4.143440E-7	0.000000E+0	1.322754E-5	2.406365E-4	0.000000E+0	0.000000E+0	0.000000E+0
2.274500E+2	-4.164434E+3	2.057000E+0	5.785012E-19	5.234687E+17	2.246466E-6	0.000000E+0	1.307616E-5	2.394145E-4	0.000000E+0	0.000000E+0	0.000000E+0
2.273977E+2	-4.188152E+3	2.120000E+0	-2.375065E+17	1.295985E-19	5.034817E-7	0.000000E+0	1.292596E-5	2.380670E-4	0.000000E+0	0.000000E+0	0.000000E+0
2.270144E+2	-4.211973E+3	2.184000E+0	-5.351627E-18	2.346836E+17	3.329347E-6	0.000000E+0	1.275917E-5	2.367307E-4	0.000000E+0	0.000000E+0	0.000000E+0
2.294197E+2	-4.235758E+3	2.247000E+0	2.587907E+17	-3.980899E-18	2.097091E-6	0.000000E+0	1.274959E-5	2.353947E-4	0.000000E+0	0.000000E+0	0.000000E+0
2.150884E+2	-4.259520E+3	2.310000E+0	-3.127958E+17	-9.739274E-19	2.397035E-6	0.000000E+0	1.182469E-5	2.341711E-4	0.000000E+0	0.000000E+0	0.000000E+0
2.253213E+2	-4.282379E+3	2.373000E+0	6.667395E-18	-4.396019E+17	1.433218E-7	0.000000E+0	1.225269E-5	2.328704E-4	0.000000E+0	0.000000E+0	0.000000E+0
2.264353E+2	-4.302762E+3	2.437000E+0	-1.137863E-18	-4.190346E+17	-3.670211E-6	0.000000E+0	1.219687E-5	2.317670E-4	0.000000E+0	0.000000E+0	0.000000E+0
2.224011E+2	-4.323489E+3	2.500000E+0	-9.275714E-19	-3.780148E-18	-3.059686E-7	0.000000E+0	1.186644E-5	2.306843E-4	0.000000E+0	0.000000E+0	0.000000E+0
