Real / Ohm	Ximag / Ohm	V_DC / V	I_a c / A	V_ac / V	I_DC / A
2.862947E+1	-7.577019E-1	-2.500000E+0	-3.567381E+17	-4.283094E-18	-1.576236E-2	1.000000E+6	3.490459E-2	9.237781E-4	0.000000E+0	0.000000E+0	0.000000E+0
2.653134E+1	2.570305E-1	-2.437000E+0	-4.916206E+17	6.689522E-18	-2.226103E-2	0.000000E+0	3.768774E-2	-3.651115E-4	0.000000E+0	0.000000E+0	0.000000E+0
2.666861E+1	-1.215210E-1	-2.373000E+0	-5.704680E+17	6.512875E+16	-2.081387E-2	0.000000E+0	3.749649E-2	1.708605E-4	0.000000E+0	0.000000E+0	0.000000E+0
2.445185E+1	1.083584E-1	-2.310000E+0	-6.194310E-18	5.176251E+17	-2.120785E-2	0.000000E+0	4.089590E-2	-1.812302E-4	0.000000E+0	0.000000E+0	0.000000E+0
2.690089E+1	1.097755E-1	-2.247000E+0	2.517966E+17	3.793721E+16	-2.090163E-2	0.000000E+0	3.717287E-2	-1.516928E-4	0.000000E+0	0.000000E+0	0.000000E+0
2.822189E+1	-1.782284E-1	-2.184000E+0	4.553607E+17	-2.686618E+17	-2.007855E-2	0.000000E+0	3.543207E-2	2.237625E-4	0.000000E+0	0.000000E+0	0.000000E+0
2.797081E+1	4.368019E-2	-2.120000E+0	8.250878E-19	2.832976E+17	-1.919575E-2	0.000000E+0	3.575147E-2	-5.583074E-5	0.000000E+0	0.000000E+0	0.000000E+0
2.660782E+1	1.291218E-1	-2.057000E+0	6.288344E-18	-3.928899E-18	-1.768370E-2	0.000000E+0	3.758205E-2	-1.823773E-4	0.000000E+0	0.000000E+0	0.000000E+0
2.426104E+1	2.012272E-1	-1.994000E+0	-2.653265E-18	4.664211E-18	-1.663948E-2	0.000000E+0	4.121551E-2	-3.418519E-4	0.000000E+0	0.000000E+0	0.000000E+0
2.219927E+1	1.000261E+0	-1.930000E+0	2.907620E+17	-1.496570E-18	-1.536648E-2	0.000000E+0	4.495526E-2	-2.025607E-3	0.000000E+0	0.000000E+0	0.000000E+0
2.184575E+1	1.523214E+0	-1.867000E+0	-2.052875E-18	3.601710E-18	-1.425791E-2	0.000000E+0	4.555402E-2	-3.176294E-3	0.000000E+0	0.000000E+0	0.000000E+0
2.139467E+1	2.082266E+0	-1.804000E+0	5.725574E-18	5.134919E+17	-1.268560E-2	0.000000E+0	4.630202E-2	-4.506409E-3	0.000000E+0	0.000000E+0	0.000000E+0
2.199893E+1	9.476967E-1	-1.741000E+0	-6.504745E+16	2.369919E+17	-1.146008E-2	0.000000E+0	4.537255E-2	-1.954614E-3	0.000000E+0	0.000000E+0	0.000000E+0
1.532964E+1	3.611046E+0	-1.677000E+0	8.036557E+16	-4.576640E+17	-9.648265E-3	0.000000E+0	6.180372E-2	-1.455847E-2	0.000000E+0	0.000000E+0	0.000000E+0
1.064550E+1	3.214285E+0	-1.614000E+0	2.127762E-18	3.298054E+15	-6.766967E-3	0.000000E+0	8.608804E-2	-2.599328E-2	0.000000E+0	0.000000E+0	0.000000E+0
1.072973E+1	4.204490E+0	-1.551000E+0	8.607252E+16	1.700207E-17	-6.115493E-3	0.000000E+0	8.079321E-2	-3.165916E-2	0.000000E+0	0.000000E+0	0.000000E+0
3.054116E+2	-6.949982E+0	-1.487000E+0	-4.013547E-19	-2.240669E+17	-2.905318E-3	0.000000E+0	3.272575E-3	7.447110E-5	0.000000E+0	0.000000E+0	0.000000E+0
3.573911E+2	-1.065930E+1	-1.424000E+0	2.698511E+17	-3.360764E+17	-2.357011E-3	0.000000E+0	2.795568E-3	8.337869E-5	0.000000E+0	0.000000E+0	0.000000E+0
3.894780E+2	-1.200748E+1	-1.361000E+0	-6.256276E-18	1.400392E+17	-2.187661E-3	0.000000E+0	2.565101E-3	7.908123E-5	0.000000E+0	0.000000E+0	0.000000E+0
4.196898E+2	-1.496094E+1	-1.297000E+0	-1.006173E-18	-5.687810E-18	-2.027532E-3	0.000000E+0	2.379688E-3	8.483021E-5	0.000000E+0	0.000000E+0	0.000000E+0
4.069108E+2	-1.188834E+1	-1.234000E+0	1.311717E+15	5.157690E-18	-1.876568E-3	0.000000E+0	2.455445E-3	7.173849E-5	0.000000E+0	0.000000E+0	0.000000E+0
3.904434E+2	-8.395752E+0	-1.171000E+0	2.472319E-19	4.245176E+17	-1.714879E-3	0.000000E+0	2.560007E-3	5.504814E-5	0.000000E+0	0.000000E+0	0.000000E+0
4.630226E+2	-8.795319E+0	-1.108000E+0	-5.203440E-18	3.843920E-18	-1.559319E-3	0.000000E+0	2.158943E-3	4.101007E-5	0.000000E+0	0.000000E+0	0.000000E+0
6.853478E+2	-2.220349E+1	-1.044000E+0	-1.183520E-18	-5.342346E-18	-1.442601E-3	0.000000E+0	1.457583E-3	4.722192E-5	0.000000E+0	0.000000E+0	0.000000E+0
9.080206E+2	-4.340381E+1	-9.810000E-1	4.512112E+17	-3.192840E+17	-1.360586E-3	0.000000E+0	1.098786E-3	5.252249E-5	0.000000E+0	0.000000E+0	0.000000E+0
1.059451E+3	-6.476184E+1	-9.180000E-1	2.088264E+17	-2.195880E+17	-1.294913E-3	0.000000E+0	9.403713E-4	5.748277E-5	0.000000E+0	0.000000E+0	0.000000E+0
1.039575E+3	-6.847455E+1	-8.540000E-1	-7.957818E+16	-3.372665E-18	-1.230800E-3	0.000000E+0	9.577762E-4	6.308664E-5	0.000000E+0	0.000000E+0	0.000000E+0
9.450884E+2	-6.283600E+1	-7.910000E-1	-1.773302E-18	1.902740E-18	-1.162063E-3	0.000000E+0	1.053445E-3	7.004032E-5	0.000000E+0	0.000000E+0	0.000000E+0
8.515182E+2	-5.807941E+1	-7.280000E-1	-4.775830E-18	6.138991E-18	-1.098434E-3	0.000000E+0	1.168935E-3	7.972942E-5	0.000000E+0	0.000000E+0	0.000000E+0
7.998722E+2	-5.606732E+1	-6.650000E-1	1.829862E+17	1.860550E+17	-1.011821E-3	0.000000E+0	1.244087E-3	8.720472E-5	0.000000E+0	0.000000E+0	0.000000E+0
7.720281E+2	-5.606067E+1	-6.010000E-1	4.410889E+17	3.940187E-18	-9.344297E-4	0.000000E+0	1.288496E-3	9.356385E-5	0.000000E+0	0.000000E+0	0.000000E+0
7.597885E+2	-5.473511E+1	-5.380000E-1	-5.506723E-18	3.318506E+17	-8.534351E-4	0.000000E+0	1.309360E-3	9.432624E-5	0.000000E+0	0.000000E+0	0.000000E+0
7.515352E+2	-5.501770E+1	-4.750000E-1	-4.319920E+17	-4.172230E+17	-7.683551E-4	0.000000E+0	1.323517E-3	9.689079E-5	0.000000E+0	0.000000E+0	0.000000E+0
7.412743E+2	-5.553778E+1	-4.110000E-1	2.837111E-18	-1.599031E-19	-6.873882E-4	0.000000E+0	1.341498E-3	1.005078E-4	0.000000E+0	0.000000E+0	0.000000E+0
7.019602E+2	-5.251343E+1	-3.480000E-1	-1.696221E+17	-6.427781E-19	-6.002652E-4	0.000000E+0	1.416654E-3	1.059794E-4	0.000000E+0	0.000000E+0	0.000000E+0
6.594396E+2	-4.867078E+1	-2.850000E-1	-2.726899E+17	1.903750E-18	-5.019063E-4	0.000000E+0	1.508223E-3	1.113163E-4	0.000000E+0	0.000000E+0	0.000000E+0
6.120269E+2	-4.323474E+1	-2.220000E-1	-1.478400E+17	2.700591E+17	-4.030364E-4	0.000000E+0	1.625802E-3	1.148497E-4	0.000000E+0	0.000000E+0	0.000000E+0
5.551262E+2	-3.676740E+1	-1.580000E-1	-2.971689E+17	-4.956124E-18	-2.965335E-4	0.000000E+0	1.793524E-3	1.187896E-4	0.000000E+0	0.000000E+0	0.000000E+0
5.151932E+2	-3.230057E+1	-9.500000E-2	-4.717429E+17	-4.927578E+17	-1.818313E-4	0.000000E+0	1.933420E-3	1.212177E-4	0.000000E+0	0.000000E+0	0.000000E+0
5.229795E+2	-3.401059E+1	-3.200000E-2	-9.427576E-19	-9.422141E-19	-5.640389E-5	0.000000E+0	1.904068E-3	1.238260E-4	0.000000E+0	0.000000E+0	0.000000E+0
5.691335E+2	-4.144122E+1	3.200000E-2	-3.093320E+17	4.406614E-18	5.980286E-5	0.000000E+0	1.747790E-3	1.272646E-4	0.000000E+0	0.000000E+0	0.000000E+0
5.810579E+2	-4.439590E+1	9.500000E-2	-4.715168E+17	-5.436513E+17	1.632691E-4	0.000000E+0	1.711010E-3	1.307303E-4	0.000000E+0	0.000000E+0	0.000000E+0
5.803896E+2	-4.510709E+1	1.580000E-1	4.697494E+17	-5.230656E+17	2.723533E-4	0.000000E+0	1.712636E-3	1.331037E-4	0.000000E+0	0.000000E+0	0.000000E+0
5.825354E+2	-4.673697E+1	2.220000E-1	-3.021231E-18	1.442034E+17	3.788562E-4	0.000000E+0	1.705655E-3	1.368451E-4	0.000000E+0	0.000000E+0	0.000000E+0
5.930908E+2	-4.925439E+1	2.850000E-1	-2.834423E+17	5.558819E-18	4.797688E-4	0.000000E+0	1.674534E-3	1.390649E-4	0.000000E+0	0.000000E+0	0.000000E+0
6.033809E+2	-5.215302E+1	3.480000E-1	4.155990E+17	-2.187937E-18	5.765957E-4	0.000000E+0	1.645038E-3	1.421883E-4	0.000000E+0	0.000000E+0	0.000000E+0
6.221890E+2	-5.760547E+1	4.110000E-1	-4.136209E+17	4.857998E-18	6.800619E-4	0.000000E+0	1.593569E-3	1.475408E-4	0.000000E+0	0.000000E+0	0.000000E+0
6.503304E+2	-6.446619E+1	4.750000E-1	-3.851507E-18	-6.877568E-18	7.748180E-4	0.000000E+0	1.522717E-3	1.509445E-4	0.000000E+0	0.000000E+0	0.000000E+0
6.827887E+2	-7.272327E+1	5.380000E-1	4.766215E-20	4.558806E+17	8.644947E-4	0.000000E+0	1.448154E-3	1.542417E-4	0.000000E+0	0.000000E+0	0.000000E+0
7.126140E+2	-8.134802E+1	6.010000E-1	1.388541E-18	6.784126E-18	9.495749E-4	0.000000E+0	1.385233E-3	1.581304E-4	0.000000E+0	0.000000E+0	0.000000E+0
7.418094E+2	-8.975439E+1	6.650000E-1	3.266041E+17	-3.632091E-18	1.027988E-3	0.000000E+0	1.328605E-3	1.607531E-4	0.000000E+0	0.000000E+0	0.000000E+0
7.522465E+2	-9.513007E+1	7.280000E-1	-7.908450E-19	6.323277E-18	1.110004E-3	0.000000E+0	1.308427E-3	1.654653E-4	0.000000E+0	0.000000E+0	0.000000E+0
7.505715E+2	-9.612915E+1	7.910000E-1	-4.524506E+17	2.054796E+17	1.206830E-3	0.000000E+0	1.310817E-3	1.678823E-4	0.000000E+0	0.000000E+0	0.000000E+0
7.557726E+2	-9.916345E+1	8.540000E-1	-6.904543E-18	-1.197844E+17	1.228070E-3	0.000000E+0	1.300756E-3	1.706697E-4	0.000000E+0	0.000000E+0	0.000000E+0
7.664637E+2	-1.008882E+2	9.180000E-1	2.547933E-18	-3.572396E+16	1.298311E-3	0.000000E+0	1.282473E-3	1.688096E-4	0.000000E+0	0.000000E+0	0.000000E+0
7.310996E+2	-9.423035E+1	9.810000E-1	-1.734935E+17	1.089529E+17	1.225578E-3	0.000000E+0	1.345452E-3	1.734133E-4	0.000000E+0	0.000000E+0	0.000000E+0
7.013579E+2	-8.750586E+1	1.044000E+0	-5.196819E+17	2.155725E-18	1.294315E-3	0.000000E+0	1.403951E-3	1.751658E-4	0.000000E+0	0.000000E+0	0.000000E+0
2.123002E+3	-9.512112E+2	1.108000E+0	3.883600E+17	-5.707470E+17	1.353831E-3	0.000000E+0	3.922811E-4	1.757616E-4	0.000000E+0	0.000000E+0	0.000000E+0
2.220365E+3	-1.041793E+3	1.171000E+0	-2.820974E+17	-3.562313E+17	1.483112E-4	0.000000E+0	3.691163E-4	1.731890E-4	0.000000E+0	0.000000E+0	0.000000E+0
2.230850E+3	-1.041396E+3	1.234000E+0	7.433406E+16	-3.376204E+17	1.583148E-4	0.000000E+0	3.680543E-4	1.718136E-4	0.000000E+0	0.000000E+0	0.000000E+0
2.424065E+3	-1.321791E+3	1.297000E+0	5.217108E-18	8.421242E+16	1.529968E-4	0.000000E+0	3.179843E-4	1.733901E-4	0.000000E+0	0.000000E+0	0.000000E+0
2.854718E+3	-2.757634E+3	1.361000E+0	5.364300E+17	-2.871880E+17	1.001537E-4	0.000000E+0	1.812064E-4	1.750439E-4	0.000000E+0	0.000000E+0	0.000000E+0
2.845916E+3	-2.820901E+3	1.424000E+0	6.373293E-18	1.659667E-18	1.050502E-4	0.000000E+0	1.772414E-4	1.756835E-4	0.000000E+0	0.000000E+0	0.000000E+0
2.820592E+3	-2.866601E+3	1.487000E+0	9.197518E+16	1.907948E+17	8.134605E-5	0.000000E+0	1.743998E-4	1.772445E-4	0.000000E+0	0.000000E+0	0.000000E+0
2.816600E+3	-2.769392E+3	1.551000E+0	4.020179E+17	1.945249E+17	8.417192E-5	0.000000E+0	1.805193E-4	1.774936E-4	0.000000E+0	0.000000E+0	0.000000E+0
8.361387E+2	-1.181044E+2	1.614000E+0	1.731138E-18	4.035830E-18	8.957909E-5	0.000000E+0	1.172579E-3	1.656265E-4	0.000000E+0	0.000000E+0	0.000000E+0
5.466025E+2	-4.645065E+1	1.677000E+0	-2.680828E+17	-5.132047E+17	9.238918E-4	0.000000E+0	1.816366E-3	1.543560E-4	0.000000E+0	0.000000E+0	0.000000E+0
5.328895E+2	-4.672012E+1	1.741000E+0	6.309741E-18	-4.155966E-18	1.193826E-3	0.000000E+0	1.862247E-3	1.632692E-4	0.000000E+0	0.000000E+0	0.000000E+0
2.239080E+2	2.957458E+0	1.804000E+0	2.579781E+17	4.569561E-19	1.699233E-3	0.000000E+0	4.465341E-3	-5.897984E-5	0.000000E+0	0.000000E+0	0.000000E+0
1.658551E+2	4.954041E+0	1.867000E+0	2.915631E-18	5.325354E+16	4.240897E-3	0.000000E+0	6.023985E-3	-1.799346E-4	0.000000E+0	0.000000E+0	0.000000E+0
1.190319E+2	1.292725E-1	1.930000E+0	-1.980651E+17	2.858813E+16	4.736599E-3	0.000000E+0	8.401099E-3	-9.123866E-6	0.000000E+0	0.000000E+0	0.000000E+0
1.869360E+2	-2.771347E+0	1.994000E+0	-2.796111E-18	4.284796E-22	5.693968E-3	0.000000E+0	5.348249E-3	7.928839E-5	0.000000E+0	0.000000E+0	0.000000E+0
1.667137E+2	-2.414330E+0	2.057000E+0	5.785012E-19	5.234687E+17	4.776496E-3	0.000000E+0	5.997050E-3	8.684863E-5	0.000000E+0	0.000000E+0	0.000000E+0
1.403007E+2	4.319000E-1	2.120000E+0	-2.375065E+17	1.295985E-19	5.683333E-3	0.000000E+0	7.127481E-3	-2.194115E-5	0.000000E+0	0.000000E+0	0.000000E+0
1.195391E+2	1.661034E+0	2.184000E+0	-5.351627E-18	2.346836E+17	5.972675E-3	0.000000E+0	8.363849E-3	-1.162184E-4	0.000000E+0	0.000000E+0	0.000000E+0
1.472227E+2	-2.006294E+0	2.247000E+0	2.587907E+17	-3.980899E-18	6.695650E-3	0.000000E+0	6.791170E-3	9.254743E-5	0.000000E+0	0.000000E+0	0.000000E+0
1.312956E+2	-8.867874E-1	2.310000E+0	-3.127958E+17	-9.739274E-19	6.708208E-3	0.000000E+0	7.616054E-3	5.143981E-5	0.000000E+0	0.000000E+0	0.000000E+0
1.030307E+2	1.956596E+0	2.373000E+0	6.667395E-18	-4.396019E+17	7.182458E-3	0.000000E+0	9.702346E-3	-1.842516E-4	0.000000E+0	0.000000E+0	0.000000E+0
1.098949E+2	-1.344086E+0	2.437000E+0	-1.137863E-18	-4.190346E+17	1.100142E-2	0.000000E+0	9.098242E-3	1.112774E-4	0.000000E+0	0.000000E+0	0.000000E+0
9.714705E+1	-1.383720E+0	2.500000E+0	-9.275714E-19	-3.780148E-18	1.185054E-2	0.000000E+0	1.029159E-2	1.465888E-4	0.000000E+0	0.000000E+0	0.000000E+0
