Real / Ohm	Ximag / Ohm	V_DC / V	I_a c / A	V_ac / V	I_DC / A
1.659840E+1	3.182467E+0	2.500000E+0	-9.275714E-19	-3.780148E-18	2.446850E-2	1.778279E+6	5.811053E-2	-1.114173E-2	0.000000E+0	0.000000E+0	0.000000E+0
2.259362E+1	4.777719E+0	2.437000E+0	-1.137863E-18	-4.190346E+17	2.196156E-2	0.000000E+0	4.236582E-2	-8.958812E-3	0.000000E+0	0.000000E+0	0.000000E+0
2.800009E+1	2.916700E+0	2.373000E+0	6.667395E-18	-4.396019E+17	2.048274E-2	0.000000E+0	3.533080E-2	-3.680322E-3	0.000000E+0	0.000000E+0	0.000000E+0
3.323479E+1	2.273293E+0	2.310000E+0	-3.127958E+17	-9.739274E-19	1.926589E-2	0.000000E+0	2.994883E-2	-2.048530E-3	0.000000E+0	0.000000E+0	0.000000E+0
3.636469E+1	2.110695E+0	2.247000E+0	2.587907E+17	-3.980899E-18	1.875487E-2	0.000000E+0	2.740687E-2	-1.590761E-3	0.000000E+0	0.000000E+0	0.000000E+0
4.064529E+1	2.019070E+0	2.184000E+0	-5.351627E-18	2.346836E+17	1.749359E-2	0.000000E+0	2.454253E-2	-1.219160E-3	0.000000E+0	0.000000E+0	0.000000E+0
4.102821E+1	1.910057E+0	2.120000E+0	-2.375065E+17	1.295985E-19	1.681508E-2	0.000000E+0	2.432076E-2	-1.132246E-3	0.000000E+0	0.000000E+0	0.000000E+0
4.688898E+1	1.835155E+0	2.057000E+0	5.785012E-19	5.234687E+17	1.559108E-2	0.000000E+0	2.129435E-2	-8.334248E-4	0.000000E+0	0.000000E+0	0.000000E+0
5.105205E+1	1.215691E+0	1.994000E+0	-2.796111E-18	4.284796E-22	1.508057E-2	0.000000E+0	1.957675E-2	-4.661768E-4	0.000000E+0	0.000000E+0	0.000000E+0
4.895293E+1	1.241066E+0	1.930000E+0	-1.980651E+17	2.858813E+16	1.432443E-2	0.000000E+0	2.041467E-2	-5.175573E-4	0.000000E+0	0.000000E+0	0.000000E+0
5.335754E+1	1.440701E+0	1.867000E+0	2.915631E-18	5.325354E+16	1.374854E-2	0.000000E+0	1.872784E-2	-5.056683E-4	0.000000E+0	0.000000E+0	0.000000E+0
5.983926E+1	6.813164E-1	1.804000E+0	2.579781E+17	4.569561E-19	1.274824E-2	0.000000E+0	1.670927E-2	-1.902480E-4	0.000000E+0	0.000000E+0	0.000000E+0
6.627820E+1	6.287766E-1	1.741000E+0	6.309741E-18	-4.155966E-18	1.215550E-2	0.000000E+0	1.508656E-2	-1.431251E-4	0.000000E+0	0.000000E+0	0.000000E+0
7.302200E+1	3.972778E-1	1.677000E+0	-2.680828E+17	-5.132047E+17	1.135441E-2	0.000000E+0	1.369410E-2	-7.450304E-5	0.000000E+0	0.000000E+0	0.000000E+0
7.829840E+1	-1.242828E-2	1.614000E+0	1.731138E-18	4.035830E-18	1.069630E-2	0.000000E+0	1.277165E-2	2.027240E-6	0.000000E+0	0.000000E+0	0.000000E+0
8.459680E+1	-4.703217E-1	1.551000E+0	4.020179E+17	1.945249E+17	1.007036E-2	0.000000E+0	1.182041E-2	6.571639E-5	0.000000E+0	0.000000E+0	0.000000E+0
9.280716E+1	-8.978577E-1	1.487000E+0	9.197518E+16	1.907948E+17	9.480715E-3	0.000000E+0	1.077402E-2	1.042327E-4	0.000000E+0	0.000000E+0	0.000000E+0
1.008683E+2	-1.274521E+0	1.424000E+0	6.373293E-18	1.659667E-18	8.972244E-3	0.000000E+0	9.912335E-3	1.252473E-4	0.000000E+0	0.000000E+0	0.000000E+0
1.077575E+2	-1.747307E+0	1.361000E+0	5.364300E+17	-2.871880E+17	8.445898E-3	0.000000E+0	9.277657E-3	1.504389E-4	0.000000E+0	0.000000E+0	0.000000E+0
1.149577E+2	-2.189110E+0	1.297000E+0	5.217108E-18	8.421242E+16	8.004870E-3	0.000000E+0	8.695699E-3	1.655900E-4	0.000000E+0	0.000000E+0	0.000000E+0
1.195829E+2	-2.635025E+0	1.234000E+0	7.433406E+16	-3.376204E+17	7.574542E-3	0.000000E+0	8.358341E-3	1.841772E-4	0.000000E+0	0.000000E+0	0.000000E+0
1.244679E+2	-2.893898E+0	1.171000E+0	-2.820974E+17	-3.562313E+17	7.256571E-3	0.000000E+0	8.029859E-3	1.866955E-4	0.000000E+0	0.000000E+0	0.000000E+0
1.298632E+2	-3.256302E+0	1.108000E+0	3.883600E+17	-5.707470E+17	6.794066E-3	0.000000E+0	7.695572E-3	1.929654E-4	0.000000E+0	0.000000E+0	0.000000E+0
1.328853E+2	-3.519516E+0	1.044000E+0	-5.196819E+17	2.155725E-18	6.385215E-3	0.000000E+0	7.520012E-3	1.991703E-4	0.000000E+0	0.000000E+0	0.000000E+0
1.364518E+2	-3.727631E+0	9.810000E-1	-1.734935E+17	1.089529E+17	6.035068E-3	0.000000E+0	7.323130E-3	2.000555E-4	0.000000E+0	0.000000E+0	0.000000E+0
1.390711E+2	-3.931427E+0	9.180000E-1	2.547933E-18	-3.572396E+16	5.638957E-3	0.000000E+0	7.184825E-3	2.031092E-4	0.000000E+0	0.000000E+0	0.000000E+0
1.411555E+2	-4.080276E+0	8.540000E-1	-6.904543E-18	-1.197844E+17	5.234702E-3	0.000000E+0	7.078471E-3	2.046120E-4	0.000000E+0	0.000000E+0	0.000000E+0
1.433675E+2	-4.131973E+0	7.910000E-1	-4.524506E+17	2.054796E+17	4.876385E-3	0.000000E+0	6.969293E-3	2.008609E-4	0.000000E+0	0.000000E+0	0.000000E+0
1.438142E+2	-4.174728E+0	7.280000E-1	-7.908450E-19	6.323277E-18	4.494573E-3	0.000000E+0	6.947562E-3	2.016781E-4	0.000000E+0	0.000000E+0	0.000000E+0
1.434651E+2	-4.181213E+0	6.650000E-1	3.266041E+17	-3.632091E-18	4.110719E-3	0.000000E+0	6.964421E-3	2.029743E-4	0.000000E+0	0.000000E+0	0.000000E+0
1.437148E+2	-4.028183E+0	6.010000E-1	1.388541E-18	6.784126E-18	3.729447E-3	0.000000E+0	6.952763E-3	1.948790E-4	0.000000E+0	0.000000E+0	0.000000E+0
1.415095E+2	-3.943863E+0	5.380000E-1	4.766215E-20	4.558806E+17	3.373683E-3	0.000000E+0	7.061179E-3	1.967947E-4	0.000000E+0	0.000000E+0	0.000000E+0
1.413711E+2	-3.756256E+0	4.750000E-1	-3.851507E-18	-6.877568E-18	3.008215E-3	0.000000E+0	7.068591E-3	1.878138E-4	0.000000E+0	0.000000E+0	0.000000E+0
1.396428E+2	-3.554092E+0	4.110000E-1	-4.136209E+17	4.857998E-18	2.613153E-3	0.000000E+0	7.156492E-3	1.821421E-4	0.000000E+0	0.000000E+0	0.000000E+0
1.380021E+2	-3.323853E+0	3.480000E-1	4.155990E+17	-2.187937E-18	2.230321E-3	0.000000E+0	7.242065E-3	1.744289E-4	0.000000E+0	0.000000E+0	0.000000E+0
1.366239E+2	-3.132706E+0	2.850000E-1	-2.834423E+17	5.558819E-18	1.838295E-3	0.000000E+0	7.315517E-3	1.677405E-4	0.000000E+0	0.000000E+0	0.000000E+0
1.353318E+2	-2.922302E+0	2.220000E-1	-3.021231E-18	1.442034E+17	1.441673E-3	0.000000E+0	7.385802E-3	1.594861E-4	0.000000E+0	0.000000E+0	0.000000E+0
1.328109E+2	-2.755844E+0	1.580000E-1	4.697494E+17	-5.230656E+17	1.051719E-3	0.000000E+0	7.526262E-3	1.561709E-4	0.000000E+0	0.000000E+0	0.000000E+0
1.323556E+2	-2.535675E+0	9.500000E-2	-4.715168E+17	-5.436513E+17	6.530538E-4	0.000000E+0	7.552632E-3	1.446937E-4	0.000000E+0	0.000000E+0	0.000000E+0
1.305162E+2	-2.251602E+0	3.200000E-2	-3.093320E+17	4.406614E-18	2.380456E-4	0.000000E+0	7.659605E-3	1.321398E-4	0.000000E+0	0.000000E+0	0.000000E+0
1.232534E+2	-1.810196E+0	-3.200000E-2	-9.427576E-19	-9.422141E-19	-1.897029E-4	0.000000E+0	8.111617E-3	1.191336E-4	0.000000E+0	0.000000E+0	0.000000E+0
1.156539E+2	-1.512222E+0	-9.500000E-2	-4.717429E+17	-4.927578E+17	-6.358654E-4	0.000000E+0	8.645009E-3	1.130370E-4	0.000000E+0	0.000000E+0	0.000000E+0
1.114972E+2	-1.497444E+0	-1.580000E-1	-2.971689E+17	-4.956124E-18	-1.118800E-3	0.000000E+0	8.967218E-3	1.204327E-4	0.000000E+0	0.000000E+0	0.000000E+0
1.216871E+2	-1.598595E+0	-2.220000E-1	-1.478400E+17	2.700591E+17	-1.603239E-3	0.000000E+0	8.216380E-3	1.079380E-4	0.000000E+0	0.000000E+0	0.000000E+0
1.513760E+2	-1.940247E+0	-2.850000E-1	-2.726899E+17	1.903750E-18	-2.044294E-3	0.000000E+0	6.604982E-3	8.465871E-5	0.000000E+0	0.000000E+0	0.000000E+0
1.981743E+2	-3.168213E+0	-3.480000E-1	-1.696221E+17	-6.427781E-19	-2.379629E-3	0.000000E+0	5.044774E-3	8.065081E-5	0.000000E+0	0.000000E+0	0.000000E+0
2.492006E+2	-5.166763E+0	-4.110000E-1	2.837111E-18	-1.599031E-19	-2.635802E-3	0.000000E+0	4.011107E-3	8.316368E-5	0.000000E+0	0.000000E+0	0.000000E+0
2.885664E+2	-5.851074E+0	-4.750000E-1	-4.319920E+17	-4.172230E+17	-2.899097E-3	0.000000E+0	3.463983E-3	7.023694E-5	0.000000E+0	0.000000E+0	0.000000E+0
3.129850E+2	-3.331146E+0	-5.380000E-1	-5.506723E-18	3.318506E+17	-3.147609E-3	0.000000E+0	3.194679E-3	3.400145E-5	0.000000E+0	0.000000E+0	0.000000E+0
3.219479E+2	1.538177E+0	-6.010000E-1	4.410889E+17	3.940187E-18	-3.424722E-3	0.000000E+0	3.106022E-3	-1.483970E-5	0.000000E+0	0.000000E+0	0.000000E+0
3.232882E+2	4.350159E+0	-6.650000E-1	1.829862E+17	1.860550E+17	-3.719682E-3	0.000000E+0	3.092655E-3	-4.161470E-5	0.000000E+0	0.000000E+0	0.000000E+0
3.207301E+2	5.511108E+0	-7.280000E-1	-4.775830E-18	6.138991E-18	-3.968705E-3	0.000000E+0	3.116966E-3	-5.355885E-5	0.000000E+0	0.000000E+0	0.000000E+0
3.136435E+2	7.199188E+0	-7.910000E-1	-1.773302E-18	1.902740E-18	-4.237646E-3	0.000000E+0	3.186654E-3	-7.314458E-5	0.000000E+0	0.000000E+0	0.000000E+0
2.837573E+2	7.836517E+0	-8.540000E-1	-7.957818E+16	-3.372665E-18	-4.563788E-3	0.000000E+0	3.521453E-3	-9.725185E-5	0.000000E+0	0.000000E+0	0.000000E+0
2.598411E+2	7.849884E+0	-9.180000E-1	2.088264E+17	-2.195880E+17	-5.116665E-3	0.000000E+0	3.844997E-3	-1.161586E-4	0.000000E+0	0.000000E+0	0.000000E+0
2.138305E+2	6.561127E+0	-9.810000E-1	4.512112E+17	-3.192840E+17	-5.473960E-3	0.000000E+0	4.672202E-3	-1.433608E-4	0.000000E+0	0.000000E+0	0.000000E+0
1.754067E+2	5.182190E+0	-1.044000E+0	-1.183520E-18	-5.342346E-18	-5.905312E-3	0.000000E+0	5.696065E-3	-1.682837E-4	0.000000E+0	0.000000E+0	0.000000E+0
1.431455E+2	3.829330E+0	-1.108000E+0	-5.203440E-18	3.843920E-18	-6.263091E-3	0.000000E+0	6.980903E-3	-1.867483E-4	0.000000E+0	0.000000E+0	0.000000E+0
1.182061E+2	3.232697E+0	-1.171000E+0	2.472319E-19	4.245176E+17	-6.791990E-3	0.000000E+0	8.453478E-3	-2.311855E-4	0.000000E+0	0.000000E+0	0.000000E+0
1.002880E+2	2.778763E+0	-1.234000E+0	1.311717E+15	5.157690E-18	-7.369409E-3	0.000000E+0	9.963633E-3	-2.760707E-4	0.000000E+0	0.000000E+0	0.000000E+0
8.020337E+1	2.626579E+0	-1.297000E+0	-1.006173E-18	-5.687810E-18	-8.043356E-3	0.000000E+0	1.245495E-2	-4.078869E-4	0.000000E+0	0.000000E+0	0.000000E+0
6.859009E+1	1.255257E+0	-1.361000E+0	-6.256276E-18	1.400392E+17	-8.911349E-3	0.000000E+0	1.457448E-2	-2.667255E-4	0.000000E+0	0.000000E+0	0.000000E+0
5.037217E+1	2.473183E+0	-1.424000E+0	2.698511E+17	-3.360764E+17	-1.083708E-2	0.000000E+0	1.980449E-2	-9.723649E-4	0.000000E+0	0.000000E+0	0.000000E+0
4.846362E+1	2.540577E+0	-1.487000E+0	-4.013547E-19	-2.240669E+17	-1.162849E-2	0.000000E+0	2.057749E-2	-1.078720E-3	0.000000E+0	0.000000E+0	0.000000E+0
6.046641E+1	-2.014923E-1	-1.551000E+0	8.607252E+16	1.700207E-17	-1.273908E-2	0.000000E+0	1.653792E-2	5.510935E-5	0.000000E+0	0.000000E+0	0.000000E+0
6.898120E+1	-1.111192E+1	-1.614000E+0	2.127762E-18	3.298054E+15	-1.491200E-2	0.000000E+0	1.413005E-2	2.276156E-3	0.000000E+0	0.000000E+0	0.000000E+0
6.088912E+1	-8.110588E+0	-1.677000E+0	8.036557E+16	-4.576640E+17	-1.616102E-2	0.000000E+0	1.613698E-2	2.149487E-3	0.000000E+0	0.000000E+0	0.000000E+0
5.789379E+1	-6.807907E+0	-1.741000E+0	-6.504745E+16	2.369919E+17	-1.744679E-2	0.000000E+0	1.703741E-2	2.003481E-3	0.000000E+0	0.000000E+0	0.000000E+0
5.140055E+1	-1.108700E+0	-1.804000E+0	5.725574E-18	5.134919E+17	-1.815189E-2	0.000000E+0	1.944600E-2	4.194464E-4	0.000000E+0	0.000000E+0	0.000000E+0
4.845296E+1	-8.808212E-1	-1.867000E+0	-2.052875E-18	3.601710E-18	-1.925126E-2	0.000000E+0	2.063176E-2	3.750625E-4	0.000000E+0	0.000000E+0	0.000000E+0
4.900613E+1	-5.522919E-2	-1.930000E+0	2.907620E+17	-1.496570E-18	-2.087209E-2	0.000000E+0	2.040558E-2	2.299679E-5	0.000000E+0	0.000000E+0	0.000000E+0
4.882539E+1	7.380676E-2	-1.994000E+0	-2.653265E-18	4.664211E-18	-2.023702E-2	0.000000E+0	2.048110E-2	-3.096020E-5	0.000000E+0	0.000000E+0	0.000000E+0
4.982997E+1	-1.120094E+0	-2.057000E+0	6.288344E-18	-3.928899E-18	-2.126235E-2	0.000000E+0	2.005811E-2	4.508726E-4	0.000000E+0	0.000000E+0	0.000000E+0
4.736437E+1	5.050926E-1	-2.120000E+0	8.250878E-19	2.832976E+17	-2.188420E-2	0.000000E+0	2.111052E-2	-2.251221E-4	0.000000E+0	0.000000E+0	0.000000E+0
4.590184E+1	-1.504173E-1	-2.184000E+0	4.553607E+17	-2.686618E+17	-2.333033E-2	0.000000E+0	2.178539E-2	7.138927E-5	0.000000E+0	0.000000E+0	0.000000E+0
4.446552E+1	-1.744118E-1	-2.247000E+0	2.517966E+17	3.793721E+16	-2.457527E-2	0.000000E+0	2.248899E-2	8.821094E-5	0.000000E+0	0.000000E+0	0.000000E+0
4.312451E+1	-7.983971E-1	-2.310000E+0	-6.194310E-18	5.176251E+17	-2.543307E-2	0.000000E+0	2.318072E-2	4.291625E-4	0.000000E+0	0.000000E+0	0.000000E+0
4.386641E+1	-8.088226E-1	-2.373000E+0	-5.704680E+17	6.512875E+16	-2.678015E-2	0.000000E+0	2.278874E-2	4.201859E-4	0.000000E+0	0.000000E+0	0.000000E+0
4.280490E+1	-7.941666E-1	-2.437000E+0	-4.916206E+17	6.689522E-18	-2.854294E-2	0.000000E+0	2.335377E-2	4.332865E-4	0.000000E+0	0.000000E+0	0.000000E+0
4.182966E+1	-2.047920E-1	-2.500000E+0	-3.567381E+17	-4.283094E-18	-2.946254E-2	0.000000E+0	2.390591E-2	1.170399E-4	0.000000E+0	0.000000E+0	0.000000E+0
