Real / Ohm	Ximag / Ohm	V_DC / V	I_a c / A	V_ac / V	I_DC / A
2.834747E+2	-6.891064E+1	-2.500000E+0	-3.567381E+17	-4.283094E-18	-6.364007E-3	3.162278E+6	3.330820E-3	8.096981E-4	0.000000E+0	0.000000E+0	0.000000E+0
2.781475E+2	-6.843832E+1	-2.437000E+0	-4.916206E+17	6.689522E-18	-6.736537E-3	0.000000E+0	3.389982E-3	8.341067E-4	0.000000E+0	0.000000E+0	0.000000E+0
2.801361E+2	-6.784567E+1	-2.373000E+0	-5.704680E+17	6.512875E+16	-6.064662E-3	0.000000E+0	3.371913E-3	8.166378E-4	0.000000E+0	0.000000E+0	0.000000E+0
2.702690E+2	-6.461035E+1	-2.310000E+0	-6.194310E-18	5.176251E+17	-6.447916E-3	0.000000E+0	3.499995E-3	8.367067E-4	0.000000E+0	0.000000E+0	0.000000E+0
2.666122E+2	-6.414954E+1	-2.247000E+0	2.517966E+17	3.793721E+16	-6.232601E-3	0.000000E+0	3.545506E-3	8.530838E-4	0.000000E+0	0.000000E+0	0.000000E+0
2.542798E+2	-6.323105E+1	-2.184000E+0	4.553607E+17	-2.686618E+17	-6.050483E-3	0.000000E+0	3.703659E-3	9.209785E-4	0.000000E+0	0.000000E+0	0.000000E+0
2.204640E+2	-5.983875E+1	-2.120000E+0	8.250878E-19	2.832976E+17	-5.863797E-3	0.000000E+0	4.224658E-3	1.146665E-3	0.000000E+0	0.000000E+0	0.000000E+0
1.920754E+2	-5.612621E+1	-2.057000E+0	6.288344E-18	-3.928899E-18	-5.584130E-3	0.000000E+0	4.796715E-3	1.401645E-3	0.000000E+0	0.000000E+0	0.000000E+0
2.215522E+2	-5.371431E+1	-1.994000E+0	-2.653265E-18	4.664211E-18	-5.356558E-3	0.000000E+0	4.263029E-3	1.033552E-3	0.000000E+0	0.000000E+0	0.000000E+0
2.902278E+2	-5.384158E+1	-1.930000E+0	2.907620E+17	-1.496570E-18	-5.132077E-3	0.000000E+0	3.330933E-3	6.179376E-4	0.000000E+0	0.000000E+0	0.000000E+0
3.169647E+2	-5.227499E+1	-1.867000E+0	-2.052875E-18	3.601710E-18	-4.946386E-3	0.000000E+0	3.071384E-3	5.065441E-4	0.000000E+0	0.000000E+0	0.000000E+0
3.405963E+2	-4.941251E+1	-1.804000E+0	5.725574E-18	5.134919E+17	-4.753542E-3	0.000000E+0	2.875506E-3	4.171683E-4	0.000000E+0	0.000000E+0	0.000000E+0
3.477626E+2	-4.754889E+1	-1.741000E+0	-6.504745E+16	2.369919E+17	-4.560699E-3	0.000000E+0	2.822755E-3	3.859497E-4	0.000000E+0	0.000000E+0	0.000000E+0
3.555952E+2	-4.545520E+1	-1.677000E+0	8.036557E+16	-4.576640E+17	-4.368395E-3	0.000000E+0	2.766974E-3	3.536981E-4	0.000000E+0	0.000000E+0	0.000000E+0
3.501858E+2	-4.467096E+1	-1.614000E+0	2.127762E-18	3.298054E+15	-4.243477E-3	0.000000E+0	2.809903E-3	3.584413E-4	0.000000E+0	0.000000E+0	0.000000E+0
3.661946E+2	-4.224570E+1	-1.551000E+0	8.607252E+16	1.700207E-17	-4.062382E-3	0.000000E+0	2.694922E-3	3.108972E-4	0.000000E+0	0.000000E+0	0.000000E+0
3.577537E+2	-4.156393E+1	-1.487000E+0	-4.013547E-19	-2.240669E+17	-3.870587E-3	0.000000E+0	2.757992E-3	3.204243E-4	0.000000E+0	0.000000E+0	0.000000E+0
3.524514E+2	-4.047702E+1	-1.424000E+0	2.698511E+17	-3.360764E+17	-3.693576E-3	0.000000E+0	2.800336E-3	3.216026E-4	0.000000E+0	0.000000E+0	0.000000E+0
3.470627E+2	-3.942584E+1	-1.361000E+0	-6.256276E-18	1.400392E+17	-3.535463E-3	0.000000E+0	2.844615E-3	3.231443E-4	0.000000E+0	0.000000E+0	0.000000E+0
3.418416E+2	-3.779263E+1	-1.297000E+0	-1.006173E-18	-5.687810E-18	-3.331411E-3	0.000000E+0	2.890008E-3	3.195076E-4	0.000000E+0	0.000000E+0	0.000000E+0
3.392515E+2	-3.634540E+1	-1.234000E+0	1.311717E+15	5.157690E-18	-3.170744E-3	0.000000E+0	2.914217E-3	3.122120E-4	0.000000E+0	0.000000E+0	0.000000E+0
3.371804E+2	-3.507834E+1	-1.171000E+0	2.472319E-19	4.245176E+17	-2.967686E-3	0.000000E+0	2.934016E-3	3.052384E-4	0.000000E+0	0.000000E+0	0.000000E+0
3.393214E+2	-3.379968E+1	-1.108000E+0	-5.203440E-18	3.843920E-18	-2.805997E-3	0.000000E+0	2.918105E-3	2.906713E-4	0.000000E+0	0.000000E+0	0.000000E+0
3.430471E+2	-3.316742E+1	-1.044000E+0	-1.183520E-18	-5.342346E-18	-2.607053E-3	0.000000E+0	2.888054E-3	2.792308E-4	0.000000E+0	0.000000E+0	0.000000E+0
3.488882E+2	-3.276199E+1	-9.810000E-1	4.512112E+17	-3.192840E+17	-2.439236E-3	0.000000E+0	2.841194E-3	2.667994E-4	0.000000E+0	0.000000E+0	0.000000E+0
3.596873E+2	-3.296399E+1	-9.180000E-1	2.088264E+17	-2.195880E+17	-2.272440E-3	0.000000E+0	2.757036E-3	2.526720E-4	0.000000E+0	0.000000E+0	0.000000E+0
3.668886E+2	-3.351651E+1	-8.540000E-1	-7.957818E+16	-3.372665E-18	-2.093414E-3	0.000000E+0	2.703065E-3	2.469341E-4	0.000000E+0	0.000000E+0	0.000000E+0
3.593030E+2	-3.390784E+1	-7.910000E-1	-1.773302E-18	1.902740E-18	-1.920489E-3	0.000000E+0	2.758598E-3	2.603321E-4	0.000000E+0	0.000000E+0	0.000000E+0
3.566901E+2	-3.403769E+1	-7.280000E-1	-4.775830E-18	6.138991E-18	-1.746543E-3	0.000000E+0	2.778255E-3	2.651191E-4	0.000000E+0	0.000000E+0	0.000000E+0
3.565224E+2	-3.437314E+1	-6.650000E-1	1.829862E+17	1.860550E+17	-1.590983E-3	0.000000E+0	2.779041E-3	2.679337E-4	0.000000E+0	0.000000E+0	0.000000E+0
3.588485E+2	-3.550018E+1	-6.010000E-1	4.410889E+17	3.940187E-18	-1.400210E-3	0.000000E+0	2.759683E-3	2.730100E-4	0.000000E+0	0.000000E+0	0.000000E+0
3.627432E+2	-3.735007E+1	-5.380000E-1	-5.506723E-18	3.318506E+17	-1.217582E-3	0.000000E+0	2.727851E-3	2.808748E-4	0.000000E+0	0.000000E+0	0.000000E+0
3.698069E+2	-3.985345E+1	-4.750000E-1	-4.319920E+17	-4.172230E+17	-1.073258E-3	0.000000E+0	2.673069E-3	2.880720E-4	0.000000E+0	0.000000E+0	0.000000E+0
3.785668E+2	-4.293530E+1	-4.110000E-1	2.837111E-18	-1.599031E-19	-9.121071E-4	0.000000E+0	2.607995E-3	2.957868E-4	0.000000E+0	0.000000E+0	0.000000E+0
3.889385E+2	-4.700803E+1	-3.480000E-1	-1.696221E+17	-6.427781E-19	-7.580791E-4	0.000000E+0	2.534083E-3	3.062753E-4	0.000000E+0	0.000000E+0	0.000000E+0
4.053576E+2	-5.208765E+1	-2.850000E-1	-2.726899E+17	1.903750E-18	-6.106904E-4	0.000000E+0	2.426885E-3	3.118500E-4	0.000000E+0	0.000000E+0	0.000000E+0
4.166625E+2	-5.699130E+1	-2.220000E-1	-1.478400E+17	2.700591E+17	-4.658555E-4	0.000000E+0	2.355947E-3	3.222476E-4	0.000000E+0	0.000000E+0	0.000000E+0
4.270076E+2	-6.264966E+1	-1.580000E-1	-2.971689E+17	-4.956124E-18	-3.179840E-4	0.000000E+0	2.292529E-3	3.363551E-4	0.000000E+0	0.000000E+0	0.000000E+0
4.440387E+2	-7.255069E+1	-9.500000E-2	-4.717429E+17	-4.927578E+17	-1.802991E-4	0.000000E+0	2.193499E-3	3.583919E-4	0.000000E+0	0.000000E+0	0.000000E+0
4.896808E+2	-9.419550E+1	-3.200000E-2	-9.427576E-19	-9.422141E-19	-4.874300E-5	0.000000E+0	1.969278E-3	3.788123E-4	0.000000E+0	0.000000E+0	0.000000E+0
5.202278E+2	-1.106903E+2	3.200000E-2	-3.093320E+17	4.406614E-18	6.082428E-5	0.000000E+0	1.838980E-3	3.912849E-4	0.000000E+0	0.000000E+0	0.000000E+0
4.979562E+2	-9.899939E+1	9.500000E-2	-4.715168E+17	-5.436513E+17	1.785908E-4	0.000000E+0	1.931850E-3	3.840740E-4	0.000000E+0	0.000000E+0	0.000000E+0
4.576382E+2	-8.462064E+1	1.580000E-1	4.697494E+17	-5.230656E+17	3.065718E-4	0.000000E+0	2.112891E-3	3.906890E-4	0.000000E+0	0.000000E+0	0.000000E+0
4.311176E+2	-7.381195E+1	2.220000E-1	-3.021231E-18	1.442034E+17	4.432074E-4	0.000000E+0	2.253496E-3	3.858226E-4	0.000000E+0	0.000000E+0	0.000000E+0
4.065142E+2	-6.503314E+1	2.850000E-1	-2.834423E+17	5.558819E-18	5.793601E-4	0.000000E+0	2.398553E-3	3.837146E-4	0.000000E+0	0.000000E+0	0.000000E+0
3.804057E+2	-5.725479E+1	3.480000E-1	4.155990E+17	-2.187937E-18	7.313450E-4	0.000000E+0	2.570541E-3	3.868917E-4	0.000000E+0	0.000000E+0	0.000000E+0
3.618252E+2	-5.054953E+1	4.110000E-1	-4.136209E+17	4.857998E-18	8.884374E-4	0.000000E+0	2.710855E-3	3.787255E-4	0.000000E+0	0.000000E+0	0.000000E+0
3.406199E+2	-4.432065E+1	4.750000E-1	-3.851507E-18	-6.877568E-18	1.060824E-3	0.000000E+0	2.886946E-3	3.756425E-4	0.000000E+0	0.000000E+0	0.000000E+0
3.179094E+2	-3.834140E+1	5.380000E-1	4.766215E-20	4.558806E+17	1.157140E-3	0.000000E+0	3.100453E-3	3.739295E-4	0.000000E+0	0.000000E+0	0.000000E+0
2.987268E+2	-3.346487E+1	6.010000E-1	1.388541E-18	6.784126E-18	1.413312E-3	0.000000E+0	3.306051E-3	3.703603E-4	0.000000E+0	0.000000E+0	0.000000E+0
2.875172E+2	-2.984467E+1	6.650000E-1	3.266041E+17	-3.632091E-18	1.585188E-3	0.000000E+0	3.440977E-3	3.571780E-4	0.000000E+0	0.000000E+0	0.000000E+0
2.854782E+2	-2.764099E+1	7.280000E-1	-7.908450E-19	6.323277E-18	1.808675E-3	0.000000E+0	3.470361E-3	3.360124E-4	0.000000E+0	0.000000E+0	0.000000E+0
2.773610E+2	-2.641425E+1	7.910000E-1	-4.524506E+17	2.054796E+17	2.005603E-3	0.000000E+0	3.573004E-3	3.402721E-4	0.000000E+0	0.000000E+0	0.000000E+0
2.745914E+2	-2.620868E+1	8.540000E-1	-6.904543E-18	-1.197844E+17	2.211215E-3	0.000000E+0	3.608898E-3	3.444552E-4	0.000000E+0	0.000000E+0	0.000000E+0
2.718831E+2	-2.696927E+1	9.180000E-1	2.547933E-18	-3.572396E+16	2.414755E-3	0.000000E+0	3.642214E-3	3.612871E-4	0.000000E+0	0.000000E+0	0.000000E+0
2.715620E+2	-2.868771E+1	9.810000E-1	-1.734935E+17	1.089529E+17	2.622920E-3	0.000000E+0	3.641759E-3	3.847141E-4	0.000000E+0	0.000000E+0	0.000000E+0
2.725709E+2	-3.125150E+1	1.044000E+0	-5.196819E+17	2.155725E-18	2.608919E-3	0.000000E+0	3.621168E-3	4.151834E-4	0.000000E+0	0.000000E+0	0.000000E+0
2.775669E+2	-3.354416E+1	1.108000E+0	3.883600E+17	-5.707470E+17	3.057097E-3	0.000000E+0	3.550875E-3	4.291258E-4	0.000000E+0	0.000000E+0	0.000000E+0
2.776172E+2	-3.726337E+1	1.171000E+0	-2.820974E+17	-3.562313E+17	3.302034E-3	0.000000E+0	3.538334E-3	4.749354E-4	0.000000E+0	0.000000E+0	0.000000E+0
2.787365E+2	-4.225571E+1	1.234000E+0	7.433406E+16	-3.376204E+17	3.464744E-3	0.000000E+0	3.507020E-3	5.316549E-4	0.000000E+0	0.000000E+0	0.000000E+0
2.831007E+2	-4.800607E+1	1.297000E+0	5.217108E-18	8.421242E+16	3.673930E-3	0.000000E+0	3.433580E-3	5.822405E-4	0.000000E+0	0.000000E+0	0.000000E+0
2.902944E+2	-5.371436E+1	1.361000E+0	5.364300E+17	-2.871880E+17	3.866746E-3	0.000000E+0	3.330742E-3	6.163008E-4	0.000000E+0	0.000000E+0	0.000000E+0
2.936821E+2	-5.770667E+1	1.424000E+0	6.373293E-18	1.659667E-18	4.075931E-3	0.000000E+0	3.278462E-3	6.441969E-4	0.000000E+0	0.000000E+0	0.000000E+0
3.056871E+2	-6.117465E+1	1.487000E+0	9.197518E+16	1.907948E+17	4.234555E-3	0.000000E+0	3.145352E-3	6.294534E-4	0.000000E+0	0.000000E+0	0.000000E+0
3.104788E+2	-7.300760E+1	1.551000E+0	4.020179E+17	1.945249E+17	4.423285E-3	0.000000E+0	3.052073E-3	7.176803E-4	0.000000E+0	0.000000E+0	0.000000E+0
3.191315E+2	-7.780264E+1	1.614000E+0	1.731138E-18	4.035830E-18	4.590591E-3	0.000000E+0	2.957710E-3	7.210747E-4	0.000000E+0	0.000000E+0	0.000000E+0
3.245957E+2	-8.228885E+1	1.677000E+0	-2.680828E+17	-5.132047E+17	4.757899E-3	0.000000E+0	2.894717E-3	7.338450E-4	0.000000E+0	0.000000E+0	0.000000E+0
3.290046E+2	-8.059003E+1	1.741000E+0	6.309741E-18	-4.155966E-18	4.703524E-3	0.000000E+0	2.867423E-3	7.023783E-4	0.000000E+0	0.000000E+0	0.000000E+0
3.249712E+2	-7.167722E+1	1.804000E+0	2.579781E+17	4.569561E-19	5.118021E-3	0.000000E+0	2.934439E-3	6.472340E-4	0.000000E+0	0.000000E+0	0.000000E+0
2.659172E+2	-3.439810E+1	1.867000E+0	2.915631E-18	5.325354E+16	5.330782E-3	0.000000E+0	3.698679E-3	4.784479E-4	0.000000E+0	0.000000E+0	0.000000E+0
2.884893E+2	-4.172382E+1	1.930000E+0	-1.980651E+17	2.858813E+16	5.468978E-3	0.000000E+0	3.395312E-3	4.910594E-4	0.000000E+0	0.000000E+0	0.000000E+0
2.682981E+2	-2.867212E+1	1.994000E+0	-2.796111E-18	4.284796E-22	5.186819E-3	0.000000E+0	3.685112E-3	3.938156E-4	0.000000E+0	0.000000E+0	0.000000E+0
2.512188E+2	-2.046277E+1	2.057000E+0	5.785012E-19	5.234687E+17	5.908262E-3	0.000000E+0	3.954358E-3	3.220982E-4	0.000000E+0	0.000000E+0	0.000000E+0
2.321138E+2	-1.401080E+1	2.120000E+0	-2.375065E+17	1.295985E-19	6.192525E-3	0.000000E+0	4.292591E-3	2.591084E-4	0.000000E+0	0.000000E+0	0.000000E+0
2.193703E+2	-1.027945E+1	2.184000E+0	-5.351627E-18	2.346836E+17	6.320478E-3	0.000000E+0	4.548515E-3	2.131384E-4	0.000000E+0	0.000000E+0	0.000000E+0
2.001480E+2	-6.900620E+0	2.247000E+0	2.587907E+17	-3.980899E-18	6.680839E-3	0.000000E+0	4.990371E-3	1.720559E-4	0.000000E+0	0.000000E+0	0.000000E+0
1.950081E+2	-5.417358E+0	2.310000E+0	-3.127958E+17	-9.739274E-19	6.819034E-3	0.000000E+0	5.124038E-3	1.423466E-4	0.000000E+0	0.000000E+0	0.000000E+0
1.871843E+2	-4.039734E+0	2.373000E+0	6.667395E-18	-4.396019E+17	7.143644E-3	0.000000E+0	5.339841E-3	1.152422E-4	0.000000E+0	0.000000E+0	0.000000E+0
1.744771E+2	-3.130508E+0	2.437000E+0	-1.137863E-18	-4.190346E+17	7.460565E-3	0.000000E+0	5.729567E-3	1.028012E-4	0.000000E+0	0.000000E+0	0.000000E+0
1.659122E+2	-2.370712E+0	2.500000E+0	-9.275714E-19	-3.780148E-18	7.823478E-3	0.000000E+0	6.026054E-3	8.610602E-5	0.000000E+0	0.000000E+0	0.000000E+0
