Real / Ohm	Ximag / Ohm	V_DC / V	I_a c / A	V_ac / V	I_DC / A
2.633659E+1	2.741318E-1	-2.500000E+0	-3.567381E+17	-4.283094E-18	-2.928277E-2	1.000000E+6	3.796587E-2	-3.951785E-4	0.000000E+0	0.000000E+0	0.000000E+0
2.439829E+1	2.393742E-1	-2.437000E+0	-4.916206E+17	6.689522E-18	-2.887031E-2	0.000000E+0	4.098253E-2	-4.020840E-4	0.000000E+0	0.000000E+0	0.000000E+0
2.209282E+1	9.071865E-1	-2.373000E+0	-5.704680E+17	6.512875E+16	-2.654114E-2	0.000000E+0	4.518738E-2	-1.855507E-3	0.000000E+0	0.000000E+0	0.000000E+0
2.032318E+1	1.212820E+0	-2.310000E+0	-6.194310E-18	5.176251E+17	-2.499896E-2	0.000000E+0	4.903029E-2	-2.925965E-3	0.000000E+0	0.000000E+0	0.000000E+0
1.980247E+1	1.288136E+0	-2.247000E+0	2.517966E+17	3.793721E+16	-2.330816E-2	0.000000E+0	5.028597E-2	-3.271065E-3	0.000000E+0	0.000000E+0	0.000000E+0
1.939002E+1	1.334758E+0	-2.184000E+0	4.553607E+17	-2.686618E+17	-2.205812E-2	0.000000E+0	5.132969E-2	-3.533401E-3	0.000000E+0	0.000000E+0	0.000000E+0
1.820063E+1	2.962932E+0	-2.120000E+0	8.250878E-19	2.832976E+17	-2.116714E-2	0.000000E+0	5.352467E-2	-8.713432E-3	0.000000E+0	0.000000E+0	0.000000E+0
1.345135E+1	2.099144E+0	-2.057000E+0	6.288344E-18	-3.928899E-18	-2.004172E-2	0.000000E+0	7.257457E-2	-1.132559E-2	0.000000E+0	0.000000E+0	0.000000E+0
2.021541E+1	2.931089E+0	-1.994000E+0	-2.653265E-18	4.664211E-18	-1.827891E-2	0.000000E+0	4.844868E-2	-7.024710E-3	0.000000E+0	0.000000E+0	0.000000E+0
3.648456E+1	1.793911E+0	-1.930000E+0	2.907620E+17	-1.496570E-18	-1.794871E-2	0.000000E+0	2.734275E-2	-1.344417E-3	0.000000E+0	0.000000E+0	0.000000E+0
4.227062E+1	1.641197E+0	-1.867000E+0	-2.052875E-18	3.601710E-18	-1.642339E-2	0.000000E+0	2.362148E-2	-9.171266E-4	0.000000E+0	0.000000E+0	0.000000E+0
4.771914E+1	1.127388E+0	-1.804000E+0	5.725574E-18	5.134919E+17	-1.546599E-2	0.000000E+0	2.094426E-2	-4.948184E-4	0.000000E+0	0.000000E+0	0.000000E+0
5.333722E+1	8.860321E-1	-1.741000E+0	-6.504745E+16	2.369919E+17	-1.479919E-2	0.000000E+0	1.874346E-2	-3.113643E-4	0.000000E+0	0.000000E+0	0.000000E+0
5.830113E+1	7.982254E-1	-1.677000E+0	8.036557E+16	-4.576640E+17	-1.398329E-2	0.000000E+0	1.714911E-2	-2.347957E-4	0.000000E+0	0.000000E+0	0.000000E+0
5.706960E+1	1.287243E+0	-1.614000E+0	2.127762E-18	3.298054E+15	-1.329249E-2	0.000000E+0	1.751355E-2	-3.950299E-4	0.000000E+0	0.000000E+0	0.000000E+0
5.394532E+1	9.005966E-1	-1.551000E+0	8.607252E+16	1.700207E-17	-1.225644E-2	0.000000E+0	1.853212E-2	-3.093868E-4	0.000000E+0	0.000000E+0	0.000000E+0
7.615503E+1	-2.727280E-1	-1.487000E+0	-4.013547E-19	-2.240669E+17	-1.163462E-2	0.000000E+0	1.313094E-2	4.702480E-5	0.000000E+0	0.000000E+0	0.000000E+0
7.223029E+1	5.609894E-2	-1.424000E+0	2.698511E+17	-3.360764E+17	-9.836061E-3	0.000000E+0	1.384460E-2	-1.075265E-5	0.000000E+0	0.000000E+0	0.000000E+0
6.900470E+1	1.261444E-1	-1.361000E+0	-6.256276E-18	1.400392E+17	-9.196844E-3	0.000000E+0	1.449172E-2	-2.649166E-5	0.000000E+0	0.000000E+0	0.000000E+0
6.882245E+1	7.204819E-2	-1.297000E+0	-1.006173E-18	-5.687810E-18	-8.512201E-3	0.000000E+0	1.453013E-2	-1.521116E-5	0.000000E+0	0.000000E+0	0.000000E+0
6.958929E+1	1.933784E-1	-1.234000E+0	1.311717E+15	5.157690E-18	-7.935805E-3	0.000000E+0	1.436992E-2	-3.993188E-5	0.000000E+0	0.000000E+0	0.000000E+0
7.259894E+1	2.625771E-1	-1.171000E+0	2.472319E-19	4.245176E+17	-7.233767E-3	0.000000E+0	1.377413E-2	-4.981850E-5	0.000000E+0	0.000000E+0	0.000000E+0
7.445555E+1	3.513603E-1	-1.108000E+0	-5.203440E-18	3.843920E-18	-6.573612E-3	0.000000E+0	1.343053E-2	-6.337951E-5	0.000000E+0	0.000000E+0	0.000000E+0
7.272647E+1	6.191673E-1	-1.044000E+0	-1.183520E-18	-5.342346E-18	-5.918080E-3	0.000000E+0	1.374916E-2	-1.170554E-4	0.000000E+0	0.000000E+0	0.000000E+0
7.089914E+1	8.485909E-1	-9.810000E-1	4.512112E+17	-3.192840E+17	-5.241580E-3	0.000000E+0	1.410252E-2	-1.687929E-4	0.000000E+0	0.000000E+0	0.000000E+0
9.052966E+1	1.294136E+0	-9.180000E-1	2.088264E+17	-2.195880E+17	-4.588065E-3	0.000000E+0	1.104385E-2	-1.578736E-4	0.000000E+0	0.000000E+0	0.000000E+0
1.408412E+2	4.483566E-1	-8.540000E-1	-7.957818E+16	-3.372665E-18	-4.127630E-3	0.000000E+0	7.100123E-3	-2.260267E-5	0.000000E+0	0.000000E+0	0.000000E+0
1.889679E+2	-1.006836E+0	-7.910000E-1	-1.773302E-18	1.902740E-18	-3.810681E-3	0.000000E+0	5.291754E-3	2.819489E-5	0.000000E+0	0.000000E+0	0.000000E+0
2.270030E+2	-2.130341E+0	-7.280000E-1	-4.775830E-18	6.138991E-18	-3.534589E-3	0.000000E+0	4.404840E-3	4.133783E-5	0.000000E+0	0.000000E+0	0.000000E+0
2.542678E+2	-2.863129E+0	-6.650000E-1	1.829862E+17	1.860550E+17	-3.291184E-3	0.000000E+0	3.932363E-3	4.427954E-5	0.000000E+0	0.000000E+0	0.000000E+0
2.767567E+2	-3.592636E+0	-6.010000E-1	4.410889E+17	3.940187E-18	-3.046785E-3	0.000000E+0	3.612673E-3	4.689686E-5	0.000000E+0	0.000000E+0	0.000000E+0
2.909180E+2	-4.619461E+0	-5.380000E-1	-5.506723E-18	3.318506E+17	-2.828917E-3	0.000000E+0	3.436528E-3	5.456833E-5	0.000000E+0	0.000000E+0	0.000000E+0
2.911528E+2	-6.048264E+0	-4.750000E-1	-4.319920E+17	-4.172230E+17	-2.618710E-3	0.000000E+0	3.433141E-3	7.131837E-5	0.000000E+0	0.000000E+0	0.000000E+0
2.642813E+2	-6.669067E+0	-4.110000E-1	2.837111E-18	-1.599031E-19	-2.396272E-3	0.000000E+0	3.781439E-3	9.542359E-5	0.000000E+0	0.000000E+0	0.000000E+0
2.241539E+2	-5.439880E+0	-3.480000E-1	-1.696221E+17	-6.427781E-19	-2.153889E-3	0.000000E+0	4.458595E-3	1.082034E-4	0.000000E+0	0.000000E+0	0.000000E+0
1.860710E+2	-3.759918E+0	-2.850000E-1	-2.726899E+17	1.903750E-18	-1.871669E-3	0.000000E+0	5.372099E-3	1.085535E-4	0.000000E+0	0.000000E+0	0.000000E+0
1.554430E+2	-2.514359E+0	-2.220000E-1	-1.478400E+17	2.700591E+17	-1.553188E-3	0.000000E+0	6.431544E-3	1.040331E-4	0.000000E+0	0.000000E+0	0.000000E+0
1.299033E+2	-1.649261E+0	-1.580000E-1	-2.971689E+17	-4.956124E-18	-1.157615E-3	0.000000E+0	7.696793E-3	9.771900E-5	0.000000E+0	0.000000E+0	0.000000E+0
1.120020E+2	-1.232925E+0	-9.500000E-2	-4.717429E+17	-4.927578E+17	-7.267743E-4	0.000000E+0	8.927330E-3	9.827261E-5	0.000000E+0	0.000000E+0	0.000000E+0
1.157719E+2	-1.278503E+0	-3.200000E-2	-9.427576E-19	-9.422141E-19	-2.392432E-4	0.000000E+0	8.636621E-3	9.537674E-5	0.000000E+0	0.000000E+0	0.000000E+0
1.381017E+2	-2.019646E+0	3.200000E-2	-3.093320E+17	4.406614E-18	2.033164E-4	0.000000E+0	7.239492E-3	1.058728E-4	0.000000E+0	0.000000E+0	0.000000E+0
1.625489E+2	-3.147255E+0	9.500000E-2	-4.715168E+17	-5.436513E+17	5.626555E-4	0.000000E+0	6.149689E-3	1.190697E-4	0.000000E+0	0.000000E+0	0.000000E+0
1.835924E+2	-4.268173E+0	1.580000E-1	4.697494E+17	-5.230656E+17	8.908404E-4	0.000000E+0	5.443906E-3	1.265604E-4	0.000000E+0	0.000000E+0	0.000000E+0
2.061407E+2	-5.756683E+0	2.220000E-1	-3.021231E-18	1.442034E+17	1.183247E-3	0.000000E+0	4.847275E-3	1.353650E-4	0.000000E+0	0.000000E+0	0.000000E+0
2.309957E+2	-7.942032E+0	2.850000E-1	-2.834423E+17	5.558819E-18	1.437377E-3	0.000000E+0	4.323974E-3	1.486657E-4	0.000000E+0	0.000000E+0	0.000000E+0
2.593651E+2	-1.074292E+1	3.480000E-1	4.155990E+17	-2.187937E-18	1.661374E-3	0.000000E+0	3.848965E-3	1.594244E-4	0.000000E+0	0.000000E+0	0.000000E+0
2.892128E+2	-1.405374E+1	4.110000E-1	-4.136209E+17	4.857998E-18	1.854217E-3	0.000000E+0	3.449516E-3	1.676226E-4	0.000000E+0	0.000000E+0	0.000000E+0
3.159588E+2	-1.721640E+1	4.750000E-1	-3.851507E-18	-6.877568E-18	2.028646E-3	0.000000E+0	3.155600E-3	1.719467E-4	0.000000E+0	0.000000E+0	0.000000E+0
3.348970E+2	-1.962341E+1	5.380000E-1	4.766215E-20	4.558806E+17	2.183695E-3	0.000000E+0	2.975776E-3	1.743666E-4	0.000000E+0	0.000000E+0	0.000000E+0
3.461585E+2	-2.089215E+1	6.010000E-1	1.388541E-18	6.784126E-18	2.336702E-3	0.000000E+0	2.878365E-3	1.737217E-4	0.000000E+0	0.000000E+0	0.000000E+0
3.484957E+2	-2.083984E+1	6.650000E-1	3.266041E+17	-3.632091E-18	2.488659E-3	0.000000E+0	2.859251E-3	1.709816E-4	0.000000E+0	0.000000E+0	0.000000E+0
3.414287E+2	-1.994385E+1	7.280000E-1	-7.908450E-19	6.323277E-18	2.638602E-3	0.000000E+0	2.918910E-3	1.705021E-4	0.000000E+0	0.000000E+0	0.000000E+0
3.270685E+2	-1.855298E+1	7.910000E-1	-4.524506E+17	2.054796E+17	2.792629E-3	0.000000E+0	3.047657E-3	1.728785E-4	0.000000E+0	0.000000E+0	0.000000E+0
3.098586E+2	-1.664740E+1	8.540000E-1	-6.904543E-18	-1.197844E+17	2.957383E-3	0.000000E+0	3.217990E-3	1.728891E-4	0.000000E+0	0.000000E+0	0.000000E+0
2.900916E+2	-1.454222E+1	9.180000E-1	2.547933E-18	-3.572396E+16	3.139983E-3	0.000000E+0	3.438546E-3	1.723735E-4	0.000000E+0	0.000000E+0	0.000000E+0
2.680315E+2	-1.226569E+1	9.810000E-1	-1.734935E+17	1.089529E+17	3.325676E-3	0.000000E+0	3.723108E-3	1.703773E-4	0.000000E+0	0.000000E+0	0.000000E+0
2.460479E+2	-1.014340E+1	1.044000E+0	-5.196819E+17	2.155725E-18	3.541502E-3	0.000000E+0	4.057354E-3	1.672656E-4	0.000000E+0	0.000000E+0	0.000000E+0
2.249931E+2	-8.167053E+0	1.108000E+0	3.883600E+17	-5.707470E+17	3.769557E-3	0.000000E+0	4.438732E-3	1.611221E-4	0.000000E+0	0.000000E+0	0.000000E+0
2.036963E+2	-6.450974E+0	1.171000E+0	-2.820974E+17	-3.562313E+17	4.018069E-3	0.000000E+0	4.904350E-3	1.553187E-4	0.000000E+0	0.000000E+0	0.000000E+0
1.858471E+2	-5.079590E+0	1.234000E+0	7.433406E+16	-3.376204E+17	4.285988E-3	0.000000E+0	5.376751E-3	1.469578E-4	0.000000E+0	0.000000E+0	0.000000E+0
1.764862E+2	-4.207977E+0	1.297000E+0	5.217108E-18	8.421242E+16	4.509474E-3	0.000000E+0	5.662946E-3	1.350222E-4	0.000000E+0	0.000000E+0	0.000000E+0
1.707424E+2	-3.734451E+0	1.361000E+0	5.364300E+17	-2.871880E+17	4.624660E-3	0.000000E+0	5.853976E-3	1.280372E-4	0.000000E+0	0.000000E+0	0.000000E+0
1.457408E+2	-2.388847E+0	1.424000E+0	6.373293E-18	1.659667E-18	4.243960E-3	0.000000E+0	6.859654E-3	1.124370E-4	0.000000E+0	0.000000E+0	0.000000E+0
1.496130E+2	-2.696495E+0	1.487000E+0	9.197518E+16	1.907948E+17	4.807588E-3	0.000000E+0	6.681741E-3	1.204259E-4	0.000000E+0	0.000000E+0	0.000000E+0
1.445953E+2	-2.377548E+0	1.551000E+0	4.020179E+17	1.945249E+17	5.225122E-3	0.000000E+0	6.913985E-3	1.136851E-4	0.000000E+0	0.000000E+0	0.000000E+0
1.274508E+2	-1.549232E+0	1.614000E+0	1.731138E-18	4.035830E-18	5.398047E-3	0.000000E+0	7.845006E-3	9.536020E-5	0.000000E+0	0.000000E+0	0.000000E+0
1.045222E+2	-2.245407E-1	1.677000E+0	-2.680828E+17	-5.132047E+17	5.821737E-3	0.000000E+0	9.567301E-3	2.055304E-5	0.000000E+0	0.000000E+0	0.000000E+0
1.045145E+2	-2.658615E-1	1.741000E+0	6.309741E-18	-4.155966E-18	6.658576E-3	0.000000E+0	9.567988E-3	2.433882E-5	0.000000E+0	0.000000E+0	0.000000E+0
9.613232E+1	3.903046E-1	1.804000E+0	2.579781E+17	4.569561E-19	6.580736E-3	0.000000E+0	1.040216E-2	-4.223356E-5	0.000000E+0	0.000000E+0	0.000000E+0
8.874463E+1	4.082031E-1	1.867000E+0	2.915631E-18	5.325354E+16	6.861423E-3	0.000000E+0	1.126805E-2	-5.183021E-5	0.000000E+0	0.000000E+0	0.000000E+0
2.679947E+1	5.037308E-3	1.930000E+0	-1.980651E+17	2.858813E+16	7.196248E-3	0.000000E+0	3.731417E-2	-7.013682E-6	0.000000E+0	0.000000E+0	0.000000E+0
2.740633E+1	6.663570E-1	1.994000E+0	-2.796111E-18	4.284796E-22	2.449833E-2	0.000000E+0	3.646636E-2	-8.866425E-4	0.000000E+0	0.000000E+0	0.000000E+0
2.924343E+1	6.364250E-1	2.057000E+0	5.785012E-19	5.234687E+17	2.526676E-2	0.000000E+0	3.417953E-2	-7.438493E-4	0.000000E+0	0.000000E+0	0.000000E+0
2.903753E+1	1.947174E-1	2.120000E+0	-2.375065E+17	1.295985E-19	2.605715E-2	0.000000E+0	3.443664E-2	-2.309223E-4	0.000000E+0	0.000000E+0	0.000000E+0
2.937974E+1	1.020061E+0	2.184000E+0	-5.351627E-18	2.346836E+17	2.713760E-2	0.000000E+0	3.399608E-2	-1.180340E-3	0.000000E+0	0.000000E+0	0.000000E+0
3.071045E+1	1.198380E+0	2.247000E+0	2.587907E+17	-3.980899E-18	2.831512E-2	0.000000E+0	3.251270E-2	-1.268707E-3	0.000000E+0	0.000000E+0	0.000000E+0
3.221191E+1	1.331835E+0	2.310000E+0	-3.127958E+17	-9.739274E-19	2.927149E-2	0.000000E+0	3.099144E-2	-1.281373E-3	0.000000E+0	0.000000E+0	0.000000E+0
3.399131E+1	1.474318E+0	2.373000E+0	6.667395E-18	-4.396019E+17	3.023400E-2	0.000000E+0	2.936404E-2	-1.273618E-3	0.000000E+0	0.000000E+0	0.000000E+0
3.348985E+1	9.468288E-1	2.437000E+0	-1.137863E-18	-4.190346E+17	3.115766E-2	0.000000E+0	2.983595E-2	-8.435252E-4	0.000000E+0	0.000000E+0	0.000000E+0
3.484227E+1	1.890316E+0	2.500000E+0	-9.275714E-19	-3.780148E-18	3.234232E-2	0.000000E+0	2.861654E-2	-1.552548E-3	0.000000E+0	0.000000E+0	0.000000E+0
