Real / Ohm	Ximag / Ohm	V_DC / V	I_a c / A	V_ac / V	I_DC / A
3.722102E+1	6.712570E-1	2.500000E+0	-9.275714E-19	-3.780148E-18	3.207113E-2	1.000000E+6	2.685780E-2	-4.843631E-4	0.000000E+0	0.000000E+0	0.000000E+0
3.203668E+1	1.907818E+0	2.437000E+0	-1.137863E-18	-4.190346E+17	3.053100E-2	0.000000E+0	3.110392E-2	-1.852271E-3	0.000000E+0	0.000000E+0	0.000000E+0
2.919348E+1	2.074871E+0	2.373000E+0	6.667395E-18	-4.396019E+17	2.888262E-2	0.000000E+0	3.408206E-2	-2.422318E-3	0.000000E+0	0.000000E+0	0.000000E+0
2.639608E+1	1.477179E+0	2.310000E+0	-3.127958E+17	-9.739274E-19	2.710347E-2	0.000000E+0	3.776614E-2	-2.113471E-3	0.000000E+0	0.000000E+0	0.000000E+0
1.284703E+1	-4.486856E-1	2.247000E+0	2.587907E+17	-3.980899E-18	2.595200E-2	0.000000E+0	7.774417E-2	2.715234E-3	0.000000E+0	0.000000E+0	0.000000E+0
7.295815E+0	8.116104E+0	2.184000E+0	-5.351627E-18	2.346836E+17	2.119532E-2	0.000000E+0	6.125786E-2	-6.814525E-2	0.000000E+0	0.000000E+0	0.000000E+0
3.016788E+1	1.268011E+0	2.120000E+0	-2.375065E+17	1.295985E-19	1.678290E-2	0.000000E+0	3.308938E-2	-1.390807E-3	0.000000E+0	0.000000E+0	0.000000E+0
3.485728E+1	1.249409E+0	2.057000E+0	5.785012E-19	5.234687E+17	1.591488E-2	0.000000E+0	2.865160E-2	-1.026975E-3	0.000000E+0	0.000000E+0	0.000000E+0
4.196525E+1	6.764812E-1	1.994000E+0	-2.796111E-18	4.284796E-22	1.464492E-2	0.000000E+0	2.382305E-2	-3.840283E-4	0.000000E+0	0.000000E+0	0.000000E+0
4.737118E+1	8.017960E-1	1.930000E+0	-1.980651E+17	2.858813E+16	1.382085E-2	0.000000E+0	2.110384E-2	-3.571997E-4	0.000000E+0	0.000000E+0	0.000000E+0
5.198518E+1	6.756516E-1	1.867000E+0	2.915631E-18	5.325354E+16	1.311831E-2	0.000000E+0	1.923300E-2	-2.499714E-4	0.000000E+0	0.000000E+0	0.000000E+0
5.691993E+1	9.527740E-1	1.804000E+0	2.579781E+17	4.569561E-19	1.225233E-2	0.000000E+0	1.756362E-2	-2.939947E-4	0.000000E+0	0.000000E+0	0.000000E+0
6.225092E+1	6.985550E-1	1.741000E+0	6.309741E-18	-4.155966E-18	1.155489E-2	0.000000E+0	1.606200E-2	-1.802413E-4	0.000000E+0	0.000000E+0	0.000000E+0
6.526254E+1	4.593391E-1	1.677000E+0	-2.680828E+17	-5.132047E+17	1.067413E-2	0.000000E+0	1.532197E-2	-1.078410E-4	0.000000E+0	0.000000E+0	0.000000E+0
6.995593E+1	8.007050E-2	1.614000E+0	1.731138E-18	4.035830E-18	9.606414E-3	0.000000E+0	1.429470E-2	-1.636149E-5	0.000000E+0	0.000000E+0	0.000000E+0
7.414897E+1	-7.099533E-2	1.551000E+0	4.020179E+17	1.945249E+17	9.527463E-3	0.000000E+0	1.348635E-2	1.291276E-5	0.000000E+0	0.000000E+0	0.000000E+0
7.900954E+1	-1.343536E-1	1.487000E+0	9.197518E+16	1.907948E+17	8.838223E-3	0.000000E+0	1.265666E-2	2.152232E-5	0.000000E+0	0.000000E+0	0.000000E+0
8.547691E+1	-3.785820E-1	1.424000E+0	6.373293E-18	1.659667E-18	8.230163E-3	0.000000E+0	1.169884E-2	5.181480E-5	0.000000E+0	0.000000E+0	0.000000E+0
9.397307E+1	-6.440353E-1	1.361000E+0	5.364300E+17	-2.871880E+17	7.713010E-3	0.000000E+0	1.064085E-2	7.292601E-5	0.000000E+0	0.000000E+0	0.000000E+0
9.891470E+1	-7.912674E-1	1.297000E+0	5.217108E-18	8.421242E+16	7.092208E-3	0.000000E+0	1.010907E-2	8.086746E-5	0.000000E+0	0.000000E+0	0.000000E+0
1.052837E+2	-1.130142E-1	1.234000E+0	7.433406E+16	-3.376204E+17	6.589355E-3	0.000000E+0	9.498135E-3	1.019554E-5	0.000000E+0	0.000000E+0	0.000000E+0
1.136851E+2	6.231308E-1	1.171000E+0	-2.820974E+17	-3.562313E+17	6.080373E-3	0.000000E+0	8.795963E-3	-4.821244E-5	0.000000E+0	0.000000E+0	0.000000E+0
1.345165E+2	-2.216545E+0	1.108000E+0	3.883600E+17	-5.707470E+17	5.654640E-3	0.000000E+0	7.432014E-3	1.224637E-4	0.000000E+0	0.000000E+0	0.000000E+0
1.429229E+2	-2.513229E+0	1.044000E+0	-5.196819E+17	2.155725E-18	5.241192E-3	0.000000E+0	6.994617E-3	1.229969E-4	0.000000E+0	0.000000E+0	0.000000E+0
1.496794E+2	-2.817764E+0	9.810000E-1	-1.734935E+17	1.089529E+17	4.871127E-3	0.000000E+0	6.678579E-3	1.257265E-4	0.000000E+0	0.000000E+0	0.000000E+0
1.549634E+2	-3.028397E+0	9.180000E-1	2.547933E-18	-3.572396E+16	4.517918E-3	0.000000E+0	6.450673E-3	1.260633E-4	0.000000E+0	0.000000E+0	0.000000E+0
1.615908E+2	-3.249245E+0	8.540000E-1	-6.904543E-18	-1.197844E+17	4.193335E-3	0.000000E+0	6.185970E-3	1.243866E-4	0.000000E+0	0.000000E+0	0.000000E+0
1.671749E+2	-3.434029E+0	7.910000E-1	-4.524506E+17	2.054796E+17	3.850850E-3	0.000000E+0	5.979236E-3	1.228227E-4	0.000000E+0	0.000000E+0	0.000000E+0
1.711578E+2	-3.567780E+0	7.280000E-1	-7.908450E-19	6.323277E-18	3.566077E-3	0.000000E+0	5.840024E-3	1.217352E-4	0.000000E+0	0.000000E+0	0.000000E+0
1.748096E+2	-3.722763E+0	6.650000E-1	3.266041E+17	-3.632091E-18	3.235849E-3	0.000000E+0	5.717916E-3	1.217693E-4	0.000000E+0	0.000000E+0	0.000000E+0
1.774792E+2	-3.795456E+0	6.010000E-1	1.388541E-18	6.784126E-18	2.933228E-3	0.000000E+0	5.631887E-3	1.204399E-4	0.000000E+0	0.000000E+0	0.000000E+0
1.804871E+2	-3.792343E+0	5.380000E-1	4.766215E-20	4.558806E+17	2.627004E-3	0.000000E+0	5.538117E-3	1.163653E-4	0.000000E+0	0.000000E+0	0.000000E+0
1.820647E+2	-3.779419E+0	4.750000E-1	-3.851507E-18	-6.877568E-18	2.303926E-3	0.000000E+0	5.490187E-3	1.139689E-4	0.000000E+0	0.000000E+0	0.000000E+0
1.837400E+2	-3.729156E+0	4.110000E-1	-4.136209E+17	4.857998E-18	2.000795E-3	0.000000E+0	5.440232E-3	1.104140E-4	0.000000E+0	0.000000E+0	0.000000E+0
1.849591E+2	-3.644684E+0	3.480000E-1	4.155990E+17	-2.187937E-18	1.705296E-3	0.000000E+0	5.404502E-3	1.064976E-4	0.000000E+0	0.000000E+0	0.000000E+0
1.835848E+2	-3.486862E+0	2.850000E-1	-2.834423E+17	5.558819E-18	1.388858E-3	0.000000E+0	5.445110E-3	1.034200E-4	0.000000E+0	0.000000E+0	0.000000E+0
1.831731E+2	-3.283112E+0	2.220000E-1	-3.021231E-18	1.442034E+17	1.102042E-3	0.000000E+0	5.457564E-3	9.781891E-5	0.000000E+0	0.000000E+0	0.000000E+0
1.831820E+2	-3.092529E+0	1.580000E-1	4.697494E+17	-5.230656E+17	7.825668E-4	0.000000E+0	5.457496E-3	9.213495E-5	0.000000E+0	0.000000E+0	0.000000E+0
1.822299E+2	-2.871338E+0	9.500000E-2	-4.715168E+17	-5.436513E+17	4.732787E-4	0.000000E+0	5.486212E-3	8.644447E-5	0.000000E+0	0.000000E+0	0.000000E+0
1.757567E+2	-2.472382E+0	3.200000E-2	-3.093320E+17	4.406614E-18	1.619477E-4	0.000000E+0	5.688558E-3	8.002135E-5	0.000000E+0	0.000000E+0	0.000000E+0
1.588503E+2	-1.859901E+0	-3.200000E-2	-9.427576E-19	-9.422141E-19	-1.738705E-4	0.000000E+0	6.294372E-3	7.369775E-5	0.000000E+0	0.000000E+0	0.000000E+0
1.479349E+2	-1.471169E+0	-9.500000E-2	-4.717429E+17	-4.927578E+17	-5.418921E-4	0.000000E+0	6.759062E-3	6.721688E-5	0.000000E+0	0.000000E+0	0.000000E+0
1.558992E+2	-1.469437E+0	-1.580000E-1	-2.971689E+17	-4.956124E-18	-9.185961E-4	0.000000E+0	6.413831E-3	6.045394E-5	0.000000E+0	0.000000E+0	0.000000E+0
2.005116E+2	-1.803787E+0	-2.220000E-1	-1.478400E+17	2.700591E+17	-1.259011E-3	0.000000E+0	4.986839E-3	4.486122E-5	0.000000E+0	0.000000E+0	0.000000E+0
2.735157E+2	-3.531616E+0	-2.850000E-1	-2.726899E+17	1.903750E-18	-1.494755E-3	0.000000E+0	3.655488E-3	4.719941E-5	0.000000E+0	0.000000E+0	0.000000E+0
3.340651E+2	-5.110397E+0	-3.480000E-1	-1.696221E+17	-6.427781E-19	-1.689130E-3	0.000000E+0	2.992728E-3	4.578158E-5	0.000000E+0	0.000000E+0	0.000000E+0
3.656286E+2	-4.292694E+0	-4.110000E-1	2.837111E-18	-1.599031E-19	-1.887591E-3	0.000000E+0	2.734639E-3	3.210626E-5	0.000000E+0	0.000000E+0	0.000000E+0
3.815391E+2	1.270660E+0	-4.750000E-1	-4.319920E+17	-4.172230E+17	-2.138118E-3	0.000000E+0	2.620934E-3	-8.728637E-6	0.000000E+0	0.000000E+0	0.000000E+0
3.826258E+2	5.789001E+0	-5.380000E-1	-5.506723E-18	3.318506E+17	-2.362115E-3	0.000000E+0	2.612921E-3	-3.953263E-5	0.000000E+0	0.000000E+0	0.000000E+0
3.831215E+2	7.001221E+0	-6.010000E-1	4.410889E+17	3.940187E-18	-2.615224E-3	0.000000E+0	2.609267E-3	-4.768214E-5	0.000000E+0	0.000000E+0	0.000000E+0
3.876512E+2	8.030090E+0	-6.650000E-1	1.829862E+17	1.860550E+17	-2.837150E-3	0.000000E+0	2.578532E-3	-5.341360E-5	0.000000E+0	0.000000E+0	0.000000E+0
3.742679E+2	8.961853E+0	-7.280000E-1	-4.775830E-18	6.138991E-18	-3.068298E-3	0.000000E+0	2.670352E-3	-6.394163E-5	0.000000E+0	0.000000E+0	0.000000E+0
3.396097E+2	9.232025E+0	-7.910000E-1	-1.773302E-18	1.902740E-18	-3.287188E-3	0.000000E+0	2.942382E-3	-7.998637E-5	0.000000E+0	0.000000E+0	0.000000E+0
2.953127E+2	8.302856E+0	-8.540000E-1	-7.957818E+16	-3.372665E-18	-3.556129E-3	0.000000E+0	3.383566E-3	-9.513057E-5	0.000000E+0	0.000000E+0	0.000000E+0
2.437482E+2	6.275970E+0	-9.180000E-1	2.088264E+17	-2.195880E+17	-3.953745E-3	0.000000E+0	4.099876E-3	-1.055626E-4	0.000000E+0	0.000000E+0	0.000000E+0
1.985558E+2	4.858063E+0	-9.810000E-1	4.512112E+17	-3.192840E+17	-4.977025E-3	0.000000E+0	5.033354E-3	-1.231510E-4	0.000000E+0	0.000000E+0	0.000000E+0
1.633542E+2	3.290291E+0	-1.044000E+0	-1.183520E-18	-5.342346E-18	-5.362412E-3	0.000000E+0	6.119184E-3	-1.232530E-4	0.000000E+0	0.000000E+0	0.000000E+0
1.345571E+2	1.999214E+0	-1.108000E+0	-5.203440E-18	3.843920E-18	-5.818251E-3	0.000000E+0	7.430149E-3	-1.103952E-4	0.000000E+0	0.000000E+0	0.000000E+0
1.149203E+2	1.570290E+0	-1.171000E+0	2.472319E-19	4.245176E+17	-6.441123E-3	0.000000E+0	8.700058E-3	-1.188790E-4	0.000000E+0	0.000000E+0	0.000000E+0
1.018143E+2	1.723297E+0	-1.234000E+0	1.311717E+15	5.157690E-18	-6.976152E-3	0.000000E+0	9.818990E-3	-1.661951E-4	0.000000E+0	0.000000E+0	0.000000E+0
7.285345E+1	1.245911E+0	-1.297000E+0	-1.006173E-18	-5.687810E-18	-7.466236E-3	0.000000E+0	1.372217E-2	-2.346712E-4	0.000000E+0	0.000000E+0	0.000000E+0
3.024652E+1	9.268780E-1	-1.361000E+0	-6.256276E-18	1.400392E+17	-8.282136E-3	0.000000E+0	3.303064E-2	-1.012195E-3	0.000000E+0	0.000000E+0	0.000000E+0
4.271671E+1	5.611629E-1	-1.424000E+0	2.698511E+17	-3.360764E+17	-1.119152E-2	0.000000E+0	2.340600E-2	-3.074811E-4	0.000000E+0	0.000000E+0	0.000000E+0
4.977776E+1	8.346939E-2	-1.487000E+0	-4.013547E-19	-2.240669E+17	-1.241960E-2	0.000000E+0	2.008924E-2	-3.368646E-5	0.000000E+0	0.000000E+0	0.000000E+0
5.134551E+1	-2.026024E-1	-1.551000E+0	8.607252E+16	1.700207E-17	-1.357156E-2	0.000000E+0	1.947560E-2	7.684805E-5	0.000000E+0	0.000000E+0	0.000000E+0
5.019254E+1	1.349602E-1	-1.614000E+0	2.127762E-18	3.298054E+15	-1.587472E-2	0.000000E+0	1.992314E-2	-5.357032E-5	0.000000E+0	0.000000E+0	0.000000E+0
5.313870E+1	-4.137459E-1	-1.677000E+0	8.036557E+16	-4.576640E+17	-1.689748E-2	0.000000E+0	1.881754E-2	1.465162E-4	0.000000E+0	0.000000E+0	0.000000E+0
5.202981E+1	-2.614326E-1	-1.741000E+0	-6.504745E+16	2.369919E+17	-1.747692E-2	0.000000E+0	1.921927E-2	9.657046E-5	0.000000E+0	0.000000E+0	0.000000E+0
5.026438E+1	-5.752792E-1	-1.804000E+0	5.725574E-18	5.134919E+17	-1.821471E-2	0.000000E+0	1.989220E-2	2.276675E-4	0.000000E+0	0.000000E+0	0.000000E+0
4.458679E+1	9.994507E-4	-1.867000E+0	-2.052875E-18	3.601710E-18	-1.987486E-2	0.000000E+0	2.242817E-2	-5.027464E-7	0.000000E+0	0.000000E+0	0.000000E+0
4.361491E+1	3.640823E-1	-1.930000E+0	2.907620E+17	-1.496570E-18	-2.023573E-2	0.000000E+0	2.292634E-2	-1.913812E-4	0.000000E+0	0.000000E+0	0.000000E+0
4.553577E+1	1.976318E-1	-1.994000E+0	-2.653265E-18	4.664211E-18	-2.116399E-2	0.000000E+0	2.196034E-2	-9.531105E-5	0.000000E+0	0.000000E+0	0.000000E+0
4.608479E+1	2.129822E-1	-2.057000E+0	6.288344E-18	-3.928899E-18	-2.191761E-2	0.000000E+0	2.169867E-2	-1.002810E-4	0.000000E+0	0.000000E+0	0.000000E+0
4.453726E+1	6.103096E-1	-2.120000E+0	8.250878E-19	2.832976E+17	-2.260739E-2	0.000000E+0	2.244889E-2	-3.076250E-4	0.000000E+0	0.000000E+0	0.000000E+0
4.112302E+1	3.976631E-1	-2.184000E+0	4.553607E+17	-2.686618E+17	-2.335740E-2	0.000000E+0	2.431501E-2	-2.351282E-4	0.000000E+0	0.000000E+0	0.000000E+0
4.072546E+1	4.915886E-1	-2.247000E+0	2.517966E+17	3.793721E+16	-2.424176E-2	0.000000E+0	2.455109E-2	-2.963511E-4	0.000000E+0	0.000000E+0	0.000000E+0
3.991075E+1	5.566216E-1	-2.310000E+0	-6.194310E-18	5.176251E+17	-2.441265E-2	0.000000E+0	2.505103E-2	-3.493782E-4	0.000000E+0	0.000000E+0	0.000000E+0
3.819057E+1	9.951668E-1	-2.373000E+0	-5.704680E+17	6.512875E+16	-2.557331E-2	0.000000E+0	2.616671E-2	-6.818499E-4	0.000000E+0	0.000000E+0	0.000000E+0
3.452901E+1	3.332422E+0	-2.437000E+0	-4.916206E+17	6.689522E-18	-2.667777E-2	0.000000E+0	2.869389E-2	-2.769270E-3	0.000000E+0	0.000000E+0	0.000000E+0
3.935390E+1	-6.408768E-1	-2.500000E+0	-3.567381E+17	-4.283094E-18	-2.699063E-2	0.000000E+0	2.540371E-2	4.136984E-4	0.000000E+0	0.000000E+0	0.000000E+0
