Real / Ohm	Ximag / Ohm	V_DC / V	I_a c / A	V_ac / V	I_DC / A
2.330172E+2	-4.697589E+1	-2.500000E+0	-3.567381E+17	-4.283094E-18	-6.870646E-3	1.778279E+6	4.123925E-3	8.313765E-4	0.000000E+0	0.000000E+0	0.000000E+0
2.301006E+2	-4.677783E+1	-2.437000E+0	-4.916206E+17	6.689522E-18	-6.901501E-3	0.000000E+0	4.173445E-3	8.484319E-4	0.000000E+0	0.000000E+0	0.000000E+0
2.509122E+2	-4.697034E+1	-2.373000E+0	-5.704680E+17	6.512875E+16	-5.978349E-3	0.000000E+0	3.850523E-3	7.208114E-4	0.000000E+0	0.000000E+0	0.000000E+0
2.725714E+2	-4.687964E+1	-2.310000E+0	-6.194310E-18	5.176251E+17	-6.297252E-3	0.000000E+0	3.563357E-3	6.128629E-4	0.000000E+0	0.000000E+0	0.000000E+0
2.976122E+2	-4.600562E+1	-2.247000E+0	2.517966E+17	3.793721E+16	-6.122795E-3	0.000000E+0	3.281660E-3	5.072870E-4	0.000000E+0	0.000000E+0	0.000000E+0
3.116846E+2	-4.489877E+1	-2.184000E+0	4.553607E+17	-2.686618E+17	-5.917695E-3	0.000000E+0	3.143148E-3	4.527766E-4	0.000000E+0	0.000000E+0	0.000000E+0
3.181797E+2	-4.375830E+1	-2.120000E+0	8.250878E-19	2.832976E+17	-5.733562E-3	0.000000E+0	3.084538E-3	4.242073E-4	0.000000E+0	0.000000E+0	0.000000E+0
3.334043E+2	-4.140723E+1	-2.057000E+0	6.288344E-18	-3.928899E-18	-5.527950E-3	0.000000E+0	2.953801E-3	3.668480E-4	0.000000E+0	0.000000E+0	0.000000E+0
3.349071E+2	-3.997467E+1	-1.994000E+0	-2.653265E-18	4.664211E-18	-5.357579E-3	0.000000E+0	2.943960E-3	3.513925E-4	0.000000E+0	0.000000E+0	0.000000E+0
3.449484E+2	-3.756134E+1	-1.930000E+0	2.907620E+17	-1.496570E-18	-5.200004E-3	0.000000E+0	2.865014E-3	3.119706E-4	0.000000E+0	0.000000E+0	0.000000E+0
3.455815E+2	-3.590076E+1	-1.867000E+0	-2.052875E-18	3.601710E-18	-5.027590E-3	0.000000E+0	2.862778E-3	2.973999E-4	0.000000E+0	0.000000E+0	0.000000E+0
3.512059E+2	-3.345956E+1	-1.804000E+0	5.725574E-18	5.134919E+17	-4.865390E-3	0.000000E+0	2.821721E-3	2.688268E-4	0.000000E+0	0.000000E+0	0.000000E+0
3.544051E+2	-3.110260E+1	-1.741000E+0	-6.504745E+16	2.369919E+17	-4.685827E-3	0.000000E+0	2.800064E-3	2.457337E-4	0.000000E+0	0.000000E+0	0.000000E+0
3.599409E+2	-2.907526E+1	-1.677000E+0	8.036557E+16	-4.576640E+17	-4.470029E-3	0.000000E+0	2.760223E-3	2.229650E-4	0.000000E+0	0.000000E+0	0.000000E+0
3.656090E+2	-2.750955E+1	-1.614000E+0	2.127762E-18	3.298054E+15	-4.306807E-3	0.000000E+0	2.719764E-3	2.046435E-4	0.000000E+0	0.000000E+0	0.000000E+0
3.677410E+2	-2.612909E+1	-1.551000E+0	8.607252E+16	1.700207E-17	-4.124690E-3	0.000000E+0	2.705646E-3	1.922442E-4	0.000000E+0	0.000000E+0	0.000000E+0
3.666830E+2	-2.550595E+1	-1.487000E+0	-4.013547E-19	-2.240669E+17	-3.959964E-3	0.000000E+0	2.714020E-3	1.887834E-4	0.000000E+0	0.000000E+0	0.000000E+0
3.632299E+2	-2.472522E+1	-1.424000E+0	2.698511E+17	-3.360764E+17	-3.767121E-3	0.000000E+0	2.740380E-3	1.865388E-4	0.000000E+0	0.000000E+0	0.000000E+0
3.589503E+2	-2.395084E+1	-1.361000E+0	-6.256276E-18	1.400392E+17	-3.530355E-3	0.000000E+0	2.773553E-3	1.850644E-4	0.000000E+0	0.000000E+0	0.000000E+0
3.544718E+2	-2.328693E+1	-1.297000E+0	-1.006173E-18	-5.687810E-18	-3.422831E-3	0.000000E+0	2.808976E-3	1.845349E-4	0.000000E+0	0.000000E+0	0.000000E+0
3.498743E+2	-2.246942E+1	-1.234000E+0	1.311717E+15	5.157690E-18	-3.042552E-3	0.000000E+0	2.846430E-3	1.828017E-4	0.000000E+0	0.000000E+0	0.000000E+0
3.476415E+2	-2.140909E+1	-1.171000E+0	2.472319E-19	4.245176E+17	-3.070342E-3	0.000000E+0	2.865658E-3	1.764782E-4	0.000000E+0	0.000000E+0	0.000000E+0
3.474609E+2	-2.054901E+1	-1.108000E+0	-5.203440E-18	3.843920E-18	-2.906099E-3	0.000000E+0	2.867991E-3	1.696144E-4	0.000000E+0	0.000000E+0	0.000000E+0
3.490895E+2	-1.976392E+1	-1.044000E+0	-1.183520E-18	-5.342346E-18	-2.719923E-3	0.000000E+0	2.855442E-3	1.616626E-4	0.000000E+0	0.000000E+0	0.000000E+0
3.612866E+2	-1.914386E+1	-9.810000E-1	4.512112E+17	-3.192840E+17	-2.535252E-3	0.000000E+0	2.760136E-3	1.462541E-4	0.000000E+0	0.000000E+0	0.000000E+0
3.585219E+2	-1.897763E+1	-9.180000E-1	2.088264E+17	-2.195880E+17	-2.360284E-3	0.000000E+0	2.781437E-3	1.472297E-4	0.000000E+0	0.000000E+0	0.000000E+0
3.642174E+2	-1.931122E+1	-8.540000E-1	-7.957818E+16	-3.372665E-18	-2.178194E-3	0.000000E+0	2.737916E-3	1.451674E-4	0.000000E+0	0.000000E+0	0.000000E+0
3.665897E+2	-1.969711E+1	-7.910000E-1	-1.773302E-18	1.902740E-18	-2.019059E-3	0.000000E+0	2.719993E-3	1.461470E-4	0.000000E+0	0.000000E+0	0.000000E+0
3.642633E+2	-1.991211E+1	-7.280000E-1	-4.775830E-18	6.138991E-18	-1.841027E-3	0.000000E+0	2.737088E-3	1.496203E-4	0.000000E+0	0.000000E+0	0.000000E+0
3.594617E+2	-1.990796E+1	-6.650000E-1	1.829862E+17	1.860550E+17	-1.668102E-3	0.000000E+0	2.773431E-3	1.536001E-4	0.000000E+0	0.000000E+0	0.000000E+0
3.565791E+2	-1.995935E+1	-6.010000E-1	4.410889E+17	3.940187E-18	-1.502355E-3	0.000000E+0	2.795668E-3	1.564862E-4	0.000000E+0	0.000000E+0	0.000000E+0
3.539810E+2	-2.023471E+1	-5.380000E-1	-5.506723E-18	3.318506E+17	-1.324834E-3	0.000000E+0	2.815809E-3	1.609609E-4	0.000000E+0	0.000000E+0	0.000000E+0
3.571659E+2	-2.105267E+1	-4.750000E-1	-4.319920E+17	-4.172230E+17	-1.166209E-3	0.000000E+0	2.790125E-3	1.644602E-4	0.000000E+0	0.000000E+0	0.000000E+0
3.647856E+2	-2.222647E+1	-4.110000E-1	2.837111E-18	-1.599031E-19	-9.912695E-4	0.000000E+0	2.731197E-3	1.664124E-4	0.000000E+0	0.000000E+0	0.000000E+0
3.700247E+2	-2.376807E+1	-3.480000E-1	-1.696221E+17	-6.427781E-19	-8.306021E-4	0.000000E+0	2.691418E-3	1.728798E-4	0.000000E+0	0.000000E+0	0.000000E+0
3.875392E+2	-2.564166E+1	-2.850000E-1	-2.726899E+17	1.903750E-18	-6.597200E-4	0.000000E+0	2.569137E-3	1.699878E-4	0.000000E+0	0.000000E+0	0.000000E+0
3.899913E+2	-2.744971E+1	-2.220000E-1	-1.478400E+17	2.700591E+17	-5.041600E-4	0.000000E+0	2.551519E-3	1.795898E-4	0.000000E+0	0.000000E+0	0.000000E+0
4.002117E+2	-2.968140E+1	-1.580000E-1	-2.971689E+17	-4.956124E-18	-3.455631E-4	0.000000E+0	2.485009E-3	1.842988E-4	0.000000E+0	0.000000E+0	0.000000E+0
4.189612E+2	-3.379599E+1	-9.500000E-2	-4.717429E+17	-4.927578E+17	-1.981745E-4	0.000000E+0	2.371425E-3	1.912937E-4	0.000000E+0	0.000000E+0	0.000000E+0
4.533370E+2	-4.243301E+1	-3.200000E-2	-9.427576E-19	-9.422141E-19	-5.538240E-5	0.000000E+0	2.186706E-3	2.046789E-4	0.000000E+0	0.000000E+0	0.000000E+0
4.794003E+2	-4.978015E+1	3.200000E-2	-3.093320E+17	4.406614E-18	7.257097E-5	0.000000E+0	2.063688E-3	2.142900E-4	0.000000E+0	0.000000E+0	0.000000E+0
4.608563E+2	-4.562579E+1	9.500000E-2	-4.715168E+17	-5.436513E+17	1.893160E-4	0.000000E+0	2.148812E-3	2.127372E-4	0.000000E+0	0.000000E+0	0.000000E+0
4.247415E+2	-3.926810E+1	1.580000E-1	4.697494E+17	-5.230656E+17	3.402797E-4	0.000000E+0	2.334420E-3	2.158213E-4	0.000000E+0	0.000000E+0	0.000000E+0
3.974257E+2	-3.424765E+1	2.220000E-1	-3.021231E-18	1.442034E+17	4.784474E-4	0.000000E+0	2.497646E-3	2.152315E-4	0.000000E+0	0.000000E+0	0.000000E+0
3.760344E+2	-3.052457E+1	2.850000E-1	-2.834423E+17	5.558819E-18	6.437113E-4	0.000000E+0	2.641923E-3	2.144579E-4	0.000000E+0	0.000000E+0	0.000000E+0
3.552899E+2	-2.731439E+1	3.480000E-1	4.155990E+17	-2.187937E-18	8.074429E-4	0.000000E+0	2.798065E-3	2.151129E-4	0.000000E+0	0.000000E+0	0.000000E+0
3.442153E+2	-2.452567E+1	4.110000E-1	-4.136209E+17	4.857998E-18	9.619817E-4	0.000000E+0	2.890484E-3	2.059498E-4	0.000000E+0	0.000000E+0	0.000000E+0
3.270788E+2	-2.192853E+1	4.750000E-1	-3.851507E-18	-6.877568E-18	1.143050E-3	0.000000E+0	3.043686E-3	2.040596E-4	0.000000E+0	0.000000E+0	0.000000E+0
3.132709E+2	-1.966269E+1	5.380000E-1	4.766215E-20	4.558806E+17	1.325679E-3	0.000000E+0	3.179599E-3	1.995700E-4	0.000000E+0	0.000000E+0	0.000000E+0
2.942567E+2	-1.746884E+1	6.010000E-1	1.388541E-18	6.784126E-18	1.522607E-3	0.000000E+0	3.386458E-3	2.010404E-4	0.000000E+0	0.000000E+0	0.000000E+0
2.822957E+2	-1.585321E+1	6.650000E-1	3.266041E+17	-3.632091E-18	1.722062E-3	0.000000E+0	3.531248E-3	1.983084E-4	0.000000E+0	0.000000E+0	0.000000E+0
2.747575E+2	-1.487149E+1	7.280000E-1	-7.908450E-19	6.323277E-18	1.935845E-3	0.000000E+0	3.628942E-3	1.964196E-4	0.000000E+0	0.000000E+0	0.000000E+0
2.783149E+2	-1.469144E+1	7.910000E-1	-4.524506E+17	2.054796E+17	2.135838E-3	0.000000E+0	3.583068E-3	1.891398E-4	0.000000E+0	0.000000E+0	0.000000E+0
2.704316E+2	-1.522702E+1	8.540000E-1	-6.904543E-18	-1.197844E+17	2.362389E-3	0.000000E+0	3.686106E-3	2.075512E-4	0.000000E+0	0.000000E+0	0.000000E+0
2.730118E+2	-1.629178E+1	9.180000E-1	2.547933E-18	-3.572396E+16	2.566950E-3	0.000000E+0	3.649848E-3	2.178020E-4	0.000000E+0	0.000000E+0	0.000000E+0
2.758101E+2	-1.790579E+1	9.810000E-1	-1.734935E+17	1.089529E+17	2.812398E-3	0.000000E+0	3.610466E-3	2.343940E-4	0.000000E+0	0.000000E+0	0.000000E+0
2.779943E+2	-1.996085E+1	1.044000E+0	-5.196819E+17	2.155725E-18	2.984812E-3	0.000000E+0	3.578745E-3	2.569650E-4	0.000000E+0	0.000000E+0	0.000000E+0
2.841898E+2	-2.195209E+1	1.108000E+0	3.883600E+17	-5.707470E+17	3.149027E-3	0.000000E+0	3.497904E-3	2.701937E-4	0.000000E+0	0.000000E+0	0.000000E+0
2.894977E+2	-2.448538E+1	1.171000E+0	-2.820974E+17	-3.562313E+17	3.382728E-3	0.000000E+0	3.429724E-3	2.900821E-4	0.000000E+0	0.000000E+0	0.000000E+0
2.970685E+2	-2.721634E+1	1.234000E+0	7.433406E+16	-3.376204E+17	3.588850E-3	0.000000E+0	3.338208E-3	3.058345E-4	0.000000E+0	0.000000E+0	0.000000E+0
3.030472E+2	-3.129333E+1	1.297000E+0	5.217108E-18	8.421242E+16	3.771478E-3	0.000000E+0	3.265001E-3	3.371513E-4	0.000000E+0	0.000000E+0	0.000000E+0
3.118855E+2	-3.575653E+1	1.361000E+0	5.364300E+17	-2.871880E+17	3.952547E-3	0.000000E+0	3.164709E-3	3.628223E-4	0.000000E+0	0.000000E+0	0.000000E+0
3.211808E+2	-3.932077E+1	1.424000E+0	6.373293E-18	1.659667E-18	4.130579E-3	0.000000E+0	3.067535E-3	3.755450E-4	0.000000E+0	0.000000E+0	0.000000E+0
3.305161E+2	-4.191104E+1	1.487000E+0	9.197518E+16	1.907948E+17	4.321379E-3	0.000000E+0	2.977692E-3	3.775857E-4	0.000000E+0	0.000000E+0	0.000000E+0
3.391847E+2	-4.859323E+1	1.551000E+0	4.020179E+17	1.945249E+17	4.506023E-3	0.000000E+0	2.888951E-3	4.138850E-4	0.000000E+0	0.000000E+0	0.000000E+0
3.480415E+2	-5.217923E+1	1.614000E+0	1.731138E-18	4.035830E-18	4.698865E-3	0.000000E+0	2.810060E-3	4.212910E-4	0.000000E+0	0.000000E+0	0.000000E+0
3.507686E+2	-5.125940E+1	1.677000E+0	-2.680828E+17	-5.132047E+17	4.874344E-3	0.000000E+0	2.791274E-3	4.079015E-4	0.000000E+0	0.000000E+0	0.000000E+0
3.476804E+2	-4.807291E+1	1.741000E+0	6.309741E-18	-4.155966E-18	5.015576E-3	0.000000E+0	2.822249E-3	3.902254E-4	0.000000E+0	0.000000E+0	0.000000E+0
3.323016E+2	-3.865573E+1	1.804000E+0	2.579781E+17	4.569561E-19	4.852444E-3	0.000000E+0	2.969136E-3	3.453914E-4	0.000000E+0	0.000000E+0	0.000000E+0
3.130511E+2	-2.949750E+1	1.867000E+0	2.915631E-18	5.325354E+16	5.291968E-3	0.000000E+0	3.166255E-3	2.983430E-4	0.000000E+0	0.000000E+0	0.000000E+0
3.025170E+2	-2.423251E+1	1.930000E+0	-1.980651E+17	2.858813E+16	5.561419E-3	0.000000E+0	3.284524E-3	2.631001E-4	0.000000E+0	0.000000E+0	0.000000E+0
2.660328E+2	-1.416605E+1	1.994000E+0	-2.796111E-18	4.284796E-22	5.767002E-3	0.000000E+0	3.748307E-3	1.995946E-4	0.000000E+0	0.000000E+0	0.000000E+0
2.522517E+2	-1.061948E+1	2.057000E+0	5.785012E-19	5.234687E+17	5.842889E-3	0.000000E+0	3.957281E-3	1.665966E-4	0.000000E+0	0.000000E+0	0.000000E+0
2.426186E+2	-8.301788E+0	2.120000E+0	-2.375065E+17	1.295985E-19	6.197632E-3	0.000000E+0	4.116875E-3	1.408689E-4	0.000000E+0	0.000000E+0	0.000000E+0
2.266384E+2	-5.946198E+0	2.184000E+0	-5.351627E-18	2.346836E+17	6.363379E-3	0.000000E+0	4.409280E-3	1.156841E-4	0.000000E+0	0.000000E+0	0.000000E+0
2.056023E+2	-4.074448E+0	2.247000E+0	2.587907E+17	-3.980899E-18	6.564394E-3	0.000000E+0	4.861849E-3	9.634791E-5	0.000000E+0	0.000000E+0	0.000000E+0
2.001184E+2	-3.105026E+0	2.310000E+0	-3.127958E+17	-9.739274E-19	6.976337E-3	0.000000E+0	4.995839E-3	7.751516E-5	0.000000E+0	0.000000E+0	0.000000E+0
1.958549E+2	-2.486954E+0	2.373000E+0	6.667395E-18	-4.396019E+17	7.221274E-3	0.000000E+0	5.104998E-3	6.482296E-5	0.000000E+0	0.000000E+0	0.000000E+0
1.802379E+2	-1.853104E+0	2.437000E+0	-1.137863E-18	-4.190346E+17	7.438604E-3	0.000000E+0	5.547636E-3	5.703765E-5	0.000000E+0	0.000000E+0	0.000000E+0
1.687502E+2	-1.577591E+0	2.500000E+0	-9.275714E-19	-3.780148E-18	7.697841E-3	0.000000E+0	5.925401E-3	5.539466E-5	0.000000E+0	0.000000E+0	0.000000E+0
