Real / Ohm	Ximag / Ohm	V_DC / V	I_a c / A	V_ac / V	I_DC / A
2.447534E+2	-1.047905E+4	0.000000E+0	-3.567381E+17	-5.153844E-18	-8.803909E-8	1.000000E+6	2.227656E-6	9.537647E-5	0.000000E+0	0.000000E+0	0.000000E+0
2.321138E+2	-9.463682E+3	1.900000E-1	-1.853759E+17	6.906363E-18	5.380592E-6	0.000000E+0	2.590118E-6	1.056036E-4	0.000000E+0	0.000000E+0	0.000000E+0
5.994570E+2	-8.797217E+3	3.800000E-1	-5.704680E+17	1.371951E+17	2.677627E-6	0.000000E+0	7.710021E-6	1.131469E-4	0.000000E+0	0.000000E+0	0.000000E+0
5.043008E+2	-7.290845E+3	5.700000E-1	-6.627993E-18	5.176251E+17	2.528261E-6	0.000000E+0	9.441936E-6	1.365052E-4	0.000000E+0	0.000000E+0	0.000000E+0
3.928418E+2	-5.841717E+3	7.590000E-1	2.517955E+17	3.793714E+16	4.960217E-6	0.000000E+0	1.145980E-5	1.704119E-4	0.000000E+0	0.000000E+0	0.000000E+0
3.278970E+2	-5.240413E+3	9.490000E-1	4.508571E+17	-2.686618E+17	2.257220E-6	0.000000E+0	1.189349E-5	1.900805E-4	0.000000E+0	0.000000E+0	0.000000E+0
3.587227E+2	-5.332597E+3	1.139000E+0	8.250878E-19	2.832976E+17	4.150774E-6	0.000000E+0	1.255800E-5	1.866811E-4	0.000000E+0	0.000000E+0	0.000000E+0
5.880376E+2	-6.614143E+3	1.329000E+0	6.234127E-18	-3.929323E-18	5.533599E-6	0.000000E+0	1.333640E-5	1.500055E-4	0.000000E+0	0.000000E+0	0.000000E+0
6.969961E+2	-8.726004E+3	1.519000E+0	-2.654747E-18	4.664409E-18	5.384260E-6	0.000000E+0	9.095728E-6	1.138735E-4	0.000000E+0	0.000000E+0	0.000000E+0
4.293589E+2	-9.732133E+3	1.709000E+0	2.907620E+17	-1.496570E-18	5.745613E-6	0.000000E+0	4.524389E-6	1.025528E-4	0.000000E+0	0.000000E+0	0.000000E+0
2.741367E+2	-1.033783E+4	1.899000E+0	-5.521899E-18	3.493290E-18	7.128445E-6	0.000000E+0	2.563322E-6	9.666413E-5	0.000000E+0	0.000000E+0	0.000000E+0
2.364092E+2	-1.104914E+4	2.089000E+0	5.942414E-18	5.135457E+17	3.404028E-6	0.000000E+0	1.935569E-6	9.046337E-5	0.000000E+0	0.000000E+0	0.000000E+0
1.328213E+2	-1.181535E+4	2.278000E+0	-6.504745E+16	2.369913E+17	6.857415E-6	0.000000E+0	9.513048E-7	8.462497E-5	0.000000E+0	0.000000E+0	0.000000E+0
2.240029E+2	-1.269043E+4	2.468000E+0	8.036571E+16	-4.936752E+17	4.665155E-6	0.000000E+0	1.390483E-6	7.877499E-5	0.000000E+0	0.000000E+0	0.000000E+0
1.671377E+2	-1.351362E+4	2.658000E+0	2.127762E-18	3.273865E+15	5.537266E-6	0.000000E+0	9.150916E-7	7.398810E-5	0.000000E+0	0.000000E+0	0.000000E+0
2.237187E+2	-1.425225E+4	2.848000E+0	8.610784E+16	1.699868E-17	5.387905E-6	0.000000E+0	1.101104E-6	7.014708E-5	0.000000E+0	0.000000E+0	0.000000E+0
2.163506E+2	-1.491008E+4	3.038000E+0	-3.870894E-18	-2.240669E+17	7.792158E-6	0.000000E+0	9.729863E-7	6.705460E-5	0.000000E+0	0.000000E+0	0.000000E+0
2.288330E+2	-1.547826E+4	3.228000E+0	2.698511E+17	2.405250E+17	7.642841E-6	0.000000E+0	9.549474E-7	6.459263E-5	0.000000E+0	0.000000E+0	0.000000E+0
2.216084E+2	-1.597384E+4	3.418000E+0	-6.256276E-18	1.399337E+17	8.514922E-6	0.000000E+0	8.683283E-7	6.259031E-5	0.000000E+0	0.000000E+0	0.000000E+0
2.143418E+2	-1.640101E+4	3.608000E+0	-1.016338E-18	-5.687810E-18	6.833405E-6	0.000000E+0	7.966939E-7	6.096144E-5	0.000000E+0	0.000000E+0	0.000000E+0
2.161885E+2	-1.676343E+4	3.797000E+0	1.311717E+15	5.157902E-18	7.733164E-6	0.000000E+0	7.691917E-7	5.964374E-5	0.000000E+0	0.000000E+0	0.000000E+0
2.217334E+2	-1.707603E+4	3.987000E+0	2.472319E-19	-1.518024E+17	5.540904E-6	0.000000E+0	7.602984E-7	5.855175E-5	0.000000E+0	0.000000E+0	0.000000E+0
2.213691E+2	-1.733250E+4	4.177000E+0	-5.203440E-18	3.830367E-18	4.370115E-6	0.000000E+0	7.367561E-7	5.768567E-5	0.000000E+0	0.000000E+0	0.000000E+0
1.832334E+2	-1.753599E+4	4.367000E+0	-1.291944E-18	-5.342346E-18	9.328010E-6	0.000000E+0	5.957947E-7	5.701935E-5	0.000000E+0	0.000000E+0	0.000000E+0
2.393496E+2	-1.768991E+4	4.557000E+0	5.232688E+17	-4.633991E+17	8.667936E-6	0.000000E+0	7.647191E-7	5.651905E-5	0.000000E+0	0.000000E+0	0.000000E+0
1.965166E+2	-1.779023E+4	4.747000E+0	2.088264E+17	-2.556168E+17	5.454232E-6	0.000000E+0	6.208449E-7	5.620377E-5	0.000000E+0	0.000000E+0	0.000000E+0
2.536914E+2	-1.785603E+4	4.937000E+0	-7.520591E+15	-3.386204E-18	7.347786E-6	0.000000E+0	7.955148E-7	5.599219E-5	0.000000E+0	0.000000E+0	0.000000E+0
2.316182E+2	-1.788798E+4	5.127000E+0	-1.773302E-18	1.902529E-18	7.709139E-6	0.000000E+0	7.237312E-7	5.589409E-5	0.000000E+0	0.000000E+0	0.000000E+0
2.421152E+2	-1.788868E+4	5.316000E+0	-4.775830E-18	6.132215E-18	9.630341E-6	0.000000E+0	7.564599E-7	5.589104E-5	0.000000E+0	0.000000E+0	0.000000E+0
2.440635E+2	-1.787280E+4	5.506000E+0	3.887097E+16	1.860550E+17	6.927410E-6	0.000000E+0	7.639003E-7	5.594051E-5	0.000000E+0	0.000000E+0	0.000000E+0
2.392305E+2	-1.783327E+4	5.696000E+0	4.410889E+17	3.940187E-18	7.288763E-6	0.000000E+0	7.521015E-7	5.606488E-5	0.000000E+0	0.000000E+0	0.000000E+0
2.338896E+2	-1.778062E+4	5.886000E+0	-5.506723E-18	4.358505E+16	6.117974E-6	0.000000E+0	7.396768E-7	5.623128E-5	0.000000E+0	0.000000E+0	0.000000E+0
2.327324E+2	-1.772221E+4	6.076000E+0	-4.319920E+17	-4.172230E+17	8.011499E-6	0.000000E+0	7.408772E-7	5.641664E-5	0.000000E+0	0.000000E+0	0.000000E+0
2.420371E+2	-1.767186E+4	6.266000E+0	2.837111E-18	-1.599031E-19	1.194794E-5	0.000000E+0	7.748827E-7	5.657653E-5	0.000000E+0	0.000000E+0	0.000000E+0
2.266514E+2	-1.762612E+4	6.456000E+0	-1.696221E+17	-6.427781E-19	8.734292E-6	0.000000E+0	7.294124E-7	5.672460E-5	0.000000E+0	0.000000E+0	0.000000E+0
2.468633E+2	-1.759988E+4	6.646000E+0	-5.609192E+17	2.120590E-18	1.011707E-5	0.000000E+0	7.968043E-7	5.680739E-5	0.000000E+0	0.000000E+0	0.000000E+0
2.471465E+2	-1.755540E+4	6.835000E+0	-1.478444E+17	2.700612E+17	1.050610E-5	0.000000E+0	8.017647E-7	5.695124E-5	0.000000E+0	0.000000E+0	0.000000E+0
2.605020E+2	-1.752378E+4	7.025000E+0	-2.971689E+17	-4.901914E-18	1.035677E-5	0.000000E+0	8.481243E-7	5.705271E-5	0.000000E+0	0.000000E+0	0.000000E+0
2.446445E+2	-1.748134E+4	7.215000E+0	-4.717429E+17	-4.925467E+17	1.327175E-5	0.000000E+0	8.003887E-7	5.719265E-5	0.000000E+0	0.000000E+0	0.000000E+0
2.447109E+2	-1.741220E+4	7.405000E+0	-9.427576E-19	-9.422141E-19	1.261168E-5	0.000000E+0	8.069753E-7	5.741966E-5	0.000000E+0	0.000000E+0	0.000000E+0
2.456602E+2	-1.730904E+4	7.595000E+0	-3.096135E+17	4.406614E-18	1.348380E-5	0.000000E+0	8.197876E-7	5.776164E-5	0.000000E+0	0.000000E+0	0.000000E+0
2.479736E+2	-1.712743E+4	7.785000E+0	-4.715168E+17	-5.436513E+17	1.282370E-5	0.000000E+0	8.451426E-7	5.837364E-5	0.000000E+0	0.000000E+0	0.000000E+0
2.368018E+2	-1.678702E+4	7.975000E+0	-1.067025E+17	-4.510080E+17	1.369580E-5	0.000000E+0	8.401394E-7	5.955798E-5	0.000000E+0	0.000000E+0	0.000000E+0
2.359961E+2	-1.615494E+4	8.165000E+0	-3.021231E-18	1.453293E+17	1.456792E-5	0.000000E+0	9.040688E-7	6.188736E-5	0.000000E+0	0.000000E+0	0.000000E+0
2.362393E+2	-1.497933E+4	8.354000E+0	-3.194767E-18	5.558819E-18	1.189258E-5	0.000000E+0	1.052590E-6	6.674206E-5	0.000000E+0	0.000000E+0	0.000000E+0
2.239473E+2	-1.194871E+4	8.544000E+0	4.155990E+17	-1.823473E+17	1.531834E-5	0.000000E+0	1.568019E-6	8.366165E-5	0.000000E+0	0.000000E+0	0.000000E+0
2.232832E+2	-1.081439E+4	8.734000E+0	-4.316353E+17	4.857998E-18	1.414749E-5	0.000000E+0	1.908389E-6	9.242998E-5	0.000000E+0	0.000000E+0	0.000000E+0
2.394443E+2	-1.071064E+4	8.924000E+0	-3.851510E-18	-6.447272E-18	1.604104E-5	0.000000E+0	2.086203E-6	9.331846E-5	0.000000E+0	0.000000E+0	0.000000E+0
2.595371E+2	-1.060963E+4	9.114000E+0	4.766215E-20	4.558806E+17	1.333811E-5	0.000000E+0	2.304301E-6	9.419763E-5	0.000000E+0	0.000000E+0	0.000000E+0
2.697495E+2	-1.050511E+4	9.304000E+0	1.388541E-18	6.784133E-18	1.369952E-5	0.000000E+0	2.442717E-6	9.512904E-5	0.000000E+0	0.000000E+0	0.000000E+0
2.478662E+2	-1.040241E+4	9.494000E+0	4.752240E+17	-1.630679E-19	1.355016E-5	0.000000E+0	2.289301E-6	9.607702E-5	0.000000E+0	0.000000E+0	0.000000E+0
2.634639E+2	-1.030214E+4	9.684000E+0	-7.966684E-19	6.323277E-18	1.493294E-5	0.000000E+0	2.480746E-6	9.700377E-5	0.000000E+0	0.000000E+0	0.000000E+0
2.773022E+2	-1.020387E+4	9.873000E+0	-4.344318E+17	2.055147E+17	1.736486E-5	0.000000E+0	2.661355E-6	9.792971E-5	0.000000E+0	0.000000E+0	0.000000E+0
2.954282E+2	-1.010499E+4	1.006300E+1	-6.904437E-18	-8.375564E+16	1.517264E-5	0.000000E+0	2.890741E-6	9.887650E-5	0.000000E+0	0.000000E+0	0.000000E+0
3.424424E+2	-1.000738E+4	1.025300E+1	2.547940E-18	-3.572836E+16	1.502328E-5	0.000000E+0	3.415376E-6	9.980938E-5	0.000000E+0	0.000000E+0	0.000000E+0
3.825195E+2	-9.912375E+3	1.044300E+1	-1.554615E+17	1.089551E+17	1.538469E-5	0.000000E+0	3.887334E-6	1.007340E-4	0.000000E+0	0.000000E+0	0.000000E+0
4.448096E+2	-9.815080E+3	1.063300E+1	-5.196819E+17	1.790907E+17	1.727819E-5	0.000000E+0	4.607819E-6	1.016752E-4	0.000000E+0	0.000000E+0	0.000000E+0
5.189854E+2	-9.719547E+3	1.082300E+1	3.883601E+17	-5.707470E+17	1.712888E-5	0.000000E+0	5.478058E-6	1.025929E-4	0.000000E+0	0.000000E+0	0.000000E+0
6.614048E+2	-9.619340E+3	1.101300E+1	-2.820974E+17	-3.573572E+17	1.595810E-5	0.000000E+0	7.114239E-6	1.034681E-4	0.000000E+0	0.000000E+0	0.000000E+0
4.668623E+2	-9.363250E+3	1.120300E+1	7.433461E+16	-3.421240E+17	1.734094E-5	0.000000E+0	5.311989E-6	1.065357E-4	0.000000E+0	0.000000E+0	0.000000E+0
-1.133608E+3	-1.104737E+3	1.139200E+1	5.229813E-18	-4.922483E+17	1.337799E-1	0.000000E+0	-4.524458E-4	4.409228E-4	0.000000E+0	0.000000E+0	0.000000E+0
4.660156E+0	1.693373E+0	1.158200E+1	5.364476E+17	-2.872230E+17	1.256302E-1	0.000000E+0	1.895562E-1	-6.887952E-2	0.000000E+0	0.000000E+0	0.000000E+0
4.763740E+0	1.714038E+0	1.177200E+1	-1.432962E-18	1.659667E-18	1.253047E-1	0.000000E+0	1.858575E-1	-6.687325E-2	0.000000E+0	0.000000E+0	0.000000E+0
4.543088E+0	1.897165E+0	1.196200E+1	9.169370E+16	2.296609E-18	1.252203E-1	0.000000E+0	1.874298E-1	-7.826949E-2	0.000000E+0	0.000000E+0	0.000000E+0
4.516207E+0	1.798979E+0	1.215200E+1	4.020179E+17	1.945249E+17	1.252401E-1	0.000000E+0	1.911019E-1	-7.612325E-2	0.000000E+0	0.000000E+0	0.000000E+0
4.583567E+0	1.863629E+0	1.234200E+1	1.297458E-18	4.035830E-18	1.251802E-1	0.000000E+0	1.872204E-1	-7.612180E-2	0.000000E+0	0.000000E+0	0.000000E+0
4.570827E+0	1.867014E+0	1.253200E+1	-2.680827E+17	-5.492346E+17	1.250804E-1	0.000000E+0	1.874965E-1	-7.658539E-2	0.000000E+0	0.000000E+0	0.000000E+0
4.445932E+0	1.641038E+0	1.272200E+1	5.241939E+17	-4.156391E-18	1.250021E-1	0.000000E+0	1.979549E-1	-7.306714E-2	0.000000E+0	0.000000E+0	0.000000E+0
5.445893E+0	2.238405E+0	1.291100E+1	2.579781E+17	4.569569E-19	1.250848E-1	0.000000E+0	1.570861E-1	-6.456651E-2	0.000000E+0	0.000000E+0	0.000000E+0
5.012362E+0	2.185931E+0	1.310100E+1	2.915631E-18	4.874939E+16	1.249835E-1	0.000000E+0	1.676259E-1	-7.310301E-2	0.000000E+0	0.000000E+0	0.000000E+0
5.625726E+0	1.395189E+0	1.329100E+1	-1.980651E+17	1.958093E+16	1.251508E-1	0.000000E+0	1.674555E-1	-4.152924E-2	0.000000E+0	0.000000E+0	0.000000E+0
5.543141E+0	1.291154E+0	1.348100E+1	-2.714796E-18	3.559669E+13	1.250644E-1	0.000000E+0	1.711190E-1	-3.985844E-2	0.000000E+0	0.000000E+0	0.000000E+0
5.232632E+0	1.566988E+0	1.367100E+1	5.785012E-19	5.234687E+17	1.250407E-1	0.000000E+0	1.753805E-1	-5.252024E-2	0.000000E+0	0.000000E+0	0.000000E+0
5.715194E+0	1.589891E+0	1.386100E+1	-2.375065E+17	1.295985E-19	1.250585E-1	0.000000E+0	1.624041E-1	-4.517866E-2	0.000000E+0	0.000000E+0	0.000000E+0
5.787676E+0	1.552284E+0	1.405100E+1	-5.351627E-18	2.391872E+17	1.250583E-1	0.000000E+0	1.611862E-1	-4.323095E-2	0.000000E+0	0.000000E+0	0.000000E+0
5.812990E+0	1.599075E+0	1.424100E+1	2.587907E+17	2.524315E-18	1.249448E-1	0.000000E+0	1.599265E-1	-4.399361E-2	0.000000E+0	0.000000E+0	0.000000E+0
6.262375E+0	1.307328E+0	1.443000E+1	-3.127958E+17	-9.739274E-19	1.249702E-1	0.000000E+0	1.530154E-1	-3.194335E-2	0.000000E+0	0.000000E+0	0.000000E+0
6.078712E+0	1.404737E+0	1.462000E+1	6.653737E-18	-4.395315E+17	1.250063E-1	0.000000E+0	1.561686E-1	-3.608920E-2	0.000000E+0	0.000000E+0	0.000000E+0
5.372900E+0	1.733668E+0	1.481000E+1	-1.137863E-18	-4.190346E+17	1.250266E-1	0.000000E+0	1.685687E-1	-5.439187E-2	0.000000E+0	0.000000E+0	0.000000E+0
6.377771E+0	1.473492E+0	1.500000E+1	-9.275714E-19	-3.780149E-18	1.249049E-1	0.000000E+0	1.488494E-1	-3.438951E-2	0.000000E+0	0.000000E+0	0.000000E+0
