Real / Ohm	Ximag / Ohm	V_DC / V	I_a c / A	V_ac / V	I_DC / A
1.488110E+2	-7.969683E+3	1.000000E-1	-9.275714E-19	-3.780149E-18	-3.010396E-7	1.000000E+6	2.342079E-6	1.254318E-4	0.000000E+0	0.000000E+0	0.000000E+0
1.524048E+2	-8.066898E+3	6.700000E-2	-1.137863E-18	-4.190346E+17	6.119481E-7	0.000000E+0	2.341157E-6	1.239192E-4	0.000000E+0	0.000000E+0	0.000000E+0
1.722407E+2	-8.150805E+3	3.400000E-2	6.653737E-18	-4.395315E+17	1.524935E-6	0.000000E+0	2.591438E-6	1.226325E-4	0.000000E+0	0.000000E+0	0.000000E+0
1.185752E+2	-8.242332E+3	1.000000E-3	-3.127958E+17	-9.739274E-19	1.416495E-6	0.000000E+0	1.745034E-6	1.212998E-4	0.000000E+0	0.000000E+0	0.000000E+0
2.084155E+2	-8.334670E+3	-3.200000E-2	2.587907E+17	2.524315E-18	2.329482E-6	0.000000E+0	2.998346E-6	1.199058E-4	0.000000E+0	0.000000E+0	0.000000E+0
1.996982E+2	-8.425629E+3	-6.500000E-2	-5.351627E-18	2.391872E+17	1.780982E-7	0.000000E+0	2.811419E-6	1.186189E-4	0.000000E+0	0.000000E+0	0.000000E+0
2.085601E+2	-8.510879E+3	-9.700000E-2	-2.375065E+17	1.295985E-19	1.063420E-6	0.000000E+0	2.877542E-6	1.174262E-4	0.000000E+0	0.000000E+0	0.000000E+0
2.039116E+2	-8.614969E+3	-1.300000E-1	5.785012E-19	5.234687E+17	5.040778E-6	0.000000E+0	2.745941E-6	1.160120E-4	0.000000E+0	0.000000E+0	0.000000E+0
2.003848E+2	-8.718398E+3	-1.630000E-1	-2.714796E-18	3.559669E+13	-6.856617E-7	0.000000E+0	2.634887E-6	1.146394E-4	0.000000E+0	0.000000E+0	0.000000E+0
1.998770E+2	-8.820098E+3	-1.960000E-1	-1.980651E+17	1.958093E+16	7.380395E-7	0.000000E+0	2.567988E-6	1.133192E-4	0.000000E+0	0.000000E+0	0.000000E+0
1.715264E+2	-8.934543E+3	-2.290000E-1	2.915631E-18	4.874939E+16	2.672485E-6	0.000000E+0	2.147960E-6	1.118839E-4	0.000000E+0	0.000000E+0	0.000000E+0
2.062759E+2	-9.058918E+3	-2.620000E-1	2.579781E+17	4.569569E-19	2.564013E-6	0.000000E+0	2.512295E-6	1.103313E-4	0.000000E+0	0.000000E+0	0.000000E+0
2.249048E+2	-9.186262E+3	-2.950000E-1	5.241939E+17	-4.156391E-18	2.966286E-6	0.000000E+0	2.663550E-6	1.087930E-4	0.000000E+0	0.000000E+0	0.000000E+0
2.263159E+2	-9.317410E+3	-3.280000E-1	-2.680827E+17	-5.492346E+17	1.836390E-6	0.000000E+0	2.605365E-6	1.072627E-4	0.000000E+0	0.000000E+0	0.000000E+0
2.357422E+2	-9.458141E+3	-3.610000E-1	1.297458E-18	4.035830E-18	2.238636E-6	0.000000E+0	2.633638E-6	1.056634E-4	0.000000E+0	0.000000E+0	0.000000E+0
3.349658E+2	-9.607359E+3	-3.940000E-1	4.020179E+17	1.945249E+17	2.640909E-6	0.000000E+0	3.624639E-6	1.039605E-4	0.000000E+0	0.000000E+0	0.000000E+0
3.598398E+2	-9.772627E+3	-4.270000E-1	9.169370E+16	2.296609E-18	2.021725E-6	0.000000E+0	3.762687E-6	1.021881E-4	0.000000E+0	0.000000E+0	0.000000E+0
3.469038E+2	-9.959422E+3	-4.590000E-1	-1.432962E-18	1.659667E-18	3.417759E-6	0.000000E+0	3.493126E-6	1.002858E-4	0.000000E+0	0.000000E+0	0.000000E+0
3.893574E+2	-1.015955E+4	-4.920000E-1	5.364476E+17	-2.872230E+17	7.556919E-7	0.000000E+0	3.766709E-6	9.828520E-5	0.000000E+0	0.000000E+0	0.000000E+0
4.360337E+2	-1.035894E+4	-5.250000E-1	5.229813E-18	-4.922483E+17	2.179393E-6	0.000000E+0	4.056212E-6	9.636424E-5	0.000000E+0	0.000000E+0	0.000000E+0
4.048496E+2	-1.059772E+4	-5.580000E-1	7.433461E+16	-3.421240E+17	-4.827052E-7	0.000000E+0	3.599445E-6	9.422241E-5	0.000000E+0	0.000000E+0	0.000000E+0
4.533750E+2	-1.086670E+4	-5.910000E-1	-2.820974E+17	-3.573572E+17	9.410251E-7	0.000000E+0	3.832718E-6	9.186435E-5	0.000000E+0	0.000000E+0	0.000000E+0
5.477393E+2	-1.116378E+4	-6.240000E-1	3.883601E+17	-5.707470E+17	1.343269E-6	0.000000E+0	4.384370E-6	8.936028E-5	0.000000E+0	0.000000E+0	0.000000E+0
6.038848E+2	-1.149104E+4	-6.570000E-1	-5.196819E+17	1.790907E+17	1.234828E-6	0.000000E+0	4.560765E-6	8.678464E-5	0.000000E+0	0.000000E+0	0.000000E+0
6.313340E+2	-1.188968E+4	-6.900000E-1	-1.554615E+17	1.089551E+17	3.679987E-6	0.000000E+0	4.453445E-6	8.387008E-5	0.000000E+0	0.000000E+0	0.000000E+0
7.499834E+2	-1.232523E+4	-7.230000E-1	2.547940E-18	-3.572836E+16	3.060803E-6	0.000000E+0	4.918770E-6	8.083508E-5	0.000000E+0	0.000000E+0	0.000000E+0
8.789492E+2	-1.279719E+4	-7.560000E-1	-6.904437E-18	-8.375564E+16	9.094474E-7	0.000000E+0	5.341837E-6	7.777526E-5	0.000000E+0	0.000000E+0	0.000000E+0
9.960283E+2	-1.335261E+4	-7.890000E-1	-4.344318E+17	2.055147E+17	2.902634E-7	0.000000E+0	5.555581E-6	7.447731E-5	0.000000E+0	0.000000E+0	0.000000E+0
1.096677E+3	-1.401259E+4	-8.220000E-1	-7.966684E-19	6.323277E-18	3.246139E-6	0.000000E+0	5.551238E-6	7.092993E-5	0.000000E+0	0.000000E+0	0.000000E+0
1.255599E+3	-1.471623E+4	-8.540000E-1	4.752240E+17	-1.630679E-19	4.566027E-8	0.000000E+0	5.755828E-6	6.746109E-5	0.000000E+0	0.000000E+0	0.000000E+0
1.447155E+3	-1.550521E+4	-8.870000E-1	1.388541E-18	6.784133E-18	9.586474E-7	0.000000E+0	5.967507E-6	6.393748E-5	0.000000E+0	0.000000E+0	0.000000E+0
1.557739E+3	-1.645325E+4	-9.200000E-1	4.766215E-20	4.558806E+17	3.394634E-7	0.000000E+0	5.703163E-6	6.023831E-5	0.000000E+0	0.000000E+0	0.000000E+0
1.794876E+3	-1.755752E+4	-9.530000E-1	-3.851510E-18	-6.447272E-18	3.806079E-6	0.000000E+0	5.762262E-6	5.636659E-5	0.000000E+0	0.000000E+0	0.000000E+0
2.094796E+3	-1.887588E+4	-9.860000E-1	-4.316353E+17	4.857998E-18	1.143981E-6	0.000000E+0	5.807794E-6	5.233313E-5	0.000000E+0	0.000000E+0	0.000000E+0
2.481302E+3	-2.042296E+4	-1.019000E+0	4.155990E+17	-1.823473E+17	2.567715E-6	0.000000E+0	5.862440E-6	4.825224E-5	0.000000E+0	0.000000E+0	0.000000E+0
2.884479E+3	-2.228990E+4	-1.052000E+0	-3.194767E-18	5.558819E-18	2.459245E-6	0.000000E+0	5.710032E-6	4.412445E-5	0.000000E+0	0.000000E+0	0.000000E+0
3.451555E+3	-2.449441E+4	-1.085000E+0	-3.021231E-18	1.453293E+17	-1.224282E-6	0.000000E+0	5.640816E-6	4.003078E-5	0.000000E+0	0.000000E+0	0.000000E+0
4.039539E+3	-2.688932E+4	-1.118000E+0	-1.067025E+17	-4.510080E+17	2.242334E-6	0.000000E+0	5.463610E-6	3.636870E-5	0.000000E+0	0.000000E+0	0.000000E+0
4.668676E+3	-2.973785E+4	-1.151000E+0	-4.715168E+17	-5.436513E+17	-4.197645E-7	0.000000E+0	5.152289E-6	3.281830E-5	0.000000E+0	0.000000E+0	0.000000E+0
5.133268E+3	-3.256113E+4	-1.184000E+0	-3.096135E+17	4.406614E-18	5.089736E-6	0.000000E+0	4.724253E-6	2.996669E-5	0.000000E+0	0.000000E+0	0.000000E+0
5.548809E+3	-3.546950E+4	-1.216000E+0	-9.427576E-19	-9.422141E-19	2.399996E-6	0.000000E+0	4.305158E-6	2.751974E-5	0.000000E+0	0.000000E+0	0.000000E+0
5.703125E+3	-3.819727E+4	-1.249000E+0	-4.717429E+17	-4.925467E+17	1.780783E-6	0.000000E+0	3.823605E-6	2.560899E-5	0.000000E+0	0.000000E+0	0.000000E+0
5.611186E+3	-4.078737E+4	-1.282000E+0	-2.971689E+17	-4.901914E-18	2.183056E-6	0.000000E+0	3.310249E-6	2.406200E-5	0.000000E+0	0.000000E+0	0.000000E+0
5.244352E+3	-4.318755E+4	-1.315000E+0	-1.478444E+17	2.700612E+17	1.053137E-6	0.000000E+0	2.770878E-6	2.281835E-5	0.000000E+0	0.000000E+0	0.000000E+0
4.839902E+3	-4.514613E+4	-1.348000E+0	-5.609192E+17	2.120590E-18	9.446958E-7	0.000000E+0	2.347646E-6	2.189861E-5	0.000000E+0	0.000000E+0	0.000000E+0
4.260391E+3	-4.672616E+4	-1.381000E+0	-1.696221E+17	-6.427781E-19	-1.206659E-6	0.000000E+0	1.935235E-6	2.122484E-5	0.000000E+0	0.000000E+0	0.000000E+0
3.706086E+3	-4.822479E+4	-1.414000E+0	2.837111E-18	-1.599031E-19	1.238470E-6	0.000000E+0	1.584227E-6	2.061447E-5	0.000000E+0	0.000000E+0	0.000000E+0
3.189035E+3	-4.955742E+4	-1.447000E+0	-4.319920E+17	-4.172230E+17	1.085427E-7	0.000000E+0	1.293145E-6	2.009540E-5	0.000000E+0	0.000000E+0	0.000000E+0
2.743332E+3	-5.047995E+4	-1.480000E+0	-5.506723E-18	4.358505E+16	2.553730E-6	0.000000E+0	1.073396E-6	1.975151E-5	0.000000E+0	0.000000E+0	0.000000E+0
2.313648E+3	-5.150753E+4	-1.513000E+0	4.410889E+17	3.940187E-18	-1.083390E-7	0.000000E+0	8.703230E-7	1.937554E-5	0.000000E+0	0.000000E+0	0.000000E+0
1.956344E+3	-5.236271E+4	-1.546000E+0	3.887097E+16	1.860550E+17	1.315362E-6	0.000000E+0	7.125169E-7	1.907094E-5	0.000000E+0	0.000000E+0	0.000000E+0
1.757270E+3	-5.336415E+4	-1.578000E+0	-4.775830E-18	6.132215E-18	4.243593E-6	0.000000E+0	6.164085E-7	1.871887E-5	0.000000E+0	0.000000E+0	0.000000E+0
1.502707E+3	-5.392997E+4	-1.611000E+0	-1.773302E-18	1.902529E-18	5.600377E-7	0.000000E+0	5.162700E-7	1.852818E-5	0.000000E+0	0.000000E+0	0.000000E+0
1.277871E+3	-5.477189E+4	-1.644000E+0	-7.520591E+15	-3.386204E-18	-5.916809E-8	0.000000E+0	4.257310E-7	1.824761E-5	0.000000E+0	0.000000E+0	0.000000E+0
1.082379E+3	-5.568696E+4	-1.677000E+0	2.088264E+17	-2.556168E+17	1.875305E-6	0.000000E+0	3.489059E-7	1.795074E-5	0.000000E+0	0.000000E+0	0.000000E+0
9.497930E+2	-5.634307E+4	-1.710000E+0	5.232688E+17	-4.633991E+17	1.256092E-6	0.000000E+0	2.991056E-7	1.774337E-5	0.000000E+0	0.000000E+0	0.000000E+0
8.851719E+2	-5.683338E+4	-1.743000E+0	-1.291944E-18	-5.342346E-18	-8.952629E-7	0.000000E+0	2.739778E-7	1.759103E-5	0.000000E+0	0.000000E+0	0.000000E+0
7.176328E+2	-5.750742E+4	-1.776000E+0	-5.203440E-18	3.830367E-18	1.039210E-6	0.000000E+0	2.169636E-7	1.738635E-5	0.000000E+0	0.000000E+0	0.000000E+0
7.660313E+2	-5.822298E+4	-1.809000E+0	2.472319E-19	-1.518024E+17	2.973626E-6	0.000000E+0	2.259345E-7	1.717238E-5	0.000000E+0	0.000000E+0	0.000000E+0
7.148711E+2	-5.878065E+4	-1.842000E+0	1.311717E+15	5.157902E-18	1.843699E-6	0.000000E+0	2.068687E-7	1.700989E-5	0.000000E+0	0.000000E+0	0.000000E+0
6.485508E+2	-5.938740E+4	-1.875000E+0	-1.016338E-18	-5.687810E-18	4.799600E-6	0.000000E+0	1.838669E-7	1.683658E-5	0.000000E+0	0.000000E+0	0.000000E+0
5.898594E+2	-5.977065E+4	-1.908000E+0	-6.256276E-18	1.399337E+17	6.053306E-7	0.000000E+0	1.650936E-7	1.672899E-5	0.000000E+0	0.000000E+0	0.000000E+0
5.177188E+2	-6.043404E+4	-1.941000E+0	2.698511E+17	2.405250E+17	4.071946E-6	0.000000E+0	1.417421E-7	1.654575E-5	0.000000E+0	0.000000E+0	0.000000E+0
5.585273E+2	-6.060322E+4	-1.973000E+0	-3.870894E-18	-2.240669E+17	4.957270E-6	0.000000E+0	1.520604E-7	1.649937E-5	0.000000E+0	0.000000E+0	0.000000E+0
5.248867E+2	-6.126994E+4	-2.006000E+0	8.610784E+16	1.699868E-17	2.522866E-7	0.000000E+0	1.398102E-7	1.632002E-5	0.000000E+0	0.000000E+0	0.000000E+0
4.403555E+2	-6.173212E+4	-2.039000E+0	2.127762E-18	3.273865E+15	1.165274E-6	0.000000E+0	1.155471E-7	1.619820E-5	0.000000E+0	0.000000E+0	0.000000E+0
4.469336E+2	-6.216170E+4	-2.072000E+0	8.036571E+16	-4.936752E+17	4.121175E-6	0.000000E+0	1.156578E-7	1.608624E-5	0.000000E+0	0.000000E+0	0.000000E+0
4.171445E+2	-6.245280E+4	-2.105000E+0	-6.504745E+16	2.369913E+17	3.501962E-6	0.000000E+0	1.069457E-7	1.601138E-5	0.000000E+0	0.000000E+0	0.000000E+0
4.159922E+2	-6.286742E+4	-2.138000E+0	5.942414E-18	5.135457E+17	1.350607E-6	0.000000E+0	1.052483E-7	1.590579E-5	0.000000E+0	0.000000E+0	0.000000E+0
4.425195E+2	-6.324048E+4	-2.171000E+0	-5.521899E-18	3.493290E-18	4.817222E-6	0.000000E+0	1.106422E-7	1.581188E-5	0.000000E+0	0.000000E+0	0.000000E+0
4.816055E+2	-6.316248E+4	-2.204000E+0	2.907620E+17	-1.496570E-18	2.155153E-6	0.000000E+0	1.207113E-7	1.583126E-5	0.000000E+0	0.000000E+0	0.000000E+0
4.331836E+2	-6.365321E+4	-2.237000E+0	-2.654747E-18	4.664409E-18	1.535940E-6	0.000000E+0	1.069083E-7	1.570940E-5	0.000000E+0	0.000000E+0	0.000000E+0
4.253984E+2	-6.404558E+4	-2.270000E+0	6.234127E-18	-3.929323E-18	2.448927E-6	0.000000E+0	1.037047E-7	1.561319E-5	0.000000E+0	0.000000E+0	0.000000E+0
4.898164E+2	-6.429668E+4	-2.303000E+0	8.250878E-19	2.832976E+17	2.851200E-6	0.000000E+0	1.184762E-7	1.555200E-5	0.000000E+0	0.000000E+0	0.000000E+0
4.176367E+2	-6.447194E+4	-2.335000E+0	4.508571E+17	-2.686618E+17	3.736524E-6	0.000000E+0	1.004706E-7	1.550997E-5	0.000000E+0	0.000000E+0	0.000000E+0
3.606641E+2	-6.508175E+4	-2.368000E+0	2.517955E+17	3.793714E+16	5.296897E-8	0.000000E+0	8.514735E-8	1.536482E-5	0.000000E+0	0.000000E+0	0.000000E+0
2.495664E+2	-6.556347E+4	-2.401000E+0	-6.627993E-18	5.176251E+17	2.498156E-6	0.000000E+0	5.805718E-8	1.525217E-5	0.000000E+0	0.000000E+0	0.000000E+0
2.926016E+2	-6.585738E+4	-2.434000E+0	-5.704680E+17	1.371951E+17	3.921858E-6	0.000000E+0	6.746200E-8	1.518403E-5	0.000000E+0	0.000000E+0	0.000000E+0
3.115664E+2	-6.571850E+4	-2.467000E+0	-1.853759E+17	6.906363E-18	5.856331E-6	0.000000E+0	7.213824E-8	1.521607E-5	0.000000E+0	0.000000E+0	0.000000E+0
2.396445E+2	-6.642728E+4	-2.500000E+0	-3.567381E+17	-5.153844E-18	1.151348E-6	0.000000E+0	5.430863E-8	1.505386E-5	0.000000E+0	0.000000E+0	0.000000E+0
