Real / Ohm	Ximag / Ohm	V_DC / V	I_a c / A	V_ac / V	I_DC / A
1.113623E+2	-7.127826E+3	3.000000E-1	-9.275714E-19	-3.780149E-18	2.848015E-6	1.000000E+6	2.191382E-6	1.402610E-4	0.000000E+0	0.000000E+0	0.000000E+0
1.001489E+2	-7.200031E+3	2.650000E-1	-1.137863E-18	-4.190346E+17	2.284165E-6	0.000000E+0	1.931494E-6	1.388614E-4	0.000000E+0	0.000000E+0	0.000000E+0
1.069556E+2	-7.274510E+3	2.290000E-1	6.653737E-18	-4.395315E+17	-2.949055E-7	0.000000E+0	2.020702E-6	1.374366E-4	0.000000E+0	0.000000E+0	0.000000E+0
1.111348E+2	-7.348578E+3	1.940000E-1	-3.127958E+17	-9.739274E-19	3.227042E-6	0.000000E+0	2.057520E-6	1.360496E-4	0.000000E+0	0.000000E+0	0.000000E+0
1.057241E+2	-7.428238E+3	1.580000E-1	2.587907E+17	2.524315E-18	-3.735131E-7	0.000000E+0	1.915642E-6	1.345942E-4	0.000000E+0	0.000000E+0	0.000000E+0
1.076191E+2	-7.510012E+3	1.230000E-1	-5.351627E-18	2.391872E+17	-9.373643E-7	0.000000E+0	1.907739E-6	1.331282E-4	0.000000E+0	0.000000E+0	0.000000E+0
1.017568E+2	-7.598111E+3	8.700000E-2	-2.375065E+17	1.295985E-19	5.693655E-7	0.000000E+0	1.762277E-6	1.315881E-4	0.000000E+0	0.000000E+0	0.000000E+0
1.023354E+2	-7.687042E+3	5.200000E-2	5.785012E-19	5.234687E+17	-2.548114E-6	0.000000E+0	1.731532E-6	1.300660E-4	0.000000E+0	0.000000E+0	0.000000E+0
1.044888E+2	-7.780563E+3	1.600000E-2	-2.714796E-18	3.559669E+13	4.907575E-7	0.000000E+0	1.725716E-6	1.285022E-4	0.000000E+0	0.000000E+0	0.000000E+0
1.076387E+2	-7.876278E+3	-1.900000E-2	-1.980651E+17	1.958093E+16	-7.309370E-8	0.000000E+0	1.734783E-6	1.269398E-4	0.000000E+0	0.000000E+0	0.000000E+0
1.238838E+2	-7.972633E+3	-5.400000E-2	2.915631E-18	4.874939E+16	1.405940E-6	0.000000E+0	1.948526E-6	1.253988E-4	0.000000E+0	0.000000E+0	0.000000E+0
1.275679E+2	-8.074680E+3	-9.000000E-2	2.579781E+17	4.569569E-19	3.423384E-6	0.000000E+0	1.956061E-6	1.238130E-4	0.000000E+0	0.000000E+0	0.000000E+0
1.257974E+2	-8.178349E+3	-1.250000E-1	5.241939E+17	-4.156391E-18	2.348818E-6	0.000000E+0	1.880345E-6	1.222451E-4	0.000000E+0	0.000000E+0	0.000000E+0
1.365220E+2	-8.289902E+3	-1.610000E-1	-2.680827E+17	-5.492346E+17	2.804627E-7	0.000000E+0	1.986031E-6	1.205960E-4	0.000000E+0	0.000000E+0	0.000000E+0
1.462524E+2	-8.405227E+3	-1.960000E-1	1.297458E-18	4.035830E-18	2.270211E-6	0.000000E+0	2.069534E-6	1.189376E-4	0.000000E+0	0.000000E+0	0.000000E+0
1.519912E+2	-8.532680E+3	-2.320000E-1	4.020179E+17	1.945249E+17	1.734026E-6	0.000000E+0	2.086939E-6	1.171593E-4	0.000000E+0	0.000000E+0	0.000000E+0
1.632314E+2	-8.663199E+3	-2.670000E-1	9.169370E+16	2.296609E-18	2.702345E-6	0.000000E+0	2.174167E-6	1.153898E-4	0.000000E+0	0.000000E+0	0.000000E+0
1.805103E+2	-8.807578E+3	-3.030000E-1	-1.432962E-18	1.659667E-18	3.187617E-6	0.000000E+0	2.325983E-6	1.134909E-4	0.000000E+0	0.000000E+0	0.000000E+0
1.901787E+2	-8.957531E+3	-3.380000E-1	5.364476E+17	-2.872230E+17	7.013841E-8	0.000000E+0	2.369133E-6	1.115876E-4	0.000000E+0	0.000000E+0	0.000000E+0
2.065625E+2	-9.120482E+3	-3.730000E-1	5.229813E-18	-4.922483E+17	2.059916E-6	0.000000E+0	2.481951E-6	1.095871E-4	0.000000E+0	0.000000E+0	0.000000E+0
2.294478E+2	-9.303973E+3	-4.090000E-1	7.433461E+16	-3.421240E+17	1.523731E-6	0.000000E+0	2.649006E-6	1.074156E-4	0.000000E+0	0.000000E+0	0.000000E+0
2.496401E+2	-9.496180E+3	-4.440000E-1	-2.820974E+17	-3.573572E+17	1.470595E-6	0.000000E+0	2.766409E-6	1.052328E-4	0.000000E+0	0.000000E+0	0.000000E+0
2.811177E+2	-9.716566E+3	-4.800000E-1	3.883601E+17	-5.707470E+17	1.445123E-6	0.000000E+0	2.975084E-6	1.028309E-4	0.000000E+0	0.000000E+0	0.000000E+0
3.117886E+2	-9.953705E+3	-5.150000E-1	-5.196819E+17	1.790907E+17	3.705572E-7	0.000000E+0	3.143872E-6	1.003666E-4	0.000000E+0	0.000000E+0	0.000000E+0
3.686860E+2	-1.023162E+4	-5.510000E-1	-1.554615E+17	1.089551E+17	3.409430E-6	0.000000E+0	3.517259E-6	9.760949E-5	0.000000E+0	0.000000E+0	0.000000E+0
4.015518E+2	-1.053594E+4	-5.860000E-1	2.547940E-18	-3.572836E+16	3.867033E-6	0.000000E+0	3.612140E-6	9.477555E-5	0.000000E+0	0.000000E+0	0.000000E+0
4.589922E+2	-1.089803E+4	-6.220000E-1	-6.904437E-18	-8.375564E+16	7.772214E-7	0.000000E+0	3.857799E-6	9.159722E-5	0.000000E+0	0.000000E+0	0.000000E+0
5.137754E+2	-1.129813E+4	-6.570000E-1	-4.344318E+17	2.055147E+17	1.234828E-6	0.000000E+0	4.016641E-6	8.832757E-5	0.000000E+0	0.000000E+0	0.000000E+0
5.906416E+2	-1.175468E+4	-6.920000E-1	-7.966684E-19	6.323277E-18	3.224573E-6	0.000000E+0	4.263903E-6	8.485825E-5	0.000000E+0	0.000000E+0	0.000000E+0
6.685088E+2	-1.229869E+4	-7.280000E-1	4.752240E+17	-1.630679E-19	-1.397380E-6	0.000000E+0	4.406646E-6	8.106994E-5	0.000000E+0	0.000000E+0	0.000000E+0
7.711729E+2	-1.289825E+4	-7.630000E-1	1.388541E-18	6.784133E-18	-1.961256E-6	0.000000E+0	4.618920E-6	7.725374E-5	0.000000E+0	0.000000E+0	0.000000E+0
8.935127E+2	-1.361019E+4	-7.990000E-1	4.766215E-20	4.558806E+17	2.609813E-6	0.000000E+0	4.802912E-6	7.315905E-5	0.000000E+0	0.000000E+0	0.000000E+0
1.026391E+3	-1.440586E+4	-8.340000E-1	-3.851510E-18	-6.447272E-18	4.599591E-6	0.000000E+0	4.920797E-6	6.906560E-5	0.000000E+0	0.000000E+0	0.000000E+0
1.214281E+3	-1.538749E+4	-8.700000E-1	-4.316353E+17	4.857998E-18	2.020493E-6	0.000000E+0	5.096682E-6	6.458566E-5	0.000000E+0	0.000000E+0	0.000000E+0
1.411059E+3	-1.654054E+4	-9.050000E-1	4.155990E+17	-1.823473E+17	1.456639E-6	0.000000E+0	5.120314E-6	6.002071E-5	0.000000E+0	0.000000E+0	0.000000E+0
1.692353E+3	-1.802616E+4	-9.410000E-1	-3.194767E-18	5.558819E-18	9.204559E-7	0.000000E+0	5.162658E-6	5.499025E-5	0.000000E+0	0.000000E+0	0.000000E+0
2.034371E+3	-1.984240E+4	-9.760000E-1	-3.021231E-18	1.453293E+17	-1.541084E-7	0.000000E+0	5.113290E-6	4.987288E-5	0.000000E+0	0.000000E+0	0.000000E+0
2.484574E+3	-2.212678E+4	-1.011000E+0	-1.067025E+17	-4.510080E+17	2.857094E-6	0.000000E+0	5.011571E-6	4.463136E-5	0.000000E+0	0.000000E+0	0.000000E+0
3.035654E+3	-2.500449E+4	-1.047000E+0	-4.715168E+17	-5.436513E+17	1.299450E-6	0.000000E+0	4.784779E-6	3.941192E-5	0.000000E+0	0.000000E+0	0.000000E+0
3.625227E+3	-2.824932E+4	-1.082000E+0	-3.096135E+17	4.406614E-18	2.267770E-6	0.000000E+0	4.469154E-6	3.482556E-5	0.000000E+0	0.000000E+0	0.000000E+0
4.156330E+3	-3.185258E+4	-1.118000E+0	-9.427576E-19	-9.422141E-19	3.263762E-6	0.000000E+0	4.027990E-6	3.086903E-5	0.000000E+0	0.000000E+0	0.000000E+0
4.570928E+3	-3.548368E+4	-1.153000E+0	-4.717429E+17	-4.925467E+17	-3.644382E-7	0.000000E+0	3.571080E-6	2.772195E-5	0.000000E+0	0.000000E+0	0.000000E+0
4.666951E+3	-3.896582E+4	-1.189000E+0	-2.971689E+17	-4.901914E-18	1.142267E-6	0.000000E+0	3.030260E-6	2.530058E-5	0.000000E+0	0.000000E+0	0.000000E+0
4.456357E+3	-4.187595E+4	-1.224000E+0	-1.478444E+17	2.700612E+17	2.621331E-6	0.000000E+0	2.512812E-6	2.361265E-5	0.000000E+0	0.000000E+0	0.000000E+0
3.996176E+3	-4.431727E+4	-1.259000E+0	-5.609192E+17	2.120590E-18	2.568187E-6	0.000000E+0	2.018281E-6	2.238257E-5	0.000000E+0	0.000000E+0	0.000000E+0
3.374945E+3	-4.630445E+4	-1.295000E+0	-1.696221E+17	-6.427781E-19	1.521228E-6	0.000000E+0	1.565742E-6	2.148208E-5	0.000000E+0	0.000000E+0	0.000000E+0
2.788434E+3	-4.787787E+4	-1.330000E+0	2.837111E-18	-1.599031E-19	2.489556E-6	0.000000E+0	1.212328E-6	2.081587E-5	0.000000E+0	0.000000E+0	0.000000E+0
2.215703E+3	-4.924967E+4	-1.366000E+0	-4.319920E+17	-4.172230E+17	1.953398E-6	0.000000E+0	9.116471E-7	2.026369E-5	0.000000E+0	0.000000E+0	0.000000E+0
1.776617E+3	-5.040619E+4	-1.401000E+0	-5.506723E-18	4.358505E+16	3.680907E-7	0.000000E+0	6.983721E-7	1.981422E-5	0.000000E+0	0.000000E+0	0.000000E+0
1.411418E+3	-5.151825E+4	-1.437000E+0	4.410889E+17	3.940187E-18	4.428424E-6	0.000000E+0	5.313829E-7	1.939604E-5	0.000000E+0	0.000000E+0	0.000000E+0
1.138520E+3	-5.253914E+4	-1.472000E+0	3.887097E+16	1.860550E+17	8.001953E-7	0.000000E+0	4.122597E-7	1.902450E-5	0.000000E+0	0.000000E+0	0.000000E+0
9.416211E+2	-5.349128E+4	-1.508000E+0	-4.775830E-18	6.132215E-18	3.839094E-6	0.000000E+0	3.289847E-7	1.868884E-5	0.000000E+0	0.000000E+0	0.000000E+0
7.898125E+2	-5.445016E+4	-1.543000E+0	-1.773302E-18	1.902529E-18	2.108791E-7	0.000000E+0	2.663387E-7	1.836156E-5	0.000000E+0	0.000000E+0	0.000000E+0
6.955391E+2	-5.535980E+4	-1.578000E+0	-7.520591E+15	-3.386204E-18	1.689965E-6	0.000000E+0	2.269154E-7	1.806080E-5	0.000000E+0	0.000000E+0	0.000000E+0
5.987617E+2	-5.625403E+4	-1.614000E+0	2.088264E+17	-2.556168E+17	3.707377E-6	0.000000E+0	1.891897E-7	1.777449E-5	0.000000E+0	0.000000E+0	0.000000E+0
5.921602E+2	-5.711205E+4	-1.649000E+0	5.232688E+17	-4.633991E+17	1.611363E-6	0.000000E+0	1.815252E-7	1.750756E-5	0.000000E+0	0.000000E+0	0.000000E+0
5.302187E+2	-5.789972E+4	-1.685000E+0	-1.291944E-18	-5.342346E-18	5.644324E-7	0.000000E+0	1.581487E-7	1.726979E-5	0.000000E+0	0.000000E+0	0.000000E+0
5.269375E+2	-5.855313E+4	-1.720000E+0	-5.203440E-18	3.830367E-18	2.043467E-6	0.000000E+0	1.536822E-7	1.707712E-5	0.000000E+0	0.000000E+0	0.000000E+0
4.295352E+2	-5.925258E+4	-1.756000E+0	2.472319E-19	-1.518024E+17	4.060945E-6	0.000000E+0	1.223380E-7	1.687602E-5	0.000000E+0	0.000000E+0	0.000000E+0
3.798945E+2	-5.996634E+4	-1.791000E+0	1.311717E+15	5.157902E-18	-7.799827E-8	0.000000E+0	1.056405E-7	1.667535E-5	0.000000E+0	0.000000E+0	0.000000E+0
3.703906E+2	-6.050491E+4	-1.827000E+0	-1.016338E-18	-5.687810E-18	-1.034423E-7	0.000000E+0	1.011725E-7	1.652696E-5	0.000000E+0	0.000000E+0	0.000000E+0
3.689258E+2	-6.113689E+4	-1.862000E+0	-6.256276E-18	1.399337E+17	1.886314E-6	0.000000E+0	9.869986E-8	1.635614E-5	0.000000E+0	0.000000E+0	0.000000E+0
3.689297E+2	-6.160321E+4	-1.897000E+0	2.698511E+17	2.405250E+17	1.833199E-6	0.000000E+0	9.721233E-8	1.623234E-5	0.000000E+0	0.000000E+0	0.000000E+0
3.198398E+2	-6.214559E+4	-1.933000E+0	-3.870894E-18	-2.240669E+17	2.318411E-6	0.000000E+0	8.281335E-8	1.609082E-5	0.000000E+0	0.000000E+0	0.000000E+0
2.944727E+2	-6.260892E+4	-1.968000E+0	8.610784E+16	1.699868E-17	-1.309745E-6	0.000000E+0	7.512128E-8	1.597181E-5	0.000000E+0	0.000000E+0	0.000000E+0
3.233945E+2	-6.320159E+4	-2.004000E+0	2.127762E-18	3.273865E+15	7.076596E-7	0.000000E+0	8.095902E-8	1.582197E-5	0.000000E+0	0.000000E+0	0.000000E+0
3.332734E+2	-6.357527E+4	-2.039000E+0	8.036571E+16	-4.936752E+17	2.186702E-6	0.000000E+0	8.245411E-8	1.572895E-5	0.000000E+0	0.000000E+0	0.000000E+0
2.985352E+2	-6.406148E+4	-2.075000E+0	-6.504745E+16	2.369913E+17	1.139822E-6	0.000000E+0	7.274316E-8	1.560967E-5	0.000000E+0	0.000000E+0	0.000000E+0
3.158711E+2	-6.454458E+4	-2.110000E+0	5.942414E-18	5.135457E+17	1.086650E-6	0.000000E+0	7.581933E-8	1.549280E-5	0.000000E+0	0.000000E+0	0.000000E+0
3.316289E+2	-6.503623E+4	-2.146000E+0	-5.521899E-18	3.493290E-18	1.571927E-6	0.000000E+0	7.840258E-8	1.537565E-5	0.000000E+0	0.000000E+0	0.000000E+0
3.075586E+2	-6.544842E+4	-2.181000E+0	2.907620E+17	-1.496570E-18	2.029541E-6	0.000000E+0	7.179926E-8	1.527887E-5	0.000000E+0	0.000000E+0	0.000000E+0
3.347148E+2	-6.598038E+4	-2.216000E+0	-2.654747E-18	4.664409E-18	-6.647315E-8	0.000000E+0	7.688367E-8	1.515563E-5	0.000000E+0	0.000000E+0	0.000000E+0
3.207070E+2	-6.647291E+4	-2.252000E+0	6.234127E-18	-3.929323E-18	3.993846E-6	0.000000E+0	7.257866E-8	1.504337E-5	0.000000E+0	0.000000E+0	0.000000E+0
3.215156E+2	-6.699745E+4	-2.287000E+0	8.250878E-19	2.832976E+17	1.897817E-6	0.000000E+0	7.162679E-8	1.492560E-5	0.000000E+0	0.000000E+0	0.000000E+0
2.417852E+2	-6.752463E+4	-2.323000E+0	4.508571E+17	-2.686618E+17	1.872380E-6	0.000000E+0	5.302732E-8	1.480922E-5	0.000000E+0	0.000000E+0	0.000000E+0
2.771680E+2	-6.807438E+4	-2.358000E+0	2.517955E+17	3.793714E+16	2.329922E-6	0.000000E+0	5.980927E-8	1.468957E-5	0.000000E+0	0.000000E+0	0.000000E+0
3.275703E+2	-6.876769E+4	-2.394000E+0	-6.627993E-18	5.176251E+17	3.836685E-6	0.000000E+0	6.926691E-8	1.454138E-5	0.000000E+0	0.000000E+0	0.000000E+0
2.502422E+2	-6.930703E+4	-2.429000E+0	-5.704680E+17	1.371951E+17	4.294241E-6	0.000000E+0	5.209551E-8	1.442836E-5	0.000000E+0	0.000000E+0	0.000000E+0
3.075234E+2	-7.013781E+4	-2.465000E+0	-1.853759E+17	6.906363E-18	2.225876E-6	0.000000E+0	6.251229E-8	1.425737E-5	0.000000E+0	0.000000E+0	0.000000E+0
2.272187E+2	-7.072722E+4	-2.500000E+0	-3.567381E+17	-5.153844E-18	3.194204E-6	0.000000E+0	4.542202E-8	1.413868E-5	0.000000E+0	0.000000E+0	0.000000E+0
