Real / Ohm	Ximag / Ohm	V_DC / V	I_a c / A	V_ac / V	I_DC / A
2.152844E+3	-1.385492E+5	-2.500000E+0	-3.567381E+17	-5.153844E-18	1.151348E-6	1.000000E+6	1.121243E-7	7.215910E-6	0.000000E+0	0.000000E+0	0.000000E+0
1.985984E+3	-1.347938E+5	-2.467000E+0	-1.853759E+17	6.906363E-18	3.813417E-6	0.000000E+0	1.092802E-7	7.417129E-6	0.000000E+0	0.000000E+0	0.000000E+0
1.878625E+3	-1.318792E+5	-2.434000E+0	-5.704680E+17	1.371951E+17	1.878943E-6	0.000000E+0	1.079939E-7	7.581159E-6	0.000000E+0	0.000000E+0	0.000000E+0
2.075758E+3	-1.294257E+5	-2.401000E+0	-6.627993E-18	5.176251E+17	5.051785E-6	0.000000E+0	1.238865E-7	7.724454E-6	0.000000E+0	0.000000E+0	0.000000E+0
2.028727E+3	-1.271389E+5	-2.368000E+0	2.517955E+17	3.793714E+16	4.138798E-6	0.000000E+0	1.254747E-7	7.863411E-6	0.000000E+0	0.000000E+0	0.000000E+0
2.233781E+3	-1.247607E+5	-2.335000E+0	4.508571E+17	-2.686618E+17	1.614681E-7	0.000000E+0	1.434649E-7	8.012776E-6	0.000000E+0	0.000000E+0	0.000000E+0
2.036703E+3	-1.222071E+5	-2.303000E+0	8.250878E-19	2.832976E+17	2.851200E-6	0.000000E+0	1.363372E-7	8.180558E-6	0.000000E+0	0.000000E+0	0.000000E+0
2.220344E+3	-1.196539E+5	-2.270000E+0	6.234127E-18	-3.929323E-18	2.448927E-6	0.000000E+0	1.550305E-7	8.354561E-6	0.000000E+0	0.000000E+0	0.000000E+0
2.058711E+3	-1.169611E+5	-2.237000E+0	-2.654747E-18	4.664409E-18	3.068140E-6	0.000000E+0	1.504451E-7	8.547203E-6	0.000000E+0	0.000000E+0	0.000000E+0
2.359273E+3	-1.142859E+5	-2.204000E+0	2.907620E+17	-1.496570E-18	4.198067E-6	0.000000E+0	1.805543E-7	8.746258E-6	0.000000E+0	0.000000E+0	0.000000E+0
2.333875E+3	-1.115469E+5	-2.171000E+0	-5.521899E-18	3.493290E-18	2.263594E-6	0.000000E+0	1.874876E-7	8.960916E-6	0.000000E+0	0.000000E+0	0.000000E+0
2.295781E+3	-1.087237E+5	-2.138000E+0	5.942414E-18	5.135457E+17	3.904235E-6	0.000000E+0	1.941281E-7	9.193527E-6	0.000000E+0	0.000000E+0	0.000000E+0
2.316109E+3	-1.056099E+5	-2.105000E+0	-6.504745E+16	2.369913E+17	2.991248E-6	0.000000E+0	2.075587E-7	9.464257E-6	0.000000E+0	0.000000E+0	0.000000E+0
2.297016E+3	-1.024330E+5	-2.072000E+0	8.036571E+16	-4.936752E+17	3.099689E-6	0.000000E+0	2.188094E-7	9.757572E-6	0.000000E+0	0.000000E+0	0.000000E+0
2.503508E+3	-9.924544E+4	-2.039000E+0	2.127762E-18	3.273865E+15	1.438457E-7	0.000000E+0	2.540105E-7	1.006962E-5	0.000000E+0	0.000000E+0	0.000000E+0
2.469828E+3	-9.591045E+4	-2.006000E+0	8.610784E+16	1.699868E-17	7.630006E-7	0.000000E+0	2.683162E-7	1.041948E-5	0.000000E+0	0.000000E+0	0.000000E+0
2.535422E+3	-9.241875E+4	-1.973000E+0	-3.870894E-18	-2.240669E+17	3.607274E-7	0.000000E+0	2.966220E-7	1.081218E-5	0.000000E+0	0.000000E+0	0.000000E+0
2.625016E+3	-8.883598E+4	-1.941000E+0	2.698511E+17	2.405250E+17	2.029032E-6	0.000000E+0	3.323343E-7	1.124688E-5	0.000000E+0	0.000000E+0	0.000000E+0
2.782977E+3	-8.492798E+4	-1.908000E+0	-6.256276E-18	1.399337E+17	1.116045E-6	0.000000E+0	3.854268E-7	1.176205E-5	0.000000E+0	0.000000E+0	0.000000E+0
2.777352E+3	-8.129616E+4	-1.875000E+0	-1.016338E-18	-5.687810E-18	1.735258E-6	0.000000E+0	4.197438E-7	1.228636E-5	0.000000E+0	0.000000E+0	0.000000E+0
2.845625E+3	-7.891114E+4	-1.842000E+0	1.311717E+15	5.157902E-18	3.375899E-6	0.000000E+0	4.563905E-7	1.265602E-5	0.000000E+0	0.000000E+0	0.000000E+0
2.815891E+3	-7.758339E+4	-1.809000E+0	2.472319E-19	-1.518024E+17	5.016540E-6	0.000000E+0	4.672041E-7	1.287240E-5	0.000000E+0	0.000000E+0	0.000000E+0
2.732301E+3	-7.677838E+4	-1.776000E+0	-5.203440E-18	3.830367E-18	2.571353E-6	0.000000E+0	4.629147E-7	1.300803E-5	0.000000E+0	0.000000E+0	0.000000E+0
2.903723E+3	-7.613947E+4	-1.743000E+0	-1.291944E-18	-5.342346E-18	1.147651E-6	0.000000E+0	5.001546E-7	1.311472E-5	0.000000E+0	0.000000E+0	0.000000E+0
2.781605E+3	-7.552609E+4	-1.710000E+0	5.232688E+17	-4.633991E+17	3.809721E-6	0.000000E+0	4.869818E-7	1.322252E-5	0.000000E+0	0.000000E+0	0.000000E+0
2.872867E+3	-7.484667E+4	-1.677000E+0	2.088264E+17	-2.556168E+17	3.407447E-6	0.000000E+0	5.120722E-7	1.334099E-5	0.000000E+0	0.000000E+0	0.000000E+0
2.904863E+3	-7.418764E+4	-1.644000E+0	-7.520591E+15	-3.386204E-18	1.983746E-6	0.000000E+0	5.269837E-7	1.345870E-5	0.000000E+0	0.000000E+0	0.000000E+0
2.913703E+3	-7.340281E+4	-1.611000E+0	-1.773302E-18	1.902529E-18	1.581466E-6	0.000000E+0	5.399284E-7	1.360202E-5	0.000000E+0	0.000000E+0	0.000000E+0
2.927332E+3	-7.260813E+4	-1.578000E+0	-4.775830E-18	6.132215E-18	4.243593E-6	0.000000E+0	5.543654E-7	1.375021E-5	0.000000E+0	0.000000E+0	0.000000E+0
2.879578E+3	-7.180300E+4	-1.546000E+0	3.887097E+16	1.860550E+17	2.336790E-6	0.000000E+0	5.576295E-7	1.390463E-5	0.000000E+0	0.000000E+0	0.000000E+0
2.815727E+3	-7.079534E+4	-1.513000E+0	4.410889E+17	3.940187E-18	2.445289E-6	0.000000E+0	5.609120E-7	1.410291E-5	0.000000E+0	0.000000E+0	0.000000E+0
2.773918E+3	-6.978100E+4	-1.480000E+0	-5.506723E-18	4.358505E+16	1.532302E-6	0.000000E+0	5.687658E-7	1.430794E-5	0.000000E+0	0.000000E+0	0.000000E+0
2.638063E+3	-6.864247E+4	-1.447000E+0	-4.319920E+17	-4.172230E+17	1.085427E-7	0.000000E+0	5.590599E-7	1.454675E-5	0.000000E+0	0.000000E+0	0.000000E+0
2.633598E+3	-6.739850E+4	-1.414000E+0	2.837111E-18	-1.599031E-19	1.238470E-6	0.000000E+0	5.788772E-7	1.481451E-5	0.000000E+0	0.000000E+0	0.000000E+0
2.491695E+3	-6.601969E+4	-1.381000E+0	-1.696221E+17	-6.427781E-19	2.879111E-6	0.000000E+0	5.708602E-7	1.512545E-5	0.000000E+0	0.000000E+0	0.000000E+0
2.283238E+3	-6.440364E+4	-1.348000E+0	-5.609192E+17	2.120590E-18	4.519752E-6	0.000000E+0	5.497748E-7	1.550758E-5	0.000000E+0	0.000000E+0	0.000000E+0
2.184316E+3	-6.254687E+4	-1.315000E+0	-1.478444E+17	2.700612E+17	4.117508E-6	0.000000E+0	5.576670E-7	1.596853E-5	0.000000E+0	0.000000E+0	0.000000E+0
1.947563E+3	-6.034756E+4	-1.282000E+0	-2.971689E+17	-4.901914E-18	2.693771E-6	0.000000E+0	5.342198E-7	1.655344E-5	0.000000E+0	0.000000E+0	0.000000E+0
1.824035E+3	-5.758089E+4	-1.249000E+0	-4.717429E+17	-4.925467E+17	1.780783E-6	0.000000E+0	5.495925E-7	1.734946E-5	0.000000E+0	0.000000E+0	0.000000E+0
1.636309E+3	-5.398959E+4	-1.216000E+0	-9.427576E-19	-9.422141E-19	1.889253E-6	0.000000E+0	5.608497E-7	1.850509E-5	0.000000E+0	0.000000E+0	0.000000E+0
1.431195E+3	-4.989228E+4	-1.184000E+0	-3.096135E+17	4.406614E-18	3.046851E-6	0.000000E+0	5.744800E-7	2.002670E-5	0.000000E+0	0.000000E+0	0.000000E+0
1.315211E+3	-4.510920E+4	-1.151000E+0	-4.715168E+17	-5.436513E+17	1.623150E-6	0.000000E+0	6.457972E-7	2.214960E-5	0.000000E+0	0.000000E+0	0.000000E+0
1.142625E+3	-4.030515E+4	-1.118000E+0	-1.067025E+17	-4.510080E+17	-1.332752E-6	0.000000E+0	7.028032E-7	2.479080E-5	0.000000E+0	0.000000E+0	0.000000E+0
8.975098E+2	-3.558020E+4	-1.085000E+0	-3.021231E-18	1.453293E+17	1.840061E-6	0.000000E+0	7.085103E-7	2.808765E-5	0.000000E+0	0.000000E+0	0.000000E+0
8.540801E+2	-3.137290E+4	-1.052000E+0	-3.194767E-18	5.558819E-18	1.948531E-6	0.000000E+0	8.670967E-7	3.185104E-5	0.000000E+0	0.000000E+0	0.000000E+0
7.385801E+2	-2.782157E+4	-1.019000E+0	4.155990E+17	-1.823473E+17	3.589143E-6	0.000000E+0	9.535169E-7	3.591802E-5	0.000000E+0	0.000000E+0	0.000000E+0
6.427148E+2	-2.496057E+4	-9.860000E-1	-4.316353E+17	4.857998E-18	2.165438E-6	0.000000E+0	1.030912E-6	4.003664E-5	0.000000E+0	0.000000E+0	0.000000E+0
5.609473E+2	-2.246935E+4	-9.530000E-1	-3.851510E-18	-6.447272E-18	2.273908E-6	0.000000E+0	1.110377E-6	4.447735E-5	0.000000E+0	0.000000E+0	0.000000E+0
4.902490E+2	-2.041477E+4	-9.200000E-1	4.766215E-20	4.558806E+17	2.382349E-6	0.000000E+0	1.175648E-6	4.895591E-5	0.000000E+0	0.000000E+0	0.000000E+0
4.134102E+2	-1.867321E+4	-8.870000E-1	1.388541E-18	6.784133E-18	3.001562E-6	0.000000E+0	1.185033E-6	5.352642E-5	0.000000E+0	0.000000E+0	0.000000E+0
3.880732E+2	-1.717666E+4	-8.540000E-1	4.752240E+17	-1.630679E-19	3.110003E-6	0.000000E+0	1.314663E-6	5.818883E-5	0.000000E+0	0.000000E+0	0.000000E+0
3.529883E+2	-1.596090E+4	-8.220000E-1	-7.966684E-19	6.323277E-18	2.224682E-6	0.000000E+0	1.384947E-6	6.262248E-5	0.000000E+0	0.000000E+0	0.000000E+0
2.942520E+2	-1.492525E+4	-7.890000E-1	-4.344318E+17	2.055147E+17	2.843863E-6	0.000000E+0	1.320406E-6	6.697452E-5	0.000000E+0	0.000000E+0	0.000000E+0
2.843564E+2	-1.410373E+4	-7.560000E-1	-6.904437E-18	-8.375564E+16	9.094474E-7	0.000000E+0	1.428955E-6	7.087442E-5	0.000000E+0	0.000000E+0	0.000000E+0
2.106211E+2	-1.344265E+4	-7.230000E-1	2.547940E-18	-3.572836E+16	2.039345E-6	0.000000E+0	1.165267E-6	7.437184E-5	0.000000E+0	0.000000E+0	0.000000E+0
2.441182E+2	-1.290909E+4	-6.900000E-1	-1.554615E+17	1.089551E+17	3.169243E-6	0.000000E+0	1.464379E-6	7.743710E-5	0.000000E+0	0.000000E+0	0.000000E+0
2.301211E+2	-1.247624E+4	-6.570000E-1	-5.196819E+17	1.790907E+17	-1.829514E-6	0.000000E+0	1.477887E-6	8.012509E-5	0.000000E+0	0.000000E+0	0.000000E+0
2.079102E+2	-1.211033E+4	-6.240000E-1	3.883601E+17	-5.707470E+17	-1.889020E-7	0.000000E+0	1.417215E-6	8.254980E-5	0.000000E+0	0.000000E+0	0.000000E+0
1.419365E+2	-1.179935E+4	-5.910000E-1	-2.820974E+17	-3.573572E+17	3.494653E-6	0.000000E+0	1.019331E-6	8.473817E-5	0.000000E+0	0.000000E+0	0.000000E+0
1.797969E+2	-1.152789E+4	-5.580000E-1	7.433461E+16	-3.421240E+17	1.049495E-6	0.000000E+0	1.352623E-6	8.672505E-5	0.000000E+0	0.000000E+0	0.000000E+0
1.800010E+2	-1.128715E+4	-5.250000E-1	5.229813E-18	-4.922483E+17	1.157936E-6	0.000000E+0	1.412524E-6	8.857380E-5	0.000000E+0	0.000000E+0	0.000000E+0
1.617959E+2	-1.107145E+4	-4.920000E-1	5.364476E+17	-2.872230E+17	-2.657653E-7	0.000000E+0	1.319671E-6	9.030312E-5	0.000000E+0	0.000000E+0	0.000000E+0
1.682544E+2	-1.087818E+4	-4.590000E-1	-1.432962E-18	1.659667E-18	2.907045E-6	0.000000E+0	1.421510E-6	9.190516E-5	0.000000E+0	0.000000E+0	0.000000E+0
1.597407E+2	-1.070454E+4	-4.270000E-1	9.169370E+16	2.296609E-18	3.553896E-6	0.000000E+0	1.393744E-6	9.339751E-5	0.000000E+0	0.000000E+0	0.000000E+0
1.625957E+2	-1.054292E+4	-3.940000E-1	4.020179E+17	1.945249E+17	-1.444891E-6	0.000000E+0	1.462460E-6	9.482783E-5	0.000000E+0	0.000000E+0	0.000000E+0
1.515894E+2	-1.039218E+4	-3.610000E-1	1.297458E-18	4.035830E-18	1.727922E-6	0.000000E+0	1.403341E-6	9.620573E-5	0.000000E+0	0.000000E+0	0.000000E+0
1.565225E+2	-1.025054E+4	-3.280000E-1	-2.680827E+17	-5.492346E+17	2.857818E-6	0.000000E+0	1.489299E-6	9.753309E-5	0.000000E+0	0.000000E+0	0.000000E+0
1.035337E+2	-1.012066E+4	-2.950000E-1	5.241939E+17	-4.156391E-18	2.455572E-6	0.000000E+0	1.010692E-6	9.879745E-5	0.000000E+0	0.000000E+0	0.000000E+0
1.114951E+2	-9.998250E+3	-2.620000E-1	2.579781E+17	4.569569E-19	5.211277E-7	0.000000E+0	1.115203E-6	1.000051E-4	0.000000E+0	0.000000E+0	0.000000E+0
9.269971E+1	-9.883719E+3	-2.290000E-1	2.915631E-18	4.874939E+16	3.693942E-6	0.000000E+0	9.488540E-7	1.011676E-4	0.000000E+0	0.000000E+0	0.000000E+0
1.447119E+2	-9.776090E+3	-1.960000E-1	-1.980651E+17	1.958093E+16	2.270211E-6	0.000000E+0	1.513836E-6	1.022680E-4	0.000000E+0	0.000000E+0	0.000000E+0
1.474766E+2	-9.673598E+3	-1.630000E-1	-2.714796E-18	3.559669E+13	6.464480E-6	0.000000E+0	1.575601E-6	1.033501E-4	0.000000E+0	0.000000E+0	0.000000E+0
1.451318E+2	-9.577754E+3	-1.300000E-1	5.785012E-19	5.234687E+17	1.465693E-6	0.000000E+0	1.581742E-6	1.043846E-4	0.000000E+0	0.000000E+0	0.000000E+0
1.529307E+2	-9.485867E+3	-9.700000E-2	-2.375065E+17	1.295985E-19	5.149219E-6	0.000000E+0	1.699134E-6	1.053926E-4	0.000000E+0	0.000000E+0	0.000000E+0
1.316572E+2	-9.400861E+3	-6.500000E-2	-5.351627E-18	2.391872E+17	-8.433299E-7	0.000000E+0	1.489444E-6	1.063524E-4	0.000000E+0	0.000000E+0	0.000000E+0
1.423252E+2	-9.318129E+3	-3.200000E-2	2.587907E+17	2.524315E-18	1.818739E-6	0.000000E+0	1.638789E-6	1.072927E-4	0.000000E+0	0.000000E+0	0.000000E+0
9.988770E+1	-9.237840E+3	1.000000E-3	-3.127958E+17	-9.739274E-19	9.057517E-7	0.000000E+0	1.170362E-6	1.082378E-4	0.000000E+0	0.000000E+0	0.000000E+0
1.126777E+2	-9.162484E+3	3.400000E-2	6.653737E-18	-4.395315E+17	2.546392E-6	0.000000E+0	1.341979E-6	1.091242E-4	0.000000E+0	0.000000E+0	0.000000E+0
1.095698E+2	-9.089889E+3	6.700000E-2	-1.137863E-18	-4.190346E+17	2.144119E-6	0.000000E+0	1.325900E-6	1.099964E-4	0.000000E+0	0.000000E+0	0.000000E+0
1.025991E+2	-9.020367E+3	1.000000E-1	-9.275714E-19	-3.780149E-18	4.295473E-6	0.000000E+0	1.260779E-6	1.108459E-4	0.000000E+0	0.000000E+0	0.000000E+0
