Real / Ohm	Ximag / Ohm	V_DC / V	I_a c / A	V_ac / V	I_DC / A
3.345898E+2	-7.467084E+4	-2.500000E+0	-3.567381E+17	-5.153844E-18	1.298613E-7	1.000000E+6	6.000700E-8	1.339184E-5	0.000000E+0	0.000000E+0	0.000000E+0
3.374844E+2	-6.634755E+4	-2.465000E+0	-1.853759E+17	6.906363E-18	3.758076E-6	0.000000E+0	7.666421E-8	1.507176E-5	0.000000E+0	0.000000E+0	0.000000E+0
3.919570E+2	-6.459217E+4	-2.429000E+0	-5.704680E+17	1.371951E+17	3.272813E-6	0.000000E+0	9.394262E-8	1.548118E-5	0.000000E+0	0.000000E+0	0.000000E+0
4.396328E+2	-6.305864E+4	-2.394000E+0	-6.627993E-18	5.176251E+17	2.815199E-6	0.000000E+0	1.105554E-7	1.585748E-5	0.000000E+0	0.000000E+0	0.000000E+0
4.966484E+2	-6.149741E+4	-2.358000E+0	2.517955E+17	3.793714E+16	1.819208E-6	0.000000E+0	1.313128E-7	1.625979E-5	0.000000E+0	0.000000E+0	0.000000E+0
5.602266E+2	-6.004779E+4	-2.323000E+0	4.508571E+17	-2.686618E+17	5.447437E-6	0.000000E+0	1.553574E-7	1.665195E-5	0.000000E+0	0.000000E+0	0.000000E+0
7.323242E+2	-5.845473E+4	-2.287000E+0	8.250878E-19	2.832976E+17	3.429959E-6	0.000000E+0	2.142870E-7	1.710457E-5	0.000000E+0	0.000000E+0	0.000000E+0
8.671250E+2	-5.693166E+4	-2.252000E+0	6.234127E-18	-3.929323E-18	3.483132E-6	0.000000E+0	2.674689E-7	1.756085E-5	0.000000E+0	0.000000E+0	0.000000E+0
1.133168E+3	-5.531085E+4	-2.216000E+0	-2.654747E-18	4.664409E-18	4.530069E-6	0.000000E+0	3.702469E-7	1.807205E-5	0.000000E+0	0.000000E+0	0.000000E+0
1.484855E+3	-5.383173E+4	-2.181000E+0	2.907620E+17	-1.496570E-18	1.008113E-6	0.000000E+0	5.120084E-7	1.856228E-5	0.000000E+0	0.000000E+0	0.000000E+0
2.067855E+3	-5.234811E+4	-2.146000E+0	-5.521899E-18	3.493290E-18	2.082641E-6	0.000000E+0	7.534266E-7	1.907312E-5	0.000000E+0	0.000000E+0	0.000000E+0
2.710965E+3	-5.073383E+4	-2.110000E+0	5.942414E-18	5.135457E+17	6.522168E-8	0.000000E+0	1.050244E-6	1.965459E-5	0.000000E+0	0.000000E+0	0.000000E+0
3.543980E+3	-4.910912E+4	-2.075000E+0	-6.504745E+16	2.369913E+17	2.161250E-6	0.000000E+0	1.461878E-6	2.025732E-5	0.000000E+0	0.000000E+0	0.000000E+0
4.548879E+3	-4.725230E+4	-2.039000E+0	8.036571E+16	-4.936752E+17	2.186702E-6	0.000000E+0	2.018609E-6	2.096866E-5	0.000000E+0	0.000000E+0	0.000000E+0
5.369660E+3	-4.521423E+4	-2.004000E+0	2.127762E-18	3.273865E+15	3.261288E-6	0.000000E+0	2.590085E-6	2.180933E-5	0.000000E+0	0.000000E+0	0.000000E+0
6.162375E+3	-4.278222E+4	-1.968000E+0	8.610784E+16	1.699868E-17	1.243883E-6	0.000000E+0	3.298398E-6	2.289909E-5	0.000000E+0	0.000000E+0	0.000000E+0
6.706650E+3	-4.039167E+4	-1.933000E+0	-3.870894E-18	-2.240669E+17	3.339897E-6	0.000000E+0	4.000468E-6	2.409334E-5	0.000000E+0	0.000000E+0	0.000000E+0
6.968598E+3	-3.766493E+4	-1.897000E+0	2.698511E+17	2.405250E+17	8.117131E-7	0.000000E+0	4.749563E-6	2.567115E-5	0.000000E+0	0.000000E+0	0.000000E+0
6.843279E+3	-3.498446E+4	-1.862000E+0	-6.256276E-18	1.399337E+17	3.929228E-6	0.000000E+0	5.385258E-6	2.753071E-5	0.000000E+0	0.000000E+0	0.000000E+0
6.537855E+3	-3.233948E+4	-1.827000E+0	-1.016338E-18	-5.687810E-18	1.939414E-6	0.000000E+0	6.005826E-6	2.970780E-5	0.000000E+0	0.000000E+0	0.000000E+0
6.003500E+3	-2.966439E+4	-1.791000E+0	1.311717E+15	5.157902E-18	2.475630E-6	0.000000E+0	6.553910E-6	3.238407E-5	0.000000E+0	0.000000E+0	0.000000E+0
5.400637E+3	-2.721763E+4	-1.756000E+0	2.472319E-19	-1.518024E+17	9.966025E-7	0.000000E+0	7.014122E-6	3.534912E-5	0.000000E+0	0.000000E+0	0.000000E+0
4.729689E+3	-2.497938E+4	-1.720000E+0	-5.203440E-18	3.830367E-18	5.113252E-7	0.000000E+0	7.317656E-6	3.864747E-5	0.000000E+0	0.000000E+0	0.000000E+0
4.110455E+3	-2.291173E+4	-1.685000E+0	-1.291944E-18	-5.342346E-18	3.118061E-6	0.000000E+0	7.586060E-6	4.228480E-5	0.000000E+0	0.000000E+0	0.000000E+0
3.518996E+3	-2.103516E+4	-1.649000E+0	5.232688E+17	-4.633991E+17	3.143505E-6	0.000000E+0	7.736416E-6	4.624522E-5	0.000000E+0	0.000000E+0	0.000000E+0
3.059186E+3	-1.948423E+4	-1.614000E+0	2.088264E+17	-2.556168E+17	2.685949E-6	0.000000E+0	7.864356E-6	5.008879E-5	0.000000E+0	0.000000E+0	0.000000E+0
2.623339E+3	-1.810769E+4	-1.578000E+0	-7.520591E+15	-3.386204E-18	1.577646E-7	0.000000E+0	7.836235E-6	5.408989E-5	0.000000E+0	0.000000E+0	0.000000E+0
2.268722E+3	-1.699473E+4	-1.543000E+0	-1.773302E-18	1.902529E-18	2.764507E-6	0.000000E+0	7.717583E-6	5.781151E-5	0.000000E+0	0.000000E+0	0.000000E+0
1.966606E+3	-1.602837E+4	-1.508000E+0	-4.775830E-18	6.132215E-18	3.328380E-6	0.000000E+0	7.541356E-6	6.146409E-5	0.000000E+0	0.000000E+0	0.000000E+0
1.655245E+3	-1.518458E+4	-1.472000E+0	3.887097E+16	1.860550E+17	2.843110E-6	0.000000E+0	7.094577E-6	6.508292E-5	0.000000E+0	0.000000E+0	0.000000E+0
1.475167E+3	-1.449644E+4	-1.437000E+0	4.410889E+17	3.940187E-18	4.428424E-6	0.000000E+0	6.947753E-6	6.827545E-5	0.000000E+0	0.000000E+0	0.000000E+0
1.275437E+3	-1.388265E+4	-1.401000E+0	-5.506723E-18	4.358505E+16	1.900233E-6	0.000000E+0	6.562419E-6	7.142945E-5	0.000000E+0	0.000000E+0	0.000000E+0
1.129806E+3	-1.336798E+4	-1.366000E+0	-4.319920E+17	-4.172230E+17	4.211979E-7	0.000000E+0	6.277420E-6	7.427508E-5	0.000000E+0	0.000000E+0	0.000000E+0
9.933975E+2	-1.290682E+4	-1.330000E+0	2.837111E-18	-1.599031E-19	2.489556E-6	0.000000E+0	5.928153E-6	7.702215E-5	0.000000E+0	0.000000E+0	0.000000E+0
9.291807E+2	-1.252199E+4	-1.295000E+0	-1.696221E+17	-6.427781E-19	4.585629E-6	0.000000E+0	5.893438E-6	7.942219E-5	0.000000E+0	0.000000E+0	0.000000E+0
8.312764E+2	-1.216507E+4	-1.259000E+0	-5.609192E+17	2.120590E-18	5.252441E-7	0.000000E+0	5.591046E-6	8.182052E-5	0.000000E+0	0.000000E+0	0.000000E+0
7.633457E+2	-1.186416E+4	-1.224000E+0	-1.478444E+17	2.700612E+17	5.784168E-7	0.000000E+0	5.400738E-6	8.393998E-5	0.000000E+0	0.000000E+0	0.000000E+0
6.894863E+2	-1.159124E+4	-1.189000E+0	-2.971689E+17	-4.901914E-18	2.163724E-6	0.000000E+0	5.113661E-6	8.596787E-5	0.000000E+0	0.000000E+0	0.000000E+0
6.162715E+2	-1.134213E+4	-1.153000E+0	-4.717429E+17	-4.925467E+17	3.210647E-6	0.000000E+0	4.776421E-6	8.790734E-5	0.000000E+0	0.000000E+0	0.000000E+0
5.836895E+2	-1.112534E+4	-1.118000E+0	-9.427576E-19	-9.422141E-19	4.285219E-6	0.000000E+0	4.702854E-6	8.963816E-5	0.000000E+0	0.000000E+0	0.000000E+0
5.210176E+2	-1.091976E+4	-1.082000E+0	-3.096135E+17	4.406614E-18	2.248853E-7	0.000000E+0	4.359520E-6	9.136910E-5	0.000000E+0	0.000000E+0	0.000000E+0
4.425254E+2	-1.074337E+4	-1.047000E+0	-4.715168E+17	-5.436513E+17	1.299450E-6	0.000000E+0	3.827550E-6	9.292300E-5	0.000000E+0	0.000000E+0	0.000000E+0
4.197964E+2	-1.057138E+4	-1.011000E+0	-1.067025E+17	-4.510080E+17	1.324923E-6	0.000000E+0	3.750516E-6	9.444609E-5	0.000000E+0	0.000000E+0	0.000000E+0
3.873242E+2	-1.041899E+4	-9.760000E-1	-3.021231E-18	1.453293E+17	-1.541084E-7	0.000000E+0	3.563064E-6	9.584614E-5	0.000000E+0	0.000000E+0	0.000000E+0
3.428530E+2	-1.027615E+4	-9.410000E-1	-3.194767E-18	5.558819E-18	1.431170E-6	0.000000E+0	3.243127E-6	9.720451E-5	0.000000E+0	0.000000E+0	0.000000E+0
3.684775E+2	-1.014070E+4	-9.050000E-1	4.155990E+17	-1.823473E+17	2.478097E-6	0.000000E+0	3.578509E-6	9.848249E-5	0.000000E+0	0.000000E+0	0.000000E+0
3.631963E+2	-1.001139E+4	-8.700000E-1	-4.316353E+17	4.857998E-18	2.020493E-6	0.000000E+0	3.618941E-6	9.975494E-5	0.000000E+0	0.000000E+0	0.000000E+0
3.194678E+2	-9.889549E+3	-8.340000E-1	-3.851510E-18	-6.447272E-18	1.535249E-6	0.000000E+0	3.263031E-6	1.010114E-4	0.000000E+0	0.000000E+0	0.000000E+0
2.978970E+2	-9.776703E+3	-7.990000E-1	4.766215E-20	4.558806E+17	5.669281E-7	0.000000E+0	3.113711E-6	1.021891E-4	0.000000E+0	0.000000E+0	0.000000E+0
3.067607E+2	-9.663824E+3	-7.630000E-1	1.388541E-18	6.784133E-18	1.613829E-6	0.000000E+0	3.281439E-6	1.033745E-4	0.000000E+0	0.000000E+0	0.000000E+0
2.898506E+2	-9.560863E+3	-7.280000E-1	4.752240E+17	-1.630679E-19	-3.759524E-7	0.000000E+0	3.167970E-6	1.044970E-4	0.000000E+0	0.000000E+0	0.000000E+0
2.553813E+2	-9.457348E+3	-6.920000E-1	-7.966684E-19	6.323277E-18	6.709743E-7	0.000000E+0	2.853210E-6	1.056608E-4	0.000000E+0	0.000000E+0	0.000000E+0
2.353584E+2	-9.362258E+3	-6.570000E-1	-4.344318E+17	2.055147E+17	2.766999E-6	0.000000E+0	2.683454E-6	1.067444E-4	0.000000E+0	0.000000E+0	0.000000E+0
2.322363E+2	-9.270668E+3	-6.220000E-1	-6.904437E-18	-8.375564E+16	-7.549497E-7	0.000000E+0	2.700447E-6	1.077994E-4	0.000000E+0	0.000000E+0	0.000000E+0
2.146475E+2	-9.178895E+3	-5.860000E-1	2.547940E-18	-3.572836E+16	3.356319E-6	0.000000E+0	2.546288E-6	1.088860E-4	0.000000E+0	0.000000E+0	0.000000E+0
2.028950E+2	-9.092697E+3	-5.510000E-1	-1.554615E+17	1.089551E+17	3.450878E-7	0.000000E+0	2.452843E-6	1.099236E-4	0.000000E+0	0.000000E+0	0.000000E+0
2.060737E+2	-9.008207E+3	-5.150000E-1	-5.196819E+17	1.790907E+17	3.434900E-6	0.000000E+0	2.538158E-6	1.109518E-4	0.000000E+0	0.000000E+0	0.000000E+0
2.383149E+2	-8.927805E+3	-4.800000E-1	3.883601E+17	-5.707470E+17	-8.704774E-8	0.000000E+0	2.987806E-6	1.119299E-4	0.000000E+0	0.000000E+0	0.000000E+0
2.257705E+2	-8.847707E+3	-4.440000E-1	-2.820974E+17	-3.573572E+17	-6.157643E-8	0.000000E+0	2.882193E-6	1.129501E-4	0.000000E+0	0.000000E+0	0.000000E+0
2.142788E+2	-8.772203E+3	-4.090000E-1	7.433461E+16	-3.421240E+17	-5.191832E-7	0.000000E+0	2.782933E-6	1.139285E-4	0.000000E+0	0.000000E+0	0.000000E+0
2.189048E+2	-8.696426E+3	-3.730000E-1	5.229813E-18	-4.922483E+17	3.592088E-6	0.000000E+0	2.892668E-6	1.149170E-4	0.000000E+0	0.000000E+0	0.000000E+0
1.997095E+2	-8.625330E+3	-3.380000E-1	5.364476E+17	-2.872230E+17	3.645224E-6	0.000000E+0	2.682962E-6	1.158755E-4	0.000000E+0	0.000000E+0	0.000000E+0
1.717417E+2	-8.556170E+3	-3.030000E-1	-1.432962E-18	1.659667E-18	1.232747E-7	0.000000E+0	2.344995E-6	1.168277E-4	0.000000E+0	0.000000E+0	0.000000E+0
1.626992E+2	-8.486113E+3	-2.670000E-1	9.169370E+16	2.296609E-18	3.723802E-6	0.000000E+0	2.258438E-6	1.177963E-4	0.000000E+0	0.000000E+0	0.000000E+0
1.610986E+2	-8.420469E+3	-2.320000E-1	4.020179E+17	1.945249E+17	4.287655E-6	0.000000E+0	2.271226E-6	1.187148E-4	0.000000E+0	0.000000E+0	0.000000E+0
1.567583E+2	-8.352770E+3	-1.960000E-1	1.297458E-18	4.035830E-18	2.780954E-6	0.000000E+0	2.246035E-6	1.196786E-4	0.000000E+0	0.000000E+0	0.000000E+0
1.508335E+2	-8.291578E+3	-1.610000E-1	-2.680827E+17	-5.492346E+17	2.323348E-6	0.000000E+0	2.193208E-6	1.205644E-4	0.000000E+0	0.000000E+0	0.000000E+0
1.546182E+2	-8.227730E+3	-1.250000E-1	5.241939E+17	-4.156391E-18	3.059040E-7	0.000000E+0	2.283217E-6	1.214973E-4	0.000000E+0	0.000000E+0	0.000000E+0
1.836982E+2	-8.168979E+3	-9.000000E-2	2.579781E+17	4.569569E-19	3.423384E-6	0.000000E+0	2.751375E-6	1.223524E-4	0.000000E+0	0.000000E+0	0.000000E+0
1.905117E+2	-8.107062E+3	-5.400000E-2	2.915631E-18	4.874939E+16	3.845123E-7	0.000000E+0	2.897043E-6	1.232812E-4	0.000000E+0	0.000000E+0	0.000000E+0
1.801396E+2	-8.047778E+3	-1.900000E-2	-1.980651E+17	1.958093E+16	2.480534E-6	0.000000E+0	2.779967E-6	1.241957E-4	0.000000E+0	0.000000E+0	0.000000E+0
1.939126E+2	-7.987562E+3	1.600000E-2	-2.714796E-18	3.559669E+13	4.907575E-7	0.000000E+0	3.037538E-6	1.251209E-4	0.000000E+0	0.000000E+0	0.000000E+0
1.784751E+2	-7.928149E+3	5.200000E-2	5.785012E-19	5.234687E+17	-1.526686E-6	0.000000E+0	2.838010E-6	1.260690E-4	0.000000E+0	0.000000E+0	0.000000E+0
1.589912E+2	-7.872649E+3	8.700000E-2	-2.375065E+17	1.295985E-19	1.590794E-6	0.000000E+0	2.564214E-6	1.269703E-4	0.000000E+0	0.000000E+0	0.000000E+0
1.315117E+2	-7.814271E+3	1.230000E-1	-5.351627E-18	2.391872E+17	3.148435E-6	0.000000E+0	2.153101E-6	1.279348E-4	0.000000E+0	0.000000E+0	0.000000E+0
1.539419E+2	-7.761173E+3	1.580000E-1	2.587907E+17	2.524315E-18	-8.842271E-7	0.000000E+0	2.554649E-6	1.287958E-4	0.000000E+0	0.000000E+0	0.000000E+0
1.522944E+2	-7.706834E+3	1.940000E-1	-3.127958E+17	-9.739274E-19	2.205586E-6	0.000000E+0	2.563081E-6	1.297043E-4	0.000000E+0	0.000000E+0	0.000000E+0
1.514785E+2	-7.656939E+3	2.290000E-1	6.653737E-18	-4.395315E+17	1.747980E-6	0.000000E+0	2.582680E-6	1.305494E-4	0.000000E+0	0.000000E+0	0.000000E+0
1.597139E+2	-7.605104E+3	2.650000E-1	-1.137863E-18	-4.190346E+17	1.773451E-6	0.000000E+0	2.760202E-6	1.314327E-4	0.000000E+0	0.000000E+0	0.000000E+0
1.705498E+2	-7.560002E+3	3.000000E-1	-9.275714E-19	-3.780149E-18	2.848015E-6	0.000000E+0	2.982541E-6	1.322078E-4	0.000000E+0	0.000000E+0	0.000000E+0
