Real / Ohm	Ximag / Ohm	V_DC / V	I_a c / A	V_ac / V	I_DC / A
1.787852E+2	-1.093864E+4	3.000000E-1	-9.275714E-19	-3.780149E-18	3.869472E-6	1.000000E+6	1.493788E-6	9.139463E-5	0.000000E+0	0.000000E+0	0.000000E+0
1.652256E+2	-1.108049E+4	2.650000E-1	-1.137863E-18	-4.190346E+17	2.412798E-7	0.000000E+0	1.345435E-6	9.022865E-5	0.000000E+0	0.000000E+0	0.000000E+0
2.020869E+2	-1.119136E+4	2.290000E-1	6.653737E-18	-4.395315E+17	3.280151E-6	0.000000E+0	1.612987E-6	8.932552E-5	0.000000E+0	0.000000E+0	0.000000E+0
1.895869E+2	-1.131928E+4	1.940000E-1	-3.127958E+17	-9.739274E-19	3.737756E-6	0.000000E+0	1.479275E-6	8.832007E-5	0.000000E+0	0.000000E+0	0.000000E+0
2.026953E+2	-1.144850E+4	1.580000E-1	2.587907E+17	2.524315E-18	6.479440E-7	0.000000E+0	1.546003E-6	8.732032E-5	0.000000E+0	0.000000E+0	0.000000E+0
1.953750E+2	-1.158513E+4	1.230000E-1	-5.351627E-18	2.391872E+17	2.126978E-6	0.000000E+0	1.455270E-6	8.629300E-5	0.000000E+0	0.000000E+0	0.000000E+0
1.809385E+2	-1.173496E+4	8.700000E-2	-2.375065E+17	1.295985E-19	2.101537E-6	0.000000E+0	1.313604E-6	8.519520E-5	0.000000E+0	0.000000E+0	0.000000E+0
1.488604E+2	-1.189228E+4	5.200000E-2	5.785012E-19	5.234687E+17	3.580571E-6	0.000000E+0	1.052400E-6	8.407499E-5	0.000000E+0	0.000000E+0	0.000000E+0
2.055273E+2	-1.205469E+4	1.600000E-2	-2.714796E-18	3.559669E+13	3.044386E-6	0.000000E+0	1.413941E-6	8.293116E-5	0.000000E+0	0.000000E+0	0.000000E+0
2.027803E+2	-1.224392E+4	-1.900000E-2	-1.980651E+17	1.958093E+16	3.501992E-6	0.000000E+0	1.352277E-6	8.165079E-5	0.000000E+0	0.000000E+0	0.000000E+0
1.761592E+2	-1.245533E+4	-5.400000E-2	2.915631E-18	4.874939E+16	3.448854E-6	0.000000E+0	1.135293E-6	8.027086E-5	0.000000E+0	0.000000E+0	0.000000E+0
1.569355E+2	-1.268606E+4	-9.000000E-2	2.579781E+17	4.569569E-19	1.891213E-6	0.000000E+0	9.749924E-7	7.881462E-5	0.000000E+0	0.000000E+0	0.000000E+0
1.837734E+2	-1.294481E+4	-1.250000E-1	5.241939E+17	-4.156391E-18	2.348818E-6	0.000000E+0	1.096488E-6	7.723547E-5	0.000000E+0	0.000000E+0	0.000000E+0
1.755518E+2	-1.325083E+4	-1.610000E-1	-2.680827E+17	-5.492346E+17	5.387690E-6	0.000000E+0	9.996383E-7	7.545373E-5	0.000000E+0	0.000000E+0	0.000000E+0
2.324951E+2	-1.359601E+4	-1.960000E-1	1.297458E-18	4.035830E-18	3.291668E-6	0.000000E+0	1.257372E-6	7.352949E-5	0.000000E+0	0.000000E+0	0.000000E+0
2.455967E+2	-1.400908E+4	-2.320000E-1	4.020179E+17	1.945249E+17	3.266197E-6	0.000000E+0	1.251036E-6	7.136034E-5	0.000000E+0	0.000000E+0	0.000000E+0
2.114297E+2	-1.451336E+4	-2.670000E-1	9.169370E+16	2.296609E-18	1.170174E-6	0.000000E+0	1.003547E-6	6.888741E-5	0.000000E+0	0.000000E+0	0.000000E+0
2.569863E+2	-1.517602E+4	-3.030000E-1	-1.432962E-18	1.659667E-18	3.698331E-6	0.000000E+0	1.115500E-6	6.587454E-5	0.000000E+0	0.000000E+0	0.000000E+0
2.464023E+2	-1.603382E+4	-3.380000E-1	5.364476E+17	-2.872230E+17	5.177395E-6	0.000000E+0	9.582265E-7	6.235344E-5	0.000000E+0	0.000000E+0	0.000000E+0
3.215439E+2	-1.715795E+4	-3.730000E-1	5.229813E-18	-4.922483E+17	3.592088E-6	0.000000E+0	1.091835E-6	5.826156E-5	0.000000E+0	0.000000E+0	0.000000E+0
3.467949E+2	-1.863199E+4	-4.090000E-1	7.433461E+16	-3.421240E+17	3.055902E-6	0.000000E+0	9.986281E-7	5.365254E-5	0.000000E+0	0.000000E+0	0.000000E+0
3.312949E+2	-2.023810E+4	-4.440000E-1	-2.820974E+17	-3.573572E+17	4.024223E-6	0.000000E+0	8.086469E-7	4.939852E-5	0.000000E+0	0.000000E+0	0.000000E+0
3.425938E+2	-2.191395E+4	-4.800000E-1	3.883601E+17	-5.707470E+17	3.488038E-6	0.000000E+0	7.132340E-7	4.562188E-5	0.000000E+0	0.000000E+0	0.000000E+0
5.032461E+2	-2.339146E+4	-5.150000E-1	-5.196819E+17	1.790907E+17	1.902728E-6	0.000000E+0	9.193159E-7	4.273087E-5	0.000000E+0	0.000000E+0	0.000000E+0
6.636328E+2	-2.500621E+4	-5.510000E-1	-1.554615E+17	1.089551E+17	8.558309E-7	0.000000E+0	1.060538E-6	3.996192E-5	0.000000E+0	0.000000E+0	0.000000E+0
8.249492E+2	-2.671744E+4	-5.860000E-1	2.547940E-18	-3.572836E+16	1.824148E-6	0.000000E+0	1.154579E-6	3.739309E-5	0.000000E+0	0.000000E+0	0.000000E+0
1.058105E+3	-2.891933E+4	-6.220000E-1	-6.904437E-18	-8.375564E+16	5.884478E-6	0.000000E+0	1.263489E-6	3.453272E-5	0.000000E+0	0.000000E+0	0.000000E+0
1.291023E+3	-3.186997E+4	-6.570000E-1	-4.344318E+17	2.055147E+17	2.766999E-6	0.000000E+0	1.268991E-6	3.132609E-5	0.000000E+0	0.000000E+0	0.000000E+0
1.558855E+3	-3.619663E+4	-6.920000E-1	-7.966684E-19	6.323277E-18	1.602311E-7	0.000000E+0	1.187585E-6	2.757574E-5	0.000000E+0	0.000000E+0	0.000000E+0
1.900510E+3	-4.295323E+4	-7.280000E-1	4.752240E+17	-1.630679E-19	1.156219E-6	0.000000E+0	1.028085E-6	2.323565E-5	0.000000E+0	0.000000E+0	0.000000E+0
2.578441E+3	-5.220355E+4	-7.630000E-1	1.388541E-18	6.784133E-18	2.124543E-6	0.000000E+0	9.438412E-7	1.910917E-5	0.000000E+0	0.000000E+0	0.000000E+0
3.406137E+3	-6.409519E+4	-7.990000E-1	4.766215E-20	4.558806E+17	3.120527E-6	0.000000E+0	8.267734E-7	1.555786E-5	0.000000E+0	0.000000E+0	0.000000E+0
4.408938E+3	-7.569334E+4	-8.340000E-1	-3.851510E-18	-6.447272E-18	5.137917E-7	0.000000E+0	7.669158E-7	1.316653E-5	0.000000E+0	0.000000E+0	0.000000E+0
5.650633E+3	-8.489355E+4	-8.700000E-1	-4.316353E+17	4.857998E-18	2.020493E-6	0.000000E+0	7.805988E-7	1.172750E-5	0.000000E+0	0.000000E+0	0.000000E+0
7.300758E+3	-9.063959E+4	-9.050000E-1	4.155990E+17	-1.823473E+17	1.967353E-6	0.000000E+0	8.829245E-7	1.096159E-5	0.000000E+0	0.000000E+0	0.000000E+0
8.899031E+3	-9.574564E+4	-9.410000E-1	-3.194767E-18	5.558819E-18	1.431170E-6	0.000000E+0	9.624299E-7	1.035489E-5	0.000000E+0	0.000000E+0	0.000000E+0
9.726406E+3	-1.002061E+5	-9.760000E-1	-3.021231E-18	1.453293E+17	1.378063E-6	0.000000E+0	9.596029E-7	9.886289E-6	0.000000E+0	0.000000E+0	0.000000E+0
9.896625E+3	-1.047293E+5	-1.011000E+0	-1.067025E+17	-4.510080E+17	2.857094E-6	0.000000E+0	8.943135E-7	9.463916E-6	0.000000E+0	0.000000E+0	0.000000E+0
9.796172E+3	-1.092288E+5	-1.047000E+0	-4.715168E+17	-5.436513E+17	3.853078E-6	0.000000E+0	8.145221E-7	9.082044E-6	0.000000E+0	0.000000E+0	0.000000E+0
9.541563E+3	-1.133203E+5	-1.082000E+0	-3.096135E+17	4.406614E-18	2.778514E-6	0.000000E+0	7.377954E-7	8.762422E-6	0.000000E+0	0.000000E+0	0.000000E+0
9.188758E+3	-1.168670E+5	-1.118000E+0	-9.427576E-19	-9.422141E-19	3.263762E-6	0.000000E+0	6.686463E-7	8.504163E-6	0.000000E+0	0.000000E+0	0.000000E+0
8.996734E+3	-1.201506E+5	-1.153000E+0	-4.717429E+17	-4.925467E+17	-8.751813E-7	0.000000E+0	6.197332E-7	8.276483E-6	0.000000E+0	0.000000E+0	0.000000E+0
8.949273E+3	-1.236159E+5	-1.189000E+0	-2.971689E+17	-4.901914E-18	6.315531E-7	0.000000E+0	5.825978E-7	8.047397E-6	0.000000E+0	0.000000E+0	0.000000E+0
8.687438E+3	-1.266552E+5	-1.224000E+0	-1.478444E+17	2.700612E+17	3.132045E-6	0.000000E+0	5.390229E-7	7.858479E-6	0.000000E+0	0.000000E+0	0.000000E+0
8.786609E+3	-1.296963E+5	-1.259000E+0	-5.609192E+17	2.120590E-18	2.568187E-6	0.000000E+0	5.199689E-7	7.675094E-6	0.000000E+0	0.000000E+0	0.000000E+0
8.702250E+3	-1.314913E+5	-1.295000E+0	-1.696221E+17	-6.427781E-19	5.607086E-6	0.000000E+0	5.011174E-7	7.571901E-6	0.000000E+0	0.000000E+0	0.000000E+0
8.633727E+3	-1.351059E+5	-1.330000E+0	2.837111E-18	-1.599031E-19	9.574142E-7	0.000000E+0	4.710639E-7	7.371499E-6	0.000000E+0	0.000000E+0	0.000000E+0
8.402500E+3	-1.375127E+5	-1.366000E+0	-4.319920E+17	-4.172230E+17	3.996312E-6	0.000000E+0	4.426948E-7	7.245005E-6	0.000000E+0	0.000000E+0	0.000000E+0
8.277578E+3	-1.395921E+5	-1.401000E+0	-5.506723E-18	4.358505E+16	8.788047E-7	0.000000E+0	4.233087E-7	7.138628E-6	0.000000E+0	0.000000E+0	0.000000E+0
8.338078E+3	-1.417455E+5	-1.437000E+0	4.410889E+17	3.940187E-18	2.385510E-6	0.000000E+0	4.135683E-7	7.030570E-6	0.000000E+0	0.000000E+0	0.000000E+0
8.477492E+3	-1.438134E+5	-1.472000E+0	3.887097E+16	1.860550E+17	1.821682E-6	0.000000E+0	4.084719E-7	6.929376E-6	0.000000E+0	0.000000E+0	0.000000E+0
8.087023E+3	-1.456112E+5	-1.508000E+0	-4.775830E-18	6.132215E-18	2.817666E-6	0.000000E+0	3.802433E-7	6.846485E-6	0.000000E+0	0.000000E+0	0.000000E+0
8.125273E+3	-1.470076E+5	-1.543000E+0	-1.773302E-18	1.902529E-18	3.275280E-6	0.000000E+0	3.748294E-7	6.781652E-6	0.000000E+0	0.000000E+0	0.000000E+0
8.128773E+3	-1.485762E+5	-1.578000E+0	-7.520591E+15	-3.386204E-18	2.200679E-6	0.000000E+0	3.671373E-7	6.710467E-6	0.000000E+0	0.000000E+0	0.000000E+0
8.363531E+3	-1.502418E+5	-1.614000E+0	2.088264E+17	-2.556168E+17	1.664463E-6	0.000000E+0	3.693724E-7	6.635375E-6	0.000000E+0	0.000000E+0	0.000000E+0
7.949805E+3	-1.516093E+5	-1.649000E+0	5.232688E+17	-4.633991E+17	3.654277E-6	0.000000E+0	3.449152E-7	6.577815E-6	0.000000E+0	0.000000E+0	0.000000E+0
7.930531E+3	-1.516506E+5	-1.685000E+0	-1.291944E-18	-5.342346E-18	5.371840E-8	0.000000E+0	3.438966E-7	6.576121E-6	0.000000E+0	0.000000E+0	0.000000E+0
8.326555E+3	-1.539526E+5	-1.720000E+0	-5.203440E-18	3.830367E-18	1.532753E-6	0.000000E+0	3.502860E-7	6.476560E-6	0.000000E+0	0.000000E+0	0.000000E+0
8.114641E+3	-1.549675E+5	-1.756000E+0	2.472319E-19	-1.518024E+17	2.528745E-6	0.000000E+0	3.369759E-7	6.435321E-6	0.000000E+0	0.000000E+0	0.000000E+0
8.072227E+3	-1.556747E+5	-1.791000E+0	1.311717E+15	5.157902E-18	-7.799827E-8	0.000000E+0	3.321935E-7	6.406426E-6	0.000000E+0	0.000000E+0	0.000000E+0
8.224547E+3	-1.564529E+5	-1.827000E+0	-1.016338E-18	-5.687810E-18	2.450186E-6	0.000000E+0	3.350783E-7	6.374085E-6	0.000000E+0	0.000000E+0	0.000000E+0
8.179070E+3	-1.571620E+5	-1.862000E+0	-6.256276E-18	1.399337E+17	3.929228E-6	0.000000E+0	3.302434E-7	6.345675E-6	0.000000E+0	0.000000E+0	0.000000E+0
7.974672E+3	-1.570798E+5	-1.897000E+0	2.698511E+17	2.405250E+17	3.876055E-6	0.000000E+0	3.223697E-7	6.349825E-6	0.000000E+0	0.000000E+0	0.000000E+0
7.995867E+3	-1.572419E+5	-1.933000E+0	-3.870894E-18	-2.240669E+17	1.296983E-6	0.000000E+0	3.225577E-7	6.343226E-6	0.000000E+0	0.000000E+0	0.000000E+0
8.090164E+3	-1.578474E+5	-1.968000E+0	8.610784E+16	1.699868E-17	2.265311E-6	0.000000E+0	3.238494E-7	6.318634E-6	0.000000E+0	0.000000E+0	0.000000E+0
7.945125E+3	-1.578021E+5	-2.004000E+0	2.127762E-18	3.273865E+15	2.750574E-6	0.000000E+0	3.182553E-7	6.321028E-6	0.000000E+0	0.000000E+0	0.000000E+0
8.151687E+3	-1.582665E+5	-2.039000E+0	8.036571E+16	-4.936752E+17	2.697474E-6	0.000000E+0	3.245779E-7	6.301739E-6	0.000000E+0	0.000000E+0	0.000000E+0
7.951742E+3	-1.569469E+5	-2.075000E+0	-6.504745E+16	2.369913E+17	3.693451E-6	0.000000E+0	3.219908E-7	6.355268E-6	0.000000E+0	0.000000E+0	0.000000E+0
8.141336E+3	-1.588658E+5	-2.110000E+0	5.942414E-18	5.135457E+17	3.640278E-6	0.000000E+0	3.217331E-7	6.278133E-6	0.000000E+0	0.000000E+0	0.000000E+0
7.676781E+3	-1.583922E+5	-2.146000E+0	-5.521899E-18	3.493290E-18	2.593413E-6	0.000000E+0	3.052759E-7	6.298646E-6	0.000000E+0	0.000000E+0	0.000000E+0
8.176859E+3	-1.586236E+5	-2.181000E+0	2.907620E+17	-1.496570E-18	4.973408E-7	0.000000E+0	3.241144E-7	6.287524E-6	0.000000E+0	0.000000E+0	0.000000E+0
8.066008E+3	-1.583823E+5	-2.216000E+0	-2.654747E-18	4.664409E-18	4.530069E-6	0.000000E+0	3.207159E-7	6.297504E-6	0.000000E+0	0.000000E+0	0.000000E+0
8.168281E+3	-1.583672E+5	-2.252000E+0	6.234127E-18	-3.929323E-18	1.440218E-6	0.000000E+0	3.248227E-7	6.297685E-6	0.000000E+0	0.000000E+0	0.000000E+0
8.073477E+3	-1.580163E+5	-2.287000E+0	8.250878E-19	2.832976E+17	4.451445E-6	0.000000E+0	3.224962E-7	6.311984E-6	0.000000E+0	0.000000E+0	0.000000E+0
8.282859E+3	-1.575719E+5	-2.323000E+0	4.508571E+17	-2.686618E+17	1.361608E-6	0.000000E+0	3.326782E-7	6.328822E-6	0.000000E+0	0.000000E+0	0.000000E+0
8.130836E+3	-1.575932E+5	-2.358000E+0	2.517955E+17	3.793714E+16	3.351408E-6	0.000000E+0	3.265169E-7	6.328605E-6	0.000000E+0	0.000000E+0	0.000000E+0
8.202773E+3	-1.570491E+5	-2.394000E+0	-6.627993E-18	5.176251E+17	7.722847E-7	0.000000E+0	3.316703E-7	6.350112E-6	0.000000E+0	0.000000E+0	0.000000E+0
8.196750E+3	-1.572341E+5	-2.429000E+0	-5.704680E+17	1.371951E+17	2.084707E-7	0.000000E+0	3.306508E-7	6.342706E-6	0.000000E+0	0.000000E+0	0.000000E+0
8.366875E+3	-1.551116E+5	-2.465000E+0	-1.853759E+17	6.906363E-18	1.715161E-6	0.000000E+0	3.467472E-7	6.428267E-6	0.000000E+0	0.000000E+0	0.000000E+0
8.221984E+3	-1.560767E+5	-2.500000E+0	-3.567381E+17	-5.153844E-18	2.683490E-6	0.000000E+0	3.365867E-7	6.389375E-6	0.000000E+0	0.000000E+0	0.000000E+0
