Real / Ohm	Ximag / Ohm	V_DC / V	I_a c / A	V_ac / V	I_DC / A
3.273539E+3	-1.200258E+5	-2.500000E+0	-3.567381E+17	-4.283094E-18	-3.808527E-7	1.000000E+6	2.270625E-7	8.325349E-6	0.000000E+0	0.000000E+0	0.000000E+0
3.521262E+3	-1.143657E+5	-2.465000E+0	-4.691027E+17	6.689522E-18	1.830194E-7	0.000000E+0	2.689647E-7	8.735599E-6	0.000000E+0	0.000000E+0	0.000000E+0
3.465664E+3	-1.108404E+5	-2.429000E+0	-5.704680E+17	1.371951E+17	1.229899E-6	0.000000E+0	2.818162E-7	9.013170E-6	0.000000E+0	0.000000E+0	0.000000E+0
3.534672E+3	-1.074627E+5	-2.394000E+0	-6.627991E-18	5.176248E+17	-1.270571E-6	0.000000E+0	3.057483E-7	9.295498E-6	0.000000E+0	0.000000E+0	0.000000E+0
3.385523E+3	-1.043746E+5	-2.358000E+0	2.517955E+17	3.793721E+16	-7.344206E-7	0.000000E+0	3.104413E-7	9.570805E-6	0.000000E+0	0.000000E+0	0.000000E+0
3.534445E+3	-1.013739E+5	-2.323000E+0	4.508571E+17	-2.686618E+17	2.383094E-6	0.000000E+0	3.435115E-7	9.852495E-6	0.000000E+0	0.000000E+0	0.000000E+0
3.608430E+3	-9.817698E+4	-2.287000E+0	8.250878E-19	2.835790E+17	8.763891E-7	0.000000E+0	3.738632E-7	1.017195E-5	0.000000E+0	0.000000E+0	0.000000E+0
3.564438E+3	-9.494389E+4	-2.252000E+0	6.234127E-18	-3.929322E-18	1.950932E-6	0.000000E+0	3.948620E-7	1.051771E-5	0.000000E+0	0.000000E+0	0.000000E+0
3.536676E+3	-9.159700E+4	-2.216000E+0	-2.654959E-18	4.664198E-18	1.465669E-6	0.000000E+0	4.209067E-7	1.090114E-5	0.000000E+0	0.000000E+0	0.000000E+0
3.639691E+3	-8.810089E+4	-2.181000E+0	2.907620E+17	-1.496570E-18	2.029541E-6	0.000000E+0	4.681266E-7	1.133128E-5	0.000000E+0	0.000000E+0	0.000000E+0
3.721461E+3	-8.467611E+4	-2.146000E+0	-2.052875E-18	3.493290E-18	1.061213E-6	0.000000E+0	5.180285E-7	1.178694E-5	0.000000E+0	0.000000E+0	0.000000E+0
3.637301E+3	-8.121319E+4	-2.110000E+0	5.725574E-18	5.135446E+17	5.759357E-7	0.000000E+0	5.503714E-7	1.228862E-5	0.000000E+0	0.000000E+0	0.000000E+0
3.709914E+3	-7.812506E+4	-2.075000E+0	-6.504745E+16	2.369919E+17	4.204165E-6	0.000000E+0	6.064638E-7	1.277119E-5	0.000000E+0	0.000000E+0	0.000000E+0
3.721340E+3	-7.509180E+4	-2.039000E+0	-4.960950E+17	9.965210E-19	-2.409783E-6	0.000000E+0	6.583382E-7	1.328441E-5	0.000000E+0	0.000000E+0	0.000000E+0
3.728701E+3	-7.215755E+4	-2.004000E+0	2.127762E-18	9.311133E+1	1.729146E-6	0.000000E+0	7.142264E-7	1.382166E-5	0.000000E+0	0.000000E+0	0.000000E+0
3.670668E+3	-6.923973E+4	-1.968000E+0	8.610729E+16	4.249670E-18	2.776025E-6	0.000000E+0	7.635114E-7	1.440210E-5	0.000000E+0	0.000000E+0	0.000000E+0
3.678193E+3	-6.680709E+4	-1.933000E+0	-3.870907E-18	-2.240669E+17	2.755551E-7	0.000000E+0	8.216274E-7	1.492323E-5	0.000000E+0	0.000000E+0	0.000000E+0
3.655918E+3	-6.525020E+4	-1.897000E+0	2.698511E+17	-3.360764E+17	-7.204289E-7	0.000000E+0	8.559956E-7	1.527766E-5	0.000000E+0	0.000000E+0	0.000000E+0
3.687807E+3	-6.450392E+4	-1.862000E+0	-6.256276E-18	1.218838E+17	3.541136E-7	0.000000E+0	8.834434E-7	1.545243E-5	0.000000E+0	0.000000E+0	0.000000E+0
3.735752E+3	-6.377030E+4	-1.827000E+0	-1.006173E-18	-5.687810E-18	1.939414E-6	0.000000E+0	9.154893E-7	1.562765E-5	0.000000E+0	0.000000E+0	0.000000E+0
3.722488E+3	-6.300663E+4	-1.791000E+0	1.311717E+15	5.049482E-18	2.986344E-6	0.000000E+0	9.344316E-7	1.581614E-5	0.000000E+0	0.000000E+0	0.000000E+0
3.713723E+3	-6.230215E+4	-1.756000E+0	3.716679E-18	4.245176E+17	9.966025E-7	0.000000E+0	9.533735E-7	1.599398E-5	0.000000E+0	0.000000E+0	0.000000E+0
3.702555E+3	-6.145839E+4	-1.720000E+0	-5.203440E-18	3.830367E-18	4.597096E-6	0.000000E+0	9.767103E-7	1.621233E-5	0.000000E+0	0.000000E+0	0.000000E+0
3.684338E+3	-6.068159E+4	-1.685000E+0	-1.183523E-18	-5.342346E-18	1.075146E-6	0.000000E+0	9.968906E-7	1.641894E-5	0.000000E+0	0.000000E+0	0.000000E+0
3.733854E+3	-5.980298E+4	-1.649000E+0	-5.319197E+16	-3.192840E+17	1.611363E-6	0.000000E+0	1.039973E-6	1.665664E-5	0.000000E+0	0.000000E+0	0.000000E+0
3.706752E+3	-5.881716E+4	-1.614000E+0	2.088264E+17	-2.195880E+17	-1.399880E-6	0.000000E+0	1.067245E-6	1.693458E-5	0.000000E+0	0.000000E+0	0.000000E+0
3.727795E+3	-5.769705E+4	-1.578000E+0	-7.957818E+16	-3.372652E-18	-3.529494E-7	0.000000E+0	1.115156E-6	1.725986E-5	0.000000E+0	0.000000E+0	0.000000E+0
3.777070E+3	-5.658548E+4	-1.543000E+0	-1.773302E-18	1.794108E-18	-2.998349E-7	0.000000E+0	1.174395E-6	1.759399E-5	0.000000E+0	0.000000E+0	0.000000E+0
3.740453E+3	-5.544702E+4	-1.508000E+0	-1.306383E-18	6.138991E-18	1.285465E-6	0.000000E+0	1.211144E-6	1.795353E-5	0.000000E+0	0.000000E+0	0.000000E+0
3.749465E+3	-5.431120E+4	-1.472000E+0	1.829862E+17	1.860550E+17	8.001953E-7	0.000000E+0	1.265102E-6	1.832507E-5	0.000000E+0	0.000000E+0	0.000000E+0
3.644936E+3	-5.318298E+4	-1.437000E+0	4.410889E+17	3.940187E-18	2.385510E-6	0.000000E+0	1.282654E-6	1.871510E-5	0.000000E+0	0.000000E+0	0.000000E+0
3.563221E+3	-5.217255E+4	-1.401000E+0	-5.506723E-18	3.318154E+17	3.432433E-6	0.000000E+0	1.302980E-6	1.907818E-5	0.000000E+0	0.000000E+0	0.000000E+0
3.408125E+3	-5.125443E+4	-1.366000E+0	-4.319920E+17	-4.172230E+17	1.953398E-6	0.000000E+0	1.291626E-6	1.942462E-5	0.000000E+0	0.000000E+0	0.000000E+0
3.239232E+3	-5.034649E+4	-1.330000E+0	6.306558E-18	-1.599031E-19	9.574142E-7	0.000000E+0	1.272652E-6	1.978048E-5	0.000000E+0	0.000000E+0	0.000000E+0
3.079129E+3	-4.945779E+4	-1.295000E+0	-2.041751E-18	-6.427516E-19	2.542714E-6	0.000000E+0	1.253945E-6	2.014119E-5	0.000000E+0	0.000000E+0	0.000000E+0
2.878432E+3	-4.844787E+4	-1.259000E+0	-2.815563E+17	1.903750E-18	3.078901E-6	0.000000E+0	1.222014E-6	2.056814E-5	0.000000E+0	0.000000E+0	0.000000E+0
2.749502E+3	-4.720445E+4	-1.224000E+0	-1.478444E+17	2.700591E+17	6.770279E-8	0.000000E+0	1.229751E-6	2.111281E-5	0.000000E+0	0.000000E+0	0.000000E+0
2.619127E+3	-4.551600E+4	-1.189000E+0	-2.949171E+17	-4.956124E-18	1.653010E-6	0.000000E+0	1.260064E-6	2.189779E-5	0.000000E+0	0.000000E+0	0.000000E+0
2.482311E+3	-4.310879E+4	-1.153000E+0	-4.717429E+17	-4.911393E+17	1.462759E-7	0.000000E+0	1.331334E-6	2.312046E-5	0.000000E+0	0.000000E+0	0.000000E+0
2.323625E+3	-4.008541E+4	-1.118000E+0	-9.427576E-19	-9.426377E-19	1.731591E-6	0.000000E+0	1.441241E-6	2.486319E-5	0.000000E+0	0.000000E+0	0.000000E+0
2.088332E+3	-3.636202E+4	-1.082000E+0	-3.093320E+17	4.406614E-18	1.757056E-6	0.000000E+0	1.574249E-6	2.741081E-5	0.000000E+0	0.000000E+0	0.000000E+0
1.822862E+3	-3.241777E+4	-1.047000E+0	-4.715168E+17	-4.040397E+17	-7.434355E-7	0.000000E+0	1.729086E-6	3.075005E-5	0.000000E+0	0.000000E+0	0.000000E+0
1.561957E+3	-2.845892E+4	-1.011000E+0	4.697494E+17	-5.230656E+17	-7.179624E-7	0.000000E+0	1.922764E-6	3.503284E-5	0.000000E+0	0.000000E+0	0.000000E+0
1.310365E+3	-2.504850E+4	-9.760000E-1	-3.021231E-18	1.442034E+17	3.566056E-7	0.000000E+0	2.082773E-6	3.981359E-5	0.000000E+0	0.000000E+0	0.000000E+0
1.085971E+3	-2.190095E+4	-9.410000E-1	-3.411601E-18	5.558819E-18	2.452627E-6	0.000000E+0	2.258530E-6	4.554813E-5	0.000000E+0	0.000000E+0	0.000000E+0
8.931514E+2	-1.933072E+4	-9.050000E-1	4.155990E+17	-1.817843E+17	1.456639E-6	0.000000E+0	2.385080E-6	5.162093E-5	0.000000E+0	0.000000E+0	0.000000E+0
7.338647E+2	-1.746021E+4	-8.700000E-1	-5.577361E+17	4.857998E-18	-2.239176E-8	0.000000E+0	2.402982E-6	5.717208E-5	0.000000E+0	0.000000E+0	0.000000E+0
6.349375E+2	-1.582713E+4	-8.340000E-1	-3.849816E-18	-6.874137E-18	3.067420E-6	0.000000E+0	2.530628E-6	6.308113E-5	0.000000E+0	0.000000E+0	0.000000E+0
5.406265E+2	-1.460080E+4	-7.990000E-1	4.766215E-20	4.558806E+17	5.163442E-6	0.000000E+0	2.532497E-6	6.839563E-5	0.000000E+0	0.000000E+0	0.000000E+0
4.665688E+2	-1.360620E+4	-7.630000E-1	1.388541E-18	6.784126E-18	8.165807E-8	0.000000E+0	2.517281E-6	7.340959E-5	0.000000E+0	0.000000E+0	0.000000E+0
4.089858E+2	-1.284819E+4	-7.280000E-1	3.266052E+17	-3.794914E-19	2.688390E-6	0.000000E+0	2.475053E-6	7.775319E-5	0.000000E+0	0.000000E+0	0.000000E+0
3.563218E+2	-1.221044E+4	-6.920000E-1	-7.907392E-19	6.323277E-18	-3.504829E-7	0.000000E+0	2.387867E-6	8.182745E-5	0.000000E+0	0.000000E+0	0.000000E+0
3.195903E+2	-1.170637E+4	-6.570000E-1	-4.524484E+17	2.055147E+17	2.766999E-6	0.000000E+0	2.330373E-6	8.535996E-5	0.000000E+0	0.000000E+0	0.000000E+0
2.898198E+2	-1.128748E+4	-6.220000E-1	-6.904437E-18	-8.375564E+16	2.820136E-6	0.000000E+0	2.273253E-6	8.853537E-5	0.000000E+0	0.000000E+0	0.000000E+0
2.630928E+2	-1.091166E+4	-5.860000E-1	2.547933E-18	-2.658042E+16	2.845576E-6	0.000000E+0	2.208386E-6	9.159184E-5	0.000000E+0	0.000000E+0	0.000000E+0
2.404033E+2	-1.059602E+4	-5.510000E-1	-1.554615E+17	1.089529E+17	-1.187083E-6	0.000000E+0	2.140087E-6	9.432650E-5	0.000000E+0	0.000000E+0	0.000000E+0
2.209536E+2	-1.030984E+4	-5.150000E-1	-5.196808E+17	2.162502E-18	3.705572E-7	0.000000E+0	2.077772E-6	9.695019E-5	0.000000E+0	0.000000E+0	0.000000E+0
1.806211E+2	-1.008113E+4	-4.800000E-1	3.883601E+17	-5.707470E+17	4.236954E-7	0.000000E+0	1.776686E-6	9.916340E-5	0.000000E+0	0.000000E+0	0.000000E+0
1.936631E+2	-9.850488E+3	-4.440000E-1	-2.820974E+17	-3.562291E+17	2.492052E-6	0.000000E+0	1.995095E-6	1.014786E-4	0.000000E+0	0.000000E+0	0.000000E+0
1.794180E+2	-9.645113E+3	-4.090000E-1	7.433461E+16	-3.421229E+17	1.012988E-6	0.000000E+0	1.927974E-6	1.036436E-4	0.000000E+0	0.000000E+0	0.000000E+0
1.697520E+2	-9.450814E+3	-3.730000E-1	5.229813E-18	8.421242E+16	1.700209E-8	0.000000E+0	1.899925E-6	1.057769E-4	0.000000E+0	0.000000E+0	0.000000E+0
1.630205E+2	-9.278742E+3	-3.380000E-1	5.319462E+17	-2.871880E+17	1.091596E-6	0.000000E+0	1.892910E-6	1.077400E-4	0.000000E+0	0.000000E+0	0.000000E+0
1.535669E+2	-9.121383E+3	-3.030000E-1	-4.035047E-18	1.659667E-18	2.166160E-6	0.000000E+0	1.845241E-6	1.096014E-4	0.000000E+0	0.000000E+0	0.000000E+0
1.466230E+2	-8.968172E+3	-2.670000E-1	9.211592E+16	2.295762E-18	1.680917E-6	0.000000E+0	1.822545E-6	1.114756E-4	0.000000E+0	0.000000E+0	0.000000E+0
1.429910E+2	-8.833525E+3	-2.320000E-1	4.020179E+17	1.922731E+17	2.244769E-6	0.000000E+0	1.832006E-6	1.131754E-4	0.000000E+0	0.000000E+0	0.000000E+0
1.357046E+2	-8.701904E+3	-1.960000E-1	1.731139E-18	4.035830E-18	2.270211E-6	0.000000E+0	1.791680E-6	1.148894E-4	0.000000E+0	0.000000E+0	0.000000E+0
1.313057E+2	-8.581049E+3	-1.610000E-1	-2.680828E+17	-5.132047E+17	1.812634E-6	0.000000E+0	1.782794E-6	1.165086E-4	0.000000E+0	0.000000E+0	0.000000E+0
1.278389E+2	-8.463305E+3	-1.250000E-1	5.241939E+17	-4.155966E-18	1.838075E-6	0.000000E+0	1.784366E-6	1.181302E-4	0.000000E+0	0.000000E+0	0.000000E+0
1.012979E+2	-8.360570E+3	-9.000000E-2	2.579781E+17	4.569569E-19	8.697557E-7	0.000000E+0	1.448988E-6	1.195915E-4	0.000000E+0	0.000000E+0	0.000000E+0
1.229333E+2	-8.255023E+3	-5.400000E-2	2.915631E-18	5.325299E+16	1.916684E-6	0.000000E+0	1.803585E-6	1.211115E-4	0.000000E+0	0.000000E+0	0.000000E+0
1.196450E+2	-8.156657E+3	-1.900000E-2	-1.980651E+17	1.958093E+16	-5.838078E-7	0.000000E+0	1.797946E-6	1.225729E-4	0.000000E+0	0.000000E+0	0.000000E+0
1.170156E+2	-8.060959E+3	1.600000E-2	-2.769006E-18	5.985466E+14	1.512215E-6	0.000000E+0	1.800441E-6	1.240286E-4	0.000000E+0	0.000000E+0	0.000000E+0
1.175730E+2	-7.967377E+3	5.200000E-2	6.327113E-19	3.793536E+17	3.069857E-6	0.000000E+0	1.851750E-6	1.254845E-4	0.000000E+0	0.000000E+0	0.000000E+0
1.136577E+2	-7.881619E+3	8.700000E-2	-2.374011E+17	1.295985E-19	3.633708E-6	0.000000E+0	1.829269E-6	1.268511E-4	0.000000E+0	0.000000E+0	0.000000E+0
1.126904E+2	-7.796913E+3	1.230000E-1	-5.351625E-18	2.346836E+17	1.616264E-6	0.000000E+0	1.853322E-6	1.282291E-4	0.000000E+0	0.000000E+0	0.000000E+0
1.144985E+2	-7.721451E+3	1.580000E-1	2.587907E+17	-3.980899E-18	6.479440E-7	0.000000E+0	1.920023E-6	1.294809E-4	0.000000E+0	0.000000E+0	0.000000E+0
1.124253E+2	-7.646154E+3	1.940000E-1	-3.127958E+17	-9.739208E-19	1.694842E-6	0.000000E+0	1.922579E-6	1.307564E-4	0.000000E+0	0.000000E+0	0.000000E+0
1.114863E+2	-7.577015E+3	2.290000E-1	6.653843E-18	-4.395667E+17	3.280151E-6	0.000000E+0	1.941472E-6	1.319495E-4	0.000000E+0	0.000000E+0	0.000000E+0
1.112371E+2	-7.506397E+3	2.650000E-1	-1.137863E-18	-4.190346E+17	1.262737E-6	0.000000E+0	1.973746E-6	1.331905E-4	0.000000E+0	0.000000E+0	0.000000E+0
8.860156E+1	-7.444881E+3	3.000000E-1	-9.275714E-19	-3.780148E-18	2.337301E-6	0.000000E+0	1.598322E-6	1.343015E-4	0.000000E+0	0.000000E+0	0.000000E+0
