Real / Ohm	Ximag / Ohm	V_DC / V	I_a c / A	V_ac / V	I_DC / A
4.955172E+3	-1.337189E+5	-2.500000E+0	-3.567381E+17	-5.153844E-18	2.172776E-6	1.000000E+6	2.767433E-7	7.468119E-6	0.000000E+0	0.000000E+0	0.000000E+0
5.002242E+3	-1.299855E+5	-2.465000E+0	-1.853759E+17	6.906363E-18	2.225876E-6	0.000000E+0	2.956189E-7	7.681789E-6	0.000000E+0	0.000000E+0	0.000000E+0
5.122734E+3	-1.266725E+5	-2.429000E+0	-5.704680E+17	1.371951E+17	3.783527E-6	0.000000E+0	3.187333E-7	7.881483E-6	0.000000E+0	0.000000E+0	0.000000E+0
4.968984E+3	-1.243992E+5	-2.394000E+0	-6.627993E-18	5.176251E+17	4.858113E-6	0.000000E+0	3.205827E-7	8.025832E-6	0.000000E+0	0.000000E+0	0.000000E+0
4.960320E+3	-1.216131E+5	-2.358000E+0	2.517955E+17	3.793714E+16	4.883550E-6	0.000000E+0	3.348321E-7	8.209141E-6	0.000000E+0	0.000000E+0	0.000000E+0
4.950219E+3	-1.190124E+5	-2.323000E+0	4.508571E+17	-2.686618E+17	3.404522E-6	0.000000E+0	3.488906E-7	8.387974E-6	0.000000E+0	0.000000E+0	0.000000E+0
5.191828E+3	-1.162067E+5	-2.287000E+0	8.250878E-19	2.832976E+17	3.656169E-7	0.000000E+0	3.837001E-7	8.588213E-6	0.000000E+0	0.000000E+0	0.000000E+0
5.256086E+3	-1.137017E+5	-2.252000E+0	6.234127E-18	-3.929323E-18	4.504560E-6	0.000000E+0	4.056967E-7	8.776189E-6	0.000000E+0	0.000000E+0	0.000000E+0
5.292125E+3	-1.105109E+5	-2.216000E+0	-2.654747E-18	4.664409E-18	4.019297E-6	0.000000E+0	4.323396E-7	9.028177E-6	0.000000E+0	0.000000E+0	0.000000E+0
5.279414E+3	-1.078611E+5	-2.181000E+0	2.907620E+17	-1.496570E-18	2.540255E-6	0.000000E+0	4.527066E-7	9.249025E-6	0.000000E+0	0.000000E+0	0.000000E+0
5.279313E+3	-1.048571E+5	-2.146000E+0	-5.521899E-18	3.493290E-18	2.593413E-6	0.000000E+0	4.789412E-7	9.512675E-6	0.000000E+0	0.000000E+0	0.000000E+0
5.500031E+3	-1.010139E+5	-2.110000E+0	5.942414E-18	5.135457E+17	4.150992E-6	0.000000E+0	5.374242E-7	9.870366E-6	0.000000E+0	0.000000E+0	0.000000E+0
5.701922E+3	-9.797409E+4	-2.075000E+0	-6.504745E+16	2.369913E+17	3.182678E-6	0.000000E+0	5.920117E-7	1.017233E-5	0.000000E+0	0.000000E+0	0.000000E+0
5.705148E+3	-9.439531E+4	-2.039000E+0	8.036571E+16	-4.936752E+17	1.165274E-6	0.000000E+0	6.379440E-7	1.055519E-5	0.000000E+0	0.000000E+0	0.000000E+0
5.846781E+3	-9.075731E+4	-2.004000E+0	2.127762E-18	3.273865E+15	4.282716E-6	0.000000E+0	7.068950E-7	1.097286E-5	0.000000E+0	0.000000E+0	0.000000E+0
5.909922E+3	-8.658200E+4	-1.968000E+0	8.610784E+16	1.699868E-17	3.797511E-6	0.000000E+0	7.847074E-7	1.149618E-5	0.000000E+0	0.000000E+0	0.000000E+0
6.077105E+3	-8.264434E+4	-1.933000E+0	-3.870894E-18	-2.240669E+17	2.318411E-6	0.000000E+0	8.849700E-7	1.203497E-5	0.000000E+0	0.000000E+0	0.000000E+0
6.125137E+3	-7.891605E+4	-1.897000E+0	2.698511E+17	2.405250E+17	2.343913E-6	0.000000E+0	9.776349E-7	1.259581E-5	0.000000E+0	0.000000E+0	0.000000E+0
6.149727E+3	-7.667131E+4	-1.862000E+0	-6.256276E-18	1.399337E+17	2.907742E-6	0.000000E+0	1.039453E-6	1.295931E-5	0.000000E+0	0.000000E+0	0.000000E+0
6.269000E+3	-7.499306E+4	-1.827000E+0	-1.016338E-18	-5.687810E-18	1.939414E-6	0.000000E+0	1.106960E-6	1.324203E-5	0.000000E+0	0.000000E+0	0.000000E+0
6.155816E+3	-7.432303E+4	-1.791000E+0	1.311717E+15	5.157902E-18	1.454202E-6	0.000000E+0	1.106801E-6	1.336311E-5	0.000000E+0	0.000000E+0	0.000000E+0
6.138980E+3	-7.342133E+4	-1.756000E+0	2.472319E-19	-1.518024E+17	4.858884E-7	0.000000E+0	1.130905E-6	1.352546E-5	0.000000E+0	0.000000E+0	0.000000E+0
6.159371E+3	-7.252094E+4	-1.720000E+0	-5.203440E-18	3.830367E-18	1.532753E-6	0.000000E+0	1.162754E-6	1.369037E-5	0.000000E+0	0.000000E+0	0.000000E+0
6.159305E+3	-7.175969E+4	-1.685000E+0	-1.291944E-18	-5.342346E-18	1.075146E-6	0.000000E+0	1.187361E-6	1.383349E-5	0.000000E+0	0.000000E+0	0.000000E+0
6.132156E+3	-7.074334E+4	-1.649000E+0	5.232688E+17	-4.633991E+17	7.916242E-8	0.000000E+0	1.216161E-6	1.403019E-5	0.000000E+0	0.000000E+0	0.000000E+0
5.990047E+3	-6.977369E+4	-1.614000E+0	2.088264E+17	-2.556168E+17	2.685949E-6	0.000000E+0	1.221400E-6	1.422719E-5	0.000000E+0	0.000000E+0	0.000000E+0
5.823004E+3	-6.846973E+4	-1.578000E+0	-7.520591E+15	-3.386204E-18	3.732821E-6	0.000000E+0	1.233162E-6	1.450012E-5	0.000000E+0	0.000000E+0	0.000000E+0
5.539570E+3	-6.741559E+4	-1.543000E+0	-1.773302E-18	1.902529E-18	1.232365E-6	0.000000E+0	1.210690E-6	1.473388E-5	0.000000E+0	0.000000E+0	0.000000E+0
5.163473E+3	-6.630505E+4	-1.508000E+0	-4.775830E-18	6.132215E-18	2.306952E-6	0.000000E+0	1.167409E-6	1.499090E-5	0.000000E+0	0.000000E+0	0.000000E+0
4.726871E+3	-6.502432E+4	-1.472000E+0	3.887097E+16	1.860550E+17	8.001953E-7	0.000000E+0	1.112073E-6	1.529802E-5	0.000000E+0	0.000000E+0	0.000000E+0
4.218891E+3	-6.321823E+4	-1.437000E+0	4.410889E+17	3.940187E-18	1.364082E-6	0.000000E+0	1.050954E-6	1.574809E-5	0.000000E+0	0.000000E+0	0.000000E+0
3.819273E+3	-6.174953E+4	-1.401000E+0	-5.506723E-18	4.358505E+16	2.411005E-6	0.000000E+0	9.978268E-7	1.613274E-5	0.000000E+0	0.000000E+0	0.000000E+0
3.299988E+3	-5.952278E+4	-1.366000E+0	-4.319920E+17	-4.172230E+17	9.319119E-7	0.000000E+0	9.285667E-7	1.674881E-5	0.000000E+0	0.000000E+0	0.000000E+0
2.945066E+3	-5.703113E+4	-1.330000E+0	2.837111E-18	-1.599031E-19	9.574142E-7	0.000000E+0	9.030556E-7	1.748765E-5	0.000000E+0	0.000000E+0	0.000000E+0
2.506371E+3	-5.358577E+4	-1.295000E+0	-1.696221E+17	-6.427781E-19	3.053428E-6	0.000000E+0	8.709582E-7	1.862093E-5	0.000000E+0	0.000000E+0	0.000000E+0
2.137242E+3	-4.923805E+4	-1.259000E+0	-5.609192E+17	2.120590E-18	5.121816E-6	0.000000E+0	8.799024E-7	2.027130E-5	0.000000E+0	0.000000E+0	0.000000E+0
1.814000E+3	-4.443211E+4	-1.224000E+0	-1.478444E+17	2.700612E+17	6.770279E-8	0.000000E+0	9.173185E-7	2.246880E-5	0.000000E+0	0.000000E+0	0.000000E+0
1.517854E+3	-3.938218E+4	-1.189000E+0	-2.971689E+17	-4.901914E-18	1.142267E-6	0.000000E+0	9.772054E-7	2.535453E-5	0.000000E+0	0.000000E+0	0.000000E+0
1.291299E+3	-3.448284E+4	-1.153000E+0	-4.717429E+17	-4.925467E+17	-3.644382E-7	0.000000E+0	1.084457E-6	2.895932E-5	0.000000E+0	0.000000E+0	0.000000E+0
1.099729E+3	-3.024718E+4	-1.118000E+0	-9.427576E-19	-9.422141E-19	1.994194E-7	0.000000E+0	1.200445E-6	3.301729E-5	0.000000E+0	0.000000E+0	0.000000E+0
9.085703E+2	-2.663130E+4	-1.082000E+0	-3.096135E+17	4.406614E-18	7.355993E-7	0.000000E+0	1.279583E-6	3.750615E-5	0.000000E+0	0.000000E+0	0.000000E+0
7.753887E+2	-2.375500E+4	-1.047000E+0	-4.715168E+17	-5.436513E+17	2.831621E-6	0.000000E+0	1.372609E-6	4.205160E-5	0.000000E+0	0.000000E+0	0.000000E+0
6.612373E+2	-2.137518E+4	-1.011000E+0	-1.067025E+17	-4.510080E+17	1.835637E-6	0.000000E+0	1.445847E-6	4.673850E-5	0.000000E+0	0.000000E+0	0.000000E+0
6.101621E+2	-1.940945E+4	-9.760000E-1	-3.021231E-18	1.453293E+17	1.378063E-6	0.000000E+0	1.618042E-6	5.147043E-5	0.000000E+0	0.000000E+0	0.000000E+0
5.353555E+2	-1.782904E+4	-9.410000E-1	-3.194767E-18	5.558819E-18	1.431170E-6	0.000000E+0	1.682655E-6	5.603774E-5	0.000000E+0	0.000000E+0	0.000000E+0
4.599658E+2	-1.647917E+4	-9.050000E-1	4.155990E+17	-1.823473E+17	1.456639E-6	0.000000E+0	1.692453E-6	6.063543E-5	0.000000E+0	0.000000E+0	0.000000E+0
3.887373E+2	-1.543904E+4	-8.700000E-1	-4.316353E+17	4.857998E-18	4.883223E-7	0.000000E+0	1.629823E-6	6.472983E-5	0.000000E+0	0.000000E+0	0.000000E+0
3.425684E+2	-1.456851E+4	-8.340000E-1	-3.851510E-18	-6.447272E-18	1.535249E-6	0.000000E+0	1.613158E-6	6.860327E-5	0.000000E+0	0.000000E+0	0.000000E+0
3.330967E+2	-1.388781E+4	-7.990000E-1	4.766215E-20	4.558806E+17	1.077642E-6	0.000000E+0	1.726049E-6	7.196419E-5	0.000000E+0	0.000000E+0	0.000000E+0
3.095518E+2	-1.332925E+4	-7.630000E-1	1.388541E-18	6.784133E-18	2.635286E-6	0.000000E+0	1.741357E-6	7.498254E-5	0.000000E+0	0.000000E+0	0.000000E+0
2.785840E+2	-1.290345E+4	-7.280000E-1	4.752240E+17	-1.630679E-19	3.199133E-6	0.000000E+0	1.672407E-6	7.746255E-5	0.000000E+0	0.000000E+0	0.000000E+0
2.224541E+2	-1.254076E+4	-6.920000E-1	-7.966684E-19	6.323277E-18	2.203145E-6	0.000000E+0	1.414022E-6	7.971490E-5	0.000000E+0	0.000000E+0	0.000000E+0
1.907227E+2	-1.219358E+4	-6.570000E-1	-4.344318E+17	2.055147E+17	3.788457E-6	0.000000E+0	1.282430E-6	8.199031E-5	0.000000E+0	0.000000E+0	0.000000E+0
1.917451E+2	-1.196780E+4	-6.220000E-1	-6.904437E-18	-8.375564E+16	2.309393E-6	0.000000E+0	1.338395E-6	8.353610E-5	0.000000E+0	0.000000E+0	0.000000E+0
2.106982E+2	-1.169799E+4	-5.860000E-1	2.547940E-18	-3.572836E+16	2.845576E-6	0.000000E+0	1.539209E-6	8.545705E-5	0.000000E+0	0.000000E+0	0.000000E+0
2.260752E+2	-1.147448E+4	-5.510000E-1	-1.554615E+17	1.089551E+17	8.558309E-7	0.000000E+0	1.716399E-6	8.711610E-5	0.000000E+0	0.000000E+0	0.000000E+0
1.880889E+2	-1.127396E+4	-5.150000E-1	-5.196819E+17	1.790907E+17	8.812713E-7	0.000000E+0	1.479413E-6	8.867530E-5	0.000000E+0	0.000000E+0	0.000000E+0
1.743359E+2	-1.111086E+4	-4.800000E-1	3.883601E+17	-5.707470E+17	2.466581E-6	0.000000E+0	1.411837E-6	8.997988E-5	0.000000E+0	0.000000E+0	0.000000E+0
1.805645E+2	-1.093184E+4	-4.440000E-1	-2.820974E+17	-3.573572E+17	3.002766E-6	0.000000E+0	1.510523E-6	9.145096E-5	0.000000E+0	0.000000E+0	0.000000E+0
1.989360E+2	-1.077026E+4	-4.090000E-1	7.433461E+16	-3.421240E+17	-8.440111E-9	0.000000E+0	1.714403E-6	9.281660E-5	0.000000E+0	0.000000E+0	0.000000E+0
1.918613E+2	-1.062110E+4	-3.730000E-1	5.229813E-18	-4.922483E+17	1.549173E-6	0.000000E+0	1.700226E-6	9.412149E-5	0.000000E+0	0.000000E+0	0.000000E+0
1.746914E+2	-1.050019E+4	-3.380000E-1	5.364476E+17	-2.872230E+17	2.623767E-6	0.000000E+0	1.584007E-6	9.521002E-5	0.000000E+0	0.000000E+0	0.000000E+0
1.655020E+2	-1.037939E+4	-3.030000E-1	-1.432962E-18	1.659667E-18	2.676903E-6	0.000000E+0	1.535851E-6	9.632029E-5	0.000000E+0	0.000000E+0	0.000000E+0
1.247363E+2	-1.023418E+4	-2.670000E-1	9.169370E+16	2.296609E-18	6.594601E-7	0.000000E+0	1.190755E-6	9.769727E-5	0.000000E+0	0.000000E+0	0.000000E+0
1.500630E+2	-1.016790E+4	-2.320000E-1	4.020179E+17	1.945249E+17	7.125982E-7	0.000000E+0	1.451164E-6	9.832731E-5	0.000000E+0	0.000000E+0	0.000000E+0
1.766938E+2	-1.004083E+4	-1.960000E-1	1.297458E-18	4.035830E-18	2.780954E-6	0.000000E+0	1.752055E-6	9.956253E-5	0.000000E+0	0.000000E+0	0.000000E+0
1.649551E+2	-9.941531E+3	-1.610000E-1	-2.680827E+17	-5.492346E+17	1.301891E-6	0.000000E+0	1.668552E-6	1.005604E-4	0.000000E+0	0.000000E+0	0.000000E+0
1.374614E+2	-9.859055E+3	-1.250000E-1	5.241939E+17	-4.156391E-18	8.166471E-7	0.000000E+0	1.413923E-6	1.014099E-4	0.000000E+0	0.000000E+0	0.000000E+0
1.551099E+2	-9.771650E+3	-9.000000E-2	2.579781E+17	4.569569E-19	8.697557E-7	0.000000E+0	1.624031E-6	1.023111E-4	0.000000E+0	0.000000E+0	0.000000E+0
1.701333E+2	-9.671789E+3	-5.400000E-2	2.915631E-18	4.874939E+16	8.952263E-7	0.000000E+0	1.818199E-6	1.033615E-4	0.000000E+0	0.000000E+0	0.000000E+0
1.771143E+2	-9.589992E+3	-1.900000E-2	-1.980651E+17	1.958093E+16	4.523419E-6	0.000000E+0	1.925170E-6	1.042398E-4	0.000000E+0	0.000000E+0	0.000000E+0
1.624468E+2	-9.515035E+3	1.600000E-2	-2.714796E-18	3.559669E+13	1.001501E-6	0.000000E+0	1.793758E-6	1.050662E-4	0.000000E+0	0.000000E+0	0.000000E+0
1.477930E+2	-9.439193E+3	5.200000E-2	5.785012E-19	5.234687E+17	1.026942E-6	0.000000E+0	1.658356E-6	1.059153E-4	0.000000E+0	0.000000E+0	0.000000E+0
1.596533E+2	-9.365074E+3	8.700000E-2	-2.375065E+17	1.295985E-19	1.590794E-6	0.000000E+0	1.819824E-6	1.067487E-4	0.000000E+0	0.000000E+0	0.000000E+0
1.767290E+2	-9.286996E+3	1.230000E-1	-5.351627E-18	2.391872E+17	2.637721E-6	0.000000E+0	2.048331E-6	1.076385E-4	0.000000E+0	0.000000E+0	0.000000E+0
1.229102E+2	-9.255746E+3	1.580000E-1	2.587907E+17	2.524315E-18	1.372300E-7	0.000000E+0	1.434460E-6	1.080219E-4	0.000000E+0	0.000000E+0	0.000000E+0
1.637192E+2	-9.163453E+3	1.940000E-1	-3.127958E+17	-9.739274E-19	2.716299E-6	0.000000E+0	1.949138E-6	1.090943E-4	0.000000E+0	0.000000E+0	0.000000E+0
1.579258E+2	-9.103148E+3	2.290000E-1	6.653737E-18	-4.395315E+17	7.265226E-7	0.000000E+0	1.905194E-6	1.098191E-4	0.000000E+0	0.000000E+0	0.000000E+0
1.462944E+2	-9.055496E+3	2.650000E-1	-1.137863E-18	-4.190346E+17	3.816336E-6	0.000000E+0	1.783569E-6	1.104014E-4	0.000000E+0	0.000000E+0	0.000000E+0
1.674458E+2	-9.002754E+3	3.000000E-1	-9.275714E-19	-3.780149E-18	1.826587E-6	0.000000E+0	2.065253E-6	1.110387E-4	0.000000E+0	0.000000E+0	0.000000E+0
