Real / Ohm	Ximag / Ohm	V_DC / V	I_a c / A	V_ac / V	I_DC / A
7.459143E+1	-1.893843E+3	2.500000E+0	-9.275714E-19	-3.780148E-18	5.822745E-6	3.162278E+6	2.076480E-5	5.272090E-4	0.000000E+0	0.000000E+0	0.000000E+0
7.707104E+1	-1.905762E+3	2.437000E+0	-1.137863E-18	-4.190346E+17	2.969216E-6	0.000000E+0	2.118577E-5	5.238677E-4	0.000000E+0	0.000000E+0	0.000000E+0
7.779761E+1	-1.915071E+3	2.373000E+0	6.653843E-18	-4.395667E+17	1.164779E-6	0.000000E+0	2.117778E-5	5.213135E-4	0.000000E+0	0.000000E+0	0.000000E+0
5.571729E+1	-1.923762E+3	2.310000E+0	-3.127958E+17	-9.739208E-19	3.541209E-7	0.000000E+0	1.504261E-5	5.193791E-4	0.000000E+0	0.000000E+0	0.000000E+0
7.767297E+1	-1.933226E+3	2.247000E+0	2.587907E+17	-3.980899E-18	2.607834E-6	0.000000E+0	2.074933E-5	5.164364E-4	0.000000E+0	0.000000E+0	0.000000E+0
7.982849E+1	-1.942381E+3	2.184000E+0	-5.351625E-18	2.346836E+17	-2.457382E-7	0.000000E+0	2.112303E-5	5.139639E-4	0.000000E+0	0.000000E+0	0.000000E+0
7.968811E+1	-1.952348E+3	2.120000E+0	-2.374011E+17	1.295985E-19	1.014196E-6	0.000000E+0	2.087162E-5	5.113519E-4	0.000000E+0	0.000000E+0	0.000000E+0
5.570618E+1	-1.962848E+3	2.057000E+0	6.327113E-19	3.793536E+17	2.035522E-7	0.000000E+0	1.444709E-5	5.090538E-4	0.000000E+0	0.000000E+0	0.000000E+0
5.635876E+1	-1.973996E+3	1.994000E+0	-2.769006E-18	5.985466E+14	-9.637006E-8	0.000000E+0	1.445157E-5	5.061740E-4	0.000000E+0	0.000000E+0	0.000000E+0
7.416321E+1	-1.985394E+3	1.930000E+0	-1.980651E+17	1.958093E+16	1.674278E-6	0.000000E+0	1.878839E-5	5.029765E-4	0.000000E+0	0.000000E+0	0.000000E+0
7.700330E+1	-1.996810E+3	1.867000E+0	2.915631E-18	5.325299E+16	8.636271E-7	0.000000E+0	1.928371E-5	5.000551E-4	0.000000E+0	0.000000E+0	0.000000E+0
7.675781E+1	-2.009381E+3	1.804000E+0	2.579781E+17	4.569569E-19	5.637121E-7	0.000000E+0	1.898299E-5	4.969406E-4	0.000000E+0	0.000000E+0	0.000000E+0
7.715491E+1	-2.021690E+3	1.741000E+0	5.241939E+17	-4.155966E-18	-7.576527E-7	0.000000E+0	1.884961E-5	4.939163E-4	0.000000E+0	0.000000E+0	0.000000E+0
7.212402E+1	-2.034865E+3	1.677000E+0	-2.680828E+17	-5.132047E+17	2.034416E-6	0.000000E+0	1.739656E-5	4.908165E-4	0.000000E+0	0.000000E+0	0.000000E+0
5.787903E+1	-2.048432E+3	1.614000E+0	1.731139E-18	4.035830E-18	3.777401E-6	0.000000E+0	1.378261E-5	4.877888E-4	0.000000E+0	0.000000E+0	0.000000E+0
7.475903E+1	-2.063193E+3	1.551000E+0	4.020179E+17	1.922731E+17	2.456029E-6	0.000000E+0	1.753938E-5	4.840501E-4	0.000000E+0	0.000000E+0	0.000000E+0
5.840442E+1	-2.077627E+3	1.487000E+0	9.211592E+16	2.295762E-18	1.673041E-6	0.000000E+0	1.351971E-5	4.809383E-4	0.000000E+0	0.000000E+0	0.000000E+0
7.160303E+1	-2.093261E+3	1.424000E+0	-4.035047E-18	1.659667E-18	2.905304E-6	0.000000E+0	1.632213E-5	4.771652E-4	0.000000E+0	0.000000E+0	0.000000E+0
6.560034E+1	-2.109906E+3	1.361000E+0	5.319462E+17	-2.871880E+17	3.626825E-6	0.000000E+0	1.472178E-5	4.734970E-4	0.000000E+0	0.000000E+0	0.000000E+0
5.073462E+1	-2.126941E+3	1.297000E+0	5.229813E-18	8.421242E+16	-7.312192E-7	0.000000E+0	1.120847E-5	4.698914E-4	0.000000E+0	0.000000E+0	0.000000E+0
7.027075E+1	-2.144987E+3	1.234000E+0	7.433461E+16	-3.421229E+17	3.054643E-6	0.000000E+0	1.525666E-5	4.657035E-4	0.000000E+0	0.000000E+0	0.000000E+0
7.107568E+1	-2.163617E+3	1.171000E+0	-2.820974E+17	-3.562291E+17	2.244022E-6	0.000000E+0	1.516673E-5	4.616908E-4	0.000000E+0	0.000000E+0	0.000000E+0
7.003955E+1	-2.183635E+3	1.108000E+0	3.883601E+17	-5.707470E+17	4.497706E-6	0.000000E+0	1.467360E-5	4.574813E-4	0.000000E+0	0.000000E+0	0.000000E+0
7.059131E+1	-2.204717E+3	1.044000E+0	-5.196808E+17	2.162502E-18	2.182554E-6	0.000000E+0	1.450777E-5	4.531084E-4	0.000000E+0	0.000000E+0	0.000000E+0
6.835840E+1	-2.226884E+3	9.810000E-1	-1.554615E+17	1.089529E+17	3.504720E-7	0.000000E+0	1.377170E-5	4.486352E-4	0.000000E+0	0.000000E+0	0.000000E+0
6.027368E+1	-2.250536E+3	9.180000E-1	2.547933E-18	-2.658042E+16	2.093449E-6	0.000000E+0	1.189171E-5	4.440201E-4	0.000000E+0	0.000000E+0	0.000000E+0
4.079492E+1	-2.275730E+3	8.540000E-1	-6.904437E-18	-8.375564E+16	7.997478E-7	0.000000E+0	7.874538E-6	4.392783E-4	0.000000E+0	0.000000E+0	0.000000E+0
4.067969E+1	-2.302571E+3	7.910000E-1	-4.524484E+17	2.055147E+17	-1.090302E-8	0.000000E+0	7.670365E-6	4.341616E-4	0.000000E+0	0.000000E+0	0.000000E+0
4.196045E+1	-2.331995E+3	7.280000E-1	-7.907392E-19	6.323277E-18	1.732074E-6	0.000000E+0	7.713373E-6	4.286786E-4	0.000000E+0	0.000000E+0	0.000000E+0
6.265063E+1	-2.362397E+3	6.650000E-1	3.266052E+17	-3.794914E-19	9.214200E-7	0.000000E+0	1.121797E-5	4.230014E-4	0.000000E+0	0.000000E+0	0.000000E+0
4.106323E+1	-2.397184E+3	6.010000E-1	1.388541E-18	6.784126E-18	-8.829920E-7	0.000000E+0	7.143696E-6	4.170338E-4	0.000000E+0	0.000000E+0	0.000000E+0
6.515796E+1	-2.434855E+3	5.380000E-1	4.766215E-20	4.558806E+17	1.881410E-6	0.000000E+0	1.098273E-5	4.104082E-4	0.000000E+0	0.000000E+0	0.000000E+0
6.926733E+1	-2.475690E+3	4.750000E-1	-3.849816E-18	-6.874137E-18	-9.721261E-7	0.000000E+0	1.129266E-5	4.036118E-4	0.000000E+0	0.000000E+0	0.000000E+0
7.059692E+1	-2.522696E+3	4.110000E-1	-5.577361E+17	4.857998E-18	2.878005E-7	0.000000E+0	1.108450E-5	3.960911E-4	0.000000E+0	0.000000E+0	0.000000E+0
7.361133E+1	-2.574097E+3	3.480000E-1	4.155990E+17	-1.817843E+17	-1.213630E-8	0.000000E+0	1.110043E-5	3.881683E-4	0.000000E+0	0.000000E+0	0.000000E+0
7.318359E+1	-2.632323E+3	2.850000E-1	-3.411601E-18	5.558819E-18	2.752296E-6	0.000000E+0	1.055358E-5	3.795992E-4	0.000000E+0	0.000000E+0	0.000000E+0
6.179224E+1	-2.699054E+3	2.220000E-1	-3.021231E-18	1.442034E+17	2.963101E-6	0.000000E+0	8.477801E-6	3.703061E-4	0.000000E+0	0.000000E+0	0.000000E+0
4.883374E+1	-2.779514E+3	1.580000E-1	4.697494E+17	-5.230656E+17	-3.735131E-7	0.000000E+0	6.318998E-6	3.596641E-4	0.000000E+0	0.000000E+0	0.000000E+0
5.115942E+1	-2.872962E+3	9.500000E-2	-4.715168E+17	-4.040397E+17	3.412377E-6	0.000000E+0	6.196239E-6	3.479625E-4	0.000000E+0	0.000000E+0	0.000000E+0
5.720703E+1	-2.986179E+3	3.200000E-2	-3.093320E+17	4.406614E-18	5.588402E-7	0.000000E+0	6.412958E-6	3.347533E-4	0.000000E+0	0.000000E+0	0.000000E+0
7.255542E+1	-3.134716E+3	-3.200000E-2	-9.427576E-19	-9.426377E-19	2.840196E-6	0.000000E+0	7.379737E-6	3.188374E-4	0.000000E+0	0.000000E+0	0.000000E+0
7.346924E+1	-3.321813E+3	-9.500000E-2	-4.717429E+17	-4.911393E+17	4.973731E-7	0.000000E+0	6.654919E-6	3.008932E-4	0.000000E+0	0.000000E+0	0.000000E+0
9.795557E+1	-3.573943E+3	-1.580000E-1	-2.949171E+17	-4.956124E-18	7.081780E-7	0.000000E+0	7.663158E-6	2.795930E-4	0.000000E+0	0.000000E+0	0.000000E+0
1.219260E+2	-3.928118E+3	-2.220000E-1	-1.478444E+17	2.700591E+17	-1.096236E-6	0.000000E+0	7.894217E-6	2.543298E-4	0.000000E+0	0.000000E+0	0.000000E+0
1.483896E+2	-4.415520E+3	-2.850000E-1	-2.815563E+17	1.903750E-18	1.359967E-7	0.000000E+0	7.602379E-6	2.262184E-4	0.000000E+0	0.000000E+0	0.000000E+0
1.943315E+2	-5.111920E+3	-3.480000E-1	-2.041751E-18	-6.427516E-19	1.368258E-6	0.000000E+0	7.425880E-6	1.953389E-4	0.000000E+0	0.000000E+0	0.000000E+0
2.723218E+2	-6.205236E+3	-4.110000E-1	6.306558E-18	-1.599031E-19	2.089779E-6	0.000000E+0	7.058789E-6	1.608444E-4	0.000000E+0	0.000000E+0	0.000000E+0
3.836978E+2	-7.864863E+3	-4.750000E-1	-4.319920E+17	-4.172230E+17	2.328248E-6	0.000000E+0	6.188345E-6	1.268459E-4	0.000000E+0	0.000000E+0	0.000000E+0
5.763418E+2	-9.892875E+3	-5.380000E-1	-5.506723E-18	3.318154E+17	2.539055E-6	0.000000E+0	5.868993E-6	1.007409E-4	0.000000E+0	0.000000E+0	0.000000E+0
8.140566E+2	-1.197733E+4	-6.010000E-1	4.410889E+17	3.940187E-18	1.217686E-6	0.000000E+0	5.648498E-6	8.310715E-5	0.000000E+0	0.000000E+0	0.000000E+0
1.210069E+3	-1.410507E+4	-6.650000E-1	1.829862E+17	1.860550E+17	9.454161E-7	0.000000E+0	6.037748E-6	7.037852E-5	0.000000E+0	0.000000E+0	0.000000E+0
1.695383E+3	-1.658141E+4	-7.280000E-1	-1.306383E-18	6.138991E-18	6.455048E-7	0.000000E+0	6.102507E-6	5.968455E-5	0.000000E+0	0.000000E+0	0.000000E+0
2.134680E+3	-1.926303E+4	-7.910000E-1	-1.773302E-18	1.794108E-18	3.455971E-7	0.000000E+0	5.683066E-6	5.128313E-5	0.000000E+0	0.000000E+0	0.000000E+0
2.376512E+3	-2.200511E+4	-8.540000E-1	-7.957818E+16	-3.372652E-18	1.577831E-6	0.000000E+0	4.851285E-6	4.492006E-5	0.000000E+0	0.000000E+0	0.000000E+0
2.267951E+3	-2.445435E+4	-9.180000E-1	2.088264E+17	-2.195880E+17	7.948438E-7	0.000000E+0	3.760122E-6	4.054380E-5	0.000000E+0	0.000000E+0	0.000000E+0
2.109246E+3	-2.644874E+4	-9.810000E-1	-5.319197E+16	-3.192840E+17	4.949361E-7	0.000000E+0	2.996153E-6	3.757005E-5	0.000000E+0	0.000000E+0	0.000000E+0
2.026402E+3	-2.803385E+4	-1.044000E+0	-1.183523E-18	-5.342346E-18	2.237910E-6	0.000000E+0	2.565056E-6	3.548575E-5	0.000000E+0	0.000000E+0	0.000000E+0
1.972666E+3	-2.940798E+4	-1.108000E+0	-5.203440E-18	3.830367E-18	9.442156E-7	0.000000E+0	2.270771E-6	3.385205E-5	0.000000E+0	0.000000E+0	0.000000E+0
1.961635E+3	-3.063109E+4	-1.171000E+0	3.716679E-18	4.245176E+17	1.335575E-7	0.000000E+0	2.082168E-6	3.251323E-5	0.000000E+0	0.000000E+0	0.000000E+0
1.935781E+3	-3.171840E+4	-1.234000E+0	1.311717E+15	5.049482E-18	-1.187836E-6	0.000000E+0	1.916987E-6	3.141045E-5	0.000000E+0	0.000000E+0	0.000000E+0
1.910303E+3	-3.272327E+4	-1.297000E+0	-1.006173E-18	-5.687810E-18	1.576569E-6	0.000000E+0	1.777916E-6	3.045550E-5	0.000000E+0	0.000000E+0	0.000000E+0
1.869180E+3	-3.362769E+4	-1.361000E+0	-6.256276E-18	1.218838E+17	2.325782E-6	0.000000E+0	1.647849E-6	2.964580E-5	0.000000E+0	0.000000E+0	0.000000E+0
1.873066E+3	-3.442348E+4	-1.424000E+0	2.698511E+17	-3.360764E+17	2.025845E-6	0.000000E+0	1.576012E-6	2.896418E-5	0.000000E+0	0.000000E+0	0.000000E+0
1.866035E+3	-3.509533E+4	-1.487000E+0	-3.870907E-18	-2.240669E+17	1.937660E-7	0.000000E+0	1.510759E-6	2.841349E-5	0.000000E+0	0.000000E+0	0.000000E+0
1.838094E+3	-3.578972E+4	-1.551000E+0	8.610729E+16	4.249670E-18	1.453693E-6	0.000000E+0	1.431222E-6	2.786748E-5	0.000000E+0	0.000000E+0	0.000000E+0
1.872684E+3	-3.627853E+4	-1.614000E+0	2.127762E-18	9.311133E+1	-3.783935E-7	0.000000E+0	1.419088E-6	2.749126E-5	0.000000E+0	0.000000E+0	0.000000E+0
1.869391E+3	-3.668471E+4	-1.677000E+0	-4.960950E+17	9.965210E-19	2.896733E-6	0.000000E+0	1.385491E-6	2.718871E-5	0.000000E+0	0.000000E+0	0.000000E+0
1.897289E+3	-3.702946E+4	-1.741000E+0	-6.504745E+16	2.369919E+17	2.113746E-6	0.000000E+0	1.380067E-6	2.693481E-5	0.000000E+0	0.000000E+0	0.000000E+0
1.848578E+3	-3.737052E+4	-1.804000E+0	5.725574E-18	5.135446E+17	-7.397612E-7	0.000000E+0	1.320438E-6	2.669374E-5	0.000000E+0	0.000000E+0	0.000000E+0
1.891520E+3	-3.752584E+4	-1.867000E+0	-2.052875E-18	3.493290E-18	3.556837E-6	0.000000E+0	1.339825E-6	2.658077E-5	0.000000E+0	0.000000E+0	0.000000E+0
1.815430E+3	-3.758704E+4	-1.930000E+0	2.907620E+17	-1.496570E-18	1.213986E-6	0.000000E+0	1.282010E-6	2.654299E-5	0.000000E+0	0.000000E+0	0.000000E+0
1.871152E+3	-3.765280E+4	-1.994000E+0	-2.654959E-18	4.664198E-18	4.310059E-7	0.000000E+0	1.316568E-6	2.649302E-5	0.000000E+0	0.000000E+0	0.000000E+0
1.865734E+3	-3.767153E+4	-2.057000E+0	6.234127E-18	-3.929322E-18	1.663255E-6	0.000000E+0	1.311473E-6	2.648029E-5	0.000000E+0	0.000000E+0	0.000000E+0
1.866926E+3	-3.762756E+4	-2.120000E+0	8.250878E-19	2.835790E+17	2.895526E-6	0.000000E+0	1.315368E-6	2.651100E-5	0.000000E+0	0.000000E+0	0.000000E+0
1.880230E+3	-3.744641E+4	-2.184000E+0	4.508571E+17	-2.686618E+17	6.963091E-8	0.000000E+0	1.337510E-6	2.663767E-5	0.000000E+0	0.000000E+0	0.000000E+0
1.924230E+3	-3.735409E+4	-2.247000E+0	2.517955E+17	3.793721E+16	7.911731E-7	0.000000E+0	1.375402E-6	2.669998E-5	0.000000E+0	0.000000E+0	0.000000E+0
1.952699E+3	-3.725059E+4	-2.310000E+0	-6.627991E-18	5.176248E+17	2.534143E-6	0.000000E+0	1.403386E-6	2.677165E-5	0.000000E+0	0.000000E+0	0.000000E+0
1.930828E+3	-3.711328E+4	-2.373000E+0	-5.704680E+17	1.371951E+17	-3.194291E-7	0.000000E+0	1.398012E-6	2.687180E-5	0.000000E+0	0.000000E+0	0.000000E+0
1.932145E+3	-3.695798E+4	-2.437000E+0	-4.691027E+17	6.689522E-18	2.983419E-6	0.000000E+0	1.410710E-6	2.698400E-5	0.000000E+0	0.000000E+0	0.000000E+0
1.926941E+3	-3.670230E+4	-2.500000E+0	-3.567381E+17	-4.283094E-18	3.194204E-6	0.000000E+0	1.426548E-6	2.717135E-5	0.000000E+0	0.000000E+0	0.000000E+0
