Real / Ohm	Ximag / Ohm	V_DC / V	I_a c / A	V_ac / V	I_DC / A
6.660547E+1	-5.060477E+2	2.500000E+0	-9.275714E-19	-3.780149E-18	-3.059686E-7	1.000000E+7	2.556630E-4	1.942448E-3	0.000000E+0	0.000000E+0	0.000000E+0
6.839786E+1	-5.073428E+2	2.437000E+0	-1.137863E-18	-4.190346E+17	-2.138040E-6	0.000000E+0	2.609858E-4	1.935869E-3	0.000000E+0	0.000000E+0	0.000000E+0
6.855566E+1	-5.082830E+2	2.373000E+0	6.653737E-18	-4.395315E+17	6.540649E-7	0.000000E+0	2.606169E-4	1.932257E-3	0.000000E+0	0.000000E+0	0.000000E+0
6.889322E+1	-5.097285E+2	2.310000E+0	-3.127958E+17	-9.739274E-19	8.648640E-7	0.000000E+0	2.603975E-4	1.926634E-3	0.000000E+0	0.000000E+0	0.000000E+0
7.014694E+1	-5.114808E+2	2.247000E+0	2.587907E+17	2.524315E-18	-1.477965E-6	0.000000E+0	2.631827E-4	1.919013E-3	0.000000E+0	0.000000E+0	0.000000E+0
6.781339E+1	-5.131476E+2	2.184000E+0	-5.351627E-18	2.391872E+17	1.797176E-6	0.000000E+0	2.531114E-4	1.915308E-3	0.000000E+0	0.000000E+0	0.000000E+0
6.415543E+1	-5.141360E+2	2.120000E+0	-2.375065E+17	1.295985E-19	-2.050147E-6	0.000000E+0	2.389831E-4	1.915190E-3	0.000000E+0	0.000000E+0	0.000000E+0
6.880707E+1	-5.162798E+2	2.057000E+0	5.785012E-19	5.234687E+17	2.246466E-6	0.000000E+0	2.536393E-4	1.903130E-3	0.000000E+0	0.000000E+0	0.000000E+0
7.205322E+1	-5.185366E+2	1.994000E+0	-2.714796E-18	3.559669E+13	-6.070841E-7	0.000000E+0	2.628990E-4	1.891973E-3	0.000000E+0	0.000000E+0	0.000000E+0
7.284457E+1	-5.206953E+2	1.930000E+0	-1.980651E+17	1.958093E+16	-2.922236E-6	0.000000E+0	2.635191E-4	1.883643E-3	0.000000E+0	0.000000E+0	0.000000E+0
6.917783E+1	-5.224513E+2	1.867000E+0	2.915631E-18	4.874939E+16	-1.578301E-7	0.000000E+0	2.490732E-4	1.881074E-3	0.000000E+0	0.000000E+0	0.000000E+0
7.064825E+1	-5.245337E+2	1.804000E+0	2.579781E+17	4.569569E-19	-9.684591E-7	0.000000E+0	2.522010E-4	1.872487E-3	0.000000E+0	0.000000E+0	0.000000E+0
7.094113E+1	-5.268589E+2	1.741000E+0	5.241939E+17	-4.156391E-18	-1.268396E-6	0.000000E+0	2.510187E-4	1.864242E-3	0.000000E+0	0.000000E+0	0.000000E+0
7.023996E+1	-5.286013E+2	1.677000E+0	-2.680827E+17	-5.492346E+17	-1.029926E-6	0.000000E+0	2.470168E-4	1.858962E-3	0.000000E+0	0.000000E+0	0.000000E+0
7.110501E+1	-5.309034E+2	1.614000E+0	1.297458E-18	4.035830E-18	-3.083987E-7	0.000000E+0	2.478266E-4	1.850390E-3	0.000000E+0	0.000000E+0	0.000000E+0
7.134726E+1	-5.330780E+2	1.551000E+0	4.020179E+17	1.945249E+17	-1.629771E-6	0.000000E+0	2.466522E-4	1.842886E-3	0.000000E+0	0.000000E+0	0.000000E+0
7.123978E+1	-5.354653E+2	1.487000E+0	9.169370E+16	2.296609E-18	1.162327E-6	0.000000E+0	2.441406E-4	1.835054E-3	0.000000E+0	0.000000E+0	0.000000E+0
6.711130E+1	-5.365084E+2	1.424000E+0	-1.432962E-18	1.659667E-18	2.394590E-6	0.000000E+0	2.295618E-4	1.835188E-3	0.000000E+0	0.000000E+0	0.000000E+0
6.883893E+1	-5.396062E+2	1.361000E+0	5.364476E+17	-2.872230E+17	-3.523317E-6	0.000000E+0	2.326318E-4	1.823526E-3	0.000000E+0	0.000000E+0	0.000000E+0
7.260336E+1	-5.422498E+2	1.297000E+0	5.229813E-18	-4.922483E+17	-2.205052E-7	0.000000E+0	2.425723E-4	1.811690E-3	0.000000E+0	0.000000E+0	0.000000E+0
7.262637E+1	-5.450908E+2	1.234000E+0	7.433461E+16	-3.421240E+17	-5.204129E-7	0.000000E+0	2.401677E-4	1.802557E-3	0.000000E+0	0.000000E+0	0.000000E+0
7.034717E+1	-5.473625E+2	1.171000E+0	-2.820974E+17	-3.573572E+17	1.733279E-6	0.000000E+0	2.309839E-4	1.797257E-3	0.000000E+0	0.000000E+0	0.000000E+0
7.078125E+1	-5.503816E+2	1.108000E+0	3.883601E+17	-5.707470E+17	3.476249E-6	0.000000E+0	2.298616E-4	1.787360E-3	0.000000E+0	0.000000E+0	0.000000E+0
7.212408E+1	-5.537318E+2	1.044000E+0	-5.196819E+17	1.790907E+17	-2.413959E-6	0.000000E+0	2.312998E-4	1.775801E-3	0.000000E+0	0.000000E+0	0.000000E+0
7.114386E+1	-5.566381E+2	9.810000E-1	-1.554615E+17	1.089551E+17	3.504720E-7	0.000000E+0	2.259199E-4	1.767625E-3	0.000000E+0	0.000000E+0	0.000000E+0
7.217126E+1	-5.604333E+2	9.180000E-1	2.547940E-18	-3.572836E+16	5.053516E-8	0.000000E+0	2.260338E-4	1.755226E-3	0.000000E+0	0.000000E+0	0.000000E+0
7.208994E+1	-5.646012E+2	8.540000E-1	-6.904437E-18	-8.375564E+16	1.821176E-6	0.000000E+0	2.225194E-4	1.742750E-3	0.000000E+0	0.000000E+0	0.000000E+0
7.340289E+1	-5.691995E+2	7.910000E-1	-4.344318E+17	2.055147E+17	2.031982E-6	0.000000E+0	2.228544E-4	1.728114E-3	0.000000E+0	0.000000E+0	0.000000E+0
5.877466E+1	-5.727479E+2	7.280000E-1	-7.966684E-19	6.323277E-18	2.242788E-6	0.000000E+0	1.773020E-4	1.727774E-3	0.000000E+0	0.000000E+0	0.000000E+0
6.968396E+1	-5.796160E+2	6.650000E-1	4.752240E+17	-1.630679E-19	-1.000371E-7	0.000000E+0	2.044654E-4	1.700698E-3	0.000000E+0	0.000000E+0	0.000000E+0
7.244690E+1	-5.865510E+2	6.010000E-1	1.388541E-18	6.784133E-18	-1.393735E-6	0.000000E+0	2.074115E-4	1.679263E-3	0.000000E+0	0.000000E+0	0.000000E+0
7.292514E+1	-5.945214E+2	5.380000E-1	4.766215E-20	4.558806E+17	1.881410E-6	0.000000E+0	2.032622E-4	1.657093E-3	0.000000E+0	0.000000E+0	0.000000E+0
7.055817E+1	-6.030625E+2	4.750000E-1	-3.851510E-18	-6.447272E-18	1.070759E-6	0.000000E+0	1.913894E-4	1.635810E-3	0.000000E+0	0.000000E+0	0.000000E+0
7.341879E+1	-6.139010E+2	4.110000E-1	-4.316353E+17	4.857998E-18	7.985145E-7	0.000000E+0	1.920627E-4	1.605958E-3	0.000000E+0	0.000000E+0	0.000000E+0
7.248398E+1	-6.252491E+2	3.480000E-1	4.155990E+17	-1.823473E+17	1.520035E-6	0.000000E+0	1.829524E-4	1.578153E-3	0.000000E+0	0.000000E+0	0.000000E+0
7.170840E+1	-6.380736E+2	2.850000E-1	-3.194767E-18	5.558819E-18	2.241582E-6	0.000000E+0	1.739313E-4	1.547670E-3	0.000000E+0	0.000000E+0	0.000000E+0
7.435641E+1	-6.533357E+2	2.220000E-1	-3.021231E-18	1.453293E+17	-1.012413E-7	0.000000E+0	1.719715E-4	1.511035E-3	0.000000E+0	0.000000E+0	0.000000E+0
7.487491E+1	-6.711130E+2	1.580000E-1	-1.067025E+17	-4.510080E+17	1.372300E-7	0.000000E+0	1.641998E-4	1.471743E-3	0.000000E+0	0.000000E+0	0.000000E+0
7.600305E+1	-6.913988E+2	9.500000E-2	-4.715168E+17	-5.436513E+17	-1.627081E-7	0.000000E+0	1.570932E-4	1.429075E-3	0.000000E+0	0.000000E+0	0.000000E+0
7.135751E+1	-7.154100E+2	3.200000E-2	-3.096135E+17	4.406614E-18	-4.626170E-7	0.000000E+0	1.380481E-4	1.384030E-3	0.000000E+0	0.000000E+0	0.000000E+0
7.750861E+1	-7.441138E+2	-3.200000E-2	-9.427576E-19	-9.422141E-19	1.308025E-6	0.000000E+0	1.384792E-4	1.329456E-3	0.000000E+0	0.000000E+0	0.000000E+0
7.894461E+1	-7.769877E+2	-9.500000E-2	-4.717429E+17	-4.925467E+17	4.973731E-7	0.000000E+0	1.294297E-4	1.273871E-3	0.000000E+0	0.000000E+0	0.000000E+0
7.972910E+1	-8.158253E+2	-1.580000E-1	-2.971689E+17	-4.901914E-18	1.974640E-7	0.000000E+0	1.186573E-4	1.214156E-3	0.000000E+0	0.000000E+0	0.000000E+0
8.178174E+1	-8.634379E+2	-2.220000E-1	-1.478444E+17	2.700612E+17	2.989535E-6	0.000000E+0	1.087215E-4	1.147863E-3	0.000000E+0	0.000000E+0	0.000000E+0
8.767279E+1	-9.223516E+2	-2.850000E-1	-5.609192E+17	2.120590E-18	6.467399E-7	0.000000E+0	1.021329E-4	1.074477E-3	0.000000E+0	0.000000E+0	0.000000E+0
9.302692E+1	-9.998330E+2	-3.480000E-1	-1.696221E+17	-6.427781E-19	1.878972E-6	0.000000E+0	9.225932E-5	9.915830E-4	0.000000E+0	0.000000E+0	0.000000E+0
1.018406E+2	-1.109112E+3	-4.110000E-1	2.837111E-18	-1.599031E-19	1.068322E-6	0.000000E+0	8.209635E-5	8.940840E-4	0.000000E+0	0.000000E+0	0.000000E+0
1.178698E+2	-1.268594E+3	-4.750000E-1	-4.319920E+17	-4.172230E+17	-1.757551E-6	0.000000E+0	7.261462E-5	7.815274E-4	0.000000E+0	0.000000E+0	0.000000E+0
1.518985E+2	-1.507473E+3	-5.380000E-1	-5.506723E-18	4.358505E+16	-1.546745E-6	0.000000E+0	6.617091E-5	6.566942E-4	0.000000E+0	0.000000E+0	0.000000E+0
2.504042E+2	-1.852833E+3	-6.010000E-1	4.410889E+17	3.940187E-18	7.069430E-7	0.000000E+0	7.163222E-5	5.300332E-4	0.000000E+0	0.000000E+0	0.000000E+0
3.687102E+2	-2.244689E+3	-6.650000E-1	3.887097E+16	1.860550E+17	-7.601193E-8	0.000000E+0	7.125419E-5	4.337919E-4	0.000000E+0	0.000000E+0	0.000000E+0
3.257744E+2	-2.894666E+3	-7.280000E-1	-4.775830E-18	6.132215E-18	1.666962E-6	0.000000E+0	3.839316E-5	3.411421E-4	0.000000E+0	0.000000E+0	0.000000E+0
3.482395E+2	-3.820275E+3	-7.910000E-1	-1.773302E-18	1.902529E-18	3.455971E-7	0.000000E+0	2.366437E-5	2.596041E-4	0.000000E+0	0.000000E+0	0.000000E+0
4.407737E+2	-4.971865E+3	-8.540000E-1	-7.520591E+15	-3.386204E-18	2.599289E-6	0.000000E+0	1.769200E-5	1.995633E-4	0.000000E+0	0.000000E+0	0.000000E+0
5.694951E+2	-6.279890E+3	-9.180000E-1	2.088264E+17	-2.556168E+17	7.948438E-7	0.000000E+0	1.432283E-5	1.579396E-4	0.000000E+0	0.000000E+0	0.000000E+0
6.730615E+2	-7.517446E+3	-9.810000E-1	5.232688E+17	-4.633991E+17	4.069992E-6	0.000000E+0	1.181535E-5	1.319660E-4	0.000000E+0	0.000000E+0	0.000000E+0
6.871772E+2	-8.592904E+3	-1.044000E+0	-1.291944E-18	-5.342346E-18	1.727196E-6	0.000000E+0	9.247413E-6	1.156356E-4	0.000000E+0	0.000000E+0	0.000000E+0
6.218931E+2	-9.397691E+3	-1.108000E+0	-5.203440E-18	3.830367E-18	1.454930E-6	0.000000E+0	7.010932E-6	1.059452E-4	0.000000E+0	0.000000E+0	0.000000E+0
5.571348E+2	-9.959025E+3	-1.171000E+0	2.472319E-19	-1.518024E+17	-3.771856E-7	0.000000E+0	5.599762E-6	1.000982E-4	0.000000E+0	0.000000E+0	0.000000E+0
5.251230E+2	-1.039386E+4	-1.234000E+0	1.311717E+15	5.157902E-18	2.897992E-6	0.000000E+0	4.848419E-6	9.596569E-5	0.000000E+0	0.000000E+0	0.000000E+0
4.977085E+2	-1.077044E+4	-1.297000E+0	-1.016338E-18	-5.687810E-18	1.576569E-6	0.000000E+0	4.281360E-6	9.264887E-5	0.000000E+0	0.000000E+0	0.000000E+0
4.837778E+2	-1.110552E+4	-1.361000E+0	-6.256276E-18	1.399337E+17	1.815068E-6	0.000000E+0	3.915117E-6	8.987476E-5	0.000000E+0	0.000000E+0	0.000000E+0
4.940410E+2	-1.141678E+4	-1.424000E+0	2.698511E+17	2.405250E+17	2.025845E-6	0.000000E+0	3.783234E-6	8.742666E-5	0.000000E+0	0.000000E+0	0.000000E+0
4.870083E+2	-1.170105E+4	-1.487000E+0	-3.870894E-18	-2.240669E+17	2.236680E-6	0.000000E+0	3.550872E-6	8.531463E-5	0.000000E+0	0.000000E+0	0.000000E+0
4.871519E+2	-1.197422E+4	-1.551000E+0	8.610784E+16	1.699868E-17	-7.850758E-8	0.000000E+0	3.391968E-6	8.337475E-5	0.000000E+0	0.000000E+0	0.000000E+0
4.804116E+2	-1.220586E+4	-1.614000E+0	2.127762E-18	3.273865E+15	2.685949E-6	0.000000E+0	3.219619E-6	8.180114E-5	0.000000E+0	0.000000E+0	0.000000E+0
4.763120E+2	-1.238618E+4	-1.677000E+0	8.036571E+16	-4.936752E+17	2.386019E-6	0.000000E+0	3.100095E-6	8.061593E-5	0.000000E+0	0.000000E+0	0.000000E+0
4.882539E+2	-1.258566E+4	-1.741000E+0	-6.504745E+16	2.369913E+17	2.624460E-6	0.000000E+0	3.077801E-6	7.933611E-5	0.000000E+0	0.000000E+0	0.000000E+0
4.767456E+2	-1.272945E+4	-1.804000E+0	5.942414E-18	5.135457E+17	3.856723E-6	0.000000E+0	2.938047E-6	7.844795E-5	0.000000E+0	0.000000E+0	0.000000E+0
4.812393E+2	-1.288174E+4	-1.867000E+0	-5.521899E-18	3.493290E-18	-1.827721E-8	0.000000E+0	2.896052E-6	7.752107E-5	0.000000E+0	0.000000E+0	0.000000E+0
4.756855E+2	-1.296983E+4	-1.930000E+0	2.907620E+17	-1.496570E-18	-3.181558E-7	0.000000E+0	2.824019E-6	7.699844E-5	0.000000E+0	0.000000E+0	0.000000E+0
4.706641E+2	-1.305761E+4	-1.994000E+0	-2.654747E-18	4.664409E-18	-7.970812E-8	0.000000E+0	2.756892E-6	7.648432E-5	0.000000E+0	0.000000E+0	0.000000E+0
4.823950E+2	-1.315948E+4	-2.057000E+0	6.234127E-18	-3.929323E-18	-3.796595E-7	0.000000E+0	2.781904E-6	7.588887E-5	0.000000E+0	0.000000E+0	0.000000E+0
4.748599E+2	-1.322372E+4	-2.120000E+0	8.250878E-19	2.832976E+17	4.427668E-6	0.000000E+0	2.712055E-6	7.552430E-5	0.000000E+0	0.000000E+0	0.000000E+0
4.747773E+2	-1.325792E+4	-2.184000E+0	4.508571E+17	-2.686618E+17	2.112545E-6	0.000000E+0	2.697631E-6	7.533001E-5	0.000000E+0	0.000000E+0	0.000000E+0
4.772554E+2	-1.329521E+4	-2.247000E+0	2.517955E+17	3.793714E+16	1.812601E-6	0.000000E+0	2.696505E-6	7.511826E-5	0.000000E+0	0.000000E+0	0.000000E+0
4.819985E+2	-1.333428E+4	-2.310000E+0	-6.627993E-18	5.176251E+17	1.512715E-6	0.000000E+0	2.707319E-6	7.489681E-5	0.000000E+0	0.000000E+0	0.000000E+0
4.885366E+2	-1.336154E+4	-2.373000E+0	-5.704680E+17	1.371951E+17	-8.301431E-7	0.000000E+0	2.732775E-6	7.474175E-5	0.000000E+0	0.000000E+0	0.000000E+0
4.712124E+2	-1.338223E+4	-2.437000E+0	-1.853759E+17	6.906363E-18	5.537047E-6	0.000000E+0	2.627977E-6	7.463343E-5	0.000000E+0	0.000000E+0	0.000000E+0
4.786826E+2	-1.340346E+4	-2.500000E+0	-3.567381E+17	-5.153844E-18	1.298613E-7	0.000000E+0	2.661094E-6	7.451256E-5	0.000000E+0	0.000000E+0	0.000000E+0
