Real / Ohm	Ximag / Ohm	V_DC / V	I_a c / A	V_ac / V	I_DC / A
2.940859E+2	-6.451386E+4	-2.500000E+0	-3.567381E+17	-5.153844E-18	2.172776E-6	1.000000E+6	7.065764E-8	1.550022E-5	0.000000E+0	0.000000E+0	0.000000E+0
4.203320E+2	-6.201736E+4	-2.437000E+0	-1.853759E+17	6.906363E-18	4.515561E-6	0.000000E+0	1.092813E-7	1.612378E-5	0.000000E+0	0.000000E+0	0.000000E+0
4.898359E+2	-5.950669E+4	-2.373000E+0	-5.704680E+17	1.371951E+17	5.298542E-6	0.000000E+0	1.383215E-7	1.680369E-5	0.000000E+0	0.000000E+0	0.000000E+0
7.691914E+2	-5.688645E+4	-2.310000E+0	-6.627993E-18	5.176251E+17	5.598486E-6	0.000000E+0	2.376497E-7	1.757567E-5	0.000000E+0	0.000000E+0	0.000000E+0
1.473176E+3	-5.429318E+4	-2.247000E+0	2.517955E+17	3.793714E+16	5.898430E-6	0.000000E+0	4.993953E-7	1.840497E-5	0.000000E+0	0.000000E+0	0.000000E+0
2.281094E+3	-5.161191E+4	-2.184000E+0	4.508571E+17	-2.686618E+17	3.133973E-6	0.000000E+0	8.546648E-7	1.933760E-5	0.000000E+0	0.000000E+0	0.000000E+0
3.638910E+3	-4.867370E+4	-2.120000E+0	8.250878E-19	2.832976E+17	2.384812E-6	0.000000E+0	1.527432E-6	2.043078E-5	0.000000E+0	0.000000E+0	0.000000E+0
5.048063E+3	-4.532062E+4	-2.057000E+0	6.234127E-18	-3.929323E-18	2.684683E-6	0.000000E+0	2.427605E-6	2.179461E-5	0.000000E+0	0.000000E+0	0.000000E+0
6.170133E+3	-4.142375E+4	-1.994000E+0	-2.654747E-18	4.664409E-18	5.027548E-6	0.000000E+0	3.517755E-6	2.361677E-5	0.000000E+0	0.000000E+0	0.000000E+0
6.513250E+3	-3.714345E+4	-1.930000E+0	2.907620E+17	-1.496570E-18	4.789043E-6	0.000000E+0	4.580157E-6	2.611950E-5	0.000000E+0	0.000000E+0	0.000000E+0
6.195193E+3	-3.288881E+4	-1.867000E+0	-5.521899E-18	3.493290E-18	5.088979E-6	0.000000E+0	5.531154E-6	2.936359E-5	0.000000E+0	0.000000E+0	0.000000E+0
5.393449E+3	-2.884314E+4	-1.804000E+0	5.942414E-18	5.135457E+17	2.324581E-6	0.000000E+0	6.264052E-6	3.349896E-5	0.000000E+0	0.000000E+0	0.000000E+0
4.502809E+3	-2.536208E+4	-1.741000E+0	-6.504745E+16	2.369913E+17	-4.398826E-7	0.000000E+0	6.786343E-6	3.822409E-5	0.000000E+0	0.000000E+0	0.000000E+0
3.464725E+3	-2.215169E+4	-1.677000E+0	8.036571E+16	-4.936752E+17	8.538191E-7	0.000000E+0	6.892209E-6	4.406528E-5	0.000000E+0	0.000000E+0	0.000000E+0
2.721751E+3	-1.966335E+4	-1.614000E+0	2.127762E-18	3.273865E+15	1.153749E-6	0.000000E+0	6.907029E-6	4.989998E-5	0.000000E+0	0.000000E+0	0.000000E+0
2.054520E+3	-1.770306E+4	-1.551000E+0	8.610784E+16	1.699868E-17	2.985835E-6	0.000000E+0	6.468497E-6	5.573671E-5	0.000000E+0	0.000000E+0	0.000000E+0
1.570065E+3	-1.614302E+4	-1.487000E+0	-3.870894E-18	-2.240669E+17	2.236680E-6	0.000000E+0	5.968417E-6	6.136579E-5	0.000000E+0	0.000000E+0	0.000000E+0
1.233404E+3	-1.492276E+4	-1.424000E+0	2.698511E+17	2.405250E+17	3.047331E-6	0.000000E+0	5.501109E-6	6.655705E-5	0.000000E+0	0.000000E+0	0.000000E+0
9.611484E+2	-1.395989E+4	-1.361000E+0	-6.256276E-18	1.399337E+17	4.879410E-6	0.000000E+0	4.908769E-6	7.129583E-5	0.000000E+0	0.000000E+0	0.000000E+0
7.952988E+2	-1.317880E+4	-1.297000E+0	-1.016338E-18	-5.687810E-18	2.087341E-6	0.000000E+0	4.562468E-6	7.560411E-5	0.000000E+0	0.000000E+0	0.000000E+0
6.049053E+2	-1.256002E+4	-1.234000E+0	1.311717E+15	5.157902E-18	3.408706E-6	0.000000E+0	3.825609E-6	7.943346E-5	0.000000E+0	0.000000E+0	0.000000E+0
4.905693E+2	-1.206562E+4	-1.171000E+0	2.472319E-19	-1.518024E+17	2.687186E-6	0.000000E+0	3.364215E-6	8.274333E-5	0.000000E+0	0.000000E+0	0.000000E+0
4.034619E+2	-1.165226E+4	-1.108000E+0	-5.203440E-18	3.830367E-18	4.335016E-7	0.000000E+0	2.967986E-6	8.571749E-5	0.000000E+0	0.000000E+0	0.000000E+0
3.486563E+2	-1.130689E+4	-1.044000E+0	-1.291944E-18	-5.342346E-18	5.812966E-6	0.000000E+0	2.724573E-6	8.835764E-5	0.000000E+0	0.000000E+0	0.000000E+0
3.524199E+2	-1.101099E+4	-9.810000E-1	5.232688E+17	-4.633991E+17	3.048564E-6	0.000000E+0	2.903775E-6	9.072542E-5	0.000000E+0	0.000000E+0	0.000000E+0
2.875713E+2	-1.074920E+4	-9.180000E-1	2.088264E+17	-2.556168E+17	3.348472E-6	0.000000E+0	2.487039E-6	9.296364E-5	0.000000E+0	0.000000E+0	0.000000E+0
2.284409E+2	-1.051115E+4	-8.540000E-1	-7.520591E+15	-3.386204E-18	3.110003E-6	0.000000E+0	2.066657E-6	9.509215E-5	0.000000E+0	0.000000E+0	0.000000E+0
1.693379E+2	-1.030049E+4	-7.910000E-1	-1.773302E-18	1.902529E-18	5.452825E-6	0.000000E+0	1.595589E-6	9.705653E-5	0.000000E+0	0.000000E+0	0.000000E+0
1.663867E+2	-1.010600E+4	-7.280000E-1	-4.775830E-18	6.132215E-18	2.177676E-6	0.000000E+0	1.628705E-6	9.892430E-5	0.000000E+0	0.000000E+0	0.000000E+0
1.494814E+2	-9.925752E+3	-6.650000E-1	3.887097E+16	1.860550E+17	3.499044E-6	0.000000E+0	1.516917E-6	1.007252E-4	0.000000E+0	0.000000E+0	0.000000E+0
1.951895E+2	-9.752967E+3	-6.010000E-1	4.410889E+17	3.940187E-18	-8.252282E-7	0.000000E+0	2.051205E-6	1.024918E-4	0.000000E+0	0.000000E+0	0.000000E+0
1.319307E+2	-9.594988E+3	-5.380000E-1	-5.506723E-18	4.358505E+16	2.028341E-6	0.000000E+0	1.432765E-6	1.042014E-4	0.000000E+0	0.000000E+0	0.000000E+0
1.216426E+2	-9.445895E+3	-4.750000E-1	-4.319920E+17	-4.172230E+17	1.306791E-6	0.000000E+0	1.363099E-6	1.058485E-4	0.000000E+0	0.000000E+0	0.000000E+0
1.170386E+2	-9.300678E+3	-4.110000E-1	2.837111E-18	-1.599031E-19	1.579065E-6	0.000000E+0	1.352792E-6	1.075020E-4	0.000000E+0	0.000000E+0	0.000000E+0
1.296953E+2	-9.170816E+3	-3.480000E-1	-1.696221E+17	-6.427781E-19	2.389716E-6	0.000000E+0	1.541777E-6	1.090197E-4	0.000000E+0	0.000000E+0	0.000000E+0
1.118564E+2	-9.043926E+3	-2.850000E-1	-5.609192E+17	2.120590E-18	3.200339E-6	0.000000E+0	1.367352E-6	1.105545E-4	0.000000E+0	0.000000E+0	0.000000E+0
1.014937E+2	-8.922822E+3	-2.220000E-1	-1.478444E+17	2.700612E+17	3.500278E-6	0.000000E+0	1.274613E-6	1.120577E-4	0.000000E+0	0.000000E+0	0.000000E+0
9.258789E+1	-8.803195E+3	-1.580000E-1	-2.971689E+17	-4.901914E-18	4.793977E-6	0.000000E+0	1.194608E-6	1.135826E-4	0.000000E+0	0.000000E+0	0.000000E+0
1.117114E+2	-8.691039E+3	-9.500000E-2	-4.717429E+17	-4.925467E+17	3.051001E-6	0.000000E+0	1.478708E-6	1.150420E-4	0.000000E+0	0.000000E+0	0.000000E+0
9.665234E+1	-8.583225E+3	-3.200000E-2	-9.427576E-19	-9.422141E-19	3.350910E-6	0.000000E+0	1.311766E-6	1.164916E-4	0.000000E+0	0.000000E+0	0.000000E+0
9.539258E+1	-8.476379E+3	3.200000E-2	-3.096135E+17	4.406614E-18	2.601725E-6	0.000000E+0	1.327513E-6	1.179600E-4	0.000000E+0	0.000000E+0	0.000000E+0
1.001294E+2	-8.377313E+3	9.500000E-2	-4.715168E+17	-5.436513E+17	2.390920E-6	0.000000E+0	1.426560E-6	1.193530E-4	0.000000E+0	0.000000E+0	0.000000E+0
9.771289E+1	-8.280104E+3	1.580000E-1	-1.067025E+17	-4.510080E+17	1.669401E-6	0.000000E+0	1.425016E-6	1.207546E-4	0.000000E+0	0.000000E+0	0.000000E+0
9.902490E+1	-8.184942E+3	2.220000E-1	-3.021231E-18	1.453293E+17	5.005986E-6	0.000000E+0	1.477916E-6	1.221577E-4	0.000000E+0	0.000000E+0	0.000000E+0
1.046733E+2	-8.096281E+3	2.850000E-1	-3.194767E-18	5.558819E-18	1.986682E-7	0.000000E+0	1.596586E-6	1.234929E-4	0.000000E+0	0.000000E+0	0.000000E+0
9.959180E+1	-8.011107E+3	3.480000E-1	4.155990E+17	-1.823473E+17	2.030778E-6	0.000000E+0	1.551570E-6	1.248074E-4	0.000000E+0	0.000000E+0	0.000000E+0
1.021245E+2	-7.932054E+3	4.110000E-1	-4.316353E+17	4.857998E-18	2.841400E-6	0.000000E+0	1.622881E-6	1.260499E-4	0.000000E+0	0.000000E+0	0.000000E+0
1.104629E+2	-7.852514E+3	4.750000E-1	-3.851510E-18	-6.447272E-18	3.113673E-6	0.000000E+0	1.791072E-6	1.273226E-4	0.000000E+0	0.000000E+0	0.000000E+0
1.230273E+2	-7.779852E+3	5.380000E-1	4.766215E-20	4.558806E+17	3.413581E-6	0.000000E+0	2.032124E-6	1.285050E-4	0.000000E+0	0.000000E+0	0.000000E+0
1.114692E+2	-7.710967E+3	6.010000E-1	1.388541E-18	6.784133E-18	4.224235E-6	0.000000E+0	1.874332E-6	1.296583E-4	0.000000E+0	0.000000E+0	0.000000E+0
1.183037E+2	-7.644696E+3	6.650000E-1	4.752240E+17	-1.630679E-19	3.985762E-6	0.000000E+0	2.023829E-6	1.307783E-4	0.000000E+0	0.000000E+0	0.000000E+0
1.329292E+2	-7.584673E+3	7.280000E-1	-7.966684E-19	6.323277E-18	7.106173E-7	0.000000E+0	2.310007E-6	1.318044E-4	0.000000E+0	0.000000E+0	0.000000E+0
1.272495E+2	-7.528348E+3	7.910000E-1	-4.344318E+17	2.055147E+17	4.074896E-6	0.000000E+0	2.244567E-6	1.327933E-4	0.000000E+0	0.000000E+0	0.000000E+0
1.272534E+2	-7.475127E+3	8.540000E-1	-6.904437E-18	-8.375564E+16	1.821176E-6	0.000000E+0	2.276703E-6	1.337382E-4	0.000000E+0	0.000000E+0	0.000000E+0
1.290273E+2	-7.425277E+3	9.180000E-1	2.547940E-18	-3.572836E+16	3.625621E-6	0.000000E+0	2.339511E-6	1.346345E-4	0.000000E+0	0.000000E+0	0.000000E+0
1.363027E+2	-7.379090E+3	9.810000E-1	-1.554615E+17	1.089551E+17	3.504720E-7	0.000000E+0	2.502365E-6	1.354718E-4	0.000000E+0	0.000000E+0	0.000000E+0
1.606543E+2	-7.338185E+3	1.044000E+0	-5.196819E+17	1.790907E+17	6.503833E-7	0.000000E+0	2.981995E-6	1.362082E-4	0.000000E+0	0.000000E+0	0.000000E+0
1.270200E+2	-7.297967E+3	1.108000E+0	3.883601E+17	-5.707470E+17	-1.120265E-6	0.000000E+0	2.384168E-6	1.369830E-4	0.000000E+0	0.000000E+0	0.000000E+0
1.180015E+2	-7.261670E+3	1.171000E+0	-2.820974E+17	-3.573572E+17	-3.096065E-7	0.000000E+0	2.237174E-6	1.376730E-4	0.000000E+0	0.000000E+0	0.000000E+0
1.459019E+2	-7.227021E+3	1.234000E+0	7.433461E+16	-3.421240E+17	1.522472E-6	0.000000E+0	2.792321E-6	1.383132E-4	0.000000E+0	0.000000E+0	0.000000E+0
1.311733E+2	-7.195538E+3	1.297000E+0	5.229813E-18	-4.922483E+17	1.311666E-6	0.000000E+0	2.532647E-6	1.389288E-4	0.000000E+0	0.000000E+0	0.000000E+0
1.861030E+2	-7.165563E+3	1.361000E+0	5.364476E+17	-2.872230E+17	2.094654E-6	0.000000E+0	3.622095E-6	1.394623E-4	0.000000E+0	0.000000E+0	0.000000E+0
1.475913E+2	-7.138102E+3	1.424000E+0	-1.432962E-18	1.659667E-18	8.624193E-7	0.000000E+0	2.895407E-6	1.400334E-4	0.000000E+0	0.000000E+0	0.000000E+0
1.501528E+2	-7.113331E+3	1.487000E+0	9.169370E+16	2.296609E-18	1.673041E-6	0.000000E+0	2.966156E-6	1.405185E-4	0.000000E+0	0.000000E+0	0.000000E+0
1.229189E+2	-7.088372E+3	1.551000E+0	4.020179E+17	1.945249E+17	3.477486E-6	0.000000E+0	2.445654E-6	1.410337E-4	0.000000E+0	0.000000E+0	0.000000E+0
1.441777E+2	-7.066612E+3	1.614000E+0	1.297458E-18	4.035830E-18	7.130584E-7	0.000000E+0	2.885990E-6	1.414516E-4	0.000000E+0	0.000000E+0	0.000000E+0
1.700986E+2	-7.045626E+3	1.677000E+0	-2.680827E+17	-5.492346E+17	5.098758E-6	0.000000E+0	3.424589E-6	1.418494E-4	0.000000E+0	0.000000E+0	0.000000E+0
1.268662E+2	-7.026124E+3	1.741000E+0	5.241939E+17	-4.156391E-18	2.817404E-6	0.000000E+0	2.569051E-6	1.422796E-4	0.000000E+0	0.000000E+0	0.000000E+0
1.283633E+2	-7.009768E+3	1.804000E+0	2.579781E+17	4.569569E-19	3.628054E-6	0.000000E+0	2.611488E-6	1.426103E-4	0.000000E+0	0.000000E+0	0.000000E+0
1.339067E+2	-6.993714E+3	1.867000E+0	2.915631E-18	4.874939E+16	3.927969E-6	0.000000E+0	2.736701E-6	1.429331E-4	0.000000E+0	0.000000E+0	0.000000E+0
1.526948E+2	-6.978617E+3	1.930000E+0	-1.980651E+17	1.958093E+16	3.717163E-6	0.000000E+0	3.133846E-6	1.432263E-4	0.000000E+0	0.000000E+0	0.000000E+0
1.493081E+2	-6.964683E+3	1.994000E+0	-2.714796E-18	3.559669E+13	1.435801E-6	0.000000E+0	3.076671E-6	1.435156E-4	0.000000E+0	0.000000E+0	0.000000E+0
1.482261E+2	-6.952238E+3	2.057000E+0	5.785012E-19	5.234687E+17	-1.839333E-6	0.000000E+0	3.065336E-6	1.437732E-4	0.000000E+0	0.000000E+0	0.000000E+0
1.538364E+2	-6.939481E+3	2.120000E+0	-2.375065E+17	1.295985E-19	4.078538E-6	0.000000E+0	3.192947E-6	1.440322E-4	0.000000E+0	0.000000E+0	0.000000E+0
1.715957E+2	-6.929113E+3	2.184000E+0	-5.351627E-18	2.391872E+17	1.797176E-6	0.000000E+0	3.571781E-6	1.442302E-4	0.000000E+0	0.000000E+0	0.000000E+0
1.394189E+2	-6.918459E+3	2.247000E+0	2.587907E+17	2.524315E-18	3.629262E-6	0.000000E+0	2.911566E-6	1.444822E-4	0.000000E+0	0.000000E+0	0.000000E+0
1.501533E+2	-6.908613E+3	2.310000E+0	-3.127958E+17	-9.739274E-19	-1.178050E-6	0.000000E+0	3.144474E-6	1.446785E-4	0.000000E+0	0.000000E+0	0.000000E+0
1.523950E+2	-6.898686E+3	2.373000E+0	6.653737E-18	-4.395315E+17	3.718407E-6	0.000000E+0	3.200561E-6	1.448844E-4	0.000000E+0	0.000000E+0	0.000000E+0
1.341089E+2	-6.889580E+3	2.437000E+0	-1.137863E-18	-4.190346E+17	4.155881E-7	0.000000E+0	2.824279E-6	1.450918E-4	0.000000E+0	0.000000E+0	0.000000E+0
1.426289E+2	-6.882896E+3	2.500000E+0	-9.275714E-19	-3.780149E-18	2.758403E-6	0.000000E+0	3.009391E-6	1.452253E-4	0.000000E+0	0.000000E+0	0.000000E+0
