Real / Ohm	Ximag / Ohm	V_DC / V	I_a c / A	V_ac / V	I_DC / A
1.438208E+2	-1.400573E+3	2.500000E+0	-9.275714E-19	-3.780149E-18	3.269117E-6	5.623413E+6	7.255289E-5	7.065432E-4	0.000000E+0	0.000000E+0	0.000000E+0
1.639504E+2	-1.406903E+3	2.437000E+0	-1.137863E-18	-4.190346E+17	3.479930E-6	0.000000E+0	8.171959E-5	7.012580E-4	0.000000E+0	0.000000E+0	0.000000E+0
8.375171E+1	-1.420560E+3	2.373000E+0	6.653737E-18	-4.395315E+17	1.675493E-6	0.000000E+0	4.135877E-5	7.015094E-4	0.000000E+0	0.000000E+0	0.000000E+0
1.232341E+2	-1.427899E+3	2.310000E+0	-3.127958E+17	-9.739274E-19	1.375578E-6	0.000000E+0	5.999473E-5	6.951518E-4	0.000000E+0	0.000000E+0	0.000000E+0
1.312693E+2	-1.431936E+3	2.247000E+0	2.587907E+17	2.524315E-18	3.118548E-6	0.000000E+0	6.348651E-5	6.925353E-4	0.000000E+0	0.000000E+0	0.000000E+0
1.452377E+2	-1.439638E+3	2.184000E+0	-5.351627E-18	2.391872E+17	3.840061E-6	0.000000E+0	6.937052E-5	6.876206E-4	0.000000E+0	0.000000E+0	0.000000E+0
1.240183E+2	-1.447498E+3	2.120000E+0	-2.375065E+17	1.295985E-19	-7.261406E-9	0.000000E+0	5.875887E-5	6.858129E-4	0.000000E+0	0.000000E+0	0.000000E+0
1.640265E+2	-1.454859E+3	2.057000E+0	5.785012E-19	5.234687E+17	7.142953E-7	0.000000E+0	7.652205E-5	6.787244E-4	0.000000E+0	0.000000E+0	0.000000E+0
1.288110E+2	-1.461230E+3	1.994000E+0	-2.714796E-18	3.559669E+13	6.032307E-6	0.000000E+0	5.986238E-5	6.790779E-4	0.000000E+0	0.000000E+0	0.000000E+0
1.342706E+2	-1.468393E+3	1.930000E+0	-1.980651E+17	1.958093E+16	5.249334E-6	0.000000E+0	6.175614E-5	6.753696E-4	0.000000E+0	0.000000E+0	0.000000E+0
1.687295E+2	-1.475454E+3	1.867000E+0	2.915631E-18	4.874939E+16	2.395798E-6	0.000000E+0	7.650625E-5	6.690084E-4	0.000000E+0	0.000000E+0	0.000000E+0
1.677551E+2	-1.484529E+3	1.804000E+0	2.579781E+17	4.569569E-19	5.670940E-6	0.000000E+0	7.516017E-5	6.651211E-4	0.000000E+0	0.000000E+0	0.000000E+0
1.567290E+2	-1.493445E+3	1.741000E+0	5.241939E+17	-4.156391E-18	-1.268396E-6	0.000000E+0	6.950467E-5	6.622986E-4	0.000000E+0	0.000000E+0	0.000000E+0
1.254624E+2	-1.503782E+3	1.677000E+0	-2.680827E+17	-5.492346E+17	2.545159E-6	0.000000E+0	5.509742E-5	6.603932E-4	0.000000E+0	0.000000E+0	0.000000E+0
1.312504E+2	-1.516068E+3	1.614000E+0	1.297458E-18	4.035830E-18	3.266687E-6	0.000000E+0	5.667877E-5	6.546942E-4	0.000000E+0	0.000000E+0	0.000000E+0
1.194790E+2	-1.524558E+3	1.551000E+0	4.020179E+17	1.945249E+17	1.945315E-6	0.000000E+0	5.109101E-5	6.519238E-4	0.000000E+0	0.000000E+0	0.000000E+0
1.179556E+2	-1.535032E+3	1.487000E+0	9.169370E+16	2.296609E-18	2.694498E-6	0.000000E+0	4.976532E-5	6.476281E-4	0.000000E+0	0.000000E+0	0.000000E+0
1.181412E+2	-1.547226E+3	1.424000E+0	-1.432962E-18	1.659667E-18	2.394590E-6	0.000000E+0	4.906470E-5	6.425716E-4	0.000000E+0	0.000000E+0	0.000000E+0
1.559127E+2	-1.557786E+3	1.361000E+0	5.364476E+17	-2.872230E+17	5.158996E-6	0.000000E+0	6.361172E-5	6.355700E-4	0.000000E+0	0.000000E+0	0.000000E+0
1.625662E+2	-1.569510E+3	1.297000E+0	5.229813E-18	-4.922483E+17	2.333123E-6	0.000000E+0	6.529315E-5	6.303786E-4	0.000000E+0	0.000000E+0	0.000000E+0
1.325240E+2	-1.579529E+3	1.234000E+0	7.433461E+16	-3.421240E+17	5.608272E-6	0.000000E+0	5.274641E-5	6.286746E-4	0.000000E+0	0.000000E+0	0.000000E+0
1.548512E+2	-1.590860E+3	1.171000E+0	-2.820974E+17	-3.573572E+17	3.776193E-6	0.000000E+0	6.061153E-5	6.226910E-4	0.000000E+0	0.000000E+0	0.000000E+0
1.748483E+2	-1.604858E+3	1.108000E+0	3.883601E+17	-5.707470E+17	2.454821E-6	0.000000E+0	6.709088E-5	6.157986E-4	0.000000E+0	0.000000E+0	0.000000E+0
1.644799E+2	-1.620676E+3	1.044000E+0	-5.196819E+17	1.790907E+17	4.225469E-6	0.000000E+0	6.198265E-5	6.107360E-4	0.000000E+0	0.000000E+0	0.000000E+0
1.327367E+2	-1.630939E+3	9.810000E-1	-1.554615E+17	1.089551E+17	2.393357E-6	0.000000E+0	4.957336E-5	6.091091E-4	0.000000E+0	0.000000E+0	0.000000E+0
1.197074E+2	-1.657917E+3	9.180000E-1	2.547940E-18	-3.572836E+16	4.136335E-6	0.000000E+0	4.332486E-5	6.000383E-4	0.000000E+0	0.000000E+0	0.000000E+0
1.581631E+2	-1.675099E+3	8.540000E-1	-6.904437E-18	-8.375564E+16	3.353347E-6	0.000000E+0	5.586883E-5	5.917045E-4	0.000000E+0	0.000000E+0	0.000000E+0
1.160564E+2	-1.693686E+3	7.910000E-1	-4.344318E+17	2.055147E+17	4.585610E-6	0.000000E+0	4.026882E-5	5.876689E-4	0.000000E+0	0.000000E+0	0.000000E+0
1.560157E+2	-1.715217E+3	7.280000E-1	-7.966684E-19	6.323277E-18	3.774960E-6	0.000000E+0	5.259588E-5	5.782325E-4	0.000000E+0	0.000000E+0	0.000000E+0
1.165034E+2	-1.737807E+3	6.650000E-1	4.752240E+17	-1.630679E-19	2.453591E-6	0.000000E+0	3.840502E-5	5.728632E-4	0.000000E+0	0.000000E+0	0.000000E+0
1.399720E+2	-1.763366E+3	6.010000E-1	1.388541E-18	6.784133E-18	4.224235E-6	0.000000E+0	4.473304E-5	5.635464E-4	0.000000E+0	0.000000E+0	0.000000E+0
1.293865E+2	-1.787851E+3	5.380000E-1	4.766215E-20	4.558806E+17	2.902867E-6	0.000000E+0	4.026778E-5	5.564166E-4	0.000000E+0	0.000000E+0	0.000000E+0
1.533040E+2	-1.815465E+3	4.750000E-1	-3.851510E-18	-6.447272E-18	3.624387E-6	0.000000E+0	4.618404E-5	5.469231E-4	0.000000E+0	0.000000E+0	0.000000E+0
1.677297E+2	-1.850335E+3	4.110000E-1	-4.316353E+17	4.857998E-18	2.841400E-6	0.000000E+0	4.859093E-5	5.360380E-4	0.000000E+0	0.000000E+0	0.000000E+0
1.640665E+2	-1.889445E+3	3.480000E-1	4.155990E+17	-1.823473E+17	5.095120E-6	0.000000E+0	4.561305E-5	5.252952E-4	0.000000E+0	0.000000E+0	0.000000E+0
8.826550E+1	-1.917991E+3	2.850000E-1	-3.194767E-18	5.558819E-18	2.241582E-6	0.000000E+0	2.394303E-5	5.202770E-4	0.000000E+0	0.000000E+0	0.000000E+0
1.441953E+2	-1.994116E+3	2.220000E-1	-3.021231E-18	1.453293E+17	2.452387E-6	0.000000E+0	3.607326E-5	4.988669E-4	0.000000E+0	0.000000E+0	0.000000E+0
1.555321E+2	-2.056463E+3	1.580000E-1	-1.067025E+17	-4.510080E+17	2.180115E-6	0.000000E+0	3.656799E-5	4.835061E-4	0.000000E+0	0.000000E+0	0.000000E+0
1.308143E+2	-2.135682E+3	9.500000E-2	-4.715168E+17	-5.436513E+17	5.455262E-6	0.000000E+0	2.857299E-5	4.664844E-4	0.000000E+0	0.000000E+0	0.000000E+0
1.754949E+2	-2.238158E+3	3.200000E-2	-3.096135E+17	4.406614E-18	5.666067E-6	0.000000E+0	3.481938E-5	4.440658E-4	0.000000E+0	0.000000E+0	0.000000E+0
1.685964E+2	-2.395727E+3	-3.200000E-2	-9.427576E-19	-9.422141E-19	4.883081E-6	0.000000E+0	2.922995E-5	4.153528E-4	0.000000E+0	0.000000E+0	0.000000E+0
1.714548E+2	-2.635500E+3	-9.500000E-2	-4.717429E+17	-4.925467E+17	7.136800E-6	0.000000E+0	2.458043E-5	3.778355E-4	0.000000E+0	0.000000E+0	0.000000E+0
1.446465E+2	-2.992837E+3	-1.580000E-1	-2.971689E+17	-4.901914E-18	1.729635E-6	0.000000E+0	1.611122E-5	3.333525E-4	0.000000E+0	0.000000E+0	0.000000E+0
1.726763E+2	-3.432478E+3	-2.220000E-1	-1.478444E+17	2.700612E+17	5.032449E-6	0.000000E+0	1.461906E-5	2.905993E-4	0.000000E+0	0.000000E+0	0.000000E+0
2.088562E+2	-3.849151E+3	-2.850000E-1	-5.609192E+17	2.120590E-18	5.243253E-6	0.000000E+0	1.405532E-5	2.590349E-4	0.000000E+0	0.000000E+0	0.000000E+0
1.996726E+2	-4.248867E+3	-3.480000E-1	-1.696221E+17	-6.427781E-19	3.921887E-6	0.000000E+0	1.103606E-5	2.348382E-4	0.000000E+0	0.000000E+0	0.000000E+0
1.839758E+2	-4.674012E+3	-4.110000E-1	2.837111E-18	-1.599031E-19	6.175578E-6	0.000000E+0	8.408310E-6	2.136180E-4	0.000000E+0	0.000000E+0	0.000000E+0
2.527012E+2	-5.542994E+3	-4.750000E-1	-4.319920E+17	-4.172230E+17	4.881877E-6	0.000000E+0	8.207612E-6	1.800337E-4	0.000000E+0	0.000000E+0	0.000000E+0
3.202329E+2	-7.087865E+3	-5.380000E-1	-5.506723E-18	4.358505E+16	3.560512E-6	0.000000E+0	6.361353E-6	1.407988E-4	0.000000E+0	0.000000E+0	0.000000E+0
3.163501E+2	-9.837238E+3	-6.010000E-1	4.410889E+17	3.940187E-18	5.303486E-6	0.000000E+0	3.265673E-6	1.015495E-4	0.000000E+0	0.000000E+0	0.000000E+0
5.022070E+2	-1.325508E+4	-6.650000E-1	3.887097E+16	1.860550E+17	4.009788E-6	0.000000E+0	2.854270E-6	7.533463E-5	0.000000E+0	0.000000E+0	0.000000E+0
5.981396E+2	-1.565366E+4	-7.280000E-1	-4.775830E-18	6.132215E-18	2.688390E-6	0.000000E+0	2.437458E-6	6.378969E-5	0.000000E+0	0.000000E+0	0.000000E+0
7.563994E+2	-1.720259E+4	-7.910000E-1	-1.773302E-18	1.902529E-18	1.877768E-6	0.000000E+0	2.551083E-6	5.801861E-5	0.000000E+0	0.000000E+0	0.000000E+0
7.686406E+2	-1.840113E+4	-8.540000E-1	-7.520591E+15	-3.386204E-18	2.599289E-6	0.000000E+0	2.266090E-6	5.424983E-5	0.000000E+0	0.000000E+0	0.000000E+0
8.012725E+2	-1.941827E+4	-9.180000E-1	2.088264E+17	-2.556168E+17	3.348472E-6	0.000000E+0	2.121389E-6	5.141036E-5	0.000000E+0	0.000000E+0	0.000000E+0
8.025205E+2	-2.035472E+4	-9.810000E-1	5.232688E+17	-4.633991E+17	3.048564E-6	0.000000E+0	1.933977E-6	4.905240E-5	0.000000E+0	0.000000E+0	0.000000E+0
6.600322E+2	-2.118786E+4	-1.044000E+0	-1.291944E-18	-5.342346E-18	3.770081E-6	0.000000E+0	1.468824E-6	4.715108E-5	0.000000E+0	0.000000E+0	0.000000E+0
6.916514E+2	-2.138382E+4	-1.108000E+0	-5.203440E-18	3.830367E-18	4.335016E-7	0.000000E+0	1.510993E-6	4.671546E-5	0.000000E+0	0.000000E+0	0.000000E+0
6.934121E+2	-2.269084E+4	-1.171000E+0	2.472319E-19	-1.518024E+17	6.442715E-7	0.000000E+0	1.345504E-6	4.402953E-5	0.000000E+0	0.000000E+0	0.000000E+0
7.570078E+2	-2.320359E+4	-1.234000E+0	1.311717E+15	5.157902E-18	3.443638E-7	0.000000E+0	1.404520E-6	4.305096E-5	0.000000E+0	0.000000E+0	0.000000E+0
6.098516E+2	-2.383226E+4	-1.297000E+0	-1.016338E-18	-5.687810E-18	1.576569E-6	0.000000E+0	1.073024E-6	4.193247E-5	0.000000E+0	0.000000E+0	0.000000E+0
6.612578E+2	-2.427458E+4	-1.361000E+0	-6.256276E-18	1.399337E+17	1.815068E-6	0.000000E+0	1.121360E-6	4.116481E-5	0.000000E+0	0.000000E+0	0.000000E+0
7.397344E+2	-2.467875E+4	-1.424000E+0	2.698511E+17	2.405250E+17	3.047331E-6	0.000000E+0	1.213499E-6	4.048432E-5	0.000000E+0	0.000000E+0	0.000000E+0
7.058789E+2	-2.499027E+4	-1.487000E+0	-3.870894E-18	-2.240669E+17	7.044800E-7	0.000000E+0	1.129385E-6	3.998367E-5	0.000000E+0	0.000000E+0	0.000000E+0
5.872812E+2	-2.529582E+4	-1.551000E+0	8.610784E+16	1.699868E-17	1.453693E-6	0.000000E+0	9.173067E-7	3.951093E-5	0.000000E+0	0.000000E+0	0.000000E+0
7.462813E+2	-2.537262E+4	-1.614000E+0	2.127762E-18	3.273865E+15	3.196663E-6	0.000000E+0	1.158234E-6	3.937850E-5	0.000000E+0	0.000000E+0	0.000000E+0
6.911191E+2	-2.557718E+4	-1.677000E+0	8.036571E+16	-4.936752E+17	1.875305E-6	0.000000E+0	1.055676E-6	3.906883E-5	0.000000E+0	0.000000E+0	0.000000E+0
6.164453E+2	-2.580464E+4	-1.741000E+0	-6.504745E+16	2.369913E+17	1.603032E-6	0.000000E+0	9.252331E-7	3.873062E-5	0.000000E+0	0.000000E+0	0.000000E+0
6.945410E+2	-2.549038E+4	-1.804000E+0	5.942414E-18	5.135457E+17	2.835295E-6	0.000000E+0	1.068127E-6	3.920138E-5	0.000000E+0	0.000000E+0	0.000000E+0
6.819727E+2	-2.614957E+4	-1.867000E+0	-5.521899E-18	3.493290E-18	-1.827721E-8	0.000000E+0	9.966498E-7	3.821555E-5	0.000000E+0	0.000000E+0	0.000000E+0
7.208008E+2	-2.606102E+4	-1.930000E+0	2.907620E+17	-1.496570E-18	6.321243E-6	0.000000E+0	1.060475E-6	3.834215E-5	0.000000E+0	0.000000E+0	0.000000E+0
6.842559E+2	-2.615802E+4	-1.994000E+0	-2.654747E-18	4.664409E-18	3.495348E-6	0.000000E+0	9.993365E-7	3.820305E-5	0.000000E+0	0.000000E+0	0.000000E+0
6.799941E+2	-2.610893E+4	-2.057000E+0	6.234127E-18	-3.929323E-18	3.706169E-6	0.000000E+0	9.968562E-7	3.827511E-5	0.000000E+0	0.000000E+0	0.000000E+0
7.639570E+2	-2.611188E+4	-2.120000E+0	8.250878E-19	2.832976E+17	1.874098E-6	0.000000E+0	1.119492E-6	3.826399E-5	0.000000E+0	0.000000E+0	0.000000E+0
6.869473E+2	-2.606148E+4	-2.184000E+0	4.508571E+17	-2.686618E+17	3.644745E-6	0.000000E+0	1.010703E-6	3.834417E-5	0.000000E+0	0.000000E+0	0.000000E+0
6.510293E+2	-2.603891E+4	-2.247000E+0	2.517955E+17	3.793714E+16	2.323315E-6	0.000000E+0	9.595852E-7	3.838007E-5	0.000000E+0	0.000000E+0	0.000000E+0
7.190410E+2	-2.590069E+4	-2.310000E+0	-6.627993E-18	5.176251E+17	4.066285E-6	0.000000E+0	1.071017E-6	3.857928E-5	0.000000E+0	0.000000E+0	0.000000E+0
7.184512E+2	-2.588677E+4	-2.373000E+0	-5.704680E+17	1.371951E+17	2.234199E-6	0.000000E+0	1.071290E-6	3.860004E-5	0.000000E+0	0.000000E+0	0.000000E+0
5.936406E+2	-2.582983E+4	-2.437000E+0	-1.853759E+17	6.906363E-18	5.537047E-6	0.000000E+0	8.893059E-7	3.869449E-5	0.000000E+0	0.000000E+0	0.000000E+0
6.291543E+2	-2.552403E+4	-2.500000E+0	-3.567381E+17	-5.153844E-18	5.237118E-6	0.000000E+0	9.651501E-7	3.915498E-5	0.000000E+0	0.000000E+0	0.000000E+0
