Real / Ohm	Ximag / Ohm	V_DC / V	I_a c / A	V_ac / V	I_DC / A
1.460933E+2	-2.423441E+3	2.500000E+0	-9.275714E-19	-3.780149E-18	4.801288E-6	3.162278E+6	2.478506E-5	4.111423E-4	0.000000E+0	0.000000E+0	0.000000E+0
1.395396E+2	-2.432002E+3	2.437000E+0	-1.137863E-18	-4.190346E+17	5.012102E-6	0.000000E+0	2.351485E-5	4.098347E-4	0.000000E+0	0.000000E+0	0.000000E+0
1.494231E+2	-2.440019E+3	2.373000E+0	6.653737E-18	-4.395315E+17	1.675493E-6	0.000000E+0	2.500378E-5	4.083017E-4	0.000000E+0	0.000000E+0	0.000000E+0
1.527263E+2	-2.449492E+3	2.310000E+0	-3.127958E+17	-9.739274E-19	2.907749E-6	0.000000E+0	2.535576E-5	4.066670E-4	0.000000E+0	0.000000E+0	0.000000E+0
1.563716E+2	-2.459938E+3	2.247000E+0	2.587907E+17	2.524315E-18	5.161433E-6	0.000000E+0	2.573702E-5	4.048783E-4	0.000000E+0	0.000000E+0	0.000000E+0
1.280430E+2	-2.470686E+3	2.184000E+0	-5.351627E-18	2.391872E+17	2.818633E-6	0.000000E+0	2.091972E-5	4.036617E-4	0.000000E+0	0.000000E+0	0.000000E+0
1.343459E+2	-2.483020E+3	2.120000E+0	-2.375065E+17	1.295985E-19	4.078538E-6	0.000000E+0	2.172673E-5	4.015598E-4	0.000000E+0	0.000000E+0	0.000000E+0
1.530498E+2	-2.495420E+3	2.057000E+0	5.785012E-19	5.234687E+17	4.800066E-6	0.000000E+0	2.448583E-5	3.992324E-4	0.000000E+0	0.000000E+0	0.000000E+0
1.434668E+2	-2.509038E+3	1.994000E+0	-2.714796E-18	3.559669E+13	5.521601E-6	0.000000E+0	2.271534E-5	3.972603E-4	0.000000E+0	0.000000E+0	0.000000E+0
1.345498E+2	-2.521713E+3	1.930000E+0	-1.980651E+17	1.958093E+16	5.760077E-6	0.000000E+0	2.109877E-5	3.954301E-4	0.000000E+0	0.000000E+0	0.000000E+0
1.446304E+2	-2.536348E+3	1.867000E+0	2.915631E-18	4.874939E+16	4.949427E-6	0.000000E+0	2.240949E-5	3.929898E-4	0.000000E+0	0.000000E+0	0.000000E+0
1.232017E+2	-2.552818E+3	1.804000E+0	2.579781E+17	4.569569E-19	4.649512E-6	0.000000E+0	1.886108E-5	3.908137E-4	0.000000E+0	0.000000E+0	0.000000E+0
1.508701E+2	-2.568484E+3	1.741000E+0	5.241939E+17	-4.156391E-18	4.860289E-6	0.000000E+0	2.279049E-5	3.879960E-4	0.000000E+0	0.000000E+0	0.000000E+0
1.313398E+2	-2.584992E+3	1.677000E+0	-2.680827E+17	-5.492346E+17	5.098758E-6	0.000000E+0	1.960461E-5	3.858523E-4	0.000000E+0	0.000000E+0	0.000000E+0
1.462676E+2	-2.602788E+3	1.614000E+0	1.297458E-18	4.035830E-18	7.130584E-7	0.000000E+0	2.152292E-5	3.829939E-4	0.000000E+0	0.000000E+0	0.000000E+0
1.535227E+2	-2.620917E+3	1.551000E+0	4.020179E+17	1.945249E+17	6.031114E-6	0.000000E+0	2.227299E-5	3.802412E-4	0.000000E+0	0.000000E+0	0.000000E+0
1.486953E+2	-2.640845E+3	1.487000E+0	9.169370E+16	2.296609E-18	7.291012E-6	0.000000E+0	2.125381E-5	3.774700E-4	0.000000E+0	0.000000E+0	0.000000E+0
1.252056E+2	-2.660495E+3	1.424000E+0	-1.432962E-18	1.659667E-18	1.373133E-6	0.000000E+0	1.764973E-5	3.750393E-4	0.000000E+0	0.000000E+0	0.000000E+0
1.529971E+2	-2.681493E+3	1.361000E+0	5.364476E+17	-2.872230E+17	3.116111E-6	0.000000E+0	2.120891E-5	3.717165E-4	0.000000E+0	0.000000E+0	0.000000E+0
1.453748E+2	-2.704752E+3	1.297000E+0	5.229813E-18	-4.922483E+17	5.908209E-6	0.000000E+0	1.981442E-5	3.686547E-4	0.000000E+0	0.000000E+0	0.000000E+0
1.129236E+2	-2.723023E+3	1.234000E+0	7.433461E+16	-3.421240E+17	3.054643E-6	0.000000E+0	1.520323E-5	3.666084E-4	0.000000E+0	0.000000E+0	0.000000E+0
1.338398E+2	-2.752663E+3	1.171000E+0	-2.820974E+17	-3.573572E+17	3.776193E-6	0.000000E+0	1.762194E-5	3.624278E-4	0.000000E+0	0.000000E+0	0.000000E+0
1.512104E+2	-2.778406E+3	1.108000E+0	3.883601E+17	-5.707470E+17	5.519163E-6	0.000000E+0	1.953016E-5	3.588557E-4	0.000000E+0	0.000000E+0	0.000000E+0
1.371174E+2	-2.806876E+3	1.044000E+0	-5.196819E+17	1.790907E+17	2.693298E-6	0.000000E+0	1.736245E-5	3.554198E-4	0.000000E+0	0.000000E+0	0.000000E+0
1.173262E+2	-2.836538E+3	9.810000E-1	-1.554615E+17	1.089551E+17	5.968439E-6	0.000000E+0	1.455712E-5	3.519403E-4	0.000000E+0	0.000000E+0	0.000000E+0
1.439170E+2	-2.868079E+3	9.180000E-1	2.547940E-18	-3.572836E+16	4.647049E-6	0.000000E+0	1.745170E-5	3.477897E-4	0.000000E+0	0.000000E+0	0.000000E+0
1.370198E+2	-2.902884E+3	8.540000E-1	-6.904437E-18	-8.375564E+16	1.821176E-6	0.000000E+0	1.622398E-5	3.437192E-4	0.000000E+0	0.000000E+0	0.000000E+0
1.123601E+2	-2.939335E+3	7.910000E-1	-4.344318E+17	2.055147E+17	4.585610E-6	0.000000E+0	1.298613E-5	3.397166E-4	0.000000E+0	0.000000E+0	0.000000E+0
1.200210E+2	-2.978279E+3	7.280000E-1	-7.966684E-19	6.323277E-18	2.242788E-6	0.000000E+0	1.350896E-5	3.352200E-4	0.000000E+0	0.000000E+0	0.000000E+0
1.454946E+2	-3.020844E+3	6.650000E-1	4.752240E+17	-1.630679E-19	2.964305E-6	0.000000E+0	1.590684E-5	3.302672E-4	0.000000E+0	0.000000E+0	0.000000E+0
1.463772E+2	-3.068785E+3	6.010000E-1	1.388541E-18	6.784133E-18	4.224235E-6	0.000000E+0	1.550792E-5	3.251222E-4	0.000000E+0	0.000000E+0	0.000000E+0
8.571118E+1	-3.107817E+3	5.380000E-1	4.766215E-20	4.558806E+17	2.392153E-6	0.000000E+0	8.867402E-6	3.215247E-4	0.000000E+0	0.000000E+0	0.000000E+0
1.119316E+2	-3.176579E+3	4.750000E-1	-3.851510E-18	-6.447272E-18	2.602959E-6	0.000000E+0	1.107885E-5	3.144137E-4	0.000000E+0	0.000000E+0	0.000000E+0
1.394321E+2	-3.241038E+3	4.110000E-1	-4.316353E+17	4.857998E-18	1.309229E-6	0.000000E+0	1.324926E-5	3.079731E-4	0.000000E+0	0.000000E+0	0.000000E+0
1.312236E+2	-3.314919E+3	3.480000E-1	4.155990E+17	-1.823473E+17	4.986068E-7	0.000000E+0	1.192301E-5	3.011945E-4	0.000000E+0	0.000000E+0	0.000000E+0
1.430574E+2	-3.399547E+3	2.850000E-1	-3.194767E-18	5.558819E-18	3.773754E-6	0.000000E+0	1.235662E-5	2.936369E-4	0.000000E+0	0.000000E+0	0.000000E+0
1.448684E+2	-3.501114E+3	2.220000E-1	-3.021231E-18	1.453293E+17	2.963101E-6	0.000000E+0	1.179827E-5	2.851352E-4	0.000000E+0	0.000000E+0	0.000000E+0
1.657393E+2	-3.628012E+3	1.580000E-1	-1.067025E+17	-4.510080E+17	4.733743E-6	0.000000E+0	1.256558E-5	2.750590E-4	0.000000E+0	0.000000E+0	0.000000E+0
1.382507E+2	-3.787889E+3	9.500000E-2	-4.715168E+17	-5.436513E+17	1.369463E-6	0.000000E+0	9.622650E-6	2.636481E-4	0.000000E+0	0.000000E+0	0.000000E+0
1.799412E+2	-4.009081E+3	3.200000E-2	-3.096135E+17	4.406614E-18	2.091011E-6	0.000000E+0	1.117293E-5	2.489322E-4	0.000000E+0	0.000000E+0	0.000000E+0
1.987480E+2	-4.338893E+3	-3.200000E-2	-9.427576E-19	-9.422141E-19	4.883081E-6	0.000000E+0	1.053500E-5	2.299910E-4	0.000000E+0	0.000000E+0	0.000000E+0
2.205244E+2	-4.831482E+3	-9.500000E-2	-4.717429E+17	-4.925467E+17	1.008087E-6	0.000000E+0	9.427403E-6	2.065455E-4	0.000000E+0	0.000000E+0	0.000000E+0
2.079595E+2	-5.516945E+3	-1.580000E-1	-2.971689E+17	-4.901914E-18	2.240349E-6	0.000000E+0	6.822834E-6	1.810026E-4	0.000000E+0	0.000000E+0	0.000000E+0
2.818560E+2	-6.332363E+3	-2.220000E-1	-1.478444E+17	2.700612E+17	3.500278E-6	0.000000E+0	7.015136E-6	1.576067E-4	0.000000E+0	0.000000E+0	0.000000E+0
2.881372E+2	-6.970752E+3	-2.850000E-1	-5.609192E+17	2.120590E-18	1.668168E-6	0.000000E+0	5.919686E-6	1.432119E-4	0.000000E+0	0.000000E+0	0.000000E+0
2.524102E+2	-7.489290E+3	-3.480000E-1	-1.696221E+17	-6.427781E-19	1.368258E-6	0.000000E+0	4.495030E-6	1.333725E-4	0.000000E+0	0.000000E+0	0.000000E+0
2.762764E+2	-8.022325E+3	-4.110000E-1	2.837111E-18	-1.599031E-19	5.576076E-7	0.000000E+0	4.287741E-6	1.245045E-4	0.000000E+0	0.000000E+0	0.000000E+0
3.030088E+2	-8.777396E+3	-4.750000E-1	-4.319920E+17	-4.172230E+17	2.328248E-6	0.000000E+0	3.928318E-6	1.137934E-4	0.000000E+0	0.000000E+0	0.000000E+0
3.726914E+2	-9.908082E+3	-5.380000E-1	-5.506723E-18	4.358505E+16	2.028341E-6	0.000000E+0	3.791021E-6	1.007851E-4	0.000000E+0	0.000000E+0	0.000000E+0
5.151602E+2	-1.172143E+4	-6.010000E-1	4.410889E+17	3.940187E-18	1.962289E-7	0.000000E+0	3.742338E-6	8.514935E-5	0.000000E+0	0.000000E+0	0.000000E+0
6.862881E+2	-1.445523E+4	-6.650000E-1	3.887097E+16	1.860550E+17	3.499044E-6	0.000000E+0	3.277017E-6	6.902353E-5	0.000000E+0	0.000000E+0	0.000000E+0
7.741543E+2	-1.731633E+4	-7.280000E-1	-4.775830E-18	6.132215E-18	-8.866664E-7	0.000000E+0	2.576610E-6	5.763377E-5	0.000000E+0	0.000000E+0	0.000000E+0
6.689336E+2	-1.930570E+4	-7.910000E-1	-1.773302E-18	1.902529E-18	1.367025E-6	0.000000E+0	1.792631E-6	5.173606E-5	0.000000E+0	0.000000E+0	0.000000E+0
4.884570E+2	-2.033144E+4	-8.540000E-1	-7.520591E+15	-3.386204E-18	5.152917E-6	0.000000E+0	1.180972E-6	4.915654E-5	0.000000E+0	0.000000E+0	0.000000E+0
4.819336E+2	-2.157098E+4	-9.180000E-1	2.088264E+17	-2.556168E+17	2.327015E-6	0.000000E+0	1.035215E-6	4.633545E-5	0.000000E+0	0.000000E+0	0.000000E+0
4.191777E+2	-2.265133E+4	-9.810000E-1	5.232688E+17	-4.633991E+17	2.027107E-6	0.000000E+0	8.166991E-7	4.413240E-5	0.000000E+0	0.000000E+0	0.000000E+0
4.345879E+2	-2.376934E+4	-1.044000E+0	-1.291944E-18	-5.342346E-18	1.216453E-6	0.000000E+0	7.689502E-7	4.205694E-5	0.000000E+0	0.000000E+0	0.000000E+0
4.250215E+2	-2.480849E+4	-1.108000E+0	-5.203440E-18	3.830367E-18	-7.724157E-8	0.000000E+0	6.903714E-7	4.029695E-5	0.000000E+0	0.000000E+0	0.000000E+0
4.018906E+2	-2.583580E+4	-1.171000E+0	2.472319E-19	-1.518024E+17	2.687186E-6	0.000000E+0	6.019480E-7	3.869662E-5	0.000000E+0	0.000000E+0	0.000000E+0
4.922852E+2	-2.676244E+4	-1.234000E+0	1.311717E+15	5.157902E-18	-1.664084E-7	0.000000E+0	6.870976E-7	3.735316E-5	0.000000E+0	0.000000E+0	0.000000E+0
4.435469E+2	-2.760488E+4	-1.297000E+0	-1.016338E-18	-5.687810E-18	4.442700E-8	0.000000E+0	5.819099E-7	3.621613E-5	0.000000E+0	0.000000E+0	0.000000E+0
4.476152E+2	-2.837171E+4	-1.361000E+0	-6.256276E-18	1.399337E+17	1.304354E-6	0.000000E+0	5.559372E-7	3.523761E-5	0.000000E+0	0.000000E+0	0.000000E+0
4.883438E+2	-2.910905E+4	-1.424000E+0	2.698511E+17	2.405250E+17	2.536559E-6	0.000000E+0	5.761657E-7	3.434391E-5	0.000000E+0	0.000000E+0	0.000000E+0
4.225137E+2	-2.966341E+4	-1.487000E+0	-3.870894E-18	-2.240669E+17	2.236680E-6	0.000000E+0	4.800766E-7	3.370473E-5	0.000000E+0	0.000000E+0	0.000000E+0
3.326680E+2	-2.988011E+4	-1.551000E+0	8.610784E+16	1.699868E-17	2.475121E-6	0.000000E+0	3.725571E-7	3.346293E-5	0.000000E+0	0.000000E+0	0.000000E+0
4.403789E+2	-3.061021E+4	-1.614000E+0	2.127762E-18	3.273865E+15	1.323206E-7	0.000000E+0	4.698984E-7	3.266208E-5	0.000000E+0	0.000000E+0	0.000000E+0
4.331035E+2	-3.106523E+4	-1.677000E+0	8.036571E+16	-4.936752E+17	3.431051E-7	0.000000E+0	4.487021E-7	3.218407E-5	0.000000E+0	0.000000E+0	0.000000E+0
4.585879E+2	-3.133011E+4	-1.741000E+0	-6.504745E+16	2.369913E+17	2.624460E-6	0.000000E+0	4.670955E-7	3.191134E-5	0.000000E+0	0.000000E+0	0.000000E+0
3.719238E+2	-3.159455E+4	-1.804000E+0	5.942414E-18	5.135457E+17	-1.761247E-6	0.000000E+0	3.725370E-7	3.164664E-5	0.000000E+0	0.000000E+0	0.000000E+0
4.146016E+2	-3.189286E+4	-1.867000E+0	-5.521899E-18	3.493290E-18	1.513923E-6	0.000000E+0	4.075404E-7	3.134968E-5	0.000000E+0	0.000000E+0	0.000000E+0
4.266719E+2	-3.209103E+4	-1.930000E+0	2.907620E+17	-1.496570E-18	1.724700E-6	0.000000E+0	4.142380E-7	3.115585E-5	0.000000E+0	0.000000E+0	0.000000E+0
4.223379E+2	-3.227045E+4	-1.994000E+0	-2.654747E-18	4.664409E-18	1.452492E-6	0.000000E+0	4.054858E-7	3.098280E-5	0.000000E+0	0.000000E+0	0.000000E+0
3.600918E+2	-3.232980E+4	-2.057000E+0	6.234127E-18	-3.929323E-18	6.418268E-7	0.000000E+0	3.444715E-7	3.092738E-5	0.000000E+0	0.000000E+0	0.000000E+0
3.767891E+2	-3.246911E+4	-2.120000E+0	8.250878E-19	2.832976E+17	1.874098E-6	0.000000E+0	3.573544E-7	3.079436E-5	0.000000E+0	0.000000E+0	0.000000E+0
3.546055E+2	-3.244062E+4	-2.184000E+0	4.508571E+17	-2.686618E+17	1.601831E-6	0.000000E+0	3.369111E-7	3.082187E-5	0.000000E+0	0.000000E+0	0.000000E+0
3.593652E+2	-3.218193E+4	-2.247000E+0	2.517955E+17	3.793714E+16	2.804591E-7	0.000000E+0	3.469427E-7	3.106946E-5	0.000000E+0	0.000000E+0	0.000000E+0
4.104883E+2	-3.232906E+4	-2.310000E+0	-6.627993E-18	5.176251E+17	1.001943E-6	0.000000E+0	3.926853E-7	3.092694E-5	0.000000E+0	0.000000E+0	0.000000E+0
3.293281E+2	-3.229704E+4	-2.373000E+0	-5.704680E+17	1.371951E+17	2.234199E-6	0.000000E+0	3.156881E-7	3.095937E-5	0.000000E+0	0.000000E+0	0.000000E+0
3.787734E+2	-3.211732E+4	-2.437000E+0	-1.853759E+17	6.906363E-18	1.451219E-6	0.000000E+0	3.671474E-7	3.113152E-5	0.000000E+0	0.000000E+0	0.000000E+0
3.622461E+2	-3.198625E+4	-2.500000E+0	-3.567381E+17	-5.153844E-18	-1.912995E-6	0.000000E+0	3.540148E-7	3.125942E-5	0.000000E+0	0.000000E+0	0.000000E+0
