Real / Ohm	Ximag / Ohm	V_DC / V	I_a c / A	V_ac / V	I_DC / A
4.806030E+1	-1.367736E+3	2.500000E+0	-9.275714E-19	-3.780149E-18	3.269117E-6	5.623413E+6	2.565937E-5	7.302336E-4	0.000000E+0	0.000000E+0	0.000000E+0
4.589465E+1	-1.372601E+3	2.437000E+0	-1.137863E-18	-4.190346E+17	-9.515497E-8	0.000000E+0	2.433258E-5	7.277302E-4	0.000000E+0	0.000000E+0	0.000000E+0
7.085608E+1	-1.377924E+3	2.373000E+0	6.653737E-18	-4.395315E+17	-2.921020E-6	0.000000E+0	3.722029E-5	7.238155E-4	0.000000E+0	0.000000E+0	0.000000E+0
7.384534E+1	-1.382007E+3	2.310000E+0	-3.127958E+17	-9.739274E-19	8.648640E-7	0.000000E+0	3.855355E-5	7.215253E-4	0.000000E+0	0.000000E+0	0.000000E+0
6.454150E+1	-1.389006E+3	2.247000E+0	2.587907E+17	2.524315E-18	2.607834E-6	0.000000E+0	3.338060E-5	7.183882E-4	0.000000E+0	0.000000E+0	0.000000E+0
3.216443E+1	-1.393895E+3	2.184000E+0	-5.351627E-18	2.391872E+17	2.650049E-7	0.000000E+0	1.654568E-5	7.170324E-4	0.000000E+0	0.000000E+0	0.000000E+0
6.632849E+1	-1.401370E+3	2.120000E+0	-2.375065E+17	1.295985E-19	1.524910E-6	0.000000E+0	3.369944E-5	7.119924E-4	0.000000E+0	0.000000E+0	0.000000E+0
6.100476E+1	-1.408646E+3	2.057000E+0	5.785012E-19	5.234687E+17	-3.071618E-7	0.000000E+0	3.068642E-5	7.085726E-4	0.000000E+0	0.000000E+0	0.000000E+0
5.110364E+1	-1.412242E+3	1.994000E+0	-2.714796E-18	3.559669E+13	-6.070841E-7	0.000000E+0	2.558970E-5	7.071679E-4	0.000000E+0	0.000000E+0	0.000000E+0
7.608215E+1	-1.419548E+3	1.930000E+0	-1.980651E+17	1.958093E+16	1.674278E-6	0.000000E+0	3.764756E-5	7.024318E-4	0.000000E+0	0.000000E+0	0.000000E+0
1.186195E+2	-1.428429E+3	1.867000E+0	2.915631E-18	4.874939E+16	1.374341E-6	0.000000E+0	5.773699E-5	6.952752E-4	0.000000E+0	0.000000E+0	0.000000E+0
5.699622E+1	-1.436911E+3	1.804000E+0	2.579781E+17	4.569569E-19	-4.577450E-7	0.000000E+0	2.756154E-5	6.948441E-4	0.000000E+0	0.000000E+0	0.000000E+0
5.362036E+1	-1.444098E+3	1.741000E+0	5.241939E+17	-4.156391E-18	1.285232E-6	0.000000E+0	2.567663E-5	6.915204E-4	0.000000E+0	0.000000E+0	0.000000E+0
6.471350E+1	-1.452898E+3	1.677000E+0	-2.680827E+17	-5.492346E+17	-5.192123E-7	0.000000E+0	3.059595E-5	6.869168E-4	0.000000E+0	0.000000E+0	0.000000E+0
6.832080E+1	-1.461142E+3	1.614000E+0	1.297458E-18	4.035830E-18	3.777401E-6	0.000000E+0	3.193152E-5	6.829031E-4	0.000000E+0	0.000000E+0	0.000000E+0
6.990784E+1	-1.470857E+3	1.551000E+0	4.020179E+17	1.945249E+17	-6.083137E-7	0.000000E+0	3.224074E-5	6.783434E-4	0.000000E+0	0.000000E+0	0.000000E+0
5.493225E+1	-1.479681E+3	1.487000E+0	9.169370E+16	2.296609E-18	1.162327E-6	0.000000E+0	2.505492E-5	6.748912E-4	0.000000E+0	0.000000E+0	0.000000E+0
9.335925E+1	-1.489325E+3	1.424000E+0	-1.432962E-18	1.659667E-18	-1.180495E-6	0.000000E+0	4.192520E-5	6.688170E-4	0.000000E+0	0.000000E+0	0.000000E+0
5.254688E+1	-1.498807E+3	1.361000E+0	5.364476E+17	-2.872230E+17	1.073196E-6	0.000000E+0	2.336265E-5	6.663782E-4	0.000000E+0	0.000000E+0	0.000000E+0
1.057587E+2	-1.508583E+3	1.297000E+0	5.229813E-18	-4.922483E+17	-2.205052E-7	0.000000E+0	4.624327E-5	6.596318E-4	0.000000E+0	0.000000E+0	0.000000E+0
8.221472E+1	-1.519931E+3	1.234000E+0	7.433461E+16	-3.421240E+17	1.522472E-6	0.000000E+0	3.548404E-5	6.560052E-4	0.000000E+0	0.000000E+0	0.000000E+0
5.883691E+1	-1.530370E+3	1.171000E+0	-2.820974E+17	-3.573572E+17	2.244022E-6	0.000000E+0	2.508508E-5	6.524723E-4	0.000000E+0	0.000000E+0	0.000000E+0
6.193396E+1	-1.541697E+3	1.108000E+0	3.883601E+17	-5.707470E+17	4.119065E-7	0.000000E+0	2.601540E-5	6.475908E-4	0.000000E+0	0.000000E+0	0.000000E+0
3.108850E+1	-1.555919E+3	1.044000E+0	-5.196819E+17	1.790907E+17	-3.710738E-7	0.000000E+0	1.283667E-5	6.424505E-4	0.000000E+0	0.000000E+0	0.000000E+0
1.034657E+2	-1.568774E+3	9.810000E-1	-1.554615E+17	1.089551E+17	3.414811E-6	0.000000E+0	4.185917E-5	6.346797E-4	0.000000E+0	0.000000E+0	0.000000E+0
5.675854E+1	-1.583559E+3	9.180000E-1	2.547940E-18	-3.572836E+16	2.604163E-6	0.000000E+0	2.260503E-5	6.306787E-4	0.000000E+0	0.000000E+0	0.000000E+0
5.548364E+1	-1.599009E+3	8.540000E-1	-6.904437E-18	-8.375564E+16	7.997478E-7	0.000000E+0	2.167407E-5	6.246353E-4	0.000000E+0	0.000000E+0	0.000000E+0
4.658875E+1	-1.613705E+3	7.910000E-1	-4.344318E+17	2.055147E+17	3.053439E-6	0.000000E+0	1.787602E-5	6.191759E-4	0.000000E+0	0.000000E+0	0.000000E+0
8.458435E+1	-1.631062E+3	7.280000E-1	-7.966684E-19	6.323277E-18	2.242788E-6	0.000000E+0	3.170901E-5	6.114531E-4	0.000000E+0	0.000000E+0	0.000000E+0
4.902686E+1	-1.648524E+3	6.650000E-1	4.752240E+17	-1.630679E-19	-6.107512E-7	0.000000E+0	1.802435E-5	6.060672E-4	0.000000E+0	0.000000E+0	0.000000E+0
9.366638E+1	-1.665878E+3	6.010000E-1	1.388541E-18	6.784133E-18	1.159893E-6	0.000000E+0	3.364546E-5	5.983923E-4	0.000000E+0	0.000000E+0	0.000000E+0
6.987158E+1	-1.686731E+3	5.380000E-1	4.766215E-20	4.558806E+17	2.902867E-6	0.000000E+0	2.451683E-5	5.918472E-4	0.000000E+0	0.000000E+0	0.000000E+0
8.480933E+1	-1.710114E+3	4.750000E-1	-3.851510E-18	-6.447272E-18	1.581502E-6	0.000000E+0	2.892855E-5	5.833217E-4	0.000000E+0	0.000000E+0	0.000000E+0
4.514441E+1	-1.733941E+3	4.110000E-1	-4.316353E+17	4.857998E-18	2.330686E-6	0.000000E+0	1.500517E-5	5.763302E-4	0.000000E+0	0.000000E+0	0.000000E+0
1.168990E+2	-1.760702E+3	3.480000E-1	4.155990E+17	-1.823473E+17	1.520035E-6	0.000000E+0	3.754299E-5	5.654627E-4	0.000000E+0	0.000000E+0	0.000000E+0
9.205322E+1	-1.790240E+3	2.850000E-1	-3.194767E-18	5.558819E-18	3.263011E-6	0.000000E+0	2.864638E-5	5.571113E-4	0.000000E+0	0.000000E+0	0.000000E+0
5.768127E+1	-1.823950E+3	2.220000E-1	-3.021231E-18	1.453293E+17	1.430930E-6	0.000000E+0	1.732107E-5	5.477129E-4	0.000000E+0	0.000000E+0	0.000000E+0
7.606262E+1	-1.861888E+3	1.580000E-1	-1.067025E+17	-4.510080E+17	2.690829E-6	0.000000E+0	2.190483E-5	5.361944E-4	0.000000E+0	0.000000E+0	0.000000E+0
4.898499E+1	-1.901582E+3	9.500000E-2	-4.715168E+17	-5.436513E+17	3.480350E-7	0.000000E+0	1.353770E-5	5.255292E-4	0.000000E+0	0.000000E+0	0.000000E+0
8.108618E+1	-1.949002E+3	3.200000E-2	-3.096135E+17	4.406614E-18	3.623182E-6	0.000000E+0	2.130940E-5	5.121966E-4	0.000000E+0	0.000000E+0	0.000000E+0
5.971777E+1	-2.006475E+3	-3.200000E-2	-9.427576E-19	-9.422141E-19	-2.241461E-7	0.000000E+0	1.482011E-5	4.979454E-4	0.000000E+0	0.000000E+0	0.000000E+0
1.183217E+2	-2.070956E+3	-9.500000E-2	-4.717429E+17	-4.925467E+17	2.540258E-6	0.000000E+0	2.749839E-5	4.812977E-4	0.000000E+0	0.000000E+0	0.000000E+0
7.803760E+1	-2.151006E+3	-1.580000E-1	-2.971689E+17	-4.901914E-18	2.240349E-6	0.000000E+0	1.684416E-5	4.642877E-4	0.000000E+0	0.000000E+0	0.000000E+0
6.860535E+1	-2.258258E+3	-2.220000E-1	-1.478444E+17	2.700612E+17	2.478821E-6	0.000000E+0	1.344034E-5	4.424109E-4	0.000000E+0	0.000000E+0	0.000000E+0
6.729333E+1	-2.401237E+3	-2.850000E-1	-5.609192E+17	2.120590E-18	4.221796E-6	0.000000E+0	1.166168E-5	4.161252E-4	0.000000E+0	0.000000E+0	0.000000E+0
1.523875E+2	-2.604144E+3	-3.480000E-1	-1.696221E+17	-6.427781E-19	3.468012E-7	0.000000E+0	2.239416E-5	3.826929E-4	0.000000E+0	0.000000E+0	0.000000E+0
1.092339E+2	-2.934206E+3	-4.110000E-1	2.837111E-18	-1.599031E-19	-1.485278E-6	0.000000E+0	1.266995E-5	3.403360E-4	0.000000E+0	0.000000E+0	0.000000E+0
1.325793E+2	-3.461479E+3	-4.750000E-1	-4.319920E+17	-4.172230E+17	1.817534E-6	0.000000E+0	1.104881E-5	2.884707E-4	0.000000E+0	0.000000E+0	0.000000E+0
2.123501E+2	-4.253880E+3	-5.380000E-1	-5.506723E-18	4.358505E+16	4.071226E-6	0.000000E+0	1.170580E-5	2.344952E-4	0.000000E+0	0.000000E+0	0.000000E+0
2.190293E+2	-5.449967E+3	-6.010000E-1	4.410889E+17	3.940187E-18	4.282028E-6	0.000000E+0	7.362301E-6	1.831915E-4	0.000000E+0	0.000000E+0	0.000000E+0
4.089941E+2	-7.190247E+3	-6.650000E-1	3.887097E+16	1.860550E+17	-7.601193E-8	0.000000E+0	7.885451E-6	1.386287E-4	0.000000E+0	0.000000E+0	0.000000E+0
6.243838E+2	-9.050908E+3	-7.280000E-1	-4.775830E-18	6.132215E-18	1.347908E-7	0.000000E+0	7.585870E-6	1.099628E-4	0.000000E+0	0.000000E+0	0.000000E+0
9.293350E+2	-1.053397E+4	-7.910000E-1	-1.773302E-18	1.902529E-18	2.388482E-6	0.000000E+0	8.310382E-6	9.419781E-5	0.000000E+0	0.000000E+0	0.000000E+0
1.177476E+3	-1.158055E+4	-8.540000E-1	-7.520591E+15	-3.386204E-18	2.088575E-6	0.000000E+0	8.690143E-6	8.546810E-5	0.000000E+0	0.000000E+0	0.000000E+0
1.366451E+3	-1.261224E+4	-9.180000E-1	2.088264E+17	-2.556168E+17	3.859215E-6	0.000000E+0	8.490660E-6	7.836815E-5	0.000000E+0	0.000000E+0	0.000000E+0
1.398091E+3	-1.358114E+4	-9.810000E-1	5.232688E+17	-4.633991E+17	-5.265210E-7	0.000000E+0	7.500407E-6	7.285940E-5	0.000000E+0	0.000000E+0	0.000000E+0
1.404206E+3	-1.448038E+4	-1.044000E+0	-1.291944E-18	-5.342346E-18	7.057388E-7	0.000000E+0	6.634466E-6	6.841560E-5	0.000000E+0	0.000000E+0	0.000000E+0
1.277772E+3	-1.539101E+4	-1.108000E+0	-5.203440E-18	3.830367E-18	4.519272E-6	0.000000E+0	5.357178E-6	6.452824E-5	0.000000E+0	0.000000E+0	0.000000E+0
1.267366E+3	-1.615862E+4	-1.171000E+0	2.472319E-19	-1.518024E+17	2.687186E-6	0.000000E+0	4.824253E-6	6.150809E-5	0.000000E+0	0.000000E+0	0.000000E+0
1.270030E+3	-1.680997E+4	-1.234000E+0	1.311717E+15	5.157902E-18	1.876535E-6	0.000000E+0	4.468977E-6	5.915086E-5	0.000000E+0	0.000000E+0	0.000000E+0
1.247783E+3	-1.744952E+4	-1.297000E+0	-1.016338E-18	-5.687810E-18	4.640970E-6	0.000000E+0	4.077153E-6	5.701662E-5	0.000000E+0	0.000000E+0	0.000000E+0
1.278007E+3	-1.805791E+4	-1.361000E+0	-6.256276E-18	1.399337E+17	2.325782E-6	0.000000E+0	3.899675E-6	5.510140E-5	0.000000E+0	0.000000E+0	0.000000E+0
1.288401E+3	-1.863357E+4	-1.424000E+0	2.698511E+17	2.405250E+17	4.068759E-6	0.000000E+0	3.693070E-6	5.341123E-5	0.000000E+0	0.000000E+0	0.000000E+0
1.344225E+3	-1.910039E+4	-1.487000E+0	-3.870894E-18	-2.240669E+17	1.725966E-6	0.000000E+0	3.666416E-6	5.209692E-5	0.000000E+0	0.000000E+0	0.000000E+0
1.287965E+3	-1.957233E+4	-1.551000E+0	8.610784E+16	1.699868E-17	9.429787E-7	0.000000E+0	3.347668E-6	5.087224E-5	0.000000E+0	0.000000E+0	0.000000E+0
1.292305E+3	-2.010365E+4	-1.614000E+0	2.127762E-18	3.273865E+15	6.430346E-7	0.000000E+0	3.184376E-6	4.953751E-5	0.000000E+0	0.000000E+0	0.000000E+0
1.224061E+3	-2.050810E+4	-1.677000E+0	8.036571E+16	-4.936752E+17	3.407447E-6	0.000000E+0	2.900065E-6	4.858813E-5	0.000000E+0	0.000000E+0	0.000000E+0
1.282895E+3	-2.077949E+4	-1.741000E+0	-6.504745E+16	2.369913E+17	2.113746E-6	0.000000E+0	2.959846E-6	4.794164E-5	0.000000E+0	0.000000E+0	0.000000E+0
1.206029E+3	-2.118383E+4	-1.804000E+0	5.942414E-18	5.135457E+17	2.816669E-7	0.000000E+0	2.678819E-6	4.705331E-5	0.000000E+0	0.000000E+0	0.000000E+0
1.211260E+3	-2.145312E+4	-1.867000E+0	-5.521899E-18	3.493290E-18	2.024637E-6	0.000000E+0	2.623459E-6	4.646514E-5	0.000000E+0	0.000000E+0	0.000000E+0
1.227879E+3	-2.160295E+4	-1.930000E+0	2.907620E+17	-1.496570E-18	-1.850356E-6	0.000000E+0	2.622580E-6	4.614091E-5	0.000000E+0	0.000000E+0	0.000000E+0
1.180420E+3	-2.186109E+4	-1.994000E+0	-2.654747E-18	4.664409E-18	5.538262E-6	0.000000E+0	2.462797E-6	4.561039E-5	0.000000E+0	0.000000E+0	0.000000E+0
1.255965E+3	-2.203563E+4	-2.057000E+0	6.234127E-18	-3.929323E-18	3.195455E-6	0.000000E+0	2.578208E-6	4.523410E-5	0.000000E+0	0.000000E+0	0.000000E+0
1.303771E+3	-2.212174E+4	-2.120000E+0	8.250878E-19	2.832976E+17	4.427668E-6	0.000000E+0	2.654953E-6	4.504793E-5	0.000000E+0	0.000000E+0	0.000000E+0
1.244623E+3	-2.219729E+4	-2.184000E+0	4.508571E+17	-2.686618E+17	3.133973E-6	0.000000E+0	2.518110E-6	4.490935E-5	0.000000E+0	0.000000E+0	0.000000E+0
1.276262E+3	-2.227895E+4	-2.247000E+0	2.517955E+17	3.793714E+16	3.855515E-6	0.000000E+0	2.562876E-6	4.473860E-5	0.000000E+0	0.000000E+0	0.000000E+0
1.330521E+3	-2.242845E+4	-2.310000E+0	-6.627993E-18	5.176251E+17	-5.301990E-7	0.000000E+0	2.635709E-6	4.442987E-5	0.000000E+0	0.000000E+0	0.000000E+0
1.241090E+3	-2.254641E+4	-2.373000E+0	-5.704680E+17	1.371951E+17	2.744913E-6	0.000000E+0	2.434078E-6	4.421897E-5	0.000000E+0	0.000000E+0	0.000000E+0
1.233861E+3	-2.242101E+4	-2.437000E+0	-1.853759E+17	6.906363E-18	3.494133E-6	0.000000E+0	2.447049E-6	4.446636E-5	0.000000E+0	0.000000E+0	0.000000E+0
1.266529E+3	-2.254852E+4	-2.500000E+0	-3.567381E+17	-5.153844E-18	1.662062E-6	0.000000E+0	2.483196E-6	4.420933E-5	0.000000E+0	0.000000E+0	0.000000E+0
