Real / Ohm	Ximag / Ohm	V_DC / V	I_a c / A	V_ac / V	I_DC / A
1.592329E+2	-4.421379E+3	2.500000E+0	-9.275714E-19	-3.780149E-18	6.844173E-6	1.778279E+6	8.134941E-6	2.258808E-4	0.000000E+0	0.000000E+0	0.000000E+0
1.923022E+2	-4.439086E+3	2.437000E+0	-1.137863E-18	-4.190346E+17	5.012102E-6	0.000000E+0	9.740537E-6	2.248496E-4	0.000000E+0	0.000000E+0	0.000000E+0
1.961006E+2	-4.460176E+3	2.373000E+0	6.653737E-18	-4.395315E+17	3.207664E-6	0.000000E+0	9.838666E-6	2.237738E-4	0.000000E+0	0.000000E+0	0.000000E+0
1.866616E+2	-4.479293E+3	2.310000E+0	-3.127958E+17	-9.739274E-19	1.886292E-6	0.000000E+0	9.287151E-6	2.228625E-4	0.000000E+0	0.000000E+0	0.000000E+0
1.439058E+2	-4.493961E+3	2.247000E+0	2.587907E+17	2.524315E-18	2.607834E-6	0.000000E+0	7.118272E-6	2.222929E-4	0.000000E+0	0.000000E+0	0.000000E+0
1.663423E+2	-4.533615E+3	2.184000E+0	-5.351627E-18	2.391872E+17	5.372232E-6	0.000000E+0	8.082192E-6	2.202780E-4	0.000000E+0	0.000000E+0	0.000000E+0
1.638408E+2	-4.555471E+3	2.120000E+0	-2.375065E+17	1.295985E-19	3.567824E-6	0.000000E+0	7.884862E-6	2.192327E-4	0.000000E+0	0.000000E+0	0.000000E+0
1.567671E+2	-4.581379E+3	2.057000E+0	5.785012E-19	5.234687E+17	2.246466E-6	0.000000E+0	7.460265E-6	2.180196E-4	0.000000E+0	0.000000E+0	0.000000E+0
1.751831E+2	-4.607066E+3	1.994000E+0	-2.714796E-18	3.559669E+13	3.989429E-6	0.000000E+0	8.241682E-6	2.167445E-4	0.000000E+0	0.000000E+0	0.000000E+0
1.808188E+2	-4.632647E+3	1.930000E+0	-1.980651E+17	1.958093E+16	1.163564E-6	0.000000E+0	8.412480E-6	2.155310E-4	0.000000E+0	0.000000E+0	0.000000E+0
1.832358E+2	-4.657627E+3	1.867000E+0	2.915631E-18	4.874939E+16	3.927969E-6	0.000000E+0	8.433528E-6	2.143698E-4	0.000000E+0	0.000000E+0	0.000000E+0
1.572422E+2	-4.678705E+3	1.804000E+0	2.579781E+17	4.569569E-19	5.160226E-6	0.000000E+0	7.175093E-6	2.134932E-4	0.000000E+0	0.000000E+0	0.000000E+0
1.892134E+2	-4.703025E+3	1.741000E+0	5.241939E+17	-4.156391E-18	2.306690E-6	0.000000E+0	8.540729E-6	2.122855E-4	0.000000E+0	0.000000E+0	0.000000E+0
1.906865E+2	-4.734409E+3	1.677000E+0	-2.680827E+17	-5.492346E+17	2.545159E-6	0.000000E+0	8.493456E-6	2.108775E-4	0.000000E+0	0.000000E+0	0.000000E+0
1.859448E+2	-4.765709E+3	1.614000E+0	1.297458E-18	4.035830E-18	3.266687E-6	0.000000E+0	8.174635E-6	2.095134E-4	0.000000E+0	0.000000E+0	0.000000E+0
1.482520E+2	-4.773201E+3	1.551000E+0	4.020179E+17	1.945249E+17	1.434571E-6	0.000000E+0	6.500734E-6	2.093011E-4	0.000000E+0	0.000000E+0	0.000000E+0
1.614146E+2	-4.843836E+3	1.487000E+0	9.169370E+16	2.296609E-18	1.673041E-6	0.000000E+0	6.871981E-6	2.062189E-4	0.000000E+0	0.000000E+0	0.000000E+0
1.767114E+2	-4.876696E+3	1.424000E+0	-1.432962E-18	1.659667E-18	2.394590E-6	0.000000E+0	7.420674E-6	2.047880E-4	0.000000E+0	0.000000E+0	0.000000E+0
1.414971E+2	-4.915533E+3	1.361000E+0	5.364476E+17	-2.872230E+17	2.605397E-6	0.000000E+0	5.851222E-6	2.032683E-4	0.000000E+0	0.000000E+0	0.000000E+0
1.711650E+2	-4.953109E+3	1.297000E+0	5.229813E-18	-4.922483E+17	3.354580E-6	0.000000E+0	6.968525E-6	2.016526E-4	0.000000E+0	0.000000E+0	0.000000E+0
1.773682E+2	-4.992537E+3	1.234000E+0	7.433461E+16	-3.421240E+17	4.076101E-6	0.000000E+0	7.106985E-6	2.000465E-4	0.000000E+0	0.000000E+0	0.000000E+0
1.681582E+2	-5.032896E+3	1.171000E+0	-2.820974E+17	-3.573572E+17	1.733279E-6	0.000000E+0	6.631283E-6	1.984712E-4	0.000000E+0	0.000000E+0	0.000000E+0
1.444922E+2	-5.074456E+3	1.108000E+0	3.883601E+17	-5.707470E+17	3.986992E-6	0.000000E+0	5.606779E-6	1.969058E-4	0.000000E+0	0.000000E+0	0.000000E+0
1.807749E+2	-5.114513E+3	1.044000E+0	-5.196819E+17	1.790907E+17	5.246897E-6	0.000000E+0	6.902197E-6	1.952781E-4	0.000000E+0	0.000000E+0	0.000000E+0
1.764189E+2	-5.165301E+3	9.810000E-1	-1.554615E+17	1.089551E+17	2.904071E-6	0.000000E+0	6.604615E-6	1.933740E-4	0.000000E+0	0.000000E+0	0.000000E+0
1.737661E+2	-5.220121E+3	9.180000E-1	2.547940E-18	-3.572836E+16	4.136335E-6	0.000000E+0	6.369758E-6	1.913544E-4	0.000000E+0	0.000000E+0	0.000000E+0
9.463135E+1	-5.233926E+3	8.540000E-1	-6.904437E-18	-8.375564E+16	1.821176E-6	0.000000E+0	3.453329E-6	1.909987E-4	0.000000E+0	0.000000E+0	0.000000E+0
1.519082E+2	-5.356992E+3	7.910000E-1	-4.344318E+17	2.055147E+17	3.053439E-6	0.000000E+0	5.289202E-6	1.865219E-4	0.000000E+0	0.000000E+0	0.000000E+0
1.650566E+2	-5.420641E+3	7.280000E-1	-7.966684E-19	6.323277E-18	5.307131E-6	0.000000E+0	5.612148E-6	1.843091E-4	0.000000E+0	0.000000E+0	0.000000E+0
1.267832E+2	-5.493972E+3	6.650000E-1	4.752240E+17	-1.630679E-19	2.964305E-6	0.000000E+0	4.198147E-6	1.819208E-4	0.000000E+0	0.000000E+0	0.000000E+0
1.716865E+2	-5.572719E+3	6.010000E-1	1.388541E-18	6.784133E-18	4.734949E-6	0.000000E+0	5.523188E-6	1.792755E-4	0.000000E+0	0.000000E+0	0.000000E+0
1.684233E+2	-5.659196E+3	5.380000E-1	4.766215E-20	4.558806E+17	8.599818E-7	0.000000E+0	5.254219E-6	1.765472E-4	0.000000E+0	0.000000E+0	0.000000E+0
1.639028E+2	-5.753163E+3	4.750000E-1	-3.851510E-18	-6.447272E-18	1.581502E-6	0.000000E+0	4.947897E-6	1.736765E-4	0.000000E+0	0.000000E+0	0.000000E+0
1.368706E+2	-5.855448E+3	4.110000E-1	-4.316353E+17	4.857998E-18	3.352143E-6	0.000000E+0	3.989814E-6	1.706879E-4	0.000000E+0	0.000000E+0	0.000000E+0
1.764219E+2	-5.964699E+3	3.480000E-1	4.155990E+17	-1.823473E+17	-1.213630E-8	0.000000E+0	4.954452E-6	1.675065E-4	0.000000E+0	0.000000E+0	0.000000E+0
1.797207E+2	-6.104836E+3	2.850000E-1	-3.194767E-18	5.558819E-18	5.305925E-6	0.000000E+0	4.818079E-6	1.636627E-4	0.000000E+0	0.000000E+0	0.000000E+0
1.614507E+2	-6.270771E+3	2.220000E-1	-3.021231E-18	1.453293E+17	2.452387E-6	0.000000E+0	4.103083E-6	1.593644E-4	0.000000E+0	0.000000E+0	0.000000E+0
1.289380E+2	-6.423865E+3	1.580000E-1	-1.067025E+17	-4.510080E+17	2.690829E-6	0.000000E+0	3.123296E-6	1.556068E-4	0.000000E+0	0.000000E+0	0.000000E+0
1.456841E+2	-6.738549E+3	9.500000E-2	-4.715168E+17	-5.436513E+17	1.369463E-6	0.000000E+0	3.206834E-6	1.483306E-4	0.000000E+0	0.000000E+0	0.000000E+0
1.796826E+2	-7.061366E+3	3.200000E-2	-3.096135E+17	4.406614E-18	3.623182E-6	0.000000E+0	3.601202E-6	1.415240E-4	0.000000E+0	0.000000E+0	0.000000E+0
1.876104E+2	-7.553068E+3	-3.200000E-2	-9.427576E-19	-9.422141E-19	2.329482E-6	0.000000E+0	3.286565E-6	1.323149E-4	0.000000E+0	0.000000E+0	0.000000E+0
2.259375E+2	-8.305535E+3	-9.500000E-2	-4.717429E+17	-4.925467E+17	1.008087E-6	0.000000E+0	3.272893E-6	1.203126E-4	0.000000E+0	0.000000E+0	0.000000E+0
1.863750E+2	-9.471785E+3	-1.580000E-1	-2.971689E+17	-4.901914E-18	2.751063E-6	0.000000E+0	2.076614E-6	1.055359E-4	0.000000E+0	0.000000E+0	0.000000E+0
2.406055E+2	-1.085407E+4	-2.220000E-1	-1.478444E+17	2.700612E+17	2.989535E-6	0.000000E+0	2.041301E-6	9.208609E-5	0.000000E+0	0.000000E+0	0.000000E+0
2.983008E+2	-1.206213E+4	-2.850000E-1	-5.609192E+17	2.120590E-18	1.157454E-6	0.000000E+0	2.048995E-6	8.285342E-5	0.000000E+0	0.000000E+0	0.000000E+0
4.447900E+2	-1.319018E+4	-3.480000E-1	-1.696221E+17	-6.427781E-19	1.878972E-6	0.000000E+0	2.553642E-6	7.572786E-5	0.000000E+0	0.000000E+0	0.000000E+0
5.436719E+2	-1.459491E+4	-4.110000E-1	2.837111E-18	-1.599031E-19	5.154121E-6	0.000000E+0	2.548777E-6	6.842209E-5	0.000000E+0	0.000000E+0	0.000000E+0
6.216465E+2	-1.683964E+4	-4.750000E-1	-4.319920E+17	-4.172230E+17	2.838962E-6	0.000000E+0	2.189205E-6	5.930288E-5	0.000000E+0	0.000000E+0	0.000000E+0
7.747617E+2	-2.086366E+4	-5.380000E-1	-5.506723E-18	4.358505E+16	5.603397E-6	0.000000E+0	1.777414E-6	4.786423E-5	0.000000E+0	0.000000E+0	0.000000E+0
1.115988E+3	-2.900438E+4	-6.010000E-1	4.410889E+17	3.940187E-18	4.792742E-6	0.000000E+0	1.324616E-6	3.442658E-5	0.000000E+0	0.000000E+0	0.000000E+0
1.770680E+3	-3.970747E+4	-6.650000E-1	3.887097E+16	1.860550E+17	5.541959E-6	0.000000E+0	1.120812E-6	2.513420E-5	0.000000E+0	0.000000E+0	0.000000E+0
2.927965E+3	-4.768572E+4	-7.280000E-1	-4.775830E-18	6.132215E-18	1.347908E-7	0.000000E+0	1.282788E-6	2.089187E-5	0.000000E+0	0.000000E+0	0.000000E+0
4.259672E+3	-5.243474E+4	-7.910000E-1	-1.773302E-18	1.902529E-18	8.563111E-7	0.000000E+0	1.539151E-6	1.894629E-5	0.000000E+0	0.000000E+0	0.000000E+0
4.299070E+3	-5.637018E+4	-8.540000E-1	-7.520591E+15	-3.386204E-18	1.577831E-6	0.000000E+0	1.345107E-6	1.763729E-5	0.000000E+0	0.000000E+0	0.000000E+0
4.005500E+3	-6.024667E+4	-9.180000E-1	2.088264E+17	-2.556168E+17	1.305587E-6	0.000000E+0	1.098690E-6	1.652538E-5	0.000000E+0	0.000000E+0	0.000000E+0
3.648129E+3	-6.315102E+4	-9.810000E-1	5.232688E+17	-4.633991E+17	2.027107E-6	0.000000E+0	9.117222E-7	1.578239E-5	0.000000E+0	0.000000E+0	0.000000E+0
3.828109E+3	-6.546933E+4	-1.044000E+0	-1.291944E-18	-5.342346E-18	7.057388E-7	0.000000E+0	8.900742E-7	1.522228E-5	0.000000E+0	0.000000E+0	0.000000E+0
3.891398E+3	-6.788194E+4	-1.108000E+0	-5.203440E-18	3.830367E-18	5.540729E-6	0.000000E+0	8.417290E-7	1.468321E-5	0.000000E+0	0.000000E+0	0.000000E+0
3.655078E+3	-7.015313E+4	-1.171000E+0	2.472319E-19	-1.518024E+17	2.687186E-6	0.000000E+0	7.406708E-7	1.421594E-5	0.000000E+0	0.000000E+0	0.000000E+0
3.818734E+3	-7.205209E+4	-1.234000E+0	1.311717E+15	5.157902E-18	2.897992E-6	0.000000E+0	7.335134E-7	1.383997E-5	0.000000E+0	0.000000E+0	0.000000E+0
3.395289E+3	-7.425114E+4	-1.297000E+0	-1.016338E-18	-5.687810E-18	2.598055E-6	0.000000E+0	6.145587E-7	1.343970E-5	0.000000E+0	0.000000E+0	0.000000E+0
3.764586E+3	-7.568128E+4	-1.361000E+0	-6.256276E-18	1.399337E+17	3.347210E-6	0.000000E+0	6.556424E-7	1.318069E-5	0.000000E+0	0.000000E+0	0.000000E+0
3.653758E+3	-7.670697E+4	-1.424000E+0	2.698511E+17	2.405250E+17	4.579473E-6	0.000000E+0	6.195636E-7	1.300711E-5	0.000000E+0	0.000000E+0	0.000000E+0
3.732164E+3	-7.776481E+4	-1.487000E+0	-3.870894E-18	-2.240669E+17	3.768822E-6	0.000000E+0	6.157371E-7	1.282974E-5	0.000000E+0	0.000000E+0	0.000000E+0
3.359266E+3	-7.926609E+4	-1.551000E+0	8.610784E+16	1.699868E-17	2.475121E-6	0.000000E+0	5.336914E-7	1.259312E-5	0.000000E+0	0.000000E+0	0.000000E+0
3.364187E+3	-7.948548E+4	-1.614000E+0	2.127762E-18	3.273865E+15	4.218091E-6	0.000000E+0	5.315293E-7	1.255842E-5	0.000000E+0	0.000000E+0	0.000000E+0
3.577211E+3	-8.032113E+4	-1.677000E+0	8.036571E+16	-4.936752E+17	3.918161E-6	0.000000E+0	5.533812E-7	1.242538E-5	0.000000E+0	0.000000E+0	0.000000E+0
3.804977E+3	-8.042991E+4	-1.741000E+0	-6.504745E+16	2.369913E+17	4.156660E-6	0.000000E+0	5.868755E-7	1.240542E-5	0.000000E+0	0.000000E+0	0.000000E+0
3.601086E+3	-8.066675E+4	-1.804000E+0	5.942414E-18	5.135457E+17	1.813867E-6	0.000000E+0	5.523060E-7	1.237203E-5	0.000000E+0	0.000000E+0	0.000000E+0
3.580047E+3	-8.091134E+4	-1.867000E+0	-5.521899E-18	3.493290E-18	4.067551E-6	0.000000E+0	5.457837E-7	1.233506E-5	0.000000E+0	0.000000E+0	0.000000E+0
3.675477E+3	-8.164527E+4	-1.930000E+0	2.907620E+17	-1.496570E-18	3.767615E-6	0.000000E+0	5.502657E-7	1.222334E-5	0.000000E+0	0.000000E+0	0.000000E+0
3.249969E+3	-8.120103E+4	-1.994000E+0	-2.654747E-18	4.664409E-18	3.495348E-6	0.000000E+0	4.921087E-7	1.229542E-5	0.000000E+0	0.000000E+0	0.000000E+0
3.589391E+3	-8.098844E+4	-2.057000E+0	6.234127E-18	-3.929323E-18	1.663255E-6	0.000000E+0	5.461633E-7	1.232324E-5	0.000000E+0	0.000000E+0	0.000000E+0
3.766344E+3	-8.131681E+4	-2.120000E+0	8.250878E-19	2.832976E+17	3.916954E-6	0.000000E+0	5.683667E-7	1.227126E-5	0.000000E+0	0.000000E+0	0.000000E+0
3.477516E+3	-8.094800E+4	-2.184000E+0	4.508571E+17	-2.686618E+17	1.601831E-6	0.000000E+0	5.297319E-7	1.233085E-5	0.000000E+0	0.000000E+0	0.000000E+0
3.745172E+3	-8.117231E+4	-2.247000E+0	2.517955E+17	3.793714E+16	3.344801E-6	0.000000E+0	5.671950E-7	1.229330E-5	0.000000E+0	0.000000E+0	0.000000E+0
3.950023E+3	-8.082011E+4	-2.310000E+0	-6.627993E-18	5.176251E+17	2.023429E-6	0.000000E+0	6.032879E-7	1.234367E-5	0.000000E+0	0.000000E+0	0.000000E+0
3.479586E+3	-8.027353E+4	-2.373000E+0	-5.704680E+17	1.371951E+17	2.234199E-6	0.000000E+0	5.389737E-7	1.243404E-5	0.000000E+0	0.000000E+0	0.000000E+0
3.745078E+3	-7.986222E+4	-2.437000E+0	-1.853759E+17	6.906363E-18	9.405048E-7	0.000000E+0	5.859008E-7	1.249409E-5	0.000000E+0	0.000000E+0	0.000000E+0
3.656445E+3	-8.034803E+4	-2.500000E+0	-3.567381E+17	-5.153844E-18	-3.808527E-7	0.000000E+0	5.652104E-7	1.242013E-5	0.000000E+0	0.000000E+0	0.000000E+0
