Real / Ohm	Ximag / Ohm	V_DC / V	I_a c / A	V_ac / V	I_DC / A
8.979346E+1	-1.931720E+3	2.500000E+0	-9.275714E-19	-3.780148E-18	-8.166826E-7	3.162278E+6	2.401148E-5	5.165572E-4	0.000000E+0	0.000000E+0	0.000000E+0
8.460913E+1	-1.939734E+3	2.437000E+0	-1.137863E-18	-4.190346E+17	-1.116583E-6	0.000000E+0	2.244437E-5	5.145556E-4	0.000000E+0	0.000000E+0	0.000000E+0
9.286316E+1	-1.947811E+3	2.373000E+0	6.653843E-18	-4.395667E+17	1.164779E-6	0.000000E+0	2.442102E-5	5.122325E-4	0.000000E+0	0.000000E+0	0.000000E+0
5.434167E+1	-1.955531E+3	2.310000E+0	-3.127958E+17	-9.739208E-19	1.886292E-6	0.000000E+0	1.419935E-5	5.109755E-4	0.000000E+0	0.000000E+0	0.000000E+0
9.438513E+1	-1.966510E+3	2.247000E+0	2.587907E+17	-3.980899E-18	5.649199E-7	0.000000E+0	2.435073E-5	5.073463E-4	0.000000E+0	0.000000E+0	0.000000E+0
9.028088E+1	-1.976316E+3	2.184000E+0	-5.351625E-18	2.346836E+17	2.818633E-6	0.000000E+0	2.306629E-5	5.049383E-4	0.000000E+0	0.000000E+0	0.000000E+0
9.051355E+1	-1.987297E+3	2.120000E+0	-2.374011E+17	1.295985E-19	4.078538E-6	0.000000E+0	2.287115E-5	5.021544E-4	0.000000E+0	0.000000E+0	0.000000E+0
9.100464E+1	-1.998294E+3	2.057000E+0	6.327113E-19	3.793536E+17	-3.071618E-7	0.000000E+0	2.274285E-5	4.993911E-4	0.000000E+0	0.000000E+0	0.000000E+0
9.204089E+1	-2.009640E+3	1.994000E+0	-2.769006E-18	5.985466E+14	1.435801E-6	0.000000E+0	2.274229E-5	4.965600E-4	0.000000E+0	0.000000E+0	0.000000E+0
8.902319E+1	-2.021803E+3	1.930000E+0	-1.980651E+17	1.958093E+16	1.163564E-6	0.000000E+0	2.173623E-5	4.936509E-4	0.000000E+0	0.000000E+0	0.000000E+0
8.744568E+1	-2.034052E+3	1.867000E+0	2.915631E-18	5.325299E+16	3.927969E-6	0.000000E+0	2.109659E-5	4.907226E-4	0.000000E+0	0.000000E+0	0.000000E+0
8.988049E+1	-2.047124E+3	1.804000E+0	2.579781E+17	4.569569E-19	-1.479202E-6	0.000000E+0	2.140626E-5	4.875503E-4	0.000000E+0	0.000000E+0	0.000000E+0
8.802441E+1	-2.060208E+3	1.741000E+0	5.241939E+17	-4.155966E-18	-1.268396E-6	0.000000E+0	2.070088E-5	4.845034E-4	0.000000E+0	0.000000E+0	0.000000E+0
8.863989E+1	-2.074239E+3	1.677000E+0	-2.680828E+17	-5.132047E+17	-1.029926E-6	0.000000E+0	2.056455E-5	4.812257E-4	0.000000E+0	0.000000E+0	0.000000E+0
5.013135E+1	-2.087617E+3	1.614000E+0	1.731139E-18	4.035830E-18	-3.083987E-7	0.000000E+0	1.149628E-5	4.787390E-4	0.000000E+0	0.000000E+0	0.000000E+0
9.035937E+1	-2.103870E+3	1.551000E+0	4.020179E+17	1.922731E+17	4.131434E-7	0.000000E+0	2.037675E-5	4.744394E-4	0.000000E+0	0.000000E+0	0.000000E+0
8.414819E+1	-2.119216E+3	1.487000E+0	9.211592E+16	2.295762E-18	1.162327E-6	0.000000E+0	1.870726E-5	4.711298E-4	0.000000E+0	0.000000E+0	0.000000E+0
8.507104E+1	-2.135597E+3	1.424000E+0	-4.035047E-18	1.659667E-18	8.624193E-7	0.000000E+0	1.862321E-5	4.675113E-4	0.000000E+0	0.000000E+0	0.000000E+0
8.385913E+1	-2.152379E+3	1.361000E+0	5.319462E+17	-2.871880E+17	1.583940E-6	0.000000E+0	1.807399E-5	4.638980E-4	0.000000E+0	0.000000E+0	0.000000E+0
8.418652E+1	-2.170392E+3	1.297000E+0	5.229813E-18	8.421242E+16	-2.205052E-7	0.000000E+0	1.784487E-5	4.600541E-4	0.000000E+0	0.000000E+0	0.000000E+0
8.199707E+1	-2.188937E+3	1.234000E+0	7.433461E+16	-3.421229E+17	1.522472E-6	0.000000E+0	1.708924E-5	4.562026E-4	0.000000E+0	0.000000E+0	0.000000E+0
8.105322E+1	-2.208533E+3	1.171000E+0	-2.820974E+17	-3.562291E+17	-8.203206E-7	0.000000E+0	1.659503E-5	4.521802E-4	0.000000E+0	0.000000E+0	0.000000E+0
8.325757E+1	-2.229104E+3	1.108000E+0	3.883601E+17	-5.707470E+17	-9.880750E-8	0.000000E+0	1.673238E-5	4.479858E-4	0.000000E+0	0.000000E+0	0.000000E+0
8.352612E+1	-2.251606E+3	1.044000E+0	-5.196808E+17	2.162502E-18	1.161097E-6	0.000000E+0	1.645282E-5	4.435171E-4	0.000000E+0	0.000000E+0	0.000000E+0
8.024561E+1	-2.273859E+3	9.810000E-1	-1.554615E+17	1.089529E+17	-1.602712E-7	0.000000E+0	1.550078E-5	4.392340E-4	0.000000E+0	0.000000E+0	0.000000E+0
8.032837E+1	-2.298395E+3	9.180000E-1	2.547933E-18	-2.658042E+16	2.093449E-6	0.000000E+0	1.518761E-5	4.345554E-4	0.000000E+0	0.000000E+0	0.000000E+0
8.385205E+1	-2.325776E+3	8.540000E-1	-6.904437E-18	-8.375564E+16	4.374804E-6	0.000000E+0	1.548153E-5	4.294059E-4	0.000000E+0	0.000000E+0	0.000000E+0
8.051489E+1	-2.354243E+3	7.910000E-1	-4.524484E+17	2.055147E+17	3.564153E-6	0.000000E+0	1.450995E-5	4.242687E-4	0.000000E+0	0.000000E+0	0.000000E+0
7.983374E+1	-2.384650E+3	7.280000E-1	-7.907392E-19	6.323277E-18	7.106173E-7	0.000000E+0	1.402332E-5	4.188793E-4	0.000000E+0	0.000000E+0	0.000000E+0
7.953052E+1	-2.418254E+3	6.650000E-1	3.266052E+17	-3.794914E-19	-2.142922E-6	0.000000E+0	1.358503E-5	4.130747E-4	0.000000E+0	0.000000E+0	0.000000E+0
8.100317E+1	-2.455530E+3	6.010000E-1	1.388541E-18	6.784126E-18	2.692064E-6	0.000000E+0	1.341959E-5	4.068014E-4	0.000000E+0	0.000000E+0	0.000000E+0
8.117310E+1	-2.495371E+3	5.380000E-1	4.766215E-20	4.558806E+17	1.370696E-6	0.000000E+0	1.302215E-5	4.003184E-4	0.000000E+0	0.000000E+0	0.000000E+0
8.600879E+1	-2.540442E+3	4.750000E-1	-3.849816E-18	-6.874137E-18	1.581502E-6	0.000000E+0	1.331149E-5	3.931816E-4	0.000000E+0	0.000000E+0	0.000000E+0
8.527539E+1	-2.592030E+3	4.110000E-1	-5.577361E+17	4.857998E-18	-2.229426E-7	0.000000E+0	1.267867E-5	3.853809E-4	0.000000E+0	0.000000E+0	0.000000E+0
8.921436E+1	-2.649222E+3	3.480000E-1	4.155990E+17	-1.817843E+17	1.520035E-6	0.000000E+0	1.269714E-5	3.770417E-4	0.000000E+0	0.000000E+0	0.000000E+0
7.650635E+1	-2.714395E+3	2.850000E-1	-3.411601E-18	5.558819E-18	1.220125E-6	0.000000E+0	1.037544E-5	3.681138E-4	0.000000E+0	0.000000E+0	0.000000E+0
8.410083E+1	-2.790996E+3	2.220000E-1	-3.021231E-18	1.442034E+17	9.201867E-7	0.000000E+0	1.078668E-5	3.579700E-4	0.000000E+0	0.000000E+0	0.000000E+0
8.993140E+1	-2.882317E+3	1.580000E-1	4.697494E+17	-5.230656E+17	2.690829E-6	0.000000E+0	1.081447E-5	3.466057E-4	0.000000E+0	0.000000E+0	0.000000E+0
9.194360E+1	-2.991998E+3	9.500000E-2	-4.715168E+17	-4.040397E+17	2.390920E-6	0.000000E+0	1.026098E-5	3.339095E-4	0.000000E+0	0.000000E+0	0.000000E+0
9.548364E+1	-3.128363E+3	3.200000E-2	-3.093320E+17	4.406614E-18	2.601725E-6	0.000000E+0	9.747434E-6	3.193585E-4	0.000000E+0	0.000000E+0	0.000000E+0
1.016533E+2	-3.310459E+3	-3.200000E-2	-9.427576E-19	-9.426377E-19	-7.348892E-7	0.000000E+0	9.266927E-6	3.017884E-4	0.000000E+0	0.000000E+0	0.000000E+0
1.101604E+2	-3.551047E+3	-9.500000E-2	-4.717429E+17	-4.911393E+17	4.973731E-7	0.000000E+0	8.727602E-6	2.813363E-4	0.000000E+0	0.000000E+0	0.000000E+0
1.216047E+2	-3.889073E+3	-1.580000E-1	-2.949171E+17	-4.956124E-18	1.729635E-6	0.000000E+0	8.032186E-6	2.568795E-4	0.000000E+0	0.000000E+0	0.000000E+0
1.480913E+2	-4.387988E+3	-2.220000E-1	-1.478444E+17	2.700591E+17	4.359354E-7	0.000000E+0	7.682531E-6	2.276356E-4	0.000000E+0	0.000000E+0	0.000000E+0
1.875649E+2	-5.093189E+3	-2.850000E-1	-2.815563E+17	1.903750E-18	1.668168E-6	0.000000E+0	7.220768E-6	1.960747E-4	0.000000E+0	0.000000E+0	0.000000E+0
2.627231E+2	-6.186147E+3	-3.480000E-1	-2.041751E-18	-6.427516E-19	2.900430E-6	0.000000E+0	6.852912E-6	1.613605E-4	0.000000E+0	0.000000E+0	0.000000E+0
3.761270E+2	-7.781208E+3	-4.110000E-1	6.306558E-18	-1.599031E-19	5.576076E-7	0.000000E+0	6.197648E-6	1.282152E-4	0.000000E+0	0.000000E+0	0.000000E+0
5.332314E+2	-9.764762E+3	-4.750000E-1	-4.319920E+17	-4.172230E+17	1.306791E-6	0.000000E+0	5.575698E-6	1.021046E-4	0.000000E+0	0.000000E+0	0.000000E+0
8.430732E+2	-1.185697E+4	-5.380000E-1	-5.506723E-18	3.318154E+17	1.517597E-6	0.000000E+0	5.966611E-6	8.391433E-5	0.000000E+0	0.000000E+0	0.000000E+0
1.334108E+3	-1.418713E+4	-6.010000E-1	4.410889E+17	3.940187E-18	3.260571E-6	0.000000E+0	6.570197E-6	6.986858E-5	0.000000E+0	0.000000E+0	0.000000E+0
2.073984E+3	-1.704201E+4	-6.650000E-1	1.829862E+17	1.860550E+17	2.477587E-6	0.000000E+0	7.036859E-6	5.782215E-5	0.000000E+0	0.000000E+0	0.000000E+0
2.809437E+3	-2.031834E+4	-7.280000E-1	-1.306383E-18	6.138991E-18	6.455048E-7	0.000000E+0	6.677563E-6	4.829331E-5	0.000000E+0	0.000000E+0	0.000000E+0
3.231236E+3	-2.363564E+4	-7.910000E-1	-1.773302E-18	1.794108E-18	3.455971E-7	0.000000E+0	5.677956E-6	4.153275E-5	0.000000E+0	0.000000E+0	0.000000E+0
3.129369E+3	-2.642463E+4	-8.540000E-1	-7.957818E+16	-3.372652E-18	2.599289E-6	0.000000E+0	4.419675E-6	3.732008E-5	0.000000E+0	0.000000E+0	0.000000E+0
2.896773E+3	-2.849124E+4	-9.180000E-1	2.088264E+17	-2.195880E+17	2.327015E-6	0.000000E+0	3.532038E-6	3.473940E-5	0.000000E+0	0.000000E+0	0.000000E+0
2.795334E+3	-3.016818E+4	-9.810000E-1	-5.319197E+16	-3.192840E+17	3.048564E-6	0.000000E+0	3.045248E-6	3.286534E-5	0.000000E+0	0.000000E+0	0.000000E+0
2.725770E+3	-3.159814E+4	-1.044000E+0	-1.183523E-18	-5.342346E-18	-8.264324E-7	0.000000E+0	2.709857E-6	3.141367E-5	0.000000E+0	0.000000E+0	0.000000E+0
2.705133E+3	-3.288881E+4	-1.108000E+0	-5.203440E-18	3.830367E-18	1.454930E-6	0.000000E+0	2.484072E-6	3.020116E-5	0.000000E+0	0.000000E+0	0.000000E+0
2.668926E+3	-3.410077E+4	-1.171000E+0	3.716679E-18	4.245176E+17	3.197900E-6	0.000000E+0	2.281161E-6	2.914631E-5	0.000000E+0	0.000000E+0	0.000000E+0
2.594832E+3	-3.517395E+4	-1.234000E+0	1.311717E+15	5.049482E-18	3.408706E-6	0.000000E+0	2.085979E-6	2.827625E-5	0.000000E+0	0.000000E+0	0.000000E+0
2.608313E+3	-3.603923E+4	-1.297000E+0	-1.006173E-18	-5.687810E-18	1.065855E-6	0.000000E+0	1.997744E-6	2.760296E-5	0.000000E+0	0.000000E+0	0.000000E+0
2.561473E+3	-3.690790E+4	-1.361000E+0	-6.256276E-18	1.218838E+17	1.815068E-6	0.000000E+0	1.871390E-6	2.696459E-5	0.000000E+0	0.000000E+0	0.000000E+0
2.601664E+3	-3.761594E+4	-1.424000E+0	2.698511E+17	-3.360764E+17	2.025845E-6	0.000000E+0	1.829931E-6	2.645791E-5	0.000000E+0	0.000000E+0	0.000000E+0
2.638922E+3	-3.832500E+4	-1.487000E+0	-3.870907E-18	-2.240669E+17	2.236680E-6	0.000000E+0	1.788167E-6	2.596950E-5	0.000000E+0	0.000000E+0	0.000000E+0
2.599184E+3	-3.882202E+4	-1.551000E+0	8.610729E+16	4.249670E-18	-1.099936E-6	0.000000E+0	1.716874E-6	2.564363E-5	0.000000E+0	0.000000E+0	0.000000E+0
2.617813E+3	-3.928475E+4	-1.614000E+0	2.127762E-18	9.311133E+1	1.664463E-6	0.000000E+0	1.688754E-6	2.534264E-5	0.000000E+0	0.000000E+0	0.000000E+0
2.630875E+3	-3.962419E+4	-1.677000E+0	-4.960950E+17	9.965210E-19	3.431051E-7	0.000000E+0	1.668281E-6	2.512634E-5	0.000000E+0	0.000000E+0	0.000000E+0
2.536586E+3	-3.992335E+4	-1.741000E+0	-6.504745E+16	2.369919E+17	2.624460E-6	0.000000E+0	1.585061E-6	2.494729E-5	0.000000E+0	0.000000E+0	0.000000E+0
2.621160E+3	-3.994744E+4	-1.804000E+0	5.725574E-18	5.135446E+17	1.813867E-6	0.000000E+0	1.635497E-6	2.492558E-5	0.000000E+0	0.000000E+0	0.000000E+0
2.589637E+3	-4.010959E+4	-1.867000E+0	-2.052875E-18	3.493290E-18	-1.039705E-6	0.000000E+0	1.603009E-6	2.482820E-5	0.000000E+0	0.000000E+0	0.000000E+0
2.576129E+3	-4.019568E+4	-1.930000E+0	2.907620E+17	-1.496570E-18	1.213986E-6	0.000000E+0	1.587920E-6	2.477653E-5	0.000000E+0	0.000000E+0	0.000000E+0
2.571082E+3	-4.015075E+4	-1.994000E+0	-2.654959E-18	4.664198E-18	2.984634E-6	0.000000E+0	1.588369E-6	2.480442E-5	0.000000E+0	0.000000E+0	0.000000E+0
2.517953E+3	-4.011905E+4	-2.057000E+0	6.234127E-18	-3.929322E-18	1.311128E-7	0.000000E+0	1.558257E-6	2.482802E-5	0.000000E+0	0.000000E+0	0.000000E+0
2.624219E+3	-4.010474E+4	-2.120000E+0	8.250878E-19	2.835790E+17	3.406240E-6	0.000000E+0	1.624625E-6	2.482840E-5	0.000000E+0	0.000000E+0	0.000000E+0
2.634430E+3	-3.998473E+4	-2.184000E+0	4.508571E+17	-2.686618E+17	6.963091E-8	0.000000E+0	1.640655E-6	2.490145E-5	0.000000E+0	0.000000E+0	0.000000E+0
2.567184E+3	-3.984711E+4	-2.247000E+0	2.517955E+17	3.793721E+16	2.804591E-7	0.000000E+0	1.610143E-6	2.499219E-5	0.000000E+0	0.000000E+0	0.000000E+0
2.540891E+3	-3.971646E+4	-2.310000E+0	-6.627991E-18	5.176248E+17	-1.948501E-8	0.000000E+0	1.604246E-6	2.507584E-5	0.000000E+0	0.000000E+0	0.000000E+0
2.631301E+3	-3.966327E+4	-2.373000E+0	-5.704680E+17	1.371951E+17	-8.301431E-7	0.000000E+0	1.665276E-6	2.510177E-5	0.000000E+0	0.000000E+0	0.000000E+0
2.662391E+3	-3.954728E+4	-2.437000E+0	-4.691027E+17	6.689522E-18	1.451219E-6	0.000000E+0	1.694629E-6	2.517210E-5	0.000000E+0	0.000000E+0	0.000000E+0
2.583141E+3	-3.930492E+4	-2.500000E+0	-3.567381E+17	-4.283094E-18	2.683490E-6	0.000000E+0	1.664878E-6	2.533269E-5	0.000000E+0	0.000000E+0	0.000000E+0
