Real / Ohm	Ximag / Ohm	V_DC / V	I_a c / A	V_ac / V	I_DC / A
4.607516E+3	-6.750097E+4	-2.500000E+0	-3.567381E+17	-5.153844E-18	3.704918E-6	1.778279E+6	1.006533E-6	1.474590E-5	0.000000E+0	0.000000E+0	0.000000E+0
4.629148E+3	-6.495640E+4	-2.437000E+0	-1.853759E+17	6.906363E-18	2.472705E-6	0.000000E+0	1.091584E-6	1.531715E-5	0.000000E+0	0.000000E+0	0.000000E+0
4.620188E+3	-6.274780E+4	-2.373000E+0	-5.704680E+17	1.371951E+17	3.255685E-6	0.000000E+0	1.167117E-6	1.585088E-5	0.000000E+0	0.000000E+0	0.000000E+0
4.743434E+3	-6.079601E+4	-2.310000E+0	-6.627993E-18	5.176251E+17	3.555571E-6	0.000000E+0	1.275578E-6	1.634892E-5	0.000000E+0	0.000000E+0	0.000000E+0
4.700793E+3	-6.009953E+4	-2.247000E+0	2.517955E+17	3.793714E+16	3.344801E-6	0.000000E+0	1.293541E-6	1.653789E-5	0.000000E+0	0.000000E+0	0.000000E+0
4.819305E+3	-5.929257E+4	-2.184000E+0	4.508571E+17	-2.686618E+17	1.091117E-6	0.000000E+0	1.361834E-6	1.675483E-5	0.000000E+0	0.000000E+0	0.000000E+0
4.681051E+3	-5.866893E+4	-2.120000E+0	8.250878E-19	2.832976E+17	-6.795308E-7	0.000000E+0	1.351360E-6	1.693698E-5	0.000000E+0	0.000000E+0	0.000000E+0
4.654598E+3	-5.760247E+4	-2.057000E+0	6.234127E-18	-3.929323E-18	2.173969E-6	0.000000E+0	1.393713E-6	1.724775E-5	0.000000E+0	0.000000E+0	0.000000E+0
4.828863E+3	-5.675302E+4	-1.994000E+0	-2.654747E-18	4.664409E-18	4.006062E-6	0.000000E+0	1.488450E-6	1.749356E-5	0.000000E+0	0.000000E+0	0.000000E+0
4.571918E+3	-5.549670E+4	-1.930000E+0	2.907620E+17	-1.496570E-18	3.767615E-6	0.000000E+0	1.474438E-6	1.789762E-5	0.000000E+0	0.000000E+0	0.000000E+0
4.742191E+3	-5.428262E+4	-1.867000E+0	-5.521899E-18	3.493290E-18	3.046065E-6	0.000000E+0	1.597186E-6	1.828257E-5	0.000000E+0	0.000000E+0	0.000000E+0
4.797055E+3	-5.272844E+4	-1.804000E+0	5.942414E-18	5.135457E+17	1.813867E-6	0.000000E+0	1.711217E-6	1.880942E-5	0.000000E+0	0.000000E+0	0.000000E+0
4.763066E+3	-5.113589E+4	-1.741000E+0	-6.504745E+16	2.369913E+17	2.113746E-6	0.000000E+0	1.805857E-6	1.938753E-5	0.000000E+0	0.000000E+0	0.000000E+0
4.881672E+3	-4.928245E+4	-1.677000E+0	8.036571E+16	-4.936752E+17	3.407447E-6	0.000000E+0	1.990415E-6	2.009404E-5	0.000000E+0	0.000000E+0	0.000000E+0
4.972984E+3	-4.723980E+4	-1.614000E+0	2.127762E-18	3.273865E+15	2.685949E-6	0.000000E+0	2.204015E-6	2.093657E-5	0.000000E+0	0.000000E+0	0.000000E+0
5.033148E+3	-4.498045E+4	-1.551000E+0	8.610784E+16	1.699868E-17	-1.099936E-6	0.000000E+0	2.456904E-6	2.195696E-5	0.000000E+0	0.000000E+0	0.000000E+0
5.093176E+3	-4.217551E+4	-1.487000E+0	-3.870894E-18	-2.240669E+17	3.258108E-6	0.000000E+0	2.822151E-6	2.336964E-5	0.000000E+0	0.000000E+0	0.000000E+0
5.209262E+3	-3.962437E+4	-1.424000E+0	2.698511E+17	2.405250E+17	1.004417E-6	0.000000E+0	3.261441E-6	2.480823E-5	0.000000E+0	0.000000E+0	0.000000E+0
5.136277E+3	-3.682645E+4	-1.361000E+0	-6.256276E-18	1.399337E+17	4.368696E-6	0.000000E+0	3.715025E-6	2.663625E-5	0.000000E+0	0.000000E+0	0.000000E+0
4.566051E+3	-3.437345E+4	-1.297000E+0	-1.016338E-18	-5.687810E-18	4.442700E-8	0.000000E+0	3.797502E-6	2.858777E-5	0.000000E+0	0.000000E+0	0.000000E+0
3.634047E+3	-3.210347E+4	-1.234000E+0	1.311717E+15	5.157902E-18	3.408706E-6	0.000000E+0	3.481425E-6	3.075519E-5	0.000000E+0	0.000000E+0	0.000000E+0
2.679029E+3	-2.971060E+4	-1.171000E+0	2.472319E-19	-1.518024E+17	3.708643E-6	0.000000E+0	3.010494E-6	3.338656E-5	0.000000E+0	0.000000E+0	0.000000E+0
1.915008E+3	-2.636604E+4	-1.108000E+0	-5.203440E-18	3.830367E-18	1.454930E-6	0.000000E+0	2.740285E-6	3.772855E-5	0.000000E+0	0.000000E+0	0.000000E+0
1.375199E+3	-2.198903E+4	-1.044000E+0	-1.291944E-18	-5.342346E-18	2.237910E-6	0.000000E+0	2.833075E-6	4.530004E-5	0.000000E+0	0.000000E+0	0.000000E+0
1.065988E+3	-1.763837E+4	-9.810000E-1	5.232688E+17	-4.633991E+17	4.949361E-7	0.000000E+0	3.413910E-6	5.648826E-5	0.000000E+0	0.000000E+0	0.000000E+0
8.440107E+2	-1.391579E+4	-9.180000E-1	2.088264E+17	-2.556168E+17	2.841298E-7	0.000000E+0	4.342477E-6	7.159744E-5	0.000000E+0	0.000000E+0	0.000000E+0
6.777813E+2	-1.109928E+4	-8.540000E-1	-7.520591E+15	-3.386204E-18	1.577831E-6	0.000000E+0	5.481299E-6	8.976122E-5	0.000000E+0	0.000000E+0	0.000000E+0
5.426182E+2	-9.223059E+3	-7.910000E-1	-1.773302E-18	1.902529E-18	-1.186603E-6	0.000000E+0	6.356876E-6	1.080499E-4	0.000000E+0	0.000000E+0	0.000000E+0
4.683276E+2	-7.949557E+3	-7.280000E-1	-4.775830E-18	6.132215E-18	4.220561E-6	0.000000E+0	7.385148E-6	1.253581E-4	0.000000E+0	0.000000E+0	0.000000E+0
4.037285E+2	-7.042085E+3	-6.650000E-1	3.887097E+16	1.860550E+17	-5.867550E-7	0.000000E+0	8.114500E-6	1.415382E-4	0.000000E+0	0.000000E+0	0.000000E+0
3.463442E+2	-6.362813E+3	-6.010000E-1	4.410889E+17	3.940187E-18	2.749857E-6	0.000000E+0	8.529523E-6	1.566989E-4	0.000000E+0	0.000000E+0	0.000000E+0
3.029844E+2	-5.887648E+3	-5.380000E-1	-5.506723E-18	4.358505E+16	-1.546745E-6	0.000000E+0	8.717421E-6	1.693985E-4	0.000000E+0	0.000000E+0	0.000000E+0
2.648916E+2	-5.513693E+3	-4.750000E-1	-4.319920E+17	-4.172230E+17	2.838962E-6	0.000000E+0	8.693242E-6	1.809490E-4	0.000000E+0	0.000000E+0	0.000000E+0
2.352183E+2	-5.201418E+3	-4.110000E-1	2.837111E-18	-1.599031E-19	3.111236E-6	0.000000E+0	8.676416E-6	1.918629E-4	0.000000E+0	0.000000E+0	0.000000E+0
2.115518E+2	-4.959855E+3	-3.480000E-1	-1.696221E+17	-6.427781E-19	8.575153E-7	0.000000E+0	8.583994E-6	2.012527E-4	0.000000E+0	0.000000E+0	0.000000E+0
1.925625E+2	-4.750567E+3	-2.850000E-1	-5.609192E+17	2.120590E-18	6.467399E-7	0.000000E+0	8.518592E-6	2.101559E-4	0.000000E+0	0.000000E+0	0.000000E+0
1.773911E+2	-4.569403E+3	-2.220000E-1	-1.478444E+17	2.700612E+17	-5.855218E-7	0.000000E+0	8.483184E-6	2.185176E-4	0.000000E+0	0.000000E+0	0.000000E+0
1.649634E+2	-4.402861E+3	-1.580000E-1	-2.971689E+17	-4.901914E-18	1.974640E-7	0.000000E+0	8.497837E-6	2.268067E-4	0.000000E+0	0.000000E+0	0.000000E+0
1.325645E+2	-4.259995E+3	-9.500000E-2	-4.717429E+17	-4.925467E+17	1.518830E-6	0.000000E+0	7.297745E-6	2.345150E-4	0.000000E+0	0.000000E+0	0.000000E+0
1.457695E+2	-4.136021E+3	-3.200000E-2	-9.427576E-19	-9.422141E-19	3.350910E-6	0.000000E+0	8.510637E-6	2.414783E-4	0.000000E+0	0.000000E+0	0.000000E+0
1.358167E+2	-4.011234E+3	3.200000E-2	-3.096135E+17	4.406614E-18	2.601725E-6	0.000000E+0	8.431398E-6	2.490144E-4	0.000000E+0	0.000000E+0	0.000000E+0
1.329216E+2	-3.902424E+3	9.500000E-2	-4.715168E+17	-5.436513E+17	2.901634E-6	0.000000E+0	8.718125E-6	2.559540E-4	0.000000E+0	0.000000E+0	0.000000E+0
1.315027E+2	-3.802743E+3	1.580000E-1	-1.067025E+17	-4.510080E+17	-3.735131E-7	0.000000E+0	9.082840E-6	2.626540E-4	0.000000E+0	0.000000E+0	0.000000E+0
1.260432E+2	-3.705573E+3	2.220000E-1	-3.021231E-18	1.453293E+17	-1.012413E-7	0.000000E+0	9.168673E-6	2.695519E-4	0.000000E+0	0.000000E+0	0.000000E+0
1.247600E+2	-3.618860E+3	2.850000E-1	-3.194767E-18	5.558819E-18	1.730839E-6	0.000000E+0	9.515157E-6	2.760021E-4	0.000000E+0	0.000000E+0	0.000000E+0
1.236929E+2	-3.538764E+3	3.480000E-1	4.155990E+17	-1.823473E+17	4.986068E-7	0.000000E+0	9.865323E-6	2.822397E-4	0.000000E+0	0.000000E+0	0.000000E+0
1.234348E+2	-3.462479E+3	4.110000E-1	-4.316353E+17	4.857998E-18	-2.776542E-6	0.000000E+0	1.028281E-5	2.884438E-4	0.000000E+0	0.000000E+0	0.000000E+0
1.227097E+2	-3.389538E+3	4.750000E-1	-3.851510E-18	-6.447272E-18	4.933099E-8	0.000000E+0	1.066667E-5	2.946393E-4	0.000000E+0	0.000000E+0	0.000000E+0
1.234932E+2	-3.324890E+3	5.380000E-1	4.766215E-20	4.558806E+17	1.881410E-6	0.000000E+0	1.115552E-5	3.003475E-4	0.000000E+0	0.000000E+0	0.000000E+0
1.027766E+2	-3.261053E+3	6.010000E-1	1.388541E-18	6.784133E-18	2.692064E-6	0.000000E+0	9.654891E-6	3.063451E-4	0.000000E+0	0.000000E+0	0.000000E+0
1.244749E+2	-3.206697E+3	6.650000E-1	4.752240E+17	-1.630679E-19	-6.107512E-7	0.000000E+0	1.208682E-5	3.113782E-4	0.000000E+0	0.000000E+0	0.000000E+0
1.216270E+2	-3.154372E+3	7.280000E-1	-7.966684E-19	6.323277E-18	-3.108398E-7	0.000000E+0	1.220560E-5	3.165497E-4	0.000000E+0	0.000000E+0	0.000000E+0
1.235637E+2	-3.106282E+3	7.910000E-1	-4.344318E+17	2.055147E+17	-1.032360E-6	0.000000E+0	1.278564E-5	3.214197E-4	0.000000E+0	0.000000E+0	0.000000E+0
1.279910E+2	-3.061989E+3	8.540000E-1	-6.904437E-18	-8.375564E+16	-2.217093E-7	0.000000E+0	1.362743E-5	3.260155E-4	0.000000E+0	0.000000E+0	0.000000E+0
1.235430E+2	-3.020224E+3	9.180000E-1	2.547940E-18	-3.572836E+16	-4.601789E-7	0.000000E+0	1.352115E-5	3.305482E-4	0.000000E+0	0.000000E+0	0.000000E+0
1.251506E+2	-2.982598E+3	9.810000E-1	-1.554615E+17	1.089551E+17	-1.692442E-6	0.000000E+0	1.404363E-5	3.346889E-4	0.000000E+0	0.000000E+0	0.000000E+0
1.273328E+2	-2.948926E+3	1.044000E+0	-5.196819E+17	1.790907E+17	-2.413959E-6	0.000000E+0	1.461516E-5	3.384754E-4	0.000000E+0	0.000000E+0	0.000000E+0
1.284570E+2	-2.916447E+3	1.108000E+0	3.883601E+17	-5.707470E+17	4.119065E-7	0.000000E+0	1.507328E-5	3.422191E-4	0.000000E+0	0.000000E+0	0.000000E+0
1.283555E+2	-2.887213E+3	1.171000E+0	-2.820974E+17	-3.573572E+17	2.011075E-7	0.000000E+0	1.536736E-5	3.456716E-4	0.000000E+0	0.000000E+0	0.000000E+0
1.291865E+2	-2.860447E+3	1.234000E+0	7.433461E+16	-3.421240E+17	-1.031127E-6	0.000000E+0	1.575667E-5	3.488841E-4	0.000000E+0	0.000000E+0	0.000000E+0
1.090046E+2	-2.831710E+3	1.297000E+0	5.229813E-18	-4.922483E+17	-2.205052E-7	0.000000E+0	1.357389E-5	3.526210E-4	0.000000E+0	0.000000E+0	0.000000E+0
1.277966E+2	-2.810550E+3	1.361000E+0	5.364476E+17	-2.872230E+17	5.176844E-8	0.000000E+0	1.614506E-5	3.550681E-4	0.000000E+0	0.000000E+0	0.000000E+0
1.286494E+2	-2.789204E+3	1.424000E+0	-1.432962E-18	1.659667E-18	2.394590E-6	0.000000E+0	1.650153E-5	3.577641E-4	0.000000E+0	0.000000E+0	0.000000E+0
1.281658E+2	-2.769606E+3	1.487000E+0	9.169370E+16	2.296609E-18	-8.805582E-7	0.000000E+0	1.667275E-5	3.602906E-4	0.000000E+0	0.000000E+0	0.000000E+0
1.306775E+2	-2.751649E+3	1.551000E+0	4.020179E+17	1.945249E+17	-1.629771E-6	0.000000E+0	1.722013E-5	3.626007E-4	0.000000E+0	0.000000E+0	0.000000E+0
1.305662E+2	-2.736824E+3	1.614000E+0	1.297458E-18	4.035830E-18	-2.351284E-6	0.000000E+0	1.739201E-5	3.645573E-4	0.000000E+0	0.000000E+0	0.000000E+0
1.307507E+2	-2.725417E+3	1.677000E+0	-2.680827E+17	-5.492346E+17	-8.469215E-9	0.000000E+0	1.756223E-5	3.660738E-4	0.000000E+0	0.000000E+0	0.000000E+0
1.319199E+2	-2.716633E+3	1.741000E+0	5.241939E+17	-4.156391E-18	7.745184E-7	0.000000E+0	1.783304E-5	3.672367E-4	0.000000E+0	0.000000E+0	0.000000E+0
1.334612E+2	-2.712659E+3	1.804000E+0	2.579781E+17	4.569569E-19	5.296897E-8	0.000000E+0	1.809317E-5	3.677518E-4	0.000000E+0	0.000000E+0	0.000000E+0
1.330977E+2	-2.713291E+3	1.867000E+0	2.915631E-18	4.874939E+16	2.906541E-6	0.000000E+0	1.803574E-5	3.676714E-4	0.000000E+0	0.000000E+0	0.000000E+0
1.331990E+2	-2.718128E+3	1.930000E+0	-1.980651E+17	1.958093E+16	1.421067E-7	0.000000E+0	1.798537E-5	3.670189E-4	0.000000E+0	0.000000E+0	0.000000E+0
1.134734E+2	-2.723102E+3	1.994000E+0	-2.714796E-18	3.559669E+13	-6.070841E-7	0.000000E+0	1.527611E-5	3.665917E-4	0.000000E+0	0.000000E+0	0.000000E+0
1.363679E+2	-2.740845E+3	2.057000E+0	5.785012E-19	5.234687E+17	-2.860790E-6	0.000000E+0	1.810796E-5	3.639500E-4	0.000000E+0	0.000000E+0	0.000000E+0
1.345088E+2	-2.754478E+3	2.120000E+0	-2.375065E+17	1.295985E-19	1.014196E-6	0.000000E+0	1.768633E-5	3.621815E-4	0.000000E+0	0.000000E+0	0.000000E+0
1.338394E+2	-2.768250E+3	2.184000E+0	-5.351627E-18	2.391872E+17	-1.777909E-6	0.000000E+0	1.742446E-5	3.603966E-4	0.000000E+0	0.000000E+0	0.000000E+0
1.347490E+2	-2.784230E+3	2.247000E+0	2.587907E+17	2.524315E-18	-2.499422E-6	0.000000E+0	1.734200E-5	3.583264E-4	0.000000E+0	0.000000E+0	0.000000E+0
1.330591E+2	-2.799033E+3	2.310000E+0	-3.127958E+17	-9.739274E-19	-6.673072E-7	0.000000E+0	1.694526E-5	3.564607E-4	0.000000E+0	0.000000E+0	0.000000E+0
1.332957E+2	-2.812751E+3	2.373000E+0	6.653737E-18	-4.395315E+17	1.433218E-7	0.000000E+0	1.681045E-5	3.547272E-4	0.000000E+0	0.000000E+0	0.000000E+0
1.331433E+2	-2.825519E+3	2.437000E+0	-1.137863E-18	-4.190346E+17	-6.058690E-7	0.000000E+0	1.664024E-5	3.531332E-4	0.000000E+0	0.000000E+0	0.000000E+0
1.333179E+2	-2.837338E+3	2.500000E+0	-9.275714E-19	-3.780149E-18	2.047746E-7	0.000000E+0	1.652375E-5	3.516666E-4	0.000000E+0	0.000000E+0	0.000000E+0
