Real / Ohm	Ximag / Ohm	V_DC / V	I_a c / A	V_ac / V	I_DC / A
1.224805E+2	-5.871149E+3	2.500000E+0	-9.275714E-19	-3.780148E-18	3.779831E-6	1.000000E+6	3.551663E-6	1.702503E-4	0.000000E+0	0.000000E+0	0.000000E+0
1.261350E+2	-5.907288E+3	2.437000E+0	-1.137863E-18	-4.190346E+17	2.969216E-6	0.000000E+0	3.612945E-6	1.692053E-4	0.000000E+0	0.000000E+0	0.000000E+0
1.287271E+2	-5.934554E+3	2.373000E+0	6.653843E-18	-4.395667E+17	-2.921020E-6	0.000000E+0	3.653335E-6	1.684254E-4	0.000000E+0	0.000000E+0	0.000000E+0
1.415696E+2	-5.961709E+3	2.310000E+0	-3.127958E+17	-9.739208E-19	3.418463E-6	0.000000E+0	3.980922E-6	1.676426E-4	0.000000E+0	0.000000E+0	0.000000E+0
1.398416E+2	-5.989999E+3	2.247000E+0	2.587907E+17	-3.980899E-18	3.118548E-6	0.000000E+0	3.895348E-6	1.668540E-4	0.000000E+0	0.000000E+0	0.000000E+0
1.310784E+2	-6.021150E+3	2.184000E+0	-5.351625E-18	2.346836E+17	1.286433E-6	0.000000E+0	3.613820E-6	1.660026E-4	0.000000E+0	0.000000E+0	0.000000E+0
1.292549E+2	-6.053275E+3	2.120000E+0	-2.374011E+17	1.295985E-19	5.034817E-7	0.000000E+0	3.525886E-6	1.651245E-4	0.000000E+0	0.000000E+0	0.000000E+0
1.450105E+2	-6.086979E+3	2.057000E+0	6.327113E-19	3.793536E+17	1.735723E-6	0.000000E+0	3.911555E-6	1.641919E-4	0.000000E+0	0.000000E+0	0.000000E+0
1.319731E+2	-6.123188E+3	1.994000E+0	-2.769006E-18	5.985466E+14	3.989429E-6	0.000000E+0	3.518265E-6	1.632378E-4	0.000000E+0	0.000000E+0	0.000000E+0
1.251868E+2	-6.161777E+3	1.930000E+0	-1.980651E+17	1.958093E+16	-8.793504E-7	0.000000E+0	3.295849E-6	1.622239E-4	0.000000E+0	0.000000E+0	0.000000E+0
1.495906E+2	-6.200636E+3	1.867000E+0	2.915631E-18	5.325299E+16	1.885084E-6	0.000000E+0	3.888473E-6	1.611800E-4	0.000000E+0	0.000000E+0	0.000000E+0
1.476531E+2	-6.241728E+3	1.804000E+0	2.579781E+17	4.569569E-19	1.074426E-6	0.000000E+0	3.787825E-6	1.601224E-4	0.000000E+0	0.000000E+0	0.000000E+0
1.479697E+2	-6.283342E+3	1.741000E+0	5.241939E+17	-4.155966E-18	7.745184E-7	0.000000E+0	3.745852E-6	1.590628E-4	0.000000E+0	0.000000E+0	0.000000E+0
1.451382E+2	-6.328376E+3	1.677000E+0	-2.680828E+17	-5.132047E+17	-1.540640E-6	0.000000E+0	3.622170E-6	1.579354E-4	0.000000E+0	0.000000E+0	0.000000E+0
1.382810E+2	-6.374491E+3	1.614000E+0	1.731139E-18	4.035830E-18	1.734516E-6	0.000000E+0	3.401474E-6	1.568015E-4	0.000000E+0	0.000000E+0	0.000000E+0
1.153774E+2	-6.422652E+3	1.551000E+0	4.020179E+17	1.922731E+17	1.945315E-6	0.000000E+0	2.796094E-6	1.556487E-4	0.000000E+0	0.000000E+0	0.000000E+0
1.112751E+2	-6.474386E+3	1.487000E+0	9.211592E+16	2.295762E-18	-1.391301E-6	0.000000E+0	2.653827E-6	1.544092E-4	0.000000E+0	0.000000E+0	0.000000E+0
1.083320E+2	-6.527255E+3	1.424000E+0	-4.035047E-18	1.659667E-18	8.624193E-7	0.000000E+0	2.542003E-6	1.531616E-4	0.000000E+0	0.000000E+0	0.000000E+0
1.224761E+2	-6.582441E+3	1.361000E+0	5.319462E+17	-2.871880E+17	1.073196E-6	0.000000E+0	2.825707E-6	1.518667E-4	0.000000E+0	0.000000E+0	0.000000E+0
1.092009E+2	-6.639779E+3	1.297000E+0	5.229813E-18	8.421242E+16	1.822409E-6	0.000000E+0	2.476290E-6	1.505667E-4	0.000000E+0	0.000000E+0	0.000000E+0
9.763354E+1	-6.701916E+3	1.234000E+0	7.433461E+16	-3.421229E+17	3.565387E-6	0.000000E+0	2.173246E-6	1.491794E-4	0.000000E+0	0.000000E+0	0.000000E+0
9.363428E+1	-6.765864E+3	1.171000E+0	-2.820974E+17	-3.562291E+17	3.776193E-6	0.000000E+0	2.045056E-6	1.477725E-4	0.000000E+0	0.000000E+0	0.000000E+0
1.194412E+2	-6.833791E+3	1.108000E+0	3.883601E+17	-5.707470E+17	3.476249E-6	0.000000E+0	2.556808E-6	1.462870E-4	0.000000E+0	0.000000E+0	0.000000E+0
1.145332E+2	-6.906059E+3	1.044000E+0	-5.196808E+17	2.162502E-18	2.182554E-6	0.000000E+0	2.400775E-6	1.447606E-4	0.000000E+0	0.000000E+0	0.000000E+0
1.061841E+2	-6.982634E+3	9.810000E-1	-1.554615E+17	1.089529E+17	3.504720E-7	0.000000E+0	2.177311E-6	1.431793E-4	0.000000E+0	0.000000E+0	0.000000E+0
1.107812E+2	-7.062246E+3	9.180000E-1	2.547933E-18	-2.658042E+16	-9.708929E-7	0.000000E+0	2.220616E-6	1.415632E-4	0.000000E+0	0.000000E+0	0.000000E+0
1.047747E+2	-7.149148E+3	8.540000E-1	-6.904437E-18	-8.375564E+16	-1.243166E-6	0.000000E+0	2.049531E-6	1.398468E-4	0.000000E+0	0.000000E+0	0.000000E+0
8.875146E+1	-7.241070E+3	7.910000E-1	-4.524484E+17	2.055147E+17	1.521268E-6	0.000000E+0	1.692407E-6	1.380804E-4	0.000000E+0	0.000000E+0	0.000000E+0
7.576782E+1	-7.339545E+3	7.280000E-1	-7.907392E-19	6.323277E-18	-8.215538E-7	0.000000E+0	1.406372E-6	1.362337E-4	0.000000E+0	0.000000E+0	0.000000E+0
8.364429E+1	-7.445362E+3	6.650000E-1	3.266052E+17	-3.794914E-19	2.453591E-6	0.000000E+0	1.508724E-6	1.342949E-4	0.000000E+0	0.000000E+0	0.000000E+0
7.293140E+1	-7.560338E+3	6.010000E-1	1.388541E-18	6.784126E-18	1.670607E-6	0.000000E+0	1.275827E-6	1.322569E-4	0.000000E+0	0.000000E+0	0.000000E+0
7.012402E+1	-7.688840E+3	5.380000E-1	4.766215E-20	4.558806E+17	3.924324E-6	0.000000E+0	1.186066E-6	1.300478E-4	0.000000E+0	0.000000E+0	0.000000E+0
6.938477E+1	-7.829794E+3	4.750000E-1	-3.849816E-18	-6.874137E-18	-1.482840E-6	0.000000E+0	1.131695E-6	1.277073E-4	0.000000E+0	0.000000E+0	0.000000E+0
7.076611E+1	-7.989341E+3	4.110000E-1	-5.577361E+17	4.857998E-18	1.309229E-6	0.000000E+0	1.108586E-6	1.251569E-4	0.000000E+0	0.000000E+0	0.000000E+0
7.347046E+1	-8.166707E+3	3.480000E-1	4.155990E+17	-1.817843E+17	3.052206E-6	0.000000E+0	1.101498E-6	1.224385E-4	0.000000E+0	0.000000E+0	0.000000E+0
7.694824E+1	-8.368559E+3	2.850000E-1	-3.411601E-18	5.558819E-18	-8.227889E-7	0.000000E+0	1.098653E-6	1.194848E-4	0.000000E+0	0.000000E+0	0.000000E+0
1.091816E+2	-8.602922E+3	2.220000E-1	-3.021231E-18	1.442034E+17	4.094727E-7	0.000000E+0	1.474985E-6	1.162209E-4	0.000000E+0	0.000000E+0	0.000000E+0
9.703369E+1	-8.884123E+3	1.580000E-1	4.697494E+17	-5.230656E+17	-3.735131E-7	0.000000E+0	1.229254E-6	1.125469E-4	0.000000E+0	0.000000E+0	0.000000E+0
9.698584E+1	-9.221170E+3	9.500000E-2	-4.715168E+17	-4.040397E+17	-1.627081E-7	0.000000E+0	1.140481E-6	1.084341E-4	0.000000E+0	0.000000E+0	0.000000E+0
1.146475E+2	-9.640154E+3	3.200000E-2	-3.093320E+17	4.406614E-18	4.809704E-8	0.000000E+0	1.233489E-6	1.037181E-4	0.000000E+0	0.000000E+0	0.000000E+0
1.298374E+2	-1.019669E+4	-3.200000E-2	-9.427576E-19	-9.426377E-19	-7.348892E-7	0.000000E+0	1.248564E-6	9.805514E-5	0.000000E+0	0.000000E+0	0.000000E+0
1.552739E+2	-1.093360E+4	-9.500000E-2	-4.717429E+17	-4.911393E+17	-1.034798E-6	0.000000E+0	1.298627E-6	9.144274E-5	0.000000E+0	0.000000E+0	0.000000E+0
1.892290E+2	-1.194606E+4	-1.580000E-1	-2.949171E+17	-4.956124E-18	-3.132791E-7	0.000000E+0	1.325651E-6	8.368861E-5	0.000000E+0	0.000000E+0	0.000000E+0
2.521392E+2	-1.337460E+4	-2.220000E-1	-1.478444E+17	2.700591E+17	9.466494E-7	0.000000E+0	1.409044E-6	7.474203E-5	0.000000E+0	0.000000E+0	0.000000E+0
3.823345E+2	-1.535557E+4	-2.850000E-1	-2.815563E+17	1.903750E-18	-1.396174E-6	0.000000E+0	1.620475E-6	6.508260E-5	0.000000E+0	0.000000E+0	0.000000E+0
5.784727E+2	-1.843256E+4	-3.480000E-1	-2.041751E-18	-6.427516E-19	1.878972E-6	0.000000E+0	1.700921E-6	5.419844E-5	0.000000E+0	0.000000E+0	0.000000E+0
9.220068E+2	-2.353293E+4	-4.110000E-1	6.306558E-18	-1.599031E-19	2.089779E-6	0.000000E+0	1.662325E-6	4.242852E-5	0.000000E+0	0.000000E+0	0.000000E+0
1.418332E+3	-3.095326E+4	-4.750000E-1	-4.319920E+17	-4.172230E+17	-2.253801E-7	0.000000E+0	1.477251E-6	3.223908E-5	0.000000E+0	0.000000E+0	0.000000E+0
1.876410E+3	-3.847009E+4	-5.380000E-1	-5.506723E-18	3.318154E+17	-1.457374E-8	0.000000E+0	1.264880E-6	2.593252E-5	0.000000E+0	0.000000E+0	0.000000E+0
2.414613E+3	-4.504540E+4	-6.010000E-1	4.410889E+17	3.940187E-18	7.069430E-7	0.000000E+0	1.186590E-6	2.213622E-5	0.000000E+0	0.000000E+0	0.000000E+0
2.960674E+3	-5.195361E+4	-6.650000E-1	1.829862E+17	1.860550E+17	4.347021E-7	0.000000E+0	1.093329E-6	1.918564E-5	0.000000E+0	0.000000E+0	0.000000E+0
3.355365E+3	-6.005908E+4	-7.280000E-1	-1.306383E-18	6.138991E-18	1.347908E-7	0.000000E+0	9.273187E-7	1.659846E-5	0.000000E+0	0.000000E+0	0.000000E+0
3.206053E+3	-6.860097E+4	-7.910000E-1	-1.773302E-18	1.794108E-18	3.455971E-7	0.000000E+0	6.797710E-7	1.454528E-5	0.000000E+0	0.000000E+0	0.000000E+0
2.788273E+3	-7.574281E+4	-8.540000E-1	-7.957818E+16	-3.372652E-18	5.563743E-7	0.000000E+0	4.853604E-7	1.318471E-5	0.000000E+0	0.000000E+0	0.000000E+0
2.477867E+3	-8.167933E+4	-9.180000E-1	2.088264E+17	-2.195880E+17	2.327015E-6	0.000000E+0	3.710686E-7	1.223174E-5	0.000000E+0	0.000000E+0	0.000000E+0
2.295395E+3	-8.660170E+4	-9.810000E-1	-5.319197E+16	-3.192840E+17	4.069992E-6	0.000000E+0	3.058437E-7	1.153901E-5	0.000000E+0	0.000000E+0	0.000000E+0
2.168184E+3	-9.105752E+4	-1.044000E+0	-1.183523E-18	-5.342346E-18	1.216453E-6	0.000000E+0	2.613475E-7	1.097585E-5	0.000000E+0	0.000000E+0	0.000000E+0
2.255703E+3	-9.528214E+4	-1.108000E+0	-5.203440E-18	3.830367E-18	1.965673E-6	0.000000E+0	2.483222E-7	1.048927E-5	0.000000E+0	0.000000E+0	0.000000E+0
2.164613E+3	-9.898992E+4	-1.171000E+0	3.716679E-18	4.245176E+17	2.176472E-6	0.000000E+0	2.207957E-7	1.009721E-5	0.000000E+0	0.000000E+0	0.000000E+0
2.061289E+3	-1.024498E+5	-1.234000E+0	1.311717E+15	5.049482E-18	2.387249E-6	0.000000E+0	1.963093E-7	9.756928E-6	0.000000E+0	0.000000E+0	0.000000E+0
2.220695E+3	-1.055332E+5	-1.297000E+0	-1.006173E-18	-5.687810E-18	4.442700E-8	0.000000E+0	1.993051E-7	9.471497E-6	0.000000E+0	0.000000E+0	0.000000E+0
2.202480E+3	-1.082748E+5	-1.361000E+0	-6.256276E-18	1.218838E+17	2.836496E-6	0.000000E+0	1.877922E-7	9.231939E-6	0.000000E+0	0.000000E+0	0.000000E+0
2.125512E+3	-1.107166E+5	-1.424000E+0	2.698511E+17	-3.360764E+17	1.004417E-6	0.000000E+0	1.733317E-7	9.028742E-6	0.000000E+0	0.000000E+0	0.000000E+0
2.062805E+3	-1.127415E+5	-1.487000E+0	-3.870907E-18	-2.240669E+17	7.044800E-7	0.000000E+0	1.622352E-7	8.866880E-6	0.000000E+0	0.000000E+0	0.000000E+0
1.991730E+3	-1.143489E+5	-1.551000E+0	8.610729E+16	4.249670E-18	9.429787E-7	0.000000E+0	1.522772E-7	8.742513E-6	0.000000E+0	0.000000E+0	0.000000E+0
2.189641E+3	-1.155199E+5	-1.614000E+0	2.127762E-18	9.311133E+1	1.323206E-7	0.000000E+0	1.640225E-7	8.653408E-6	0.000000E+0	0.000000E+0	0.000000E+0
2.100809E+3	-1.165344E+5	-1.677000E+0	-4.960950E+17	9.965210E-19	-1.189037E-6	0.000000E+0	1.546455E-7	8.578369E-6	0.000000E+0	0.000000E+0	0.000000E+0
2.203227E+3	-1.171167E+5	-1.741000E+0	-6.504745E+16	2.369919E+17	-9.505966E-7	0.000000E+0	1.605713E-7	8.535471E-6	0.000000E+0	0.000000E+0	0.000000E+0
2.048293E+3	-1.173392E+5	-1.804000E+0	5.725574E-18	5.135446E+17	1.813867E-6	0.000000E+0	1.487214E-7	8.519705E-6	0.000000E+0	0.000000E+0	0.000000E+0
2.263371E+3	-1.174002E+5	-1.867000E+0	-2.052875E-18	3.493290E-18	-2.061133E-6	0.000000E+0	1.641560E-7	8.514708E-6	0.000000E+0	0.000000E+0	0.000000E+0
2.117879E+3	-1.173092E+5	-1.930000E+0	2.907620E+17	-1.496570E-18	1.724700E-6	0.000000E+0	1.538493E-7	8.521703E-6	0.000000E+0	0.000000E+0	0.000000E+0
2.289957E+3	-1.171496E+5	-1.994000E+0	-2.654959E-18	4.664198E-18	9.417199E-7	0.000000E+0	1.667938E-7	8.532834E-6	0.000000E+0	0.000000E+0	0.000000E+0
2.274801E+3	-1.170075E+5	-2.057000E+0	6.234127E-18	-3.929322E-18	2.684683E-6	0.000000E+0	1.660932E-7	8.543232E-6	0.000000E+0	0.000000E+0	0.000000E+0
2.097648E+3	-1.166664E+5	-2.120000E+0	8.250878E-19	2.835790E+17	3.406240E-6	0.000000E+0	1.540638E-7	8.568678E-6	0.000000E+0	0.000000E+0	0.000000E+0
2.280816E+3	-1.163197E+5	-2.184000E+0	4.508571E+17	-2.686618E+17	3.644745E-6	0.000000E+0	1.685065E-7	8.593692E-6	0.000000E+0	0.000000E+0	0.000000E+0
2.056539E+3	-1.158542E+5	-2.247000E+0	2.517955E+17	3.793721E+16	1.301887E-6	0.000000E+0	1.531710E-7	8.628820E-6	0.000000E+0	0.000000E+0	0.000000E+0
2.271367E+3	-1.155919E+5	-2.310000E+0	-6.627991E-18	5.176248E+17	3.044857E-6	0.000000E+0	1.699280E-7	8.647786E-6	0.000000E+0	0.000000E+0	0.000000E+0
2.206867E+3	-1.151399E+5	-2.373000E+0	-5.704680E+17	1.371951E+17	1.723485E-6	0.000000E+0	1.664045E-7	8.681897E-6	0.000000E+0	0.000000E+0	0.000000E+0
2.144398E+3	-1.149050E+5	-2.437000E+0	-4.691027E+17	6.689522E-18	-8.092320E-8	0.000000E+0	1.623590E-7	8.699811E-6	0.000000E+0	0.000000E+0	0.000000E+0
2.194801E+3	-1.146485E+5	-2.500000E+0	-3.567381E+17	-4.283094E-18	1.662062E-6	0.000000E+0	1.669165E-7	8.719117E-6	0.000000E+0	0.000000E+0	0.000000E+0
