Real / Ohm	Ximag / Ohm	V_DC / V	I_a c / A	V_ac / V	I_DC / A
1.465288E+2	-5.963027E+3	-2.500000E+0	-3.567381E+17	-5.153844E-18	1.151348E-6	1.000000E+7	4.118388E-6	1.675989E-4	0.000000E+0	0.000000E+0	0.000000E+0
1.501963E+2	-5.697969E+3	-2.437000E+0	-1.853759E+17	6.906363E-18	2.983419E-6	0.000000E+0	4.622931E-6	1.753793E-4	0.000000E+0	0.000000E+0	0.000000E+0
1.877612E+2	-5.439574E+3	-2.373000E+0	-5.704680E+17	1.371951E+17	2.744913E-6	0.000000E+0	6.338098E-6	1.836191E-4	0.000000E+0	0.000000E+0	0.000000E+0
2.492312E+2	-5.206794E+3	-2.310000E+0	-6.627993E-18	5.176251E+17	2.023429E-6	0.000000E+0	9.172077E-6	1.916177E-4	0.000000E+0	0.000000E+0	0.000000E+0
2.028376E+2	-4.999688E+3	-2.247000E+0	2.517955E+17	3.793714E+16	3.855515E-6	0.000000E+0	8.101183E-6	1.996838E-4	0.000000E+0	0.000000E+0	0.000000E+0
2.437031E+2	-4.813974E+3	-2.184000E+0	4.508571E+17	-2.686618E+17	4.155459E-6	0.000000E+0	1.048919E-5	2.071976E-4	0.000000E+0	0.000000E+0	0.000000E+0
2.944712E+2	-4.620713E+3	-2.120000E+0	8.250878E-19	2.832976E+17	3.418972E-7	0.000000E+0	1.373614E-5	2.155414E-4	0.000000E+0	0.000000E+0	0.000000E+0
4.015598E+2	-4.396742E+3	-2.057000E+0	6.234127E-18	-3.929323E-18	1.663255E-6	0.000000E+0	2.060064E-5	2.255597E-4	0.000000E+0	0.000000E+0	0.000000E+0
4.467607E+2	-4.117863E+3	-1.994000E+0	-2.654747E-18	4.664409E-18	-7.970812E-8	0.000000E+0	2.604048E-5	2.400192E-4	0.000000E+0	0.000000E+0	0.000000E+0
5.331270E+2	-3.771187E+3	-1.930000E+0	2.907620E+17	-1.496570E-18	1.925582E-7	0.000000E+0	3.675198E-5	2.599729E-4	0.000000E+0	0.000000E+0	0.000000E+0
6.366348E+2	-3.382288E+3	-1.867000E+0	-5.521899E-18	3.493290E-18	4.578265E-6	0.000000E+0	5.374634E-5	2.855414E-4	0.000000E+0	0.000000E+0	0.000000E+0
6.429644E+2	-2.963778E+3	-1.804000E+0	5.942414E-18	5.135457E+17	4.878209E-6	0.000000E+0	6.990732E-5	3.222414E-4	0.000000E+0	0.000000E+0	0.000000E+0
6.429153E+2	-2.570273E+3	-1.741000E+0	-6.504745E+16	2.369913E+17	2.624460E-6	0.000000E+0	9.158803E-5	3.661544E-4	0.000000E+0	0.000000E+0	0.000000E+0
6.058967E+2	-2.253521E+3	-1.677000E+0	8.036571E+16	-4.936752E+17	2.386019E-6	0.000000E+0	1.112662E-4	4.138342E-4	0.000000E+0	0.000000E+0	0.000000E+0
5.078589E+2	-2.016887E+3	-1.614000E+0	2.127762E-18	3.273865E+15	3.707377E-6	0.000000E+0	1.174036E-4	4.662510E-4	0.000000E+0	0.000000E+0	0.000000E+0
3.578151E+2	-1.819438E+3	-1.551000E+0	8.610784E+16	1.699868E-17	5.539463E-6	0.000000E+0	1.040648E-4	5.291546E-4	0.000000E+0	0.000000E+0	0.000000E+0
2.537583E+2	-1.633621E+3	-1.487000E+0	-3.870894E-18	-2.240669E+17	2.747394E-6	0.000000E+0	9.284596E-5	5.977149E-4	0.000000E+0	0.000000E+0	0.000000E+0
1.914648E+2	-1.486075E+3	-1.424000E+0	2.698511E+17	2.405250E+17	2.536559E-6	0.000000E+0	8.528204E-5	6.619259E-4	0.000000E+0	0.000000E+0	0.000000E+0
1.601483E+2	-1.372104E+3	-1.361000E+0	-6.256276E-18	1.399337E+17	2.836496E-6	0.000000E+0	8.392123E-5	7.190127E-4	0.000000E+0	0.000000E+0	0.000000E+0
1.246531E+2	-1.281805E+3	-1.297000E+0	-1.016338E-18	-5.687810E-18	4.442700E-8	0.000000E+0	7.515731E-5	7.728410E-4	0.000000E+0	0.000000E+0	0.000000E+0
1.054085E+2	-1.211603E+3	-1.234000E+0	1.311717E+15	5.157902E-18	-6.771224E-7	0.000000E+0	7.126564E-5	8.191528E-4	0.000000E+0	0.000000E+0	0.000000E+0
9.386084E+1	-1.153750E+3	-1.171000E+0	2.472319E-19	-1.518024E+17	1.665729E-6	0.000000E+0	7.004807E-5	8.610403E-4	0.000000E+0	0.000000E+0	0.000000E+0
9.374518E+1	-1.106943E+3	-1.108000E+0	-5.203440E-18	3.830367E-18	3.497844E-6	0.000000E+0	7.596171E-5	8.969558E-4	0.000000E+0	0.000000E+0	0.000000E+0
7.767810E+1	-1.066459E+3	-1.044000E+0	-1.291944E-18	-5.342346E-18	3.770081E-6	0.000000E+0	6.793793E-5	9.327341E-4	0.000000E+0	0.000000E+0	0.000000E+0
6.938971E+1	-1.033120E+3	-9.810000E-1	5.232688E+17	-4.633991E+17	3.048564E-6	0.000000E+0	6.472004E-5	9.635948E-4	0.000000E+0	0.000000E+0	0.000000E+0
1.034750E+2	-1.006886E+3	-9.180000E-1	2.088264E+17	-2.556168E+17	1.816301E-6	0.000000E+0	1.009979E-4	9.827818E-4	0.000000E+0	0.000000E+0	0.000000E+0
8.862445E+1	-9.803835E+2	-8.540000E-1	-7.520591E+15	-3.386204E-18	3.620746E-6	0.000000E+0	9.145912E-5	1.011741E-3	0.000000E+0	0.000000E+0	0.000000E+0
4.891364E+1	-9.579927E+2	-7.910000E-1	-1.773302E-18	1.902529E-18	1.367025E-6	0.000000E+0	5.315876E-5	1.041135E-3	0.000000E+0	0.000000E+0	0.000000E+0
4.673682E+1	-9.375146E+2	-7.280000E-1	-4.775830E-18	6.132215E-18	3.709847E-6	0.000000E+0	5.304264E-5	1.064006E-3	0.000000E+0	0.000000E+0	0.000000E+0
4.725247E+1	-9.194438E+2	-6.650000E-1	3.887097E+16	1.860550E+17	9.454161E-7	0.000000E+0	5.574791E-5	1.084749E-3	0.000000E+0	0.000000E+0	0.000000E+0
4.273227E+1	-9.020544E+2	-6.010000E-1	4.410889E+17	3.940187E-18	1.728400E-6	0.000000E+0	5.239827E-5	1.106098E-3	0.000000E+0	0.000000E+0	0.000000E+0
5.587943E+1	-8.858074E+2	-5.380000E-1	-5.506723E-18	4.358505E+16	-1.457374E-8	0.000000E+0	7.093303E-5	1.124439E-3	0.000000E+0	0.000000E+0	0.000000E+0
5.308810E+1	-8.702987E+2	-4.750000E-1	-4.319920E+17	-4.172230E+17	1.817534E-6	0.000000E+0	6.983088E-5	1.144771E-3	0.000000E+0	0.000000E+0	0.000000E+0
4.813263E+1	-8.556952E+2	-4.110000E-1	2.837111E-18	-1.599031E-19	3.111236E-6	0.000000E+0	6.552838E-5	1.164954E-3	0.000000E+0	0.000000E+0	0.000000E+0
5.094617E+1	-8.428695E+2	-3.480000E-1	-1.696221E+17	-6.427781E-19	8.575153E-7	0.000000E+0	7.145080E-5	1.182105E-3	0.000000E+0	0.000000E+0	0.000000E+0
6.259982E+1	-8.313376E+2	-2.850000E-1	-5.609192E+17	2.120590E-18	1.157454E-6	0.000000E+0	9.006638E-5	1.196099E-3	0.000000E+0	0.000000E+0	0.000000E+0
5.414355E+1	-8.189337E+2	-2.220000E-1	-1.478444E+17	2.700612E+17	2.478821E-6	0.000000E+0	8.038130E-5	1.215786E-3	0.000000E+0	0.000000E+0	0.000000E+0
5.504593E+1	-8.079102E+2	-1.580000E-1	-2.971689E+17	-4.901914E-18	5.304692E-6	0.000000E+0	8.394360E-5	1.232042E-3	0.000000E+0	0.000000E+0	0.000000E+0
4.000339E+1	-7.963936E+2	-9.500000E-2	-4.717429E+17	-4.925467E+17	2.540258E-6	0.000000E+0	6.291394E-5	1.252500E-3	0.000000E+0	0.000000E+0	0.000000E+0
4.596030E+1	-7.864547E+2	-3.200000E-2	-9.427576E-19	-9.422141E-19	-7.348892E-7	0.000000E+0	7.405506E-5	1.267201E-3	0.000000E+0	0.000000E+0	0.000000E+0
4.562042E+1	-7.760283E+2	3.200000E-2	-3.096135E+17	4.406614E-18	-1.484074E-6	0.000000E+0	7.549286E-5	1.284175E-3	0.000000E+0	0.000000E+0	0.000000E+0
3.546820E+1	-7.662430E+2	9.500000E-2	-4.715168E+17	-5.436513E+17	2.901634E-6	0.000000E+0	6.028046E-5	1.302279E-3	0.000000E+0	0.000000E+0	0.000000E+0
4.665991E+1	-7.579025E+2	1.580000E-1	-1.067025E+17	-4.510080E+17	4.733743E-6	0.000000E+0	8.092343E-5	1.314449E-3	0.000000E+0	0.000000E+0	0.000000E+0
4.999130E+1	-7.482622E+2	2.220000E-1	-3.021231E-18	1.453293E+17	2.963101E-6	0.000000E+0	8.888994E-5	1.330491E-3	0.000000E+0	0.000000E+0	0.000000E+0
4.364856E+1	-7.389355E+2	2.850000E-1	-3.194767E-18	5.558819E-18	1.986682E-7	0.000000E+0	7.966071E-5	1.348593E-3	0.000000E+0	0.000000E+0	0.000000E+0
3.911069E+1	-7.298928E+2	3.480000E-1	4.155990E+17	-1.823473E+17	1.009321E-6	0.000000E+0	7.320355E-5	1.366142E-3	0.000000E+0	0.000000E+0	0.000000E+0
5.032236E+1	-7.232599E+2	4.110000E-1	-4.316353E+17	4.857998E-18	1.819972E-6	0.000000E+0	9.573591E-5	1.375968E-3	0.000000E+0	0.000000E+0	0.000000E+0
5.001440E+1	-7.151276E+2	4.750000E-1	-3.851510E-18	-6.447272E-18	1.581502E-6	0.000000E+0	9.732152E-5	1.391545E-3	0.000000E+0	0.000000E+0	0.000000E+0
4.820633E+1	-7.091677E+2	5.380000E-1	4.766215E-20	4.558806E+17	1.881410E-6	0.000000E+0	9.541223E-5	1.403618E-3	0.000000E+0	0.000000E+0	0.000000E+0
3.240363E+1	-7.021517E+2	6.010000E-1	1.388541E-18	6.784133E-18	3.713521E-6	0.000000E+0	6.558550E-5	1.421167E-3	0.000000E+0	0.000000E+0	0.000000E+0
3.904861E+1	-6.960608E+2	6.650000E-1	4.752240E+17	-1.630679E-19	4.107060E-7	0.000000E+0	8.034273E-5	1.432149E-3	0.000000E+0	0.000000E+0	0.000000E+0
3.896268E+1	-6.903861E+2	7.280000E-1	-7.966684E-19	6.323277E-18	-3.108398E-7	0.000000E+0	8.148613E-5	1.443866E-3	0.000000E+0	0.000000E+0	0.000000E+0
4.426212E+1	-6.856704E+2	7.910000E-1	-4.344318E+17	2.055147E+17	1.521268E-6	0.000000E+0	9.375521E-5	1.452374E-3	0.000000E+0	0.000000E+0	0.000000E+0
3.605295E+1	-6.803502E+2	8.540000E-1	-6.904437E-18	-8.375564E+16	2.890047E-7	0.000000E+0	7.767083E-5	1.465715E-3	0.000000E+0	0.000000E+0	0.000000E+0
5.430093E+1	-6.771241E+2	9.180000E-1	2.547940E-18	-3.572836E+16	2.093449E-6	0.000000E+0	1.176757E-4	1.467397E-3	0.000000E+0	0.000000E+0	0.000000E+0
6.656989E+1	-6.721432E+2	9.810000E-1	-1.554615E+17	1.089551E+17	8.611860E-7	0.000000E+0	1.459200E-4	1.473326E-3	0.000000E+0	0.000000E+0	0.000000E+0
4.590027E+1	-6.660930E+2	1.044000E+0	-5.196819E+17	1.790907E+17	1.396693E-7	0.000000E+0	1.029646E-4	1.494197E-3	0.000000E+0	0.000000E+0	0.000000E+0
7.993378E+1	-6.658732E+2	1.108000E+0	3.883601E+17	-5.707470E+17	9.226496E-7	0.000000E+0	1.777189E-4	1.480453E-3	0.000000E+0	0.000000E+0	0.000000E+0
8.228580E+1	-6.615353E+2	1.171000E+0	-2.820974E+17	-3.573572E+17	1.733279E-6	0.000000E+0	1.851616E-4	1.488604E-3	0.000000E+0	0.000000E+0	0.000000E+0
5.298892E+1	-6.569747E+2	1.234000E+0	7.433461E+16	-3.421240E+17	5.010443E-7	0.000000E+0	1.219752E-4	1.512291E-3	0.000000E+0	0.000000E+0	0.000000E+0
4.097012E+1	-6.539163E+2	1.297000E+0	5.229813E-18	-4.922483E+17	-2.205052E-7	0.000000E+0	9.543802E-5	1.523268E-3	0.000000E+0	0.000000E+0	0.000000E+0
5.759042E+1	-6.527268E+2	1.361000E+0	5.364476E+17	-2.872230E+17	2.605397E-6	0.000000E+0	1.341281E-4	1.520200E-3	0.000000E+0	0.000000E+0	0.000000E+0
4.640668E+1	-6.494962E+2	1.424000E+0	-1.432962E-18	1.659667E-18	8.624193E-7	0.000000E+0	1.094500E-4	1.531835E-3	0.000000E+0	0.000000E+0	0.000000E+0
4.223727E+1	-6.465519E+2	1.487000E+0	9.169370E+16	2.296609E-18	1.673041E-6	0.000000E+0	1.006096E-4	1.540094E-3	0.000000E+0	0.000000E+0	0.000000E+0
3.536017E+1	-6.453302E+2	1.551000E+0	4.020179E+17	1.945249E+17	-1.629771E-6	0.000000E+0	8.465418E-5	1.544956E-3	0.000000E+0	0.000000E+0	0.000000E+0
4.991342E+1	-6.450148E+2	1.614000E+0	1.297458E-18	4.035830E-18	1.734516E-6	0.000000E+0	1.192573E-4	1.541123E-3	0.000000E+0	0.000000E+0	0.000000E+0
3.736197E+1	-6.426929E+2	1.677000E+0	-2.680827E+17	-5.492346E+17	1.012988E-6	0.000000E+0	9.014830E-5	1.550712E-3	0.000000E+0	0.000000E+0	0.000000E+0
3.811804E+1	-6.412170E+2	1.741000E+0	5.241939E+17	-4.156391E-18	2.637753E-7	0.000000E+0	9.238224E-5	1.554043E-3	0.000000E+0	0.000000E+0	0.000000E+0
6.044119E+1	-6.407911E+2	1.804000E+0	2.579781E+17	4.569569E-19	5.637121E-7	0.000000E+0	1.458993E-4	1.546809E-3	0.000000E+0	0.000000E+0	0.000000E+0
5.859457E+1	-6.394064E+2	1.867000E+0	2.915631E-18	4.874939E+16	3.417255E-6	0.000000E+0	1.421254E-4	1.550926E-3	0.000000E+0	0.000000E+0	0.000000E+0
4.629373E+1	-6.378171E+2	1.930000E+0	-1.980651E+17	1.958093E+16	2.184992E-6	0.000000E+0	1.132004E-4	1.559631E-3	0.000000E+0	0.000000E+0	0.000000E+0
4.279721E+1	-6.371478E+2	1.994000E+0	-2.714796E-18	3.559669E+13	-1.117827E-6	0.000000E+0	1.049494E-4	1.562445E-3	0.000000E+0	0.000000E+0	0.000000E+0
4.456165E+1	-6.376919E+2	2.057000E+0	5.785012E-19	5.234687E+17	7.142953E-7	0.000000E+0	1.090496E-4	1.560535E-3	0.000000E+0	0.000000E+0	0.000000E+0
3.422842E+1	-6.366134E+2	2.120000E+0	-2.375065E+17	1.295985E-19	-5.179754E-7	0.000000E+0	8.421349E-5	1.566284E-3	0.000000E+0	0.000000E+0	0.000000E+0
3.511777E+1	-6.363174E+2	2.184000E+0	-5.351627E-18	2.391872E+17	7.757189E-7	0.000000E+0	8.646863E-5	1.566771E-3	0.000000E+0	0.000000E+0	0.000000E+0
4.756229E+1	-6.359899E+2	2.247000E+0	2.587907E+17	2.524315E-18	1.586377E-6	0.000000E+0	1.169338E-4	1.563607E-3	0.000000E+0	0.000000E+0	0.000000E+0
4.031601E+1	-6.341776E+2	2.310000E+0	-3.127958E+17	-9.739274E-19	-1.565932E-7	0.000000E+0	9.983990E-5	1.570498E-3	0.000000E+0	0.000000E+0	0.000000E+0
3.720358E+1	-6.334894E+2	2.373000E+0	6.653737E-18	-4.395315E+17	6.540649E-7	0.000000E+0	9.238697E-5	1.573133E-3	0.000000E+0	0.000000E+0	0.000000E+0
6.898517E+1	-6.348270E+2	2.437000E+0	-1.137863E-18	-4.190346E+17	-2.138040E-6	0.000000E+0	1.691790E-4	1.556848E-3	0.000000E+0	0.000000E+0	0.000000E+0
5.979520E+1	-6.354099E+2	2.500000E+0	-9.275714E-19	-3.780149E-18	-2.859568E-6	0.000000E+0	1.468011E-4	1.559973E-3	0.000000E+0	0.000000E+0	0.000000E+0
