Real / Ohm	Ximag / Ohm	V_DC / V	I_a c / A	V_ac / V	I_DC / A
5.707861E+1	-1.960097E+3	2.500000E+0	-9.275714E-19	-3.780149E-18	-1.327397E-6	3.162278E+6	1.484397E-5	5.097466E-4	0.000000E+0	0.000000E+0	0.000000E+0
7.360413E+1	-1.964401E+3	2.437000E+0	-1.137863E-18	-4.190346E+17	9.263022E-7	0.000000E+0	1.904726E-5	5.083474E-4	0.000000E+0	0.000000E+0	0.000000E+0
9.032654E+1	-1.967784E+3	2.373000E+0	6.653737E-18	-4.395315E+17	-3.673922E-7	0.000000E+0	2.327804E-5	5.071173E-4	0.000000E+0	0.000000E+0	0.000000E+0
7.756665E+1	-1.972705E+3	2.310000E+0	-3.127958E+17	-9.739274E-19	3.541209E-7	0.000000E+0	1.990123E-5	5.061357E-4	0.000000E+0	0.000000E+0	0.000000E+0
7.759143E+1	-1.978790E+3	2.247000E+0	2.587907E+17	2.524315E-18	5.649199E-7	0.000000E+0	1.978550E-5	5.045835E-4	0.000000E+0	0.000000E+0	0.000000E+0
7.553918E+1	-1.986234E+3	2.184000E+0	-5.351627E-18	2.391872E+17	2.650049E-7	0.000000E+0	1.911982E-5	5.027382E-4	0.000000E+0	0.000000E+0	0.000000E+0
7.887390E+1	-1.994549E+3	2.120000E+0	-2.375065E+17	1.295985E-19	-5.179754E-7	0.000000E+0	1.979545E-5	5.005837E-4	0.000000E+0	0.000000E+0	0.000000E+0
6.340955E+1	-2.003174E+3	2.057000E+0	5.785012E-19	5.234687E+17	1.735723E-6	0.000000E+0	1.578637E-5	4.987080E-4	0.000000E+0	0.000000E+0	0.000000E+0
6.381885E+1	-2.012241E+3	1.994000E+0	-2.714796E-18	3.559669E+13	4.143440E-7	0.000000E+0	1.574535E-5	4.964590E-4	0.000000E+0	0.000000E+0	0.000000E+0
6.689111E+1	-2.021882E+3	1.930000E+0	-1.980651E+17	1.958093E+16	6.528207E-7	0.000000E+0	1.634488E-5	4.940480E-4	0.000000E+0	0.000000E+0	0.000000E+0
7.186145E+1	-2.031854E+3	1.867000E+0	2.915631E-18	4.874939E+16	1.374341E-6	0.000000E+0	1.738474E-5	4.915465E-4	0.000000E+0	0.000000E+0	0.000000E+0
5.834875E+1	-2.042844E+3	1.804000E+0	2.579781E+17	4.569569E-19	-4.577450E-7	0.000000E+0	1.397034E-5	4.891146E-4	0.000000E+0	0.000000E+0	0.000000E+0
8.292773E+1	-2.053669E+3	1.741000E+0	5.241939E+17	-4.156391E-18	2.637753E-7	0.000000E+0	1.963050E-5	4.861407E-4	0.000000E+0	0.000000E+0	0.000000E+0
8.898975E+1	-2.066087E+3	1.677000E+0	-2.680827E+17	-5.492346E+17	-1.029926E-6	0.000000E+0	2.080836E-5	4.831105E-4	0.000000E+0	0.000000E+0	0.000000E+0
7.297510E+1	-2.077977E+3	1.614000E+0	1.297458E-18	4.035830E-18	-3.083987E-7	0.000000E+0	1.687944E-5	4.806445E-4	0.000000E+0	0.000000E+0	0.000000E+0
7.010571E+1	-2.090528E+3	1.551000E+0	4.020179E+17	1.945249E+17	2.456029E-6	0.000000E+0	1.602335E-5	4.778107E-4	0.000000E+0	0.000000E+0	0.000000E+0
8.422876E+1	-2.104609E+3	1.487000E+0	9.169370E+16	2.296609E-18	6.516129E-7	0.000000E+0	1.898552E-5	4.743878E-4	0.000000E+0	0.000000E+0	0.000000E+0
7.797144E+1	-2.118590E+3	1.424000E+0	-1.432962E-18	1.659667E-18	-1.180495E-6	0.000000E+0	1.734818E-5	4.713736E-4	0.000000E+0	0.000000E+0	0.000000E+0
6.474731E+1	-2.133362E+3	1.361000E+0	5.364476E+17	-2.872230E+17	-9.696887E-7	0.000000E+0	1.421323E-5	4.683123E-4	0.000000E+0	0.000000E+0	0.000000E+0
5.120508E+1	-2.148846E+3	1.297000E+0	5.229813E-18	-4.922483E+17	-2.205052E-7	0.000000E+0	1.108296E-5	4.651020E-4	0.000000E+0	0.000000E+0	0.000000E+0
5.447729E+1	-2.164965E+3	1.234000E+0	7.433461E+16	-3.421240E+17	1.522472E-6	0.000000E+0	1.161552E-5	4.616089E-4	0.000000E+0	0.000000E+0	0.000000E+0
7.588525E+1	-2.181407E+3	1.171000E+0	-2.820974E+17	-3.573572E+17	3.265450E-6	0.000000E+0	1.592791E-5	4.578656E-4	0.000000E+0	0.000000E+0	0.000000E+0
5.618555E+1	-2.199978E+3	1.108000E+0	3.883601E+17	-5.707470E+17	9.226496E-7	0.000000E+0	1.160125E-5	4.542537E-4	0.000000E+0	0.000000E+0	0.000000E+0
7.349585E+1	-2.218334E+3	1.044000E+0	-5.196819E+17	1.790907E+17	1.671840E-6	0.000000E+0	1.491875E-5	4.502945E-4	0.000000E+0	0.000000E+0	0.000000E+0
7.939209E+1	-2.238145E+3	9.810000E-1	-1.554615E+17	1.089551E+17	-1.602712E-7	0.000000E+0	1.582904E-5	4.462371E-4	0.000000E+0	0.000000E+0	0.000000E+0
5.524219E+1	-2.259085E+3	9.180000E-1	2.547940E-18	-3.572836E+16	1.582706E-6	0.000000E+0	1.081798E-5	4.423926E-4	0.000000E+0	0.000000E+0	0.000000E+0
6.068677E+1	-2.281046E+3	8.540000E-1	-6.904437E-18	-8.375564E+16	-1.753880E-6	0.000000E+0	1.165517E-5	4.380853E-4	0.000000E+0	0.000000E+0	0.000000E+0
8.816895E+1	-2.303895E+3	7.910000E-1	-4.344318E+17	2.055147E+17	3.564153E-6	0.000000E+0	1.658650E-5	4.334128E-4	0.000000E+0	0.000000E+0	0.000000E+0
5.840088E+1	-2.328611E+3	7.280000E-1	-7.966684E-19	6.323277E-18	1.221331E-6	0.000000E+0	1.076347E-5	4.291706E-4	0.000000E+0	0.000000E+0	0.000000E+0
5.179272E+1	-2.354105E+3	6.650000E-1	4.752240E+17	-1.630679E-19	1.432134E-6	0.000000E+0	9.341291E-6	4.245844E-4	0.000000E+0	0.000000E+0	0.000000E+0
4.401978E+1	-2.381810E+3	6.010000E-1	1.388541E-18	6.784133E-18	1.670607E-6	0.000000E+0	7.756849E-6	4.197054E-4	0.000000E+0	0.000000E+0	0.000000E+0
4.693701E+1	-2.410632E+3	5.380000E-1	4.766215E-20	4.558806E+17	-1.182932E-6	0.000000E+0	8.074004E-6	4.146718E-4	0.000000E+0	0.000000E+0	0.000000E+0
5.562524E+1	-2.441164E+3	4.750000E-1	-3.851510E-18	-6.447272E-18	4.933099E-8	0.000000E+0	9.329375E-6	4.094281E-4	0.000000E+0	0.000000E+0	0.000000E+0
5.380981E+1	-2.474599E+3	4.110000E-1	-4.316353E+17	4.857998E-18	1.309229E-6	0.000000E+0	8.783073E-6	4.039149E-4	0.000000E+0	0.000000E+0	0.000000E+0
7.097559E+1	-2.509954E+3	3.480000E-1	4.155990E+17	-1.823473E+17	1.009321E-6	0.000000E+0	1.125720E-5	3.980953E-4	0.000000E+0	0.000000E+0	0.000000E+0
5.791895E+1	-2.547873E+3	2.850000E-1	-3.194767E-18	5.558819E-18	1.220125E-6	0.000000E+0	8.917452E-6	3.922815E-4	0.000000E+0	0.000000E+0	0.000000E+0
5.743115E+1	-2.587948E+3	2.220000E-1	-3.021231E-18	1.453293E+17	5.005986E-6	0.000000E+0	8.570824E-6	3.862163E-4	0.000000E+0	0.000000E+0	0.000000E+0
6.284497E+1	-2.633320E+3	1.580000E-1	-1.067025E+17	-4.510080E+17	1.669401E-6	0.000000E+0	9.057659E-6	3.795326E-4	0.000000E+0	0.000000E+0	0.000000E+0
9.485400E+1	-2.682302E+3	9.500000E-2	-4.715168E+17	-5.436513E+17	2.901634E-6	0.000000E+0	1.316732E-5	3.723485E-4	0.000000E+0	0.000000E+0	0.000000E+0
6.442578E+1	-2.736140E+3	3.200000E-2	-3.096135E+17	4.406614E-18	-4.626170E-7	0.000000E+0	8.600869E-6	3.652759E-4	0.000000E+0	0.000000E+0	0.000000E+0
6.357910E+1	-2.798582E+3	-3.200000E-2	-9.427576E-19	-9.422141E-19	7.972819E-7	0.000000E+0	8.113612E-6	3.571395E-4	0.000000E+0	0.000000E+0	0.000000E+0
6.710620E+1	-2.867849E+3	-9.500000E-2	-4.717429E+17	-4.925467E+17	-1.545513E-6	0.000000E+0	8.154782E-6	3.485026E-4	0.000000E+0	0.000000E+0	0.000000E+0
7.893604E+1	-2.946612E+3	-1.580000E-1	-2.971689E+17	-4.901914E-18	1.218892E-6	0.000000E+0	9.084852E-6	3.391294E-4	0.000000E+0	0.000000E+0	0.000000E+0
8.616772E+1	-3.041067E+3	-2.220000E-1	-1.478444E+17	2.700612E+17	4.359354E-7	0.000000E+0	9.309880E-6	3.285682E-4	0.000000E+0	0.000000E+0	0.000000E+0
1.008171E+2	-3.152017E+3	-2.850000E-1	-5.609192E+17	2.120590E-18	1.359967E-7	0.000000E+0	1.013708E-5	3.169329E-4	0.000000E+0	0.000000E+0	0.000000E+0
1.437959E+2	-3.287407E+3	-3.480000E-1	-1.696221E+17	-6.427781E-19	-6.746559E-7	0.000000E+0	1.328035E-5	3.036102E-4	0.000000E+0	0.000000E+0	0.000000E+0
1.418464E+2	-3.450802E+3	-4.110000E-1	2.837111E-18	-1.599031E-19	4.689355E-8	0.000000E+0	1.189173E-5	2.892989E-4	0.000000E+0	0.000000E+0	0.000000E+0
1.581924E+2	-3.653479E+3	-4.750000E-1	-4.319920E+17	-4.172230E+17	2.328248E-6	0.000000E+0	1.182930E-5	2.731995E-4	0.000000E+0	0.000000E+0	0.000000E+0
1.952222E+2	-3.888503E+3	-5.380000E-1	-5.506723E-18	4.358505E+16	2.028341E-6	0.000000E+0	1.287867E-5	2.565218E-4	0.000000E+0	0.000000E+0	0.000000E+0
2.516685E+2	-4.163750E+3	-6.010000E-1	4.410889E+17	3.940187E-18	1.728400E-6	0.000000E+0	1.446358E-5	2.392939E-4	0.000000E+0	0.000000E+0	0.000000E+0
2.840811E+2	-4.501877E+3	-6.650000E-1	3.887097E+16	1.860550E+17	1.966873E-6	0.000000E+0	1.396141E-5	2.212486E-4	0.000000E+0	0.000000E+0	0.000000E+0
3.313677E+2	-4.932929E+3	-7.280000E-1	-4.775830E-18	6.132215E-18	2.177676E-6	0.000000E+0	1.355642E-5	2.018087E-4	0.000000E+0	0.000000E+0	0.000000E+0
4.483247E+2	-5.573934E+3	-7.910000E-1	-1.773302E-18	1.902529E-18	1.877768E-6	0.000000E+0	1.433734E-5	1.782533E-4	0.000000E+0	0.000000E+0	0.000000E+0
6.231680E+2	-6.518223E+3	-8.540000E-1	-7.520591E+15	-3.386204E-18	2.599289E-6	0.000000E+0	1.453434E-5	1.520265E-4	0.000000E+0	0.000000E+0	0.000000E+0
8.456533E+2	-7.891725E+3	-9.180000E-1	2.088264E+17	-2.556168E+17	-2.265842E-7	0.000000E+0	1.342425E-5	1.252765E-4	0.000000E+0	0.000000E+0	0.000000E+0
1.076643E+3	-9.587000E+3	-9.810000E-1	5.232688E+17	-4.633991E+17	1.516393E-6	0.000000E+0	1.156813E-5	1.030088E-4	0.000000E+0	0.000000E+0	0.000000E+0
1.218054E+3	-1.134046E+4	-1.044000E+0	-1.291944E-18	-5.342346E-18	3.770081E-6	0.000000E+0	9.363186E-6	8.717417E-5	0.000000E+0	0.000000E+0	0.000000E+0
1.139998E+3	-1.286195E+4	-1.108000E+0	-5.203440E-18	3.830367E-18	2.987101E-6	0.000000E+0	6.837416E-6	7.714269E-5	0.000000E+0	0.000000E+0	0.000000E+0
9.403301E+2	-1.397280E+4	-1.171000E+0	2.472319E-19	-1.518024E+17	-1.398614E-6	0.000000E+0	4.794585E-6	7.124496E-5	0.000000E+0	0.000000E+0	0.000000E+0
7.719873E+2	-1.479644E+4	-1.234000E+0	1.311717E+15	5.157902E-18	-1.664084E-7	0.000000E+0	3.516536E-6	6.740035E-5	0.000000E+0	0.000000E+0	0.000000E+0
5.919590E+2	-1.544581E+4	-1.297000E+0	-1.016338E-18	-5.687810E-18	3.619512E-6	0.000000E+0	2.477609E-6	6.464752E-5	0.000000E+0	0.000000E+0	0.000000E+0
4.665635E+2	-1.603477E+4	-1.361000E+0	-6.256276E-18	1.399337E+17	4.368696E-6	0.000000E+0	1.813083E-6	6.231172E-5	0.000000E+0	0.000000E+0	0.000000E+0
3.554180E+2	-1.657712E+4	-1.424000E+0	2.698511E+17	2.405250E+17	1.004417E-6	0.000000E+0	1.292771E-6	6.029639E-5	0.000000E+0	0.000000E+0	0.000000E+0
3.027422E+2	-1.709019E+4	-1.487000E+0	-3.870894E-18	-2.240669E+17	7.044800E-7	0.000000E+0	1.036198E-6	5.849474E-5	0.000000E+0	0.000000E+0	0.000000E+0
2.836895E+2	-1.756747E+4	-1.551000E+0	8.610784E+16	1.699868E-17	1.453693E-6	0.000000E+0	9.189917E-7	5.690855E-5	0.000000E+0	0.000000E+0	0.000000E+0
2.646719E+2	-1.798143E+4	-1.614000E+0	2.127762E-18	3.273865E+15	2.175177E-6	0.000000E+0	8.183994E-7	5.560088E-5	0.000000E+0	0.000000E+0	0.000000E+0
2.507793E+2	-1.838499E+4	-1.677000E+0	8.036571E+16	-4.936752E+17	-1.676090E-7	0.000000E+0	7.417953E-7	5.438208E-5	0.000000E+0	0.000000E+0	0.000000E+0
2.792871E+2	-1.874466E+4	-1.741000E+0	-6.504745E+16	2.369913E+17	1.603032E-6	0.000000E+0	7.946929E-7	5.333669E-5	0.000000E+0	0.000000E+0	0.000000E+0
2.508633E+2	-1.907302E+4	-1.804000E+0	5.942414E-18	5.135457E+17	1.303095E-6	0.000000E+0	6.894822E-7	5.242101E-5	0.000000E+0	0.000000E+0	0.000000E+0
2.420098E+2	-1.939391E+4	-1.867000E+0	-5.521899E-18	3.493290E-18	4.578265E-6	0.000000E+0	6.433311E-7	5.155455E-5	0.000000E+0	0.000000E+0	0.000000E+0
2.982363E+2	-1.968734E+4	-1.930000E+0	2.907620E+17	-1.496570E-18	3.256901E-6	0.000000E+0	7.692841E-7	5.078241E-5	0.000000E+0	0.000000E+0	0.000000E+0
2.277988E+2	-1.998185E+4	-1.994000E+0	-2.654747E-18	4.664409E-18	4.006062E-6	0.000000E+0	5.704579E-7	5.003891E-5	0.000000E+0	0.000000E+0	0.000000E+0
2.009980E+2	-2.027673E+4	-2.057000E+0	6.234127E-18	-3.929323E-18	-3.796595E-7	0.000000E+0	4.888248E-7	4.931277E-5	0.000000E+0	0.000000E+0	0.000000E+0
1.939590E+2	-2.062552E+4	-2.120000E+0	8.250878E-19	2.832976E+17	2.895526E-6	0.000000E+0	4.558917E-7	4.847934E-5	0.000000E+0	0.000000E+0	0.000000E+0
1.820723E+2	-2.103215E+4	-2.184000E+0	4.508571E+17	-2.686618E+17	1.601831E-6	0.000000E+0	4.115703E-7	4.754269E-5	0.000000E+0	0.000000E+0	0.000000E+0
2.424648E+2	-2.146321E+4	-2.247000E+0	2.517955E+17	3.793714E+16	2.323315E-6	0.000000E+0	5.262643E-7	4.658541E-5	0.000000E+0	0.000000E+0	0.000000E+0
1.697383E+2	-2.192827E+4	-2.310000E+0	-6.627993E-18	5.176251E+17	4.066285E-6	0.000000E+0	3.529759E-7	4.560050E-5	0.000000E+0	0.000000E+0	0.000000E+0
1.891504E+2	-2.238360E+4	-2.373000E+0	-5.704680E+17	1.371951E+17	1.912849E-7	0.000000E+0	3.774995E-7	4.467238E-5	0.000000E+0	0.000000E+0	0.000000E+0
3.170742E+2	-2.288389E+4	-2.437000E+0	-1.853759E+17	6.906363E-18	2.472705E-6	0.000000E+0	6.053657E-7	4.369048E-5	0.000000E+0	0.000000E+0	0.000000E+0
2.378691E+2	-2.337493E+4	-2.500000E+0	-3.567381E+17	-5.153844E-18	6.405753E-7	0.000000E+0	4.353038E-7	4.277645E-5	0.000000E+0	0.000000E+0	0.000000E+0
