Real / Ohm	Ximag / Ohm	V_DC / V	I_a c / A	V_ac / V	I_DC / A
2.182492E+3	-1.021770E+5	-2.500000E+0	-3.567381E+17	-4.283094E-18	-8.915667E-7	1.000000E+6	2.089528E-7	9.782475E-6	0.000000E+0	0.000000E+0	0.000000E+0
2.192457E+3	-9.677134E+4	-2.437000E+0	-4.691027E+17	6.689522E-18	-5.916372E-7	0.000000E+0	2.339994E-7	1.032834E-5	0.000000E+0	0.000000E+0	0.000000E+0
2.310613E+3	-9.103086E+4	-2.373000E+0	-5.704680E+17	1.371951E+17	1.723485E-6	0.000000E+0	2.786572E-7	1.097821E-5	0.000000E+0	0.000000E+0	0.000000E+0
2.264039E+3	-8.513131E+4	-2.310000E+0	-6.627991E-18	5.176248E+17	4.912290E-7	0.000000E+0	3.121751E-7	1.173826E-5	0.000000E+0	0.000000E+0	0.000000E+0
2.295625E+3	-7.924517E+4	-2.247000E+0	2.517955E+17	3.793721E+16	3.855515E-6	0.000000E+0	3.652507E-7	1.260848E-5	0.000000E+0	0.000000E+0	0.000000E+0
2.373855E+3	-7.408230E+4	-2.184000E+0	4.508571E+17	-2.686618E+17	5.803449E-7	0.000000E+0	4.320953E-7	1.348466E-5	0.000000E+0	0.000000E+0	0.000000E+0
2.360119E+3	-6.908445E+4	-2.120000E+0	8.250878E-19	2.835790E+17	2.384812E-6	0.000000E+0	4.939315E-7	1.445816E-5	0.000000E+0	0.000000E+0	0.000000E+0
2.367264E+3	-6.584477E+4	-2.057000E+0	6.234127E-18	-3.929322E-18	1.152541E-6	0.000000E+0	5.453096E-7	1.516763E-5	0.000000E+0	0.000000E+0	0.000000E+0
2.348213E+3	-6.440537E+4	-1.994000E+0	-2.654959E-18	4.664198E-18	-5.904221E-7	0.000000E+0	5.653487E-7	1.550604E-5	0.000000E+0	0.000000E+0	0.000000E+0
2.314904E+3	-6.327667E+4	-1.930000E+0	2.907620E+17	-1.496570E-18	1.213986E-6	0.000000E+0	5.773842E-7	1.578249E-5	0.000000E+0	0.000000E+0	0.000000E+0
2.366443E+3	-6.197960E+4	-1.867000E+0	-2.052875E-18	3.493290E-18	1.003209E-6	0.000000E+0	6.151285E-7	1.611085E-5	0.000000E+0	0.000000E+0	0.000000E+0
2.357838E+3	-6.057962E+4	-1.804000E+0	5.725574E-18	5.135446E+17	1.303095E-6	0.000000E+0	6.415101E-7	1.648223E-5	0.000000E+0	0.000000E+0	0.000000E+0
2.410756E+3	-5.890873E+4	-1.741000E+0	-6.504745E+16	2.369919E+17	-9.505966E-7	0.000000E+0	6.935331E-7	1.694703E-5	0.000000E+0	0.000000E+0	0.000000E+0
2.415711E+3	-5.689067E+4	-1.677000E+0	-4.960950E+17	9.965210E-19	3.431051E-7	0.000000E+0	7.450416E-7	1.754594E-5	0.000000E+0	0.000000E+0	0.000000E+0
2.454594E+3	-5.482882E+4	-1.614000E+0	2.127762E-18	9.311133E+1	2.175177E-6	0.000000E+0	8.148775E-7	1.820210E-5	0.000000E+0	0.000000E+0	0.000000E+0
2.500066E+3	-5.288989E+4	-1.551000E+0	8.610729E+16	4.249670E-18	1.964407E-6	0.000000E+0	8.917371E-7	1.886505E-5	0.000000E+0	0.000000E+0	0.000000E+0
2.414975E+3	-5.122569E+4	-1.487000E+0	-3.870907E-18	-2.240669E+17	-3.169480E-7	0.000000E+0	9.182752E-7	1.947816E-5	0.000000E+0	0.000000E+0	0.000000E+0
2.366641E+3	-4.982163E+4	-1.424000E+0	2.698511E+17	-3.360764E+17	1.515131E-6	0.000000E+0	9.513003E-7	2.002641E-5	0.000000E+0	0.000000E+0	0.000000E+0
2.351137E+3	-4.836046E+4	-1.361000E+0	-6.256276E-18	1.218838E+17	2.325782E-6	0.000000E+0	1.002933E-6	2.062929E-5	0.000000E+0	0.000000E+0	0.000000E+0
2.365969E+3	-4.605861E+4	-1.297000E+0	-1.006173E-18	-5.687810E-18	2.087341E-6	0.000000E+0	1.112354E-6	2.165433E-5	0.000000E+0	0.000000E+0	0.000000E+0
2.368977E+3	-4.207845E+4	-1.234000E+0	1.311717E+15	5.049482E-18	1.365792E-6	0.000000E+0	1.333727E-6	2.369005E-5	0.000000E+0	0.000000E+0	0.000000E+0
2.103211E+3	-3.619813E+4	-1.171000E+0	3.716679E-18	4.245176E+17	2.687186E-6	0.000000E+0	1.599731E-6	2.753279E-5	0.000000E+0	0.000000E+0	0.000000E+0
1.637964E+3	-2.969245E+4	-1.108000E+0	-5.203440E-18	3.830367E-18	9.442156E-7	0.000000E+0	1.852221E-6	3.357642E-5	0.000000E+0	0.000000E+0	0.000000E+0
1.208162E+3	-2.386950E+4	-1.044000E+0	-1.183523E-18	-5.342346E-18	7.057388E-7	0.000000E+0	2.115083E-6	4.178741E-5	0.000000E+0	0.000000E+0	0.000000E+0
8.240117E+2	-1.927675E+4	-9.810000E-1	-5.319197E+16	-3.192840E+17	1.516393E-6	0.000000E+0	2.213466E-6	5.178135E-5	0.000000E+0	0.000000E+0	0.000000E+0
5.958848E+2	-1.624510E+4	-9.180000E-1	2.088264E+17	-2.195880E+17	1.305587E-6	0.000000E+0	2.254933E-6	6.147431E-5	0.000000E+0	0.000000E+0	0.000000E+0
4.411909E+2	-1.420473E+4	-8.540000E-1	-7.957818E+16	-3.372652E-18	-1.486511E-6	0.000000E+0	2.184449E-6	7.033124E-5	0.000000E+0	0.000000E+0	0.000000E+0
3.346694E+2	-1.284851E+4	-7.910000E-1	-1.773302E-18	1.794108E-18	-6.758601E-7	0.000000E+0	2.025890E-6	7.777727E-5	0.000000E+0	0.000000E+0	0.000000E+0
2.634897E+2	-1.187366E+4	-7.280000E-1	-1.306383E-18	6.138991E-18	-8.866664E-7	0.000000E+0	1.868016E-6	8.417858E-5	0.000000E+0	0.000000E+0	0.000000E+0
2.241416E+2	-1.115419E+4	-6.650000E-1	1.829862E+17	1.860550E+17	-7.601193E-8	0.000000E+0	1.800823E-6	8.961622E-5	0.000000E+0	0.000000E+0	0.000000E+0
1.775649E+2	-1.057690E+4	-6.010000E-1	4.410889E+17	3.940187E-18	1.217686E-6	0.000000E+0	1.586784E-6	9.451902E-5	0.000000E+0	0.000000E+0	0.000000E+0
1.560010E+2	-1.011737E+4	-5.380000E-1	-5.506723E-18	3.318154E+17	-5.252878E-7	0.000000E+0	1.523663E-6	9.881642E-5	0.000000E+0	0.000000E+0	0.000000E+0
1.278096E+2	-9.732240E+3	-4.750000E-1	-4.319920E+17	-4.172230E+17	7.960771E-7	0.000000E+0	1.349158E-6	1.027335E-4	0.000000E+0	0.000000E+0	0.000000E+0
1.118442E+2	-9.406293E+3	-4.110000E-1	6.306558E-18	-1.599031E-19	5.576076E-7	0.000000E+0	1.263907E-6	1.062968E-4	0.000000E+0	0.000000E+0	0.000000E+0
1.149822E+2	-9.121471E+3	-3.480000E-1	-2.041751E-18	-6.427516E-19	1.878972E-6	0.000000E+0	1.381758E-6	1.096140E-4	0.000000E+0	0.000000E+0	0.000000E+0
9.077490E+1	-8.865303E+3	-2.850000E-1	-2.815563E+17	1.903750E-18	-3.747173E-7	0.000000E+0	1.154870E-6	1.127875E-4	0.000000E+0	0.000000E+0	0.000000E+0
9.659692E+1	-8.635020E+3	-2.220000E-1	-1.478444E+17	2.700591E+17	9.466494E-7	0.000000E+0	1.295335E-6	1.157930E-4	0.000000E+0	0.000000E+0	0.000000E+0
7.802930E+1	-8.422348E+3	-1.580000E-1	-2.949171E+17	-4.956124E-18	1.974640E-7	0.000000E+0	1.099902E-6	1.187215E-4	0.000000E+0	0.000000E+0	0.000000E+0
8.150415E+1	-8.233578E+3	-9.500000E-2	-4.717429E+17	-4.911393E+17	4.072459E-6	0.000000E+0	1.202154E-6	1.214420E-4	0.000000E+0	0.000000E+0	0.000000E+0
7.119849E+1	-8.061259E+3	-3.200000E-2	-9.427576E-19	-9.426377E-19	1.308025E-6	0.000000E+0	1.095547E-6	1.240404E-4	0.000000E+0	0.000000E+0	0.000000E+0
9.458325E+1	-7.898422E+3	3.200000E-2	-3.093320E+17	4.406614E-18	1.069554E-6	0.000000E+0	1.515903E-6	1.265894E-4	0.000000E+0	0.000000E+0	0.000000E+0
8.720874E+1	-7.749996E+3	9.500000E-2	-4.715168E+17	-4.040397E+17	1.880206E-6	0.000000E+0	1.451784E-6	1.290160E-4	0.000000E+0	0.000000E+0	0.000000E+0
7.437061E+1	-7.609991E+3	1.580000E-1	4.697494E+17	-5.230656E+17	3.712286E-6	0.000000E+0	1.284079E-6	1.313937E-4	0.000000E+0	0.000000E+0	0.000000E+0
6.592065E+1	-7.475920E+3	2.220000E-1	-3.021231E-18	1.442034E+17	4.094727E-7	0.000000E+0	1.179393E-6	1.337524E-4	0.000000E+0	0.000000E+0	0.000000E+0
7.152002E+1	-7.352985E+3	2.850000E-1	-3.411601E-18	5.558819E-18	2.241582E-6	0.000000E+0	1.322693E-6	1.359863E-4	0.000000E+0	0.000000E+0	0.000000E+0
6.987817E+1	-7.236039E+3	3.480000E-1	4.155990E+17	-1.817843E+17	2.030778E-6	0.000000E+0	1.334441E-6	1.381843E-4	0.000000E+0	0.000000E+0	0.000000E+0
7.018823E+1	-7.124283E+3	4.110000E-1	-5.577361E+17	4.857998E-18	3.862857E-6	0.000000E+0	1.382738E-6	1.403514E-4	0.000000E+0	0.000000E+0	0.000000E+0
9.566675E+1	-7.016522E+3	4.750000E-1	-3.849816E-18	-6.874137E-18	-1.482840E-6	0.000000E+0	1.942838E-6	1.424943E-4	0.000000E+0	0.000000E+0	0.000000E+0
8.085449E+1	-6.916865E+3	5.380000E-1	4.766215E-20	4.558806E+17	1.370696E-6	0.000000E+0	1.689765E-6	1.445544E-4	0.000000E+0	0.000000E+0	0.000000E+0
8.112378E+1	-6.823296E+3	6.010000E-1	1.388541E-18	6.784126E-18	6.491791E-7	0.000000E+0	1.742201E-6	1.465360E-4	0.000000E+0	0.000000E+0	0.000000E+0
9.505420E+1	-6.734687E+3	6.650000E-1	3.266052E+17	-3.794914E-19	4.107060E-7	0.000000E+0	2.095318E-6	1.484554E-4	0.000000E+0	0.000000E+0	0.000000E+0
9.359741E+1	-6.653176E+3	7.280000E-1	-7.907392E-19	6.323277E-18	7.106173E-7	0.000000E+0	2.114072E-6	1.502744E-4	0.000000E+0	0.000000E+0	0.000000E+0
1.033982E+2	-6.578077E+3	7.910000E-1	-4.524484E+17	2.055147E+17	-1.032360E-6	0.000000E+0	2.388954E-6	1.519826E-4	0.000000E+0	0.000000E+0	0.000000E+0
9.509424E+1	-6.507843E+3	8.540000E-1	-6.904437E-18	-8.375564E+16	1.821176E-6	0.000000E+0	2.244850E-6	1.536279E-4	0.000000E+0	0.000000E+0	0.000000E+0
9.546021E+1	-6.442082E+3	9.180000E-1	2.547933E-18	-2.658042E+16	2.093449E-6	0.000000E+0	2.299718E-6	1.551952E-4	0.000000E+0	0.000000E+0	0.000000E+0
1.058696E+2	-6.384201E+3	9.810000E-1	-1.554615E+17	1.089529E+17	-6.709852E-7	0.000000E+0	2.596802E-6	1.565936E-4	0.000000E+0	0.000000E+0	0.000000E+0
1.045234E+2	-6.331423E+3	1.044000E+0	-5.196808E+17	2.162502E-18	5.246897E-6	0.000000E+0	2.606709E-6	1.578993E-4	0.000000E+0	0.000000E+0	0.000000E+0
1.030898E+2	-6.280848E+3	1.108000E+0	3.883601E+17	-5.707470E+17	1.944078E-6	0.000000E+0	2.612535E-6	1.591713E-4	0.000000E+0	0.000000E+0	0.000000E+0
1.281724E+2	-6.235416E+3	1.171000E+0	-2.820974E+17	-3.562291E+17	7.118506E-7	0.000000E+0	3.295188E-6	1.603065E-4	0.000000E+0	0.000000E+0	0.000000E+0
1.354490E+2	-6.193956E+3	1.234000E+0	7.433461E+16	-3.421229E+17	4.076101E-6	0.000000E+0	3.528840E-6	1.613705E-4	0.000000E+0	0.000000E+0	0.000000E+0
1.373787E+2	-6.156303E+3	1.297000E+0	5.229813E-18	8.421242E+16	1.311666E-6	0.000000E+0	3.622957E-6	1.623543E-4	0.000000E+0	0.000000E+0	0.000000E+0
1.390420E+2	-6.121843E+3	1.361000E+0	5.319462E+17	-2.871880E+17	2.605397E-6	0.000000E+0	3.708153E-6	1.632653E-4	0.000000E+0	0.000000E+0	0.000000E+0
1.211924E+2	-6.090720E+3	1.424000E+0	-4.035047E-18	1.659667E-18	8.624193E-7	0.000000E+0	3.265624E-6	1.641192E-4	0.000000E+0	0.000000E+0	0.000000E+0
1.146687E+2	-6.063628E+3	1.487000E+0	9.211592E+16	2.295762E-18	1.162327E-6	0.000000E+0	3.117630E-6	1.648588E-4	0.000000E+0	0.000000E+0	0.000000E+0
1.123621E+2	-6.038244E+3	1.551000E+0	4.020179E+17	1.922731E+17	3.477486E-6	0.000000E+0	3.080691E-6	1.655537E-4	0.000000E+0	0.000000E+0	0.000000E+0
1.115881E+2	-6.016451E+3	1.614000E+0	1.731139E-18	4.035830E-18	3.777401E-6	0.000000E+0	3.081681E-6	1.661538E-4	0.000000E+0	0.000000E+0	0.000000E+0
1.298916E+2	-5.997109E+3	1.677000E+0	-2.680828E+17	-5.132047E+17	1.012988E-6	0.000000E+0	3.609886E-6	1.666688E-4	0.000000E+0	0.000000E+0	0.000000E+0
1.170820E+2	-5.981348E+3	1.741000E+0	5.241939E+17	-4.155966E-18	3.838861E-6	0.000000E+0	3.271340E-6	1.671224E-4	0.000000E+0	0.000000E+0	0.000000E+0
1.181936E+2	-5.966000E+3	1.804000E+0	2.579781E+17	4.569569E-19	2.095883E-6	0.000000E+0	3.319381E-6	1.675507E-4	0.000000E+0	0.000000E+0	0.000000E+0
1.123127E+2	-5.952741E+3	1.867000E+0	2.915631E-18	5.325299E+16	3.529130E-7	0.000000E+0	3.168402E-6	1.679301E-4	0.000000E+0	0.000000E+0	0.000000E+0
1.162200E+2	-5.941438E+3	1.930000E+0	-1.980651E+17	1.958093E+16	1.163564E-6	0.000000E+0	3.291028E-6	1.682450E-4	0.000000E+0	0.000000E+0	0.000000E+0
1.373745E+2	-5.932125E+3	1.994000E+0	-2.769006E-18	5.985466E+14	-9.637006E-8	0.000000E+0	3.901689E-6	1.684833E-4	0.000000E+0	0.000000E+0	0.000000E+0
1.289932E+2	-5.924435E+3	2.057000E+0	6.327113E-19	3.793536E+17	1.735723E-6	0.000000E+0	3.673391E-6	1.687125E-4	0.000000E+0	0.000000E+0	0.000000E+0
1.394888E+2	-5.919272E+3	2.120000E+0	-2.374011E+17	1.295985E-19	-1.028689E-6	0.000000E+0	3.978887E-6	1.688459E-4	0.000000E+0	0.000000E+0	0.000000E+0
1.165999E+2	-5.915784E+3	2.184000E+0	-5.351625E-18	2.346836E+17	-2.457382E-7	0.000000E+0	3.330465E-6	1.689737E-4	0.000000E+0	0.000000E+0	0.000000E+0
1.123821E+2	-5.913432E+3	2.247000E+0	2.587907E+17	-3.980899E-18	1.075663E-6	0.000000E+0	3.212633E-6	1.690455E-4	0.000000E+0	0.000000E+0	0.000000E+0
1.116658E+2	-5.911879E+3	2.310000E+0	-3.127958E+17	-9.739208E-19	3.541209E-7	0.000000E+0	3.193848E-6	1.690906E-4	0.000000E+0	0.000000E+0	0.000000E+0
1.210811E+2	-5.911185E+3	2.373000E+0	6.653843E-18	-4.395667E+17	3.207664E-6	0.000000E+0	3.463738E-6	1.690999E-4	0.000000E+0	0.000000E+0	0.000000E+0
1.183049E+2	-5.911597E+3	2.437000E+0	-1.137863E-18	-4.190346E+17	9.263022E-7	0.000000E+0	3.383913E-6	1.690913E-4	0.000000E+0	0.000000E+0	0.000000E+0
1.107549E+2	-5.912739E+3	2.500000E+0	-9.275714E-19	-3.780148E-18	-1.838140E-6	0.000000E+0	3.166891E-6	1.690670E-4	0.000000E+0	0.000000E+0	0.000000E+0
