Real / Ohm	Ximag / Ohm	V_DC / V	I_a c / A	V_ac / V	I_DC / A
3.747852E+2	-1.929569E+4	-2.500000E+0	-3.567381E+17	-5.153844E-18	5.237118E-6	3.162278E+6	1.006232E-6	5.180550E-5	0.000000E+0	0.000000E+0	0.000000E+0
4.042949E+2	-1.844733E+4	-2.437000E+0	-1.853759E+17	6.906363E-18	2.983419E-6	0.000000E+0	1.187470E-6	5.418236E-5	0.000000E+0	0.000000E+0	0.000000E+0
4.303594E+2	-1.764184E+4	-2.373000E+0	-5.704680E+17	1.371951E+17	2.234199E-6	0.000000E+0	1.381927E-6	5.664972E-5	0.000000E+0	0.000000E+0	0.000000E+0
4.235156E+2	-1.685023E+4	-2.310000E+0	-6.627993E-18	5.176251E+17	3.555571E-6	0.000000E+0	1.490677E-6	5.930890E-5	0.000000E+0	0.000000E+0	0.000000E+0
5.993955E+2	-1.613485E+4	-2.247000E+0	2.517955E+17	3.793714E+16	2.834087E-6	0.000000E+0	2.299242E-6	6.189223E-5	0.000000E+0	0.000000E+0	0.000000E+0
9.331494E+2	-1.544506E+4	-2.184000E+0	4.508571E+17	-2.686618E+17	5.803449E-7	0.000000E+0	3.897531E-6	6.451014E-5	0.000000E+0	0.000000E+0	0.000000E+0
1.358913E+3	-1.465414E+4	-2.120000E+0	8.250878E-19	2.832976E+17	1.874098E-6	0.000000E+0	6.274113E-6	6.765829E-5	0.000000E+0	0.000000E+0	0.000000E+0
1.726512E+3	-1.373810E+4	-2.057000E+0	6.234127E-18	-3.929323E-18	2.684683E-6	0.000000E+0	9.005560E-6	7.165851E-5	0.000000E+0	0.000000E+0	0.000000E+0
1.943164E+3	-1.261976E+4	-1.994000E+0	-2.654747E-18	4.664409E-18	1.452492E-6	0.000000E+0	1.191875E-5	7.740559E-5	0.000000E+0	0.000000E+0	0.000000E+0
2.065632E+3	-1.127646E+4	-1.930000E+0	2.907620E+17	-1.496570E-18	2.746187E-6	0.000000E+0	1.571715E-5	8.580123E-5	0.000000E+0	0.000000E+0	0.000000E+0
1.889978E+3	-9.918580E+3	-1.867000E+0	-5.521899E-18	3.493290E-18	1.513923E-6	0.000000E+0	1.853824E-5	9.728844E-5	0.000000E+0	0.000000E+0	0.000000E+0
1.689362E+3	-8.586164E+3	-1.804000E+0	5.942414E-18	5.135457E+17	2.835295E-6	0.000000E+0	2.206120E-5	1.121258E-4	0.000000E+0	0.000000E+0	0.000000E+0
1.383685E+3	-7.437101E+3	-1.741000E+0	-6.504745E+16	2.369913E+17	4.667374E-6	0.000000E+0	2.417971E-5	1.299623E-4	0.000000E+0	0.000000E+0	0.000000E+0
1.083330E+3	-6.467841E+3	-1.677000E+0	8.036571E+16	-4.936752E+17	2.386019E-6	0.000000E+0	2.518987E-5	1.503919E-4	0.000000E+0	0.000000E+0	0.000000E+0
8.057344E+2	-5.728662E+3	-1.614000E+0	2.127762E-18	3.273865E+15	1.664463E-6	0.000000E+0	2.407565E-5	1.711746E-4	0.000000E+0	0.000000E+0	0.000000E+0
6.544731E+2	-5.166018E+3	-1.551000E+0	8.610784E+16	1.699868E-17	2.985835E-6	0.000000E+0	2.413598E-5	1.905149E-4	0.000000E+0	0.000000E+0	0.000000E+0
5.252920E+2	-4.722279E+3	-1.487000E+0	-3.870894E-18	-2.240669E+17	-3.169480E-7	0.000000E+0	2.326787E-5	2.091739E-4	0.000000E+0	0.000000E+0	0.000000E+0
4.398267E+2	-4.389707E+3	-1.424000E+0	2.698511E+17	2.405250E+17	2.025845E-6	0.000000E+0	2.259812E-5	2.255414E-4	0.000000E+0	0.000000E+0	0.000000E+0
3.672051E+2	-4.129186E+3	-1.361000E+0	-6.256276E-18	1.399337E+17	2.325782E-6	0.000000E+0	2.136775E-5	2.402783E-4	0.000000E+0	0.000000E+0	0.000000E+0
3.152837E+2	-3.918898E+3	-1.297000E+0	-1.016338E-18	-5.687810E-18	2.598055E-6	0.000000E+0	2.039725E-5	2.535328E-4	0.000000E+0	0.000000E+0	0.000000E+0
2.937134E+2	-3.751456E+3	-1.234000E+0	1.311717E+15	5.157902E-18	1.876535E-6	0.000000E+0	2.074293E-5	2.649391E-4	0.000000E+0	0.000000E+0	0.000000E+0
2.424209E+2	-3.611629E+3	-1.171000E+0	2.472319E-19	-1.518024E+17	3.197900E-6	0.000000E+0	1.850170E-5	2.756415E-4	0.000000E+0	0.000000E+0	0.000000E+0
2.406375E+2	-3.495128E+3	-1.108000E+0	-5.203440E-18	3.830367E-18	-5.879556E-7	0.000000E+0	1.960574E-5	2.847627E-4	0.000000E+0	0.000000E+0	0.000000E+0
2.203284E+2	-3.393446E+3	-1.044000E+0	-1.291944E-18	-5.342346E-18	1.727196E-6	0.000000E+0	1.905292E-5	2.934486E-4	0.000000E+0	0.000000E+0	0.000000E+0
1.945369E+2	-3.306323E+3	-9.810000E-1	5.232688E+17	-4.633991E+17	2.027107E-6	0.000000E+0	1.773416E-5	3.014073E-4	0.000000E+0	0.000000E+0	0.000000E+0
1.349656E+2	-3.227872E+3	-9.180000E-1	2.088264E+17	-2.556168E+17	2.841298E-7	0.000000E+0	1.293099E-5	3.092609E-4	0.000000E+0	0.000000E+0	0.000000E+0
1.723638E+2	-3.156807E+3	-8.540000E-1	-7.520591E+15	-3.386204E-18	1.577831E-6	0.000000E+0	1.724476E-5	3.158342E-4	0.000000E+0	0.000000E+0	0.000000E+0
1.439822E+2	-3.093000E+3	-7.910000E-1	-1.773302E-18	1.902529E-18	8.563111E-7	0.000000E+0	1.501789E-5	3.226116E-4	0.000000E+0	0.000000E+0	0.000000E+0
1.183953E+2	-3.035479E+3	-7.280000E-1	-4.775830E-18	6.132215E-18	1.666962E-6	0.000000E+0	1.282980E-5	3.289369E-4	0.000000E+0	0.000000E+0	0.000000E+0
1.207874E+2	-2.978197E+3	-6.650000E-1	3.887097E+16	1.860550E+17	5.031216E-6	0.000000E+0	1.359568E-5	3.352222E-4	0.000000E+0	0.000000E+0	0.000000E+0
8.047168E+1	-2.925847E+3	-6.010000E-1	4.410889E+17	3.940187E-18	-3.144851E-7	0.000000E+0	9.393154E-6	3.415230E-4	0.000000E+0	0.000000E+0	0.000000E+0
1.116968E+2	-2.877570E+3	-5.380000E-1	-5.506723E-18	4.358505E+16	2.028341E-6	0.000000E+0	1.346899E-5	3.469926E-4	0.000000E+0	0.000000E+0	0.000000E+0
1.283794E+2	-2.830782E+3	-4.750000E-1	-4.319920E+17	-4.172230E+17	1.817534E-6	0.000000E+0	1.598785E-5	3.525342E-4	0.000000E+0	0.000000E+0	0.000000E+0
1.164465E+2	-2.786769E+3	-4.110000E-1	2.837111E-18	-1.599031E-19	-9.745636E-7	0.000000E+0	1.496811E-5	3.582130E-4	0.000000E+0	0.000000E+0	0.000000E+0
1.279141E+2	-2.745561E+3	-3.480000E-1	-1.696221E+17	-6.427781E-19	3.468012E-7	0.000000E+0	1.693225E-5	3.634354E-4	0.000000E+0	0.000000E+0	0.000000E+0
7.787231E+1	-2.705653E+3	-2.850000E-1	-5.609192E+17	2.120590E-18	-8.854604E-7	0.000000E+0	1.062868E-5	3.692906E-4	0.000000E+0	0.000000E+0	0.000000E+0
6.779785E+1	-2.667299E+3	-2.220000E-1	-1.478444E+17	2.700612E+17	1.457363E-6	0.000000E+0	9.523400E-6	3.746690E-4	0.000000E+0	0.000000E+0	0.000000E+0
1.300664E+2	-2.631217E+3	-1.580000E-1	-2.971689E+17	-4.901914E-18	2.751063E-6	0.000000E+0	1.874096E-5	3.791259E-4	0.000000E+0	0.000000E+0	0.000000E+0
1.052063E+2	-2.596502E+3	-9.500000E-2	-4.717429E+17	-4.925467E+17	2.029544E-6	0.000000E+0	1.557945E-5	3.845023E-4	0.000000E+0	0.000000E+0	0.000000E+0
5.936548E+1	-2.561641E+3	-3.200000E-2	-9.427576E-19	-9.422141E-19	1.818739E-6	0.000000E+0	9.041995E-6	3.901652E-4	0.000000E+0	0.000000E+0	0.000000E+0
6.822827E+1	-2.528159E+3	3.200000E-2	-3.096135E+17	4.406614E-18	5.588402E-7	0.000000E+0	1.066693E-5	3.952569E-4	0.000000E+0	0.000000E+0	0.000000E+0
6.609497E+1	-2.496384E+3	9.500000E-2	-4.715168E+17	-5.436513E+17	3.412377E-6	0.000000E+0	1.059842E-5	4.002988E-4	0.000000E+0	0.000000E+0	0.000000E+0
9.571899E+1	-2.466095E+3	1.580000E-1	-1.067025E+17	-4.510080E+17	2.690829E-6	0.000000E+0	1.571537E-5	4.048894E-4	0.000000E+0	0.000000E+0	0.000000E+0
1.050542E+2	-2.435432E+3	2.220000E-1	-3.021231E-18	1.453293E+17	-1.012413E-7	0.000000E+0	1.767885E-5	4.098422E-4	0.000000E+0	0.000000E+0	0.000000E+0
9.616919E+1	-2.406726E+3	2.850000E-1	-3.194767E-18	5.558819E-18	1.220125E-6	0.000000E+0	1.657638E-5	4.148399E-4	0.000000E+0	0.000000E+0	0.000000E+0
1.084978E+2	-2.379621E+3	3.480000E-1	4.155990E+17	-1.823473E+17	-5.228503E-7	0.000000E+0	1.912068E-5	4.193632E-4	0.000000E+0	0.000000E+0	0.000000E+0
8.821899E+1	-2.353652E+3	4.110000E-1	-4.316353E+17	4.857998E-18	1.819972E-6	0.000000E+0	1.590259E-5	4.242756E-4	0.000000E+0	0.000000E+0	0.000000E+0
8.322046E+1	-2.327869E+3	4.750000E-1	-3.851510E-18	-6.447272E-18	-9.721261E-7	0.000000E+0	1.533763E-5	4.290291E-4	0.000000E+0	0.000000E+0	0.000000E+0
1.116196E+2	-2.305135E+3	5.380000E-1	4.766215E-20	4.558806E+17	1.881410E-6	0.000000E+0	2.095707E-5	4.327993E-4	0.000000E+0	0.000000E+0	0.000000E+0
9.766895E+1	-2.283208E+3	6.010000E-1	1.388541E-18	6.784133E-18	6.491791E-7	0.000000E+0	1.870129E-5	4.371803E-4	0.000000E+0	0.000000E+0	0.000000E+0
7.369604E+1	-2.262712E+3	6.650000E-1	4.752240E+17	-1.630679E-19	1.432134E-6	0.000000E+0	1.437888E-5	4.414792E-4	0.000000E+0	0.000000E+0	0.000000E+0
9.061401E+1	-2.243904E+3	7.280000E-1	-7.966684E-19	6.323277E-18	1.221331E-6	0.000000E+0	1.796715E-5	4.449263E-4	0.000000E+0	0.000000E+0	0.000000E+0
7.423975E+1	-2.226163E+3	7.910000E-1	-4.344318E+17	2.055147E+17	3.564153E-6	0.000000E+0	1.496373E-5	4.487044E-4	0.000000E+0	0.000000E+0	0.000000E+0
1.034849E+2	-2.210104E+3	8.540000E-1	-6.904437E-18	-8.375564E+16	2.331919E-6	0.000000E+0	2.113978E-5	4.514776E-4	0.000000E+0	0.000000E+0	0.000000E+0
7.065161E+1	-2.193947E+3	9.180000E-1	2.547940E-18	-3.572836E+16	1.582706E-6	0.000000E+0	1.466289E-5	4.553273E-4	0.000000E+0	0.000000E+0	0.000000E+0
1.230374E+2	-2.181069E+3	9.810000E-1	-1.554615E+17	1.089551E+17	2.393357E-6	0.000000E+0	2.578211E-5	4.570364E-4	0.000000E+0	0.000000E+0	0.000000E+0
1.056174E+2	-2.167310E+3	1.044000E+0	-5.196819E+17	1.790907E+17	1.161097E-6	0.000000E+0	2.243176E-5	4.603083E-4	0.000000E+0	0.000000E+0	0.000000E+0
1.209634E+2	-2.155317E+3	1.108000E+0	3.883601E+17	-5.707470E+17	6.029877E-6	0.000000E+0	2.595768E-5	4.625120E-4	0.000000E+0	0.000000E+0	0.000000E+0
1.146648E+2	-2.143750E+3	1.171000E+0	-2.820974E+17	-3.573572E+17	-8.203206E-7	0.000000E+0	2.487947E-5	4.651416E-4	0.000000E+0	0.000000E+0	0.000000E+0
1.135161E+2	-2.133994E+3	1.234000E+0	7.433461E+16	-3.421240E+17	1.011758E-6	0.000000E+0	2.485673E-5	4.672826E-4	0.000000E+0	0.000000E+0	0.000000E+0
1.019294E+2	-2.124496E+3	1.297000E+0	5.229813E-18	-4.922483E+17	-7.312192E-7	0.000000E+0	2.253145E-5	4.696189E-4	0.000000E+0	0.000000E+0	0.000000E+0
7.113940E+1	-2.115583E+3	1.361000E+0	5.364476E+17	-2.872230E+17	2.094654E-6	0.000000E+0	1.587666E-5	4.721491E-4	0.000000E+0	0.000000E+0	0.000000E+0
8.212671E+1	-2.108085E+3	1.424000E+0	-1.432962E-18	1.659667E-18	8.624193E-7	0.000000E+0	1.845226E-5	4.736453E-4	0.000000E+0	0.000000E+0	0.000000E+0
8.115234E+1	-2.101500E+3	1.487000E+0	9.169370E+16	2.296609E-18	-1.902015E-6	0.000000E+0	1.834827E-5	4.751420E-4	0.000000E+0	0.000000E+0	0.000000E+0
8.992065E+1	-2.094444E+3	1.551000E+0	4.020179E+17	1.945249E+17	-2.651199E-6	0.000000E+0	2.046078E-5	4.765752E-4	0.000000E+0	0.000000E+0	0.000000E+0
8.243726E+1	-2.088585E+3	1.614000E+0	1.297458E-18	4.035830E-18	1.223772E-6	0.000000E+0	1.886875E-5	4.780483E-4	0.000000E+0	0.000000E+0	0.000000E+0
1.190452E+2	-2.085008E+3	1.677000E+0	-2.680827E+17	-5.492346E+17	2.545159E-6	0.000000E+0	2.729499E-5	4.780560E-4	0.000000E+0	0.000000E+0	0.000000E+0
1.249233E+2	-2.081249E+3	1.741000E+0	5.241939E+17	-4.156391E-18	1.795946E-6	0.000000E+0	2.873648E-5	4.787559E-4	0.000000E+0	0.000000E+0	0.000000E+0
1.222588E+2	-2.077698E+3	1.804000E+0	2.579781E+17	4.569569E-19	-4.577450E-7	0.000000E+0	2.822371E-5	4.796411E-4	0.000000E+0	0.000000E+0	0.000000E+0
1.283501E+2	-2.074581E+3	1.867000E+0	2.915631E-18	4.874939E+16	3.529130E-7	0.000000E+0	2.970820E-5	4.801871E-4	0.000000E+0	0.000000E+0	0.000000E+0
1.135562E+2	-2.072408E+3	1.930000E+0	-1.980651E+17	1.958093E+16	-8.793504E-7	0.000000E+0	2.636079E-5	4.810860E-4	0.000000E+0	0.000000E+0	0.000000E+0
1.074280E+2	-2.069817E+3	1.994000E+0	-2.714796E-18	3.559669E+13	-1.628541E-6	0.000000E+0	2.500836E-5	4.818365E-4	0.000000E+0	0.000000E+0	0.000000E+0
7.238696E+1	-2.067063E+3	2.057000E+0	5.785012E-19	5.234687E+17	2.757180E-6	0.000000E+0	1.692079E-5	4.831856E-4	0.000000E+0	0.000000E+0	0.000000E+0
8.525757E+1	-2.065446E+3	2.120000E+0	-2.375065E+17	1.295985E-19	2.546367E-6	0.000000E+0	1.995106E-5	4.833334E-4	0.000000E+0	0.000000E+0	0.000000E+0
8.209570E+1	-2.064196E+3	2.184000E+0	-5.351627E-18	2.391872E+17	-1.777909E-6	0.000000E+0	1.923677E-5	4.836850E-4	0.000000E+0	0.000000E+0	0.000000E+0
1.274387E+2	-2.063136E+3	2.247000E+0	2.587907E+17	2.524315E-18	5.649199E-7	0.000000E+0	2.982578E-5	4.828567E-4	0.000000E+0	0.000000E+0	0.000000E+0
9.903906E+1	-2.060977E+3	2.310000E+0	-3.127958E+17	-9.739274E-19	3.541209E-7	0.000000E+0	2.326261E-5	4.840889E-4	0.000000E+0	0.000000E+0	0.000000E+0
1.213997E+2	-2.060629E+3	2.373000E+0	6.653737E-18	-4.395315E+17	-3.673922E-7	0.000000E+0	2.849136E-5	4.836102E-4	0.000000E+0	0.000000E+0	0.000000E+0
9.192187E+1	-2.059142E+3	2.437000E+0	-1.137863E-18	-4.190346E+17	-1.116583E-6	0.000000E+0	2.163623E-5	4.846733E-4	0.000000E+0	0.000000E+0	0.000000E+0
1.202356E+2	-2.057616E+3	2.500000E+0	-9.275714E-19	-3.780149E-18	4.801288E-6	0.000000E+0	2.830245E-5	4.843455E-4	0.000000E+0	0.000000E+0	0.000000E+0
