Real / Ohm	Ximag / Ohm	V_DC / V	I_a c / A	V_ac / V	I_DC / A
1.890719E+3	-3.337093E+4	-2.500000E+0	-3.567381E+17	-4.283094E-18	6.405753E-7	3.162278E+6	1.692382E-6	2.987031E-5	0.000000E+0	0.000000E+0	0.000000E+0
1.933285E+3	-3.187405E+4	-2.437000E+0	-4.691027E+17	6.689522E-18	2.983419E-6	0.000000E+0	1.895949E-6	3.125849E-5	0.000000E+0	0.000000E+0	0.000000E+0
1.922742E+3	-3.090002E+4	-2.373000E+0	-5.704680E+17	1.371951E+17	-3.194291E-7	0.000000E+0	2.005974E-6	3.223762E-5	0.000000E+0	0.000000E+0	0.000000E+0
1.943531E+3	-3.013578E+4	-2.310000E+0	-6.627991E-18	5.176248E+17	2.023429E-6	0.000000E+0	2.131199E-6	3.304570E-5	0.000000E+0	0.000000E+0	0.000000E+0
1.948289E+3	-2.972239E+4	-2.247000E+0	2.517955E+17	3.793721E+16	1.812601E-6	0.000000E+0	2.195957E-6	3.350073E-5	0.000000E+0	0.000000E+0	0.000000E+0
1.955580E+3	-2.954320E+4	-2.184000E+0	4.508571E+17	-2.686618E+17	1.601831E-6	0.000000E+0	2.230806E-6	3.370107E-5	0.000000E+0	0.000000E+0	0.000000E+0
1.952000E+3	-2.928191E+4	-2.120000E+0	8.250878E-19	2.835790E+17	8.526113E-7	0.000000E+0	2.266498E-6	3.399969E-5	0.000000E+0	0.000000E+0	0.000000E+0
1.929113E+3	-2.900243E+4	-2.057000E+0	6.234127E-18	-3.929322E-18	2.173969E-6	0.000000E+0	2.283346E-6	3.432799E-5	0.000000E+0	0.000000E+0	0.000000E+0
1.953865E+3	-2.856952E+4	-1.994000E+0	-2.654959E-18	4.664198E-18	4.310059E-7	0.000000E+0	2.382660E-6	3.483939E-5	0.000000E+0	0.000000E+0	0.000000E+0
1.932248E+3	-2.800273E+4	-1.930000E+0	2.907620E+17	-1.496570E-18	2.746187E-6	0.000000E+0	2.452445E-6	3.554158E-5	0.000000E+0	0.000000E+0	0.000000E+0
1.962744E+3	-2.733434E+4	-1.867000E+0	-2.052875E-18	3.493290E-18	1.513923E-6	0.000000E+0	2.613443E-6	3.639636E-5	0.000000E+0	0.000000E+0	0.000000E+0
1.927844E+3	-2.658410E+4	-1.804000E+0	5.725574E-18	5.135446E+17	-2.782675E-6	0.000000E+0	2.713626E-6	3.741968E-5	0.000000E+0	0.000000E+0	0.000000E+0
1.968795E+3	-2.563087E+4	-1.741000E+0	-6.504745E+16	2.369919E+17	1.603032E-6	0.000000E+0	2.979332E-6	3.878660E-5	0.000000E+0	0.000000E+0	0.000000E+0
1.994543E+3	-2.453815E+4	-1.677000E+0	-4.960950E+17	9.965210E-19	3.431051E-7	0.000000E+0	3.290787E-6	4.048538E-5	0.000000E+0	0.000000E+0	0.000000E+0
2.050613E+3	-2.334045E+4	-1.614000E+0	2.127762E-18	9.311133E+1	6.430346E-7	0.000000E+0	3.735304E-6	4.251590E-5	0.000000E+0	0.000000E+0	0.000000E+0
2.076869E+3	-2.198501E+4	-1.551000E+0	8.610729E+16	4.249670E-18	2.985835E-6	0.000000E+0	4.258898E-6	4.508321E-5	0.000000E+0	0.000000E+0	0.000000E+0
2.104861E+3	-2.042451E+4	-1.487000E+0	-3.870907E-18	-2.240669E+17	7.044800E-7	0.000000E+0	4.992661E-6	4.844626E-5	0.000000E+0	0.000000E+0	0.000000E+0
2.105213E+3	-1.901433E+4	-1.424000E+0	2.698511E+17	-3.360764E+17	-5.277834E-7	0.000000E+0	5.752315E-6	5.195503E-5	0.000000E+0	0.000000E+0	0.000000E+0
1.969449E+3	-1.773697E+4	-1.361000E+0	-6.256276E-18	1.218838E+17	1.304354E-6	0.000000E+0	6.183924E-6	5.569277E-5	0.000000E+0	0.000000E+0	0.000000E+0
1.671809E+3	-1.676716E+4	-1.297000E+0	-1.006173E-18	-5.687810E-18	-4.662870E-7	0.000000E+0	5.888049E-6	5.905331E-5	0.000000E+0	0.000000E+0	0.000000E+0
1.324375E+3	-1.598146E+4	-1.234000E+0	1.311717E+15	5.049482E-18	-6.771224E-7	0.000000E+0	5.149983E-6	6.214573E-5	0.000000E+0	0.000000E+0	0.000000E+0
9.761191E+2	-1.489038E+4	-1.171000E+0	3.716679E-18	4.245176E+17	2.176472E-6	0.000000E+0	4.383580E-6	6.687009E-5	0.000000E+0	0.000000E+0	0.000000E+0
6.930576E+2	-1.302268E+4	-1.108000E+0	-5.203440E-18	3.830367E-18	9.442156E-7	0.000000E+0	4.075119E-6	7.657223E-5	0.000000E+0	0.000000E+0	0.000000E+0
5.122910E+2	-1.049681E+4	-1.044000E+0	-1.183523E-18	-5.342346E-18	-3.157184E-7	0.000000E+0	4.638407E-6	9.504066E-5	0.000000E+0	0.000000E+0	0.000000E+0
3.771040E+2	-8.201609E+3	-9.810000E-1	-5.319197E+16	-3.192840E+17	1.005650E-6	0.000000E+0	5.594301E-6	1.216701E-4	0.000000E+0	0.000000E+0	0.000000E+0
2.811299E+2	-6.465569E+3	-9.180000E-1	2.088264E+17	-2.195880E+17	2.327015E-6	0.000000E+0	6.712329E-6	1.543736E-4	0.000000E+0	0.000000E+0	0.000000E+0
2.153442E+2	-5.299350E+3	-8.540000E-1	-7.957818E+16	-3.372652E-18	2.088575E-6	0.000000E+0	7.655462E-6	1.883913E-4	0.000000E+0	0.000000E+0	0.000000E+0
1.500669E+2	-4.588418E+3	-7.910000E-1	-1.773302E-18	1.794108E-18	3.920653E-6	0.000000E+0	7.120241E-6	2.177072E-4	0.000000E+0	0.000000E+0	0.000000E+0
1.268074E+2	-4.116281E+3	-7.280000E-1	-1.306383E-18	6.138991E-18	1.156219E-6	0.000000E+0	7.476918E-6	2.427074E-4	0.000000E+0	0.000000E+0	0.000000E+0
1.004534E+2	-3.789362E+3	-6.650000E-1	1.829862E+17	1.860550E+17	4.009788E-6	0.000000E+0	6.990808E-6	2.637113E-4	0.000000E+0	0.000000E+0	0.000000E+0
1.102317E+2	-3.545278E+3	-6.010000E-1	4.410889E+17	3.940187E-18	2.749857E-6	0.000000E+0	8.761657E-6	2.817929E-4	0.000000E+0	0.000000E+0	0.000000E+0
9.951709E+1	-3.362038E+3	-5.380000E-1	-5.506723E-18	3.318154E+17	1.517597E-6	0.000000E+0	8.796544E-6	2.971783E-4	0.000000E+0	0.000000E+0	0.000000E+0
8.320288E+1	-3.218018E+3	-4.750000E-1	-4.319920E+17	-4.172230E+17	-7.360941E-7	0.000000E+0	8.029180E-6	3.105427E-4	0.000000E+0	0.000000E+0	0.000000E+0
5.892407E+1	-3.091321E+3	-4.110000E-1	6.306558E-18	-1.599031E-19	1.068322E-6	0.000000E+0	6.163775E-6	3.233688E-4	0.000000E+0	0.000000E+0	0.000000E+0
7.948242E+1	-2.987304E+3	-3.480000E-1	-2.041751E-18	-6.427516E-19	8.575153E-7	0.000000E+0	8.900305E-6	3.345132E-4	0.000000E+0	0.000000E+0	0.000000E+0
7.730273E+1	-2.893895E+3	-2.850000E-1	-2.815563E+17	1.903750E-18	4.221796E-6	0.000000E+0	9.224005E-6	3.453086E-4	0.000000E+0	0.000000E+0	0.000000E+0
7.422803E+1	-2.812649E+3	-2.220000E-1	-1.478444E+17	2.700591E+17	-2.117693E-6	0.000000E+0	9.376365E-6	3.552893E-4	0.000000E+0	0.000000E+0	0.000000E+0
7.128418E+1	-2.739525E+3	-1.580000E-1	-2.949171E+17	-4.956124E-18	1.218892E-6	0.000000E+0	9.491802E-6	3.647798E-4	0.000000E+0	0.000000E+0	0.000000E+0
5.952148E+1	-2.675080E+3	-9.500000E-2	-4.717429E+17	-4.911393E+17	-2.566970E-6	0.000000E+0	8.313525E-6	3.736356E-4	0.000000E+0	0.000000E+0	0.000000E+0
4.479004E+1	-2.616586E+3	-3.200000E-2	-9.427576E-19	-9.426377E-19	3.350910E-6	0.000000E+0	6.540097E-6	3.820654E-4	0.000000E+0	0.000000E+0	0.000000E+0
5.109741E+1	-2.561281E+3	3.200000E-2	-3.093320E+17	4.406614E-18	-4.626170E-7	0.000000E+0	7.785950E-6	3.902743E-4	0.000000E+0	0.000000E+0	0.000000E+0
5.199585E+1	-2.512022E+3	9.500000E-2	-4.715168E+17	-4.040397E+17	8.587490E-7	0.000000E+0	8.236369E-6	3.979152E-4	0.000000E+0	0.000000E+0	0.000000E+0
6.038037E+1	-2.466405E+3	1.580000E-1	4.697494E+17	-5.230656E+17	4.223029E-6	0.000000E+0	9.919888E-6	4.052056E-4	0.000000E+0	0.000000E+0	0.000000E+0
6.097217E+1	-2.423125E+3	2.220000E-1	-3.021231E-18	1.442034E+17	1.941644E-6	0.000000E+0	1.037780E-5	4.124291E-4	0.000000E+0	0.000000E+0	0.000000E+0
3.694312E+1	-2.382099E+3	2.850000E-1	-3.411601E-18	5.558819E-18	-3.120458E-7	0.000000E+0	6.508929E-6	4.196969E-4	0.000000E+0	0.000000E+0	0.000000E+0
6.340015E+1	-2.344510E+3	3.480000E-1	4.155990E+17	-1.817843E+17	2.541492E-6	0.000000E+0	1.152574E-5	4.262167E-4	0.000000E+0	0.000000E+0	0.000000E+0
6.330859E+1	-2.308389E+3	4.110000E-1	-5.577361E+17	4.857998E-18	1.309229E-6	0.000000E+0	1.187184E-5	4.328770E-4	0.000000E+0	0.000000E+0	0.000000E+0
6.426050E+1	-2.274006E+3	4.750000E-1	-3.849816E-18	-6.874137E-18	3.113673E-6	0.000000E+0	1.241693E-5	4.394017E-4	0.000000E+0	0.000000E+0	0.000000E+0
6.423926E+1	-2.242115E+3	5.380000E-1	4.766215E-20	4.558806E+17	8.599818E-7	0.000000E+0	1.276816E-5	4.456416E-4	0.000000E+0	0.000000E+0	0.000000E+0
6.522046E+1	-2.212568E+3	6.010000E-1	1.388541E-18	6.784126E-18	3.713521E-6	0.000000E+0	1.331108E-5	4.515711E-4	0.000000E+0	0.000000E+0	0.000000E+0
5.043555E+1	-2.184340E+3	6.650000E-1	3.266052E+17	-3.794914E-19	1.432134E-6	0.000000E+0	1.056489E-5	4.575602E-4	0.000000E+0	0.000000E+0	0.000000E+0
5.280664E+1	-2.158185E+3	7.280000E-1	-7.907392E-19	6.323277E-18	2.753502E-6	0.000000E+0	1.133056E-5	4.630751E-4	0.000000E+0	0.000000E+0	0.000000E+0
6.714722E+1	-2.133729E+3	7.910000E-1	-4.524484E+17	2.055147E+17	4.998110E-7	0.000000E+0	1.473397E-5	4.681994E-4	0.000000E+0	0.000000E+0	0.000000E+0
6.881641E+1	-2.111370E+3	8.540000E-1	-6.904437E-18	-8.375564E+16	7.997478E-7	0.000000E+0	1.542063E-5	4.731235E-4	0.000000E+0	0.000000E+0	0.000000E+0
6.382324E+1	-2.090223E+3	9.180000E-1	2.547933E-18	-2.658042E+16	1.582706E-6	0.000000E+0	1.459449E-5	4.779722E-4	0.000000E+0	0.000000E+0	0.000000E+0
4.457117E+1	-2.069956E+3	9.810000E-1	-1.554615E+17	1.089529E+17	-6.709852E-7	0.000000E+0	1.039754E-5	4.828782E-4	0.000000E+0	0.000000E+0	0.000000E+0
7.277612E+1	-2.052338E+3	1.044000E+0	-5.196808E+17	2.162502E-18	1.396693E-7	0.000000E+0	1.725621E-5	4.866373E-4	0.000000E+0	0.000000E+0	0.000000E+0
4.556738E+1	-2.034331E+3	1.108000E+0	3.883601E+17	-5.707470E+17	2.454821E-6	0.000000E+0	1.100507E-5	4.913156E-4	0.000000E+0	0.000000E+0	0.000000E+0
7.278162E+1	-2.019297E+3	1.171000E+0	-2.820974E+17	-3.562291E+17	7.118506E-7	0.000000E+0	1.782615E-5	4.945793E-4	0.000000E+0	0.000000E+0	0.000000E+0
4.946960E+1	-2.005381E+3	1.234000E+0	7.433461E+16	-3.421229E+17	-5.204129E-7	0.000000E+0	1.229364E-5	4.983551E-4	0.000000E+0	0.000000E+0	0.000000E+0
7.371704E+1	-1.992372E+3	1.297000E+0	5.229813E-18	8.421242E+16	8.009520E-7	0.000000E+0	1.854526E-5	5.012281E-4	0.000000E+0	0.000000E+0	0.000000E+0
4.887024E+1	-1.980548E+3	1.361000E+0	5.319462E+17	-2.871880E+17	1.073196E-6	0.000000E+0	1.245115E-5	5.046035E-4	0.000000E+0	0.000000E+0	0.000000E+0
6.190393E+1	-1.970113E+3	1.424000E+0	-4.035047E-18	1.659667E-18	2.394590E-6	0.000000E+0	1.593336E-5	5.070844E-4	0.000000E+0	0.000000E+0	0.000000E+0
7.446240E+1	-1.960333E+3	1.487000E+0	9.211592E+16	2.295762E-18	1.408698E-7	0.000000E+0	1.934867E-5	5.093825E-4	0.000000E+0	0.000000E+0	0.000000E+0
7.439832E+1	-1.952076E+3	1.551000E+0	4.020179E+17	1.922731E+17	4.131434E-7	0.000000E+0	1.949572E-5	5.115321E-4	0.000000E+0	0.000000E+0	0.000000E+0
6.500549E+1	-1.945251E+3	1.614000E+0	1.731139E-18	4.035830E-18	7.130584E-7	0.000000E+0	1.715987E-5	5.134990E-4	0.000000E+0	0.000000E+0	0.000000E+0
4.847046E+1	-1.937675E+3	1.677000E+0	-2.680828E+17	-5.132047E+17	-8.469215E-9	0.000000E+0	1.290160E-5	5.157597E-4	0.000000E+0	0.000000E+0	0.000000E+0
7.630603E+1	-1.932645E+3	1.741000E+0	5.241939E+17	-4.155966E-18	2.817404E-6	0.000000E+0	2.039756E-5	5.166203E-4	0.000000E+0	0.000000E+0	0.000000E+0
7.546680E+1	-1.926961E+3	1.804000E+0	2.579781E+17	4.569569E-19	2.095883E-6	0.000000E+0	2.029292E-5	5.181571E-4	0.000000E+0	0.000000E+0	0.000000E+0
7.527539E+1	-1.922702E+3	1.867000E+0	2.915631E-18	5.325299E+16	-1.578301E-7	0.000000E+0	2.033124E-5	5.193054E-4	0.000000E+0	0.000000E+0	0.000000E+0
7.567969E+1	-1.918917E+3	1.930000E+0	-1.980651E+17	1.958093E+16	1.674278E-6	0.000000E+0	2.052069E-5	5.203180E-4	0.000000E+0	0.000000E+0	0.000000E+0
7.585449E+1	-1.915666E+3	1.994000E+0	-2.769006E-18	5.985466E+14	4.143440E-7	0.000000E+0	2.063770E-5	5.211945E-4	0.000000E+0	0.000000E+0	0.000000E+0
5.658545E+1	-1.913142E+3	2.057000E+0	6.327113E-19	3.793536E+17	1.735723E-6	0.000000E+0	1.544652E-5	5.222435E-4	0.000000E+0	0.000000E+0	0.000000E+0
7.472327E+1	-1.911293E+3	2.120000E+0	-2.374011E+17	1.295985E-19	2.035653E-6	0.000000E+0	2.042387E-5	5.224075E-4	0.000000E+0	0.000000E+0	0.000000E+0
7.515234E+1	-1.910024E+3	2.184000E+0	-5.351625E-18	2.346836E+17	7.757189E-7	0.000000E+0	2.056805E-5	5.227444E-4	0.000000E+0	0.000000E+0	0.000000E+0
7.809277E+1	-1.908479E+3	2.247000E+0	2.587907E+17	-3.980899E-18	3.118548E-6	0.000000E+0	2.140472E-5	5.231016E-4	0.000000E+0	0.000000E+0	0.000000E+0
5.505701E+1	-1.908149E+3	2.310000E+0	-3.127958E+17	-9.739208E-19	3.929206E-6	0.000000E+0	1.510868E-5	5.236321E-4	0.000000E+0	0.000000E+0	0.000000E+0
4.954199E+1	-1.906793E+3	2.373000E+0	6.653843E-18	-4.395667E+17	4.739864E-6	0.000000E+0	1.361674E-5	5.240870E-4	0.000000E+0	0.000000E+0	0.000000E+0
7.589270E+1	-1.906144E+3	2.437000E+0	-1.137863E-18	-4.190346E+17	2.969216E-6	0.000000E+0	2.085454E-5	5.237890E-4	0.000000E+0	0.000000E+0	0.000000E+0
7.526453E+1	-1.905148E+3	2.500000E+0	-9.275714E-19	-3.780148E-18	-3.059686E-7	0.000000E+0	2.070407E-5	5.240757E-4	0.000000E+0	0.000000E+0	0.000000E+0
