Real / Ohm	Ximag / Ohm	V_DC / V	I_a c / A	V_ac / V	I_DC / A
1.923773E+3	-3.568337E+4	-2.500000E+0	-3.567381E+17	-5.153844E-18	1.151348E-6	3.162278E+6	1.506474E-6	2.794304E-5	0.000000E+0	0.000000E+0	0.000000E+0
1.924055E+3	-3.407700E+4	-2.437000E+0	-1.853759E+17	6.906363E-18	1.961933E-6	0.000000E+0	1.651629E-6	2.925205E-5	0.000000E+0	0.000000E+0	0.000000E+0
1.962473E+3	-3.241565E+4	-2.373000E+0	-5.704680E+17	1.371951E+17	3.255685E-6	0.000000E+0	1.860824E-6	3.073664E-5	0.000000E+0	0.000000E+0	0.000000E+0
1.906215E+3	-3.092778E+4	-2.310000E+0	-6.627993E-18	5.176251E+17	4.066285E-6	0.000000E+0	1.985307E-6	3.221103E-5	0.000000E+0	0.000000E+0	0.000000E+0
1.931645E+3	-2.973146E+4	-2.247000E+0	2.517955E+17	3.793714E+16	4.366229E-6	0.000000E+0	2.176033E-6	3.349303E-5	0.000000E+0	0.000000E+0	0.000000E+0
1.972303E+3	-2.909891E+4	-2.184000E+0	4.508571E+17	-2.686618E+17	5.803449E-7	0.000000E+0	2.318620E-6	3.420839E-5	0.000000E+0	0.000000E+0	0.000000E+0
1.982727E+3	-2.841301E+4	-2.120000E+0	8.250878E-19	2.832976E+17	1.363325E-6	0.000000E+0	2.444099E-6	3.502459E-5	0.000000E+0	0.000000E+0	0.000000E+0
1.988361E+3	-2.770672E+4	-2.057000E+0	6.234127E-18	-3.929323E-18	1.152541E-6	0.000000E+0	2.576879E-6	3.590740E-5	0.000000E+0	0.000000E+0	0.000000E+0
1.993480E+3	-2.690362E+4	-1.994000E+0	-2.654747E-18	4.664409E-18	3.495348E-6	0.000000E+0	2.739129E-6	3.696676E-5	0.000000E+0	0.000000E+0	0.000000E+0
1.994582E+3	-2.592627E+4	-1.930000E+0	2.907620E+17	-1.496570E-18	2.746187E-6	0.000000E+0	2.949911E-6	3.834397E-5	0.000000E+0	0.000000E+0	0.000000E+0
2.021248E+3	-2.493199E+4	-1.867000E+0	-5.521899E-18	3.493290E-18	-5.289912E-7	0.000000E+0	3.230433E-6	3.984722E-5	0.000000E+0	0.000000E+0	0.000000E+0
2.042684E+3	-2.376372E+4	-1.804000E+0	5.942414E-18	5.135457E+17	3.856723E-6	0.000000E+0	3.590668E-6	4.177231E-5	0.000000E+0	0.000000E+0	0.000000E+0
2.063436E+3	-2.242620E+4	-1.741000E+0	-6.504745E+16	2.369913E+17	2.113746E-6	0.000000E+0	4.068351E-6	4.421637E-5	0.000000E+0	0.000000E+0	0.000000E+0
2.104896E+3	-2.090972E+4	-1.677000E+0	8.036571E+16	-4.936752E+17	2.896733E-6	0.000000E+0	4.766015E-6	4.734487E-5	0.000000E+0	0.000000E+0	0.000000E+0
2.115984E+3	-1.951647E+4	-1.614000E+0	2.127762E-18	3.273865E+15	-3.783935E-7	0.000000E+0	5.490786E-6	5.064346E-5	0.000000E+0	0.000000E+0	0.000000E+0
2.049271E+3	-1.820155E+4	-1.551000E+0	8.610784E+16	1.699868E-17	1.964407E-6	0.000000E+0	6.108184E-6	5.425267E-5	0.000000E+0	0.000000E+0	0.000000E+0
1.850330E+3	-1.721196E+4	-1.487000E+0	-3.870894E-18	-2.240669E+17	-3.169480E-7	0.000000E+0	6.174450E-6	5.743537E-5	0.000000E+0	0.000000E+0	0.000000E+0
1.608650E+3	-1.644045E+4	-1.424000E+0	2.698511E+17	2.405250E+17	1.004417E-6	0.000000E+0	5.895165E-6	6.024876E-5	0.000000E+0	0.000000E+0	0.000000E+0
1.355592E+3	-1.563405E+4	-1.361000E+0	-6.256276E-18	1.399337E+17	2.836496E-6	0.000000E+0	5.504693E-6	6.348565E-5	0.000000E+0	0.000000E+0	0.000000E+0
1.128368E+3	-1.445940E+4	-1.297000E+0	-1.016338E-18	-5.687810E-18	3.619512E-6	0.000000E+0	5.364305E-6	6.874055E-5	0.000000E+0	0.000000E+0	0.000000E+0
1.011407E+3	-1.278351E+4	-1.234000E+0	1.311717E+15	5.157902E-18	1.876535E-6	0.000000E+0	6.150574E-6	7.773916E-5	0.000000E+0	0.000000E+0	0.000000E+0
8.920537E+2	-1.076861E+4	-1.171000E+0	2.472319E-19	-1.518024E+17	-1.398614E-6	0.000000E+0	7.640146E-6	9.222960E-5	0.000000E+0	0.000000E+0	0.000000E+0
7.663330E+2	-8.757996E+3	-1.108000E+0	-5.203440E-18	3.830367E-18	1.965673E-6	0.000000E+0	9.915065E-6	1.133138E-4	0.000000E+0	0.000000E+0	0.000000E+0
6.269243E+2	-7.047550E+3	-1.044000E+0	-1.291944E-18	-5.342346E-18	2.748624E-6	0.000000E+0	1.252321E-5	1.407793E-4	0.000000E+0	0.000000E+0	0.000000E+0
5.416860E+2	-5.839602E+3	-9.810000E-1	5.232688E+17	-4.633991E+17	2.027107E-6	0.000000E+0	1.574926E-5	1.697836E-4	0.000000E+0	0.000000E+0	0.000000E+0
4.481860E+2	-4.958001E+3	-9.180000E-1	2.088264E+17	-2.556168E+17	7.948438E-7	0.000000E+0	1.808467E-5	2.000594E-4	0.000000E+0	0.000000E+0	0.000000E+0
3.817661E+2	-4.320350E+3	-8.540000E-1	-7.520591E+15	-3.386204E-18	1.577831E-6	0.000000E+0	2.029465E-5	2.296694E-4	0.000000E+0	0.000000E+0	0.000000E+0
3.290566E+2	-3.884045E+3	-7.910000E-1	-1.773302E-18	1.902529E-18	2.388482E-6	0.000000E+0	2.165689E-5	2.556288E-4	0.000000E+0	0.000000E+0	0.000000E+0
2.915579E+2	-3.564499E+3	-7.280000E-1	-4.775830E-18	6.132215E-18	-3.759524E-7	0.000000E+0	2.279460E-5	2.786799E-4	0.000000E+0	0.000000E+0	0.000000E+0
2.612600E+2	-3.323535E+3	-6.650000E-1	3.887097E+16	1.860550E+17	4.347021E-7	0.000000E+0	2.350699E-5	2.990366E-4	0.000000E+0	0.000000E+0	0.000000E+0
2.284285E+2	-3.132654E+3	-6.010000E-1	4.410889E+17	3.940187E-18	-1.335942E-6	0.000000E+0	2.315380E-5	3.175298E-4	0.000000E+0	0.000000E+0	0.000000E+0
2.168311E+2	-2.984172E+3	-5.380000E-1	-5.506723E-18	4.358505E+16	1.006883E-6	0.000000E+0	2.422072E-5	3.333414E-4	0.000000E+0	0.000000E+0	0.000000E+0
2.013516E+2	-2.855797E+3	-4.750000E-1	-4.319920E+17	-4.172230E+17	2.328248E-6	0.000000E+0	2.456670E-5	3.484328E-4	0.000000E+0	0.000000E+0	0.000000E+0
1.875977E+2	-2.744745E+3	-4.110000E-1	2.837111E-18	-1.599031E-19	2.089779E-6	0.000000E+0	2.478560E-5	3.626385E-4	0.000000E+0	0.000000E+0	0.000000E+0
1.687480E+2	-2.649700E+3	-3.480000E-1	-1.696221E+17	-6.427781E-19	8.575153E-7	0.000000E+0	2.393797E-5	3.758767E-4	0.000000E+0	0.000000E+0	0.000000E+0
1.689458E+2	-2.565456E+3	-2.850000E-1	-5.609192E+17	2.120590E-18	2.689625E-6	0.000000E+0	2.555871E-5	3.881111E-4	0.000000E+0	0.000000E+0	0.000000E+0
1.614426E+2	-2.489643E+3	-2.220000E-1	-1.478444E+17	2.700612E+17	4.359354E-7	0.000000E+0	2.593711E-5	3.999821E-4	0.000000E+0	0.000000E+0	0.000000E+0
1.506858E+2	-2.417657E+3	-1.580000E-1	-2.971689E+17	-4.901914E-18	-1.334707E-6	0.000000E+0	2.568024E-5	4.120230E-4	0.000000E+0	0.000000E+0	0.000000E+0
1.384548E+2	-2.353532E+3	-9.500000E-2	-4.717429E+17	-4.925467E+17	1.518830E-6	0.000000E+0	2.490964E-5	4.234279E-4	0.000000E+0	0.000000E+0	0.000000E+0
1.384609E+2	-2.293533E+3	-3.200000E-2	-9.427576E-19	-9.422141E-19	1.308025E-6	0.000000E+0	2.622631E-5	4.344253E-4	0.000000E+0	0.000000E+0	0.000000E+0
1.371133E+2	-2.235536E+3	3.200000E-2	-3.096135E+17	4.406614E-18	-4.626170E-7	0.000000E+0	2.733289E-5	4.456436E-4	0.000000E+0	0.000000E+0	0.000000E+0
1.282380E+2	-2.184455E+3	9.500000E-2	-4.715168E+17	-5.436513E+17	-1.694879E-6	0.000000E+0	2.678159E-5	4.562079E-4	0.000000E+0	0.000000E+0	0.000000E+0
1.328762E+2	-2.135387E+3	1.580000E-1	-1.067025E+17	-4.510080E+17	1.158658E-6	0.000000E+0	2.902790E-5	4.664929E-4	0.000000E+0	0.000000E+0	0.000000E+0
1.310088E+2	-2.088050E+3	2.220000E-1	-3.021231E-18	1.453293E+17	1.941644E-6	0.000000E+0	2.993039E-5	4.770378E-4	0.000000E+0	0.000000E+0	0.000000E+0
1.290852E+2	-2.044785E+3	2.850000E-1	-3.194767E-18	5.558819E-18	7.094113E-7	0.000000E+0	3.075062E-5	4.871077E-4	0.000000E+0	0.000000E+0	0.000000E+0
1.174556E+2	-2.003400E+3	3.480000E-1	4.155990E+17	-1.823473E+17	-5.228503E-7	0.000000E+0	2.916407E-5	4.974416E-4	0.000000E+0	0.000000E+0	0.000000E+0
1.328737E+2	-1.963874E+3	4.110000E-1	-4.316353E+17	4.857998E-18	2.878005E-7	0.000000E+0	3.429480E-5	5.068773E-4	0.000000E+0	0.000000E+0	0.000000E+0
1.245718E+2	-1.926781E+3	4.750000E-1	-3.851510E-18	-6.447272E-18	1.581502E-6	0.000000E+0	3.341515E-5	5.168400E-4	0.000000E+0	0.000000E+0	0.000000E+0
1.220924E+2	-1.892926E+3	5.380000E-1	4.766215E-20	4.558806E+17	3.492387E-7	0.000000E+0	3.393270E-5	5.260940E-4	0.000000E+0	0.000000E+0	0.000000E+0
1.246564E+2	-1.860262E+3	6.010000E-1	1.388541E-18	6.784133E-18	-8.829920E-7	0.000000E+0	3.586085E-5	5.351556E-4	0.000000E+0	0.000000E+0	0.000000E+0
1.229215E+2	-1.828470E+3	6.650000E-1	4.752240E+17	-1.630679E-19	2.964305E-6	0.000000E+0	3.660108E-5	5.444448E-4	0.000000E+0	0.000000E+0	0.000000E+0
1.227241E+2	-1.800599E+3	7.280000E-1	-7.966684E-19	6.323277E-18	3.264246E-6	0.000000E+0	3.767758E-5	5.528027E-4	0.000000E+0	0.000000E+0	0.000000E+0
1.156582E+2	-1.774830E+3	7.910000E-1	-4.344318E+17	2.055147E+17	-1.090302E-8	0.000000E+0	3.656138E-5	5.610517E-4	0.000000E+0	0.000000E+0	0.000000E+0
1.236914E+2	-1.750465E+3	8.540000E-1	-6.904437E-18	-8.375564E+16	-2.217093E-7	0.000000E+0	4.016701E-5	5.684385E-4	0.000000E+0	0.000000E+0	0.000000E+0
1.244691E+2	-1.727900E+3	9.180000E-1	2.547940E-18	-3.572836E+16	1.071992E-6	0.000000E+0	4.147406E-5	5.757496E-4	0.000000E+0	0.000000E+0	0.000000E+0
1.251989E+2	-1.707138E+3	9.810000E-1	-1.554615E+17	1.089551E+17	-2.203156E-6	0.000000E+0	4.273007E-5	5.826420E-4	0.000000E+0	0.000000E+0	0.000000E+0
1.160551E+2	-1.687903E+3	1.044000E+0	-5.196819E+17	1.790907E+17	2.182554E-6	0.000000E+0	4.054347E-5	5.896635E-4	0.000000E+0	0.000000E+0	0.000000E+0
1.408307E+2	-1.669520E+3	1.108000E+0	3.883601E+17	-5.707470E+17	-1.120265E-6	0.000000E+0	5.016892E-5	5.947426E-4	0.000000E+0	0.000000E+0	0.000000E+0
1.259318E+2	-1.654084E+3	1.171000E+0	-2.820974E+17	-3.573572E+17	7.118506E-7	0.000000E+0	4.576255E-5	6.010801E-4	0.000000E+0	0.000000E+0	0.000000E+0
1.254227E+2	-1.638756E+3	1.234000E+0	7.433461E+16	-3.421240E+17	-2.052584E-6	0.000000E+0	4.643132E-5	6.066653E-4	0.000000E+0	0.000000E+0	0.000000E+0
1.203271E+2	-1.624539E+3	1.297000E+0	5.229813E-18	-4.922483E+17	8.009520E-7	0.000000E+0	4.534476E-5	6.122006E-4	0.000000E+0	0.000000E+0	0.000000E+0
1.245775E+2	-1.610410E+3	1.361000E+0	5.364476E+17	-2.872230E+17	-9.696887E-7	0.000000E+0	4.775024E-5	6.172660E-4	0.000000E+0	0.000000E+0	0.000000E+0
1.253512E+2	-1.598131E+3	1.424000E+0	-1.432962E-18	1.659667E-18	-1.180495E-6	0.000000E+0	4.877980E-5	6.219048E-4	0.000000E+0	0.000000E+0	0.000000E+0
1.188251E+2	-1.587192E+3	1.487000E+0	9.169370E+16	2.296609E-18	-1.391301E-6	0.000000E+0	4.690530E-5	6.265319E-4	0.000000E+0	0.000000E+0	0.000000E+0
1.256525E+2	-1.576456E+3	1.551000E+0	4.020179E+17	1.945249E+17	1.434571E-6	0.000000E+0	5.024086E-5	6.303297E-4	0.000000E+0	0.000000E+0	0.000000E+0
1.257764E+2	-1.567899E+3	1.614000E+0	1.297458E-18	4.035830E-18	-8.191128E-7	0.000000E+0	5.083668E-5	6.337181E-4	0.000000E+0	0.000000E+0	0.000000E+0
1.247156E+2	-1.560543E+3	1.677000E+0	-2.680827E+17	-5.492346E+17	-1.029926E-6	0.000000E+0	5.088670E-5	6.367358E-4	0.000000E+0	0.000000E+0	0.000000E+0
1.201765E+2	-1.554934E+3	1.741000E+0	5.241939E+17	-4.156391E-18	2.637753E-7	0.000000E+0	4.940935E-5	6.392954E-4	0.000000E+0	0.000000E+0	0.000000E+0
1.355739E+2	-1.551836E+3	1.804000E+0	2.579781E+17	4.569569E-19	1.074426E-6	0.000000E+0	5.587047E-5	6.395169E-4	0.000000E+0	0.000000E+0	0.000000E+0
1.198262E+2	-1.552094E+3	1.867000E+0	2.915631E-18	4.874939E+16	-1.578301E-7	0.000000E+0	4.944643E-5	6.404735E-4	0.000000E+0	0.000000E+0	0.000000E+0
1.258092E+2	-1.554646E+3	1.930000E+0	-1.980651E+17	1.958093E+16	1.163564E-6	0.000000E+0	5.171476E-5	6.390483E-4	0.000000E+0	0.000000E+0	0.000000E+0
1.152566E+2	-1.559371E+3	1.994000E+0	-2.714796E-18	3.559669E+13	-1.117827E-6	0.000000E+0	4.714122E-5	6.377999E-4	0.000000E+0	0.000000E+0	0.000000E+0
9.419055E+1	-1.564535E+3	2.057000E+0	5.785012E-19	5.234687E+17	-3.371504E-6	0.000000E+0	3.834118E-5	6.368593E-4	0.000000E+0	0.000000E+0	0.000000E+0
1.245780E+2	-1.573994E+3	2.120000E+0	-2.375065E+17	1.295985E-19	-1.539433E-6	0.000000E+0	4.997158E-5	6.313713E-4	0.000000E+0	0.000000E+0	0.000000E+0
1.180946E+2	-1.581661E+3	2.184000E+0	-5.351627E-18	2.391872E+17	2.650049E-7	0.000000E+0	4.694494E-5	6.287416E-4	0.000000E+0	0.000000E+0	0.000000E+0
1.270504E+2	-1.589915E+3	2.247000E+0	2.587907E+17	2.524315E-18	-9.672513E-7	0.000000E+0	4.994175E-5	6.249736E-4	0.000000E+0	0.000000E+0	0.000000E+0
1.270880E+2	-1.598910E+3	2.310000E+0	-3.127958E+17	-9.739274E-19	-1.178050E-6	0.000000E+0	4.939937E-5	6.214996E-4	0.000000E+0	0.000000E+0	0.000000E+0
1.277753E+2	-1.606631E+3	2.373000E+0	6.653737E-18	-4.395315E+17	1.433218E-7	0.000000E+0	4.918995E-5	6.185084E-4	0.000000E+0	0.000000E+0	0.000000E+0
1.253110E+2	-1.614334E+3	2.437000E+0	-1.137863E-18	-4.190346E+17	4.155881E-7	0.000000E+0	4.779621E-5	6.157404E-4	0.000000E+0	0.000000E+0	0.000000E+0
1.316610E+2	-1.619833E+3	2.500000E+0	-9.275714E-19	-3.780149E-18	2.047746E-7	0.000000E+0	4.984905E-5	6.132958E-4	0.000000E+0	0.000000E+0	0.000000E+0
