Real / Ohm	Ximag / Ohm	V_DC / V	I_a c / A	V_ac / V	I_DC / A
3.035950E+2	-6.566484E+3	-2.500000E+0	-3.567381E+17	-5.153844E-18	1.151348E-6	1.000000E+7	7.025892E-6	1.519637E-4	0.000000E+0	0.000000E+0	0.000000E+0
1.895183E+2	-6.328887E+3	-2.437000E+0	-1.853759E+17	6.906363E-18	4.004847E-6	0.000000E+0	4.727235E-6	1.578641E-4	0.000000E+0	0.000000E+0	0.000000E+0
2.397910E+2	-6.093897E+3	-2.373000E+0	-5.704680E+17	1.371951E+17	4.277113E-6	0.000000E+0	6.447194E-6	1.638449E-4	0.000000E+0	0.000000E+0	0.000000E+0
2.519185E+2	-5.862114E+3	-2.310000E+0	-6.627993E-18	5.176251E+17	5.087772E-6	0.000000E+0	7.317290E-6	1.702725E-4	0.000000E+0	0.000000E+0	0.000000E+0
2.773967E+2	-5.623047E+3	-2.247000E+0	2.517955E+17	3.793714E+16	1.812601E-6	0.000000E+0	8.751898E-6	1.774078E-4	0.000000E+0	0.000000E+0	0.000000E+0
2.002209E+2	-5.396101E+3	-2.184000E+0	4.508571E+17	-2.686618E+17	4.155459E-6	0.000000E+0	6.866758E-6	1.850642E-4	0.000000E+0	0.000000E+0	0.000000E+0
2.655051E+2	-5.185211E+3	-2.120000E+0	8.250878E-19	2.832976E+17	4.427668E-6	0.000000E+0	9.849242E-6	1.923519E-4	0.000000E+0	0.000000E+0	0.000000E+0
3.087019E+2	-4.999354E+3	-2.057000E+0	6.234127E-18	-3.929323E-18	3.706169E-6	0.000000E+0	1.230435E-5	1.992661E-4	0.000000E+0	0.000000E+0	0.000000E+0
2.552217E+2	-4.814186E+3	-1.994000E+0	-2.654747E-18	4.664409E-18	3.495348E-6	0.000000E+0	1.098128E-5	2.071373E-4	0.000000E+0	0.000000E+0	0.000000E+0
2.970298E+2	-4.608688E+3	-1.930000E+0	2.907620E+17	-1.496570E-18	4.278329E-6	0.000000E+0	1.392660E-5	2.160839E-4	0.000000E+0	0.000000E+0	0.000000E+0
3.834438E+2	-4.356354E+3	-1.867000E+0	-5.521899E-18	3.493290E-18	4.067551E-6	0.000000E+0	2.004951E-5	2.277850E-4	0.000000E+0	0.000000E+0	0.000000E+0
4.701541E+2	-4.017146E+3	-1.804000E+0	5.942414E-18	5.135457E+17	4.878209E-6	0.000000E+0	2.874065E-5	2.455692E-4	0.000000E+0	0.000000E+0	0.000000E+0
4.126289E+2	-3.606280E+3	-1.741000E+0	-6.504745E+16	2.369913E+17	2.624460E-6	0.000000E+0	3.131785E-5	2.737107E-4	0.000000E+0	0.000000E+0	0.000000E+0
4.309592E+2	-3.152557E+3	-1.677000E+0	8.036571E+16	-4.936752E+17	2.896733E-6	0.000000E+0	4.256664E-5	3.113839E-4	0.000000E+0	0.000000E+0	0.000000E+0
4.443152E+2	-2.726641E+3	-1.614000E+0	2.127762E-18	3.273865E+15	3.707377E-6	0.000000E+0	5.821750E-5	3.572649E-4	0.000000E+0	0.000000E+0	0.000000E+0
5.224504E+2	-2.397104E+3	-1.551000E+0	8.610784E+16	1.699868E-17	5.028749E-6	0.000000E+0	8.679931E-5	3.982521E-4	0.000000E+0	0.000000E+0	0.000000E+0
4.372751E+2	-2.100640E+3	-1.487000E+0	-3.870894E-18	-2.240669E+17	6.833165E-6	0.000000E+0	9.497932E-5	4.562742E-4	0.000000E+0	0.000000E+0	0.000000E+0
3.502928E+2	-1.896796E+3	-1.424000E+0	2.698511E+17	2.405250E+17	3.558045E-6	0.000000E+0	9.415106E-5	5.098174E-4	0.000000E+0	0.000000E+0	0.000000E+0
2.370227E+2	-1.710181E+3	-1.361000E+0	-6.256276E-18	1.399337E+17	2.836496E-6	0.000000E+0	7.951384E-5	5.737132E-4	0.000000E+0	0.000000E+0	0.000000E+0
1.647181E+2	-1.547970E+3	-1.297000E+0	-1.016338E-18	-5.687810E-18	3.108769E-6	0.000000E+0	6.797143E-5	6.387746E-4	0.000000E+0	0.000000E+0	0.000000E+0
1.267674E+2	-1.420349E+3	-1.234000E+0	1.311717E+15	5.157902E-18	3.919449E-6	0.000000E+0	6.234070E-5	6.984884E-4	0.000000E+0	0.000000E+0	0.000000E+0
1.581548E+2	-1.322757E+3	-1.171000E+0	2.472319E-19	-1.518024E+17	3.708643E-6	0.000000E+0	8.911641E-5	7.453416E-4	0.000000E+0	0.000000E+0	0.000000E+0
8.674872E+1	-1.248166E+3	-1.108000E+0	-5.203440E-18	3.830367E-18	9.442156E-7	0.000000E+0	5.541478E-5	7.973241E-4	0.000000E+0	0.000000E+0	0.000000E+0
6.782043E+1	-1.187287E+3	-1.044000E+0	-1.291944E-18	-5.342346E-18	4.280795E-6	0.000000E+0	4.795505E-5	8.395170E-4	0.000000E+0	0.000000E+0	0.000000E+0
6.642627E+1	-1.139019E+3	-9.810000E-1	5.232688E+17	-4.633991E+17	3.559278E-6	0.000000E+0	5.102739E-5	8.749726E-4	0.000000E+0	0.000000E+0	0.000000E+0
7.486053E+1	-1.101170E+3	-9.180000E-1	2.088264E+17	-2.556168E+17	2.837758E-6	0.000000E+0	6.145279E-5	9.039473E-4	0.000000E+0	0.000000E+0	0.000000E+0
1.088589E+2	-1.069790E+3	-8.540000E-1	-7.520591E+15	-3.386204E-18	7.195802E-6	0.000000E+0	9.414409E-5	9.251831E-4	0.000000E+0	0.000000E+0	0.000000E+0
6.315887E+1	-1.039159E+3	-7.910000E-1	-1.773302E-18	1.902529E-18	3.920653E-6	0.000000E+0	5.827322E-5	9.587749E-4	0.000000E+0	0.000000E+0	0.000000E+0
7.030188E+1	-1.015208E+3	-7.280000E-1	-4.775830E-18	6.132215E-18	5.242018E-6	0.000000E+0	6.788585E-5	9.803188E-4	0.000000E+0	0.000000E+0	0.000000E+0
5.575061E+1	-9.946528E+2	-6.650000E-1	3.887097E+16	1.860550E+17	3.499044E-6	0.000000E+0	5.617516E-5	1.002227E-3	0.000000E+0	0.000000E+0	0.000000E+0
5.702704E+1	-9.744116E+2	-6.010000E-1	4.410889E+17	3.940187E-18	3.260571E-6	0.000000E+0	5.985645E-5	1.022757E-3	0.000000E+0	0.000000E+0	0.000000E+0
5.275031E+1	-9.561271E+2	-5.380000E-1	-5.506723E-18	4.358505E+16	3.560512E-6	0.000000E+0	5.752728E-5	1.042712E-3	0.000000E+0	0.000000E+0	0.000000E+0
5.431091E+1	-9.410634E+2	-4.750000E-1	-4.319920E+17	-4.172230E+17	1.817534E-6	0.000000E+0	6.112308E-5	1.059100E-3	0.000000E+0	0.000000E+0	0.000000E+0
5.749817E+1	-9.252266E+2	-4.110000E-1	2.837111E-18	-1.599031E-19	2.089779E-6	0.000000E+0	6.690888E-5	1.076658E-3	0.000000E+0	0.000000E+0	0.000000E+0
4.167297E+1	-9.104125E+2	-3.480000E-1	-1.696221E+17	-6.427781E-19	4.432601E-6	0.000000E+0	5.017288E-5	1.096107E-3	0.000000E+0	0.000000E+0	0.000000E+0
5.164493E+1	-8.966193E+2	-2.850000E-1	-5.609192E+17	2.120590E-18	3.200339E-6	0.000000E+0	6.402846E-5	1.111613E-3	0.000000E+0	0.000000E+0	0.000000E+0
5.500299E+1	-8.851266E+2	-2.220000E-1	-1.478444E+17	2.700612E+17	3.500278E-6	0.000000E+0	6.993615E-5	1.125436E-3	0.000000E+0	0.000000E+0	0.000000E+0
7.669867E+1	-8.755604E+2	-1.580000E-1	-2.971689E+17	-4.901914E-18	1.729635E-6	0.000000E+0	9.928776E-5	1.133428E-3	0.000000E+0	0.000000E+0	0.000000E+0
4.738458E+1	-8.589475E+2	-9.500000E-2	-4.717429E+17	-4.925467E+17	3.561715E-6	0.000000E+0	6.403009E-5	1.160683E-3	0.000000E+0	0.000000E+0	0.000000E+0
7.229565E+1	-8.497993E+2	-3.200000E-2	-9.427576E-19	-9.422141E-19	3.350910E-6	0.000000E+0	9.939111E-5	1.168293E-3	0.000000E+0	0.000000E+0	0.000000E+0
5.357761E+1	-8.399310E+2	3.200000E-2	-3.096135E+17	4.406614E-18	4.644610E-6	0.000000E+0	7.563670E-5	1.185749E-3	0.000000E+0	0.000000E+0	0.000000E+0
5.205267E+1	-8.301145E+2	9.500000E-2	-4.715168E+17	-5.436513E+17	8.587490E-7	0.000000E+0	7.524242E-5	1.199935E-3	0.000000E+0	0.000000E+0	0.000000E+0
5.205084E+1	-8.206437E+2	1.580000E-1	-1.067025E+17	-4.510080E+17	4.223029E-6	0.000000E+0	7.697945E-5	1.213673E-3	0.000000E+0	0.000000E+0	0.000000E+0
6.947559E+1	-8.114214E+2	2.220000E-1	-3.021231E-18	1.453293E+17	1.941644E-6	0.000000E+0	1.047531E-4	1.223436E-3	0.000000E+0	0.000000E+0	0.000000E+0
5.418341E+1	-8.040803E+2	2.850000E-1	-3.194767E-18	5.558819E-18	7.094113E-7	0.000000E+0	8.342571E-5	1.238035E-3	0.000000E+0	0.000000E+0	0.000000E+0
4.529324E+1	-7.950200E+2	3.480000E-1	4.155990E+17	-1.823473E+17	1.009321E-6	0.000000E+0	7.142824E-5	1.253761E-3	0.000000E+0	0.000000E+0	0.000000E+0
5.094846E+1	-7.872515E+2	4.110000E-1	-4.316353E+17	4.857998E-18	4.373600E-6	0.000000E+0	8.186324E-5	1.264944E-3	0.000000E+0	0.000000E+0	0.000000E+0
5.964871E+1	-7.835157E+2	4.750000E-1	-3.851510E-18	-6.447272E-18	2.092216E-6	0.000000E+0	9.660417E-5	1.268944E-3	0.000000E+0	0.000000E+0	0.000000E+0
6.399985E+1	-7.745920E+2	5.380000E-1	4.766215E-20	4.558806E+17	1.881410E-6	0.000000E+0	1.059444E-4	1.282249E-3	0.000000E+0	0.000000E+0	0.000000E+0
4.253662E+1	-7.661459E+2	6.010000E-1	1.388541E-18	6.784133E-18	3.202778E-6	0.000000E+0	7.224426E-5	1.301223E-3	0.000000E+0	0.000000E+0	0.000000E+0
6.204977E+1	-7.597379E+2	6.650000E-1	4.752240E+17	-1.630679E-19	2.964305E-6	0.000000E+0	1.067887E-4	1.307522E-3	0.000000E+0	0.000000E+0	0.000000E+0
5.439285E+1	-7.553113E+2	7.280000E-1	-7.966684E-19	6.323277E-18	4.285703E-6	0.000000E+0	9.485133E-5	1.317127E-3	0.000000E+0	0.000000E+0	0.000000E+0
5.468387E+1	-7.488763E+2	7.910000E-1	-4.344318E+17	2.055147E+17	2.542725E-6	0.000000E+0	9.699057E-5	1.328252E-3	0.000000E+0	0.000000E+0	0.000000E+0
4.724939E+1	-7.431505E+2	8.540000E-1	-6.904437E-18	-8.375564E+16	1.821176E-6	0.000000E+0	8.521001E-5	1.340205E-3	0.000000E+0	0.000000E+0	0.000000E+0
6.320526E+1	-7.403445E+2	9.180000E-1	2.547940E-18	-3.572836E+16	3.114877E-6	0.000000E+0	1.144805E-4	1.340949E-3	0.000000E+0	0.000000E+0	0.000000E+0
7.140588E+1	-7.379609E+2	9.810000E-1	-1.554615E+17	1.089551E+17	3.504720E-7	0.000000E+0	1.299033E-4	1.342516E-3	0.000000E+0	0.000000E+0	0.000000E+0
4.149878E+1	-7.302626E+2	1.044000E+0	-5.196819E+17	1.790907E+17	1.396693E-7	0.000000E+0	7.756700E-5	1.364963E-3	0.000000E+0	0.000000E+0	0.000000E+0
5.330341E+1	-7.265590E+2	1.108000E+0	3.883601E+17	-5.707470E+17	3.476249E-6	0.000000E+0	1.004343E-4	1.368982E-3	0.000000E+0	0.000000E+0	0.000000E+0
5.337787E+1	-7.239091E+2	1.171000E+0	-2.820974E+17	-3.573572E+17	7.118506E-7	0.000000E+0	1.013067E-4	1.373919E-3	0.000000E+0	0.000000E+0	0.000000E+0
5.372479E+1	-7.208634E+2	1.234000E+0	7.433461E+16	-3.421240E+17	-9.698851E-9	0.000000E+0	1.028166E-4	1.379563E-3	0.000000E+0	0.000000E+0	0.000000E+0
5.037924E+1	-7.164198E+2	1.297000E+0	5.229813E-18	-4.922483E+17	2.843837E-6	0.000000E+0	9.767291E-5	1.388961E-3	0.000000E+0	0.000000E+0	0.000000E+0
5.200342E+1	-7.132865E+2	1.361000E+0	5.364476E+17	-2.872230E+17	3.626825E-6	0.000000E+0	1.016720E-4	1.394549E-3	0.000000E+0	0.000000E+0	0.000000E+0
5.448248E+1	-7.128809E+2	1.424000E+0	-1.432962E-18	1.659667E-18	3.416018E-6	0.000000E+0	1.065844E-4	1.394613E-3	0.000000E+0	0.000000E+0	0.000000E+0
5.408771E+1	-7.081913E+2	1.487000E+0	9.169370E+16	2.296609E-18	1.162327E-6	0.000000E+0	1.072189E-4	1.403859E-3	0.000000E+0	0.000000E+0	0.000000E+0
5.320432E+1	-7.057257E+2	1.551000E+0	4.020179E+17	1.945249E+17	-9.759970E-8	0.000000E+0	1.062218E-4	1.408973E-3	0.000000E+0	0.000000E+0	0.000000E+0
7.048355E+1	-7.046792E+2	1.614000E+0	1.297458E-18	4.035830E-18	3.777401E-6	0.000000E+0	1.405341E-4	1.405029E-3	0.000000E+0	0.000000E+0	0.000000E+0
5.570758E+1	-7.024493E+2	1.677000E+0	-2.680827E+17	-5.492346E+17	2.545159E-6	0.000000E+0	1.121919E-4	1.414693E-3	0.000000E+0	0.000000E+0	0.000000E+0
4.760913E+1	-6.993982E+2	1.741000E+0	5.241939E+17	-4.156391E-18	7.745184E-7	0.000000E+0	9.687985E-5	1.423206E-3	0.000000E+0	0.000000E+0	0.000000E+0
4.796567E+1	-6.968439E+2	1.804000E+0	2.579781E+17	4.569569E-19	5.637121E-7	0.000000E+0	9.831204E-5	1.428275E-3	0.000000E+0	0.000000E+0	0.000000E+0
9.140955E+1	-6.989479E+2	1.867000E+0	2.915631E-18	4.874939E+16	3.529130E-7	0.000000E+0	1.839656E-4	1.406662E-3	0.000000E+0	0.000000E+0	0.000000E+0
5.548431E+1	-6.956786E+2	1.930000E+0	-1.980651E+17	1.958093E+16	1.674278E-6	0.000000E+0	1.139198E-4	1.428360E-3	0.000000E+0	0.000000E+0	0.000000E+0
4.396368E+1	-6.922167E+2	1.994000E+0	-2.714796E-18	3.559669E+13	4.143440E-7	0.000000E+0	9.138220E-5	1.438831E-3	0.000000E+0	0.000000E+0	0.000000E+0
6.000348E+1	-6.908376E+2	2.057000E+0	5.785012E-19	5.234687E+17	2.757180E-6	0.000000E+0	1.247845E-4	1.436680E-3	0.000000E+0	0.000000E+0	0.000000E+0
6.354605E+1	-6.937023E+2	2.120000E+0	-2.375065E+17	1.295985E-19	1.014196E-6	0.000000E+0	1.309523E-4	1.429545E-3	0.000000E+0	0.000000E+0	0.000000E+0
5.488217E+1	-6.894111E+2	2.184000E+0	-5.351627E-18	2.391872E+17	2.650049E-7	0.000000E+0	1.147443E-4	1.441379E-3	0.000000E+0	0.000000E+0	0.000000E+0
5.585431E+1	-6.882106E+2	2.247000E+0	2.587907E+17	2.524315E-18	1.586377E-6	0.000000E+0	1.171555E-4	1.443535E-3	0.000000E+0	0.000000E+0	0.000000E+0
8.098865E+1	-6.867061E+2	2.310000E+0	-3.127958E+17	-9.739274E-19	-1.178050E-6	0.000000E+0	1.693882E-4	1.436250E-3	0.000000E+0	0.000000E+0	0.000000E+0
5.680350E+1	-6.873767E+2	2.373000E+0	6.653737E-18	-4.395315E+17	1.164779E-6	0.000000E+0	1.194070E-4	1.444939E-3	0.000000E+0	0.000000E+0	0.000000E+0
4.945712E+1	-6.851593E+2	2.437000E+0	-1.137863E-18	-4.190346E+17	-9.515497E-8	0.000000E+0	1.048066E-4	1.451949E-3	0.000000E+0	0.000000E+0	0.000000E+0
7.626498E+1	-6.873097E+2	2.500000E+0	-9.275714E-19	-3.780149E-18	1.736946E-6	0.000000E+0	1.594798E-4	1.437252E-3	0.000000E+0	0.000000E+0	0.000000E+0
