Real / Ohm	Ximag / Ohm	V_DC / V	I_a c / A	V_ac / V	I_DC / A
2.882190E+1	2.587299E-1	-2.500000E+0	-3.567381E+17	-4.283094E-18	-2.782976E-2	1.778279E+6	3.469304E-2	-3.114343E-4	0.000000E+0	0.000000E+0	0.000000E+0
3.383112E+1	6.269379E+0	-2.437000E+0	-4.691027E+17	6.689522E-18	-2.718645E-2	0.000000E+0	2.857721E-2	-5.295755E-3	0.000000E+0	0.000000E+0	0.000000E+0
2.495017E+1	1.366804E+0	-2.373000E+0	-5.704680E+17	1.371951E+17	-3.009271E-2	0.000000E+0	3.995997E-2	-2.189061E-3	0.000000E+0	0.000000E+0	0.000000E+0
2.450960E+1	1.014860E+0	-2.310000E+0	-6.627991E-18	5.176248E+17	-2.773746E-2	0.000000E+0	4.073051E-2	-1.686513E-3	0.000000E+0	0.000000E+0	0.000000E+0
2.901013E+1	1.562443E-1	-2.247000E+0	2.517955E+17	3.793721E+16	-2.657169E-2	0.000000E+0	3.446972E-2	-1.856488E-4	0.000000E+0	0.000000E+0	0.000000E+0
3.015759E+1	8.414440E-1	-2.184000E+0	4.508571E+17	-2.686618E+17	-2.303054E-2	0.000000E+0	3.313335E-2	-9.244725E-4	0.000000E+0	0.000000E+0	0.000000E+0
3.639362E+1	1.424885E+0	-2.120000E+0	8.250878E-19	2.835790E+17	-2.287092E-2	0.000000E+0	2.743529E-2	-1.074148E-3	0.000000E+0	0.000000E+0	0.000000E+0
5.135279E+1	2.466755E+0	-2.057000E+0	6.234127E-18	-3.929322E-18	-2.197634E-2	0.000000E+0	1.942831E-2	-9.332478E-4	0.000000E+0	0.000000E+0	0.000000E+0
5.082189E+1	-1.611710E-1	-1.994000E+0	-2.654959E-18	4.664198E-18	-1.921047E-2	0.000000E+0	1.967636E-2	6.239947E-5	0.000000E+0	0.000000E+0	0.000000E+0
5.806666E+1	5.481262E-1	-1.930000E+0	2.907620E+17	-1.496570E-18	-1.645126E-2	0.000000E+0	1.722005E-2	-1.625504E-4	0.000000E+0	0.000000E+0	0.000000E+0
6.581790E+1	-6.582489E-1	-1.867000E+0	-2.052875E-18	3.493290E-18	-1.453013E-2	0.000000E+0	1.519192E-2	1.519353E-4	0.000000E+0	0.000000E+0	0.000000E+0
5.089060E+1	7.117119E-1	-1.804000E+0	5.725574E-18	5.135446E+17	-1.525250E-2	0.000000E+0	1.964615E-2	-2.747541E-4	0.000000E+0	0.000000E+0	0.000000E+0
6.113395E+1	3.491405E+0	-1.741000E+0	-6.504745E+16	2.369919E+17	-1.313423E-2	0.000000E+0	1.630434E-2	-9.311531E-4	0.000000E+0	0.000000E+0	0.000000E+0
5.080643E+1	1.417263E+0	-1.677000E+0	-4.960950E+17	9.965210E-19	-1.552313E-2	0.000000E+0	1.966724E-2	-5.486246E-4	0.000000E+0	0.000000E+0	0.000000E+0
5.271191E+1	1.241409E+0	-1.614000E+0	2.127762E-18	9.311133E+1	-1.474091E-2	0.000000E+0	1.896053E-2	-4.465361E-4	0.000000E+0	0.000000E+0	0.000000E+0
5.703695E+1	1.015175E+0	-1.551000E+0	8.610729E+16	4.249670E-18	-1.404755E-2	0.000000E+0	1.752694E-2	-3.119542E-4	0.000000E+0	0.000000E+0	0.000000E+0
5.892473E+1	9.896393E-1	-1.487000E+0	-3.870907E-18	-2.240669E+17	-1.292624E-2	0.000000E+0	1.696602E-2	-2.849438E-4	0.000000E+0	0.000000E+0	0.000000E+0
6.155202E+1	1.046692E+0	-1.424000E+0	2.698511E+17	-3.360764E+17	-1.223391E-2	0.000000E+0	1.624172E-2	-2.761905E-4	0.000000E+0	0.000000E+0	0.000000E+0
8.176903E+1	2.605988E+0	-1.361000E+0	-6.256276E-18	1.218838E+17	-1.148540E-2	0.000000E+0	1.221716E-2	-3.893622E-4	0.000000E+0	0.000000E+0	0.000000E+0
8.643770E+1	2.237442E+0	-1.297000E+0	-1.006173E-18	-5.687810E-18	-1.041823E-2	0.000000E+0	1.156128E-2	-2.992640E-4	0.000000E+0	0.000000E+0	0.000000E+0
8.541826E+1	8.029785E-1	-1.234000E+0	1.311717E+15	5.049482E-18	-8.552250E-3	0.000000E+0	1.170606E-2	-1.100434E-4	0.000000E+0	0.000000E+0	0.000000E+0
9.291345E+1	-2.230988E-1	-1.171000E+0	3.716679E-18	4.245176E+17	-8.463593E-3	0.000000E+0	1.076264E-2	2.584268E-5	0.000000E+0	0.000000E+0	0.000000E+0
7.885335E+1	1.489983E-1	-1.108000E+0	-5.203440E-18	3.830367E-18	-7.031221E-3	0.000000E+0	1.268172E-2	-2.396290E-5	0.000000E+0	0.000000E+0	0.000000E+0
7.821179E+1	1.161350E+0	-1.044000E+0	-1.183523E-18	-5.342346E-18	-5.960981E-3	0.000000E+0	1.278298E-2	-1.898117E-4	0.000000E+0	0.000000E+0	0.000000E+0
8.159369E+1	1.501415E+0	-9.810000E-1	-5.319197E+16	-3.192840E+17	-7.473446E-3	0.000000E+0	1.225170E-2	-2.254450E-4	0.000000E+0	0.000000E+0	0.000000E+0
1.115446E+2	1.771194E+0	-9.180000E-1	2.088264E+17	-2.195880E+17	-6.843423E-3	0.000000E+0	8.962764E-3	-1.423179E-4	0.000000E+0	0.000000E+0	0.000000E+0
1.372729E+2	-8.316803E-1	-8.540000E-1	-7.957818E+16	-3.372652E-18	-5.075024E-3	0.000000E+0	7.284492E-3	4.413375E-5	0.000000E+0	0.000000E+0	0.000000E+0
1.593839E+2	-1.962204E+0	-7.910000E-1	-1.773302E-18	1.794108E-18	-4.776461E-3	0.000000E+0	6.273209E-3	7.723061E-5	0.000000E+0	0.000000E+0	0.000000E+0
1.508244E+2	-2.077377E+0	-7.280000E-1	-1.306383E-18	6.138991E-18	-4.862984E-3	0.000000E+0	6.628969E-3	9.130398E-5	0.000000E+0	0.000000E+0	0.000000E+0
1.523934E+2	-2.237190E+0	-6.650000E-1	1.829862E+17	1.860550E+17	-4.858598E-3	0.000000E+0	6.560550E-3	9.631124E-5	0.000000E+0	0.000000E+0	0.000000E+0
1.378199E+2	-2.527328E+0	-6.010000E-1	4.410889E+17	3.940187E-18	-3.703578E-3	0.000000E+0	7.253407E-3	1.330123E-4	0.000000E+0	0.000000E+0	0.000000E+0
1.360001E+2	-2.433929E+0	-5.380000E-1	-5.506723E-18	3.318154E+17	-3.581725E-3	0.000000E+0	7.350581E-3	1.315499E-4	0.000000E+0	0.000000E+0	0.000000E+0
1.346252E+2	-2.349281E+0	-4.750000E-1	-4.319920E+17	-4.172230E+17	-2.977749E-3	0.000000E+0	7.425769E-3	1.295836E-4	0.000000E+0	0.000000E+0	0.000000E+0
1.142732E+2	-2.454704E+0	-4.110000E-1	6.306558E-18	-1.599031E-19	-2.781359E-3	0.000000E+0	8.746922E-3	1.878927E-4	0.000000E+0	0.000000E+0	0.000000E+0
1.038116E+2	-1.954773E+0	-3.480000E-1	-2.041751E-18	-6.427516E-19	-2.213133E-3	0.000000E+0	9.629421E-3	1.813220E-4	0.000000E+0	0.000000E+0	0.000000E+0
9.816318E+1	-1.736832E+0	-2.850000E-1	-2.815563E+17	1.903750E-18	-2.402822E-3	0.000000E+0	1.018393E-2	1.801875E-4	0.000000E+0	0.000000E+0	0.000000E+0
9.481743E+1	-1.675323E+0	-2.220000E-1	-1.478444E+17	2.700591E+17	-1.874944E-3	0.000000E+0	1.054329E-2	1.862888E-4	0.000000E+0	0.000000E+0	0.000000E+0
9.433261E+1	-1.625214E+0	-1.580000E-1	-2.949171E+17	-4.956124E-18	-1.316961E-3	0.000000E+0	1.059764E-2	1.825820E-4	0.000000E+0	0.000000E+0	0.000000E+0
9.493256E+1	-1.651276E+0	-9.500000E-2	-4.717429E+17	-4.911393E+17	-7.783575E-4	0.000000E+0	1.053061E-2	1.831715E-4	0.000000E+0	0.000000E+0	0.000000E+0
1.141218E+2	-1.739136E+0	-3.200000E-2	-9.427576E-19	-9.426377E-19	-2.336252E-4	0.000000E+0	8.760533E-3	1.335044E-4	0.000000E+0	0.000000E+0	0.000000E+0
1.326685E+2	-2.021820E+0	3.200000E-2	-3.093320E+17	4.406614E-18	2.074022E-4	0.000000E+0	7.535834E-3	1.148434E-4	0.000000E+0	0.000000E+0	0.000000E+0
1.223401E+2	-2.666000E+0	9.500000E-2	-4.715168E+17	-4.040397E+17	6.688862E-4	0.000000E+0	8.170055E-3	1.780395E-4	0.000000E+0	0.000000E+0	0.000000E+0
1.310485E+2	-2.135590E+0	1.580000E-1	4.697494E+17	-5.230656E+17	1.159481E-3	0.000000E+0	7.628737E-3	1.243193E-4	0.000000E+0	0.000000E+0	0.000000E+0
1.457799E+2	-2.469009E+0	2.220000E-1	-3.021231E-18	1.442034E+17	1.498875E-3	0.000000E+0	6.857689E-3	1.161456E-4	0.000000E+0	0.000000E+0	0.000000E+0
1.180352E+2	-3.237839E+0	2.850000E-1	-3.411601E-18	5.558819E-18	1.893964E-3	0.000000E+0	8.465679E-3	2.322231E-4	0.000000E+0	0.000000E+0	0.000000E+0
1.152934E+2	-2.894753E+0	3.480000E-1	4.155990E+17	-1.817843E+17	2.687930E-3	0.000000E+0	8.668059E-3	2.176351E-4	0.000000E+0	0.000000E+0	0.000000E+0
1.184780E+2	-2.999710E+0	4.110000E-1	-5.577361E+17	4.857998E-18	3.115706E-3	0.000000E+0	8.434978E-3	2.135628E-4	0.000000E+0	0.000000E+0	0.000000E+0
1.233284E+2	-3.118248E+0	4.750000E-1	-3.849816E-18	-6.874137E-18	3.557755E-3	0.000000E+0	8.103252E-3	2.048835E-4	0.000000E+0	0.000000E+0	0.000000E+0
1.335412E+2	-3.478050E+0	5.380000E-1	4.766215E-20	4.558806E+17	3.950290E-3	0.000000E+0	7.483250E-3	1.948995E-4	0.000000E+0	0.000000E+0	0.000000E+0
1.443136E+2	-3.047615E+0	6.010000E-1	1.388541E-18	6.784126E-18	4.317801E-3	0.000000E+0	6.926265E-3	1.462689E-4	0.000000E+0	0.000000E+0	0.000000E+0
1.549521E+2	-3.533531E+0	6.650000E-1	3.266052E+17	-3.794914E-19	3.980485E-3	0.000000E+0	6.450253E-3	1.470917E-4	0.000000E+0	0.000000E+0	0.000000E+0
1.540001E+2	-3.411919E+0	7.280000E-1	-7.907392E-19	6.323277E-18	4.643705E-3	0.000000E+0	6.490316E-3	1.437949E-4	0.000000E+0	0.000000E+0	0.000000E+0
1.467830E+2	-3.544701E+0	7.910000E-1	-4.524484E+17	2.055147E+17	5.043902E-3	0.000000E+0	6.808807E-3	1.644277E-4	0.000000E+0	0.000000E+0	0.000000E+0
1.535686E+2	-3.675446E+0	8.540000E-1	-6.904437E-18	-8.375564E+16	5.653496E-3	0.000000E+0	6.508020E-3	1.557602E-4	0.000000E+0	0.000000E+0	0.000000E+0
1.524532E+2	-3.391914E+0	9.180000E-1	2.547933E-18	-2.658042E+16	6.061326E-3	0.000000E+0	6.556145E-3	1.458669E-4	0.000000E+0	0.000000E+0	0.000000E+0
1.353633E+2	-3.565994E+0	9.810000E-1	-1.554615E+17	1.089529E+17	6.395639E-3	0.000000E+0	7.382403E-3	1.944811E-4	0.000000E+0	0.000000E+0	0.000000E+0
1.290903E+2	-2.931618E+0	1.044000E+0	-5.196808E+17	2.162502E-18	6.010854E-3	0.000000E+0	7.742522E-3	1.758313E-4	0.000000E+0	0.000000E+0	0.000000E+0
1.274928E+2	-2.854240E+0	1.108000E+0	3.883601E+17	-5.707470E+17	7.610204E-3	0.000000E+0	7.839651E-3	1.755099E-4	0.000000E+0	0.000000E+0	0.000000E+0
1.253399E+2	-2.615562E+0	1.171000E+0	-2.820974E+17	-3.562291E+17	8.046150E-3	0.000000E+0	7.974833E-3	1.664168E-4	0.000000E+0	0.000000E+0	0.000000E+0
1.263575E+2	-2.558617E+0	1.234000E+0	7.433461E+16	-3.421229E+17	8.470353E-3	0.000000E+0	7.910810E-3	1.601862E-4	0.000000E+0	0.000000E+0	0.000000E+0
1.197378E+2	-2.020767E+0	1.297000E+0	5.229813E-18	8.421242E+16	8.916514E-3	0.000000E+0	8.349204E-3	1.409062E-4	0.000000E+0	0.000000E+0	0.000000E+0
1.615854E+2	-2.166893E+0	1.361000E+0	5.319462E+17	-2.871880E+17	9.346304E-3	0.000000E+0	6.187565E-3	8.297650E-5	0.000000E+0	0.000000E+0	0.000000E+0
1.492670E+2	-2.706390E+0	1.424000E+0	-4.035047E-18	1.659667E-18	7.764383E-3	0.000000E+0	6.697203E-3	1.214283E-4	0.000000E+0	0.000000E+0	0.000000E+0
1.428379E+2	-1.643051E+0	1.487000E+0	9.211592E+16	2.295762E-18	8.040473E-3	0.000000E+0	7.000017E-3	8.052054E-5	0.000000E+0	0.000000E+0	0.000000E+0
1.277378E+2	-1.314171E+0	1.551000E+0	4.020179E+17	1.922731E+17	9.201620E-3	0.000000E+0	7.827708E-3	8.053173E-5	0.000000E+0	0.000000E+0	0.000000E+0
1.289531E+2	-8.314590E-1	1.614000E+0	1.731139E-18	4.035830E-18	1.036943E-2	0.000000E+0	7.754435E-3	4.999876E-5	0.000000E+0	0.000000E+0	0.000000E+0
9.796066E+1	-6.432800E-1	1.677000E+0	-2.680828E+17	-5.132047E+17	9.973926E-3	0.000000E+0	1.020774E-2	6.703134E-5	0.000000E+0	0.000000E+0	0.000000E+0
8.794745E+1	3.654938E-1	1.741000E+0	5.241939E+17	-4.155966E-18	1.056511E-2	0.000000E+0	1.137023E-2	-4.725263E-5	0.000000E+0	0.000000E+0	0.000000E+0
7.600986E+1	2.671501E+0	1.804000E+0	2.579781E+17	4.569569E-19	8.340690E-3	0.000000E+0	1.313996E-2	-4.618270E-4	0.000000E+0	0.000000E+0	0.000000E+0
6.894196E+1	6.057224E+0	1.867000E+0	2.915631E-18	5.325299E+16	1.099012E-2	0.000000E+0	1.439384E-2	-1.264640E-3	0.000000E+0	0.000000E+0	0.000000E+0
6.637646E+1	3.855656E+0	1.930000E+0	-1.980651E+17	1.958093E+16	1.130502E-2	0.000000E+0	1.501492E-2	-8.721821E-4	0.000000E+0	0.000000E+0	0.000000E+0
5.089234E+1	4.829750E+0	1.994000E+0	-2.769006E-18	5.985466E+14	1.215616E-2	0.000000E+0	1.947394E-2	-1.848102E-3	0.000000E+0	0.000000E+0	0.000000E+0
2.354863E+1	4.231112E+0	2.057000E+0	6.327113E-19	3.793536E+17	1.343174E-2	0.000000E+0	4.113727E-2	-7.391360E-3	0.000000E+0	0.000000E+0	0.000000E+0
6.602495E+1	1.996227E+1	2.120000E+0	-2.374011E+17	1.295985E-19	1.499333E-2	0.000000E+0	1.387724E-2	-4.195706E-3	0.000000E+0	0.000000E+0	0.000000E+0
7.603181E+1	4.502186E+0	2.184000E+0	-5.351625E-18	2.346836E+17	1.098748E-2	0.000000E+0	1.310643E-2	-7.760910E-4	0.000000E+0	0.000000E+0	0.000000E+0
5.035717E+1	3.182316E+0	2.247000E+0	2.587907E+17	-3.980899E-18	1.456438E-2	0.000000E+0	1.977916E-2	-1.249942E-3	0.000000E+0	0.000000E+0	0.000000E+0
7.395172E+1	7.701702E+0	2.310000E+0	-3.127958E+17	-9.739208E-19	2.075823E-2	0.000000E+0	1.337724E-2	-1.393173E-3	0.000000E+0	0.000000E+0	0.000000E+0
2.292245E+1	5.060406E-1	2.373000E+0	6.653843E-18	-4.395667E+17	2.427589E-2	0.000000E+0	4.360410E-2	-9.626129E-4	0.000000E+0	0.000000E+0	0.000000E+0
2.846505E+1	4.383678E-1	2.437000E+0	-1.137863E-18	-4.190346E+17	3.042579E-2	0.000000E+0	3.512247E-2	-5.408935E-4	0.000000E+0	0.000000E+0	0.000000E+0
1.792253E+1	3.613685E+0	2.500000E+0	-9.275714E-19	-3.780148E-18	3.038473E-2	0.000000E+0	5.361600E-2	-1.081049E-2	0.000000E+0	0.000000E+0	0.000000E+0
