Real / Ohm	Ximag / Ohm	V_DC / V	I_a c / A	V_ac / V	I_DC / A
2.042639E+2	-4.851280E+3	2.500000E+0	-9.275714E-19	-3.780149E-18	1.226232E-6	1.000000E+6	8.663825E-6	2.057664E-4	0.000000E+0	0.000000E+0	0.000000E+0
2.106187E+2	-4.897251E+3	2.437000E+0	-1.137863E-18	-4.190346E+17	-1.116583E-6	0.000000E+0	8.765762E-6	2.038192E-4	0.000000E+0	0.000000E+0	0.000000E+0
2.159600E+2	-4.924204E+3	2.373000E+0	6.653737E-18	-4.395315E+17	1.675493E-6	0.000000E+0	8.889283E-6	2.026887E-4	0.000000E+0	0.000000E+0	0.000000E+0
2.200979E+2	-4.947582E+3	2.310000E+0	-3.127958E+17	-9.739274E-19	8.648640E-7	0.000000E+0	8.973694E-6	2.017197E-4	0.000000E+0	0.000000E+0	0.000000E+0
2.232798E+2	-4.972560E+3	2.247000E+0	2.587907E+17	2.524315E-18	-9.672513E-7	0.000000E+0	9.011864E-6	2.006990E-4	0.000000E+0	0.000000E+0	0.000000E+0
2.238804E+2	-4.997021E+3	2.184000E+0	-5.351627E-18	2.391872E+17	7.757189E-7	0.000000E+0	8.947935E-6	1.997183E-4	0.000000E+0	0.000000E+0	0.000000E+0
2.251338E+2	-5.024453E+3	2.120000E+0	-2.375065E+17	1.295985E-19	-7.261406E-9	0.000000E+0	8.900042E-6	1.986279E-4	0.000000E+0	0.000000E+0	0.000000E+0
2.256580E+2	-5.051230E+3	2.057000E+0	5.785012E-19	5.234687E+17	-3.071618E-7	0.000000E+0	8.826541E-6	1.975773E-4	0.000000E+0	0.000000E+0	0.000000E+0
2.183376E+2	-5.086644E+3	1.994000E+0	-2.714796E-18	3.559669E+13	-9.637006E-8	0.000000E+0	8.422993E-6	1.962317E-4	0.000000E+0	0.000000E+0	0.000000E+0
2.250039E+2	-5.115676E+3	1.930000E+0	-1.980651E+17	1.958093E+16	-3.686364E-7	0.000000E+0	8.581133E-6	1.951002E-4	0.000000E+0	0.000000E+0	0.000000E+0
2.253838E+2	-5.144682E+3	1.867000E+0	2.915631E-18	4.874939E+16	8.636271E-7	0.000000E+0	8.499099E-6	1.940031E-4	0.000000E+0	0.000000E+0	0.000000E+0
2.233103E+2	-5.174570E+3	1.804000E+0	2.579781E+17	4.569569E-19	-9.684591E-7	0.000000E+0	8.324385E-6	1.928935E-4	0.000000E+0	0.000000E+0	0.000000E+0
2.247898E+2	-5.204883E+3	1.741000E+0	5.241939E+17	-4.156391E-18	-2.800567E-6	0.000000E+0	8.282193E-6	1.917696E-4	0.000000E+0	0.000000E+0	0.000000E+0
2.233521E+2	-5.236441E+3	1.677000E+0	-2.680827E+17	-5.492346E+17	-3.072812E-6	0.000000E+0	8.130705E-6	1.906226E-4	0.000000E+0	0.000000E+0	0.000000E+0
2.232344E+2	-5.268293E+3	1.614000E+0	1.297458E-18	4.035830E-18	-8.191128E-7	0.000000E+0	8.028644E-6	1.894746E-4	0.000000E+0	0.000000E+0	0.000000E+0
2.228098E+2	-5.300747E+3	1.551000E+0	4.020179E+17	1.945249E+17	-9.759970E-8	0.000000E+0	7.915776E-6	1.883199E-4	0.000000E+0	0.000000E+0	0.000000E+0
2.219019E+2	-5.334267E+3	1.487000E+0	9.169370E+16	2.296609E-18	-3.434187E-6	0.000000E+0	7.785036E-6	1.871433E-4	0.000000E+0	0.000000E+0	0.000000E+0
2.213645E+2	-5.368110E+3	1.424000E+0	-1.432962E-18	1.659667E-18	-1.180495E-6	0.000000E+0	7.668798E-6	1.859691E-4	0.000000E+0	0.000000E+0	0.000000E+0
2.195293E+2	-5.404749E+3	1.361000E+0	5.364476E+17	-2.872230E+17	-9.696887E-7	0.000000E+0	7.502837E-6	1.847177E-4	0.000000E+0	0.000000E+0	0.000000E+0
2.042002E+2	-5.436518E+3	1.297000E+0	5.229813E-18	-4.922483E+17	-1.241933E-6	0.000000E+0	6.899255E-6	1.836821E-4	0.000000E+0	0.000000E+0	0.000000E+0
2.167944E+2	-5.478388E+3	1.234000E+0	7.433461E+16	-3.421240E+17	1.011758E-6	0.000000E+0	7.212119E-6	1.822500E-4	0.000000E+0	0.000000E+0	0.000000E+0
2.174287E+2	-5.518912E+3	1.171000E+0	-2.820974E+17	-3.573572E+17	-1.331064E-6	0.000000E+0	7.127486E-6	1.809143E-4	0.000000E+0	0.000000E+0	0.000000E+0
2.147451E+2	-5.561282E+3	1.108000E+0	3.883601E+17	-5.707470E+17	4.119065E-7	0.000000E+0	6.933082E-6	1.795469E-4	0.000000E+0	0.000000E+0	0.000000E+0
2.159287E+2	-5.605284E+3	1.044000E+0	-5.196819E+17	1.790907E+17	1.161097E-6	0.000000E+0	6.862322E-6	1.781387E-4	0.000000E+0	0.000000E+0	0.000000E+0
2.135449E+2	-5.653050E+3	9.810000E-1	-1.554615E+17	1.089551E+17	-1.181699E-6	0.000000E+0	6.672741E-6	1.766436E-4	0.000000E+0	0.000000E+0	0.000000E+0
2.129214E+2	-5.702937E+3	9.180000E-1	2.547940E-18	-3.572836E+16	-1.481636E-6	0.000000E+0	6.537583E-6	1.751042E-4	0.000000E+0	0.000000E+0	0.000000E+0
2.135776E+2	-5.757286E+3	8.540000E-1	-6.904437E-18	-8.375564E+16	-7.324525E-7	0.000000E+0	6.434619E-6	1.734542E-4	0.000000E+0	0.000000E+0	0.000000E+0
2.130801E+2	-5.814212E+3	7.910000E-1	-4.344318E+17	2.055147E+17	-5.216461E-7	0.000000E+0	6.294747E-6	1.717617E-4	0.000000E+0	0.000000E+0	0.000000E+0
2.125010E+2	-5.877688E+3	7.280000E-1	-7.966684E-19	6.323277E-18	7.106173E-7	0.000000E+0	6.143002E-6	1.699128E-4	0.000000E+0	0.000000E+0	0.000000E+0
2.119668E+2	-5.947048E+3	6.650000E-1	4.752240E+17	-1.630679E-19	-6.107512E-7	0.000000E+0	5.985681E-6	1.679373E-4	0.000000E+0	0.000000E+0	0.000000E+0
1.860249E+2	-6.010418E+3	6.010000E-1	1.388541E-18	6.784133E-18	-3.722780E-7	0.000000E+0	5.144532E-6	1.662186E-4	0.000000E+0	0.000000E+0	0.000000E+0
2.097964E+2	-6.110748E+3	5.380000E-1	4.766215E-20	4.558806E+17	8.599818E-7	0.000000E+0	5.611742E-6	1.634534E-4	0.000000E+0	0.000000E+0	0.000000E+0
2.130098E+2	-6.210153E+3	4.750000E-1	-3.851510E-18	-6.447272E-18	-1.482840E-6	0.000000E+0	5.516763E-6	1.608374E-4	0.000000E+0	0.000000E+0	0.000000E+0
2.148120E+2	-6.328711E+3	4.110000E-1	-4.316353E+17	4.857998E-18	1.309229E-6	0.000000E+0	5.357078E-6	1.578282E-4	0.000000E+0	0.000000E+0	0.000000E+0
2.189722E+2	-6.465128E+3	3.480000E-1	4.155990E+17	-1.823473E+17	-1.033564E-6	0.000000E+0	5.232832E-6	1.544987E-4	0.000000E+0	0.000000E+0	0.000000E+0
2.226729E+2	-6.629595E+3	2.850000E-1	-3.194767E-18	5.558819E-18	-1.844217E-6	0.000000E+0	5.060620E-6	1.506688E-4	0.000000E+0	0.000000E+0	0.000000E+0
2.279058E+2	-6.823713E+3	2.220000E-1	-3.021231E-18	1.453293E+17	1.430930E-6	0.000000E+0	4.889109E-6	1.463845E-4	0.000000E+0	0.000000E+0	0.000000E+0
2.353447E+2	-7.056537E+3	1.580000E-1	-1.067025E+17	-4.510080E+17	-3.735131E-7	0.000000E+0	4.721048E-6	1.415551E-4	0.000000E+0	0.000000E+0	0.000000E+0
2.435479E+2	-7.320599E+3	9.500000E-2	-4.715168E+17	-5.436513E+17	1.880206E-6	0.000000E+0	4.539528E-6	1.364498E-4	0.000000E+0	0.000000E+0	0.000000E+0
2.533506E+2	-7.622842E+3	3.200000E-2	-3.096135E+17	4.406614E-18	3.623182E-6	0.000000E+0	4.355205E-6	1.310399E-4	0.000000E+0	0.000000E+0	0.000000E+0
2.675283E+2	-7.979643E+3	-3.200000E-2	-9.427576E-19	-9.422141E-19	7.972819E-7	0.000000E+0	4.196768E-6	1.251782E-4	0.000000E+0	0.000000E+0	0.000000E+0
2.640195E+2	-8.376996E+3	-9.500000E-2	-4.717429E+17	-4.925467E+17	3.561715E-6	0.000000E+0	3.758618E-6	1.192561E-4	0.000000E+0	0.000000E+0	0.000000E+0
3.177822E+2	-8.870098E+3	-1.580000E-1	-2.971689E+17	-4.901914E-18	1.974640E-7	0.000000E+0	4.033812E-6	1.125938E-4	0.000000E+0	0.000000E+0	0.000000E+0
3.621987E+2	-9.489348E+3	-2.220000E-1	-1.478444E+17	2.700612E+17	4.359354E-7	0.000000E+0	4.016446E-6	1.052280E-4	0.000000E+0	0.000000E+0	0.000000E+0
4.251328E+2	-1.029958E+4	-2.850000E-1	-5.609192E+17	2.120590E-18	-8.854604E-7	0.000000E+0	4.000795E-6	9.692620E-5	0.000000E+0	0.000000E+0	0.000000E+0
5.196133E+2	-1.144523E+4	-3.480000E-1	-1.696221E+17	-6.427781E-19	2.900430E-6	0.000000E+0	3.958558E-6	8.719292E-5	0.000000E+0	0.000000E+0	0.000000E+0
6.555361E+2	-1.318088E+4	-4.110000E-1	2.837111E-18	-1.599031E-19	2.600493E-6	0.000000E+0	3.763873E-6	7.568028E-5	0.000000E+0	0.000000E+0	0.000000E+0
8.577510E+2	-1.599715E+4	-4.750000E-1	-4.319920E+17	-4.172230E+17	2.853631E-7	0.000000E+0	3.342175E-6	6.233193E-5	0.000000E+0	0.000000E+0	0.000000E+0
1.144777E+3	-2.042581E+4	-5.380000E-1	-5.506723E-18	4.358505E+16	4.581940E-6	0.000000E+0	2.735271E-6	4.880437E-5	0.000000E+0	0.000000E+0	0.000000E+0
1.600375E+3	-2.697029E+4	-6.010000E-1	4.410889E+17	3.940187E-18	-1.335942E-6	0.000000E+0	2.192421E-6	3.694774E-5	0.000000E+0	0.000000E+0	0.000000E+0
2.403826E+3	-3.558663E+4	-6.650000E-1	3.887097E+16	1.860550E+17	2.988330E-6	0.000000E+0	1.889523E-6	2.797281E-5	0.000000E+0	0.000000E+0	0.000000E+0
3.869695E+3	-4.519787E+4	-7.280000E-1	-4.775830E-18	6.132215E-18	1.666962E-6	0.000000E+0	1.880481E-6	2.196394E-5	0.000000E+0	0.000000E+0	0.000000E+0
5.745352E+3	-5.513217E+4	-7.910000E-1	-1.773302E-18	1.902529E-18	-1.651460E-7	0.000000E+0	1.869888E-6	1.794337E-5	0.000000E+0	0.000000E+0	0.000000E+0
7.364172E+3	-6.469584E+4	-8.540000E-1	-7.520591E+15	-3.386204E-18	2.088575E-6	0.000000E+0	1.736922E-6	1.525923E-5	0.000000E+0	0.000000E+0	0.000000E+0
8.135277E+3	-7.356831E+4	-9.180000E-1	2.088264E+17	-2.556168E+17	-2.265842E-7	0.000000E+0	1.484952E-6	1.342860E-5	0.000000E+0	0.000000E+0	0.000000E+0
8.059539E+3	-8.092511E+4	-9.810000E-1	5.232688E+17	-4.633991E+17	1.516393E-6	0.000000E+0	1.218589E-6	1.223574E-5	0.000000E+0	0.000000E+0	0.000000E+0
7.737539E+3	-8.689623E+4	-1.044000E+0	-1.291944E-18	-5.342346E-18	2.748624E-6	0.000000E+0	1.016649E-6	1.141745E-5	0.000000E+0	0.000000E+0	0.000000E+0
7.407789E+3	-9.175070E+4	-1.108000E+0	-5.203440E-18	3.830367E-18	1.965673E-6	0.000000E+0	8.742749E-7	1.082851E-5	0.000000E+0	0.000000E+0	0.000000E+0
7.380984E+3	-9.606366E+4	-1.171000E+0	2.472319E-19	-1.518024E+17	-3.441528E-6	0.000000E+0	7.951328E-7	1.034867E-5	0.000000E+0	0.000000E+0	0.000000E+0
7.182031E+3	-9.986920E+4	-1.234000E+0	1.311717E+15	5.157902E-18	3.443638E-7	0.000000E+0	7.163807E-7	9.961579E-6	0.000000E+0	0.000000E+0	0.000000E+0
7.188859E+3	-1.032860E+5	-1.297000E+0	-1.016338E-18	-5.687810E-18	2.598055E-6	0.000000E+0	6.706227E-7	9.635178E-6	0.000000E+0	0.000000E+0	0.000000E+0
7.201570E+3	-1.065150E+5	-1.361000E+0	-6.256276E-18	1.399337E+17	2.325782E-6	0.000000E+0	6.318659E-7	9.345628E-6	0.000000E+0	0.000000E+0	0.000000E+0
7.144500E+3	-1.093820E+5	-1.424000E+0	2.698511E+17	2.405250E+17	1.004417E-6	0.000000E+0	5.946087E-7	9.103434E-6	0.000000E+0	0.000000E+0	0.000000E+0
6.943672E+3	-1.118576E+5	-1.487000E+0	-3.870894E-18	-2.240669E+17	7.044800E-7	0.000000E+0	5.528253E-7	8.905621E-6	0.000000E+0	0.000000E+0	0.000000E+0
7.159437E+3	-1.143013E+5	-1.551000E+0	8.610784E+16	1.699868E-17	-1.099936E-6	0.000000E+0	5.458534E-7	8.714617E-6	0.000000E+0	0.000000E+0	0.000000E+0
6.954930E+3	-1.162562E+5	-1.614000E+0	2.127762E-18	3.273865E+15	2.175177E-6	0.000000E+0	5.127539E-7	8.571017E-6	0.000000E+0	0.000000E+0	0.000000E+0
6.994734E+3	-1.177795E+5	-1.677000E+0	8.036571E+16	-4.936752E+17	2.386019E-6	0.000000E+0	5.024614E-7	8.460602E-6	0.000000E+0	0.000000E+0	0.000000E+0
6.976031E+3	-1.192956E+5	-1.741000E+0	-6.504745E+16	2.369913E+17	2.113746E-6	0.000000E+0	4.885140E-7	8.353972E-6	0.000000E+0	0.000000E+0	0.000000E+0
7.079961E+3	-1.203253E+5	-1.804000E+0	5.942414E-18	5.135457E+17	7.923809E-7	0.000000E+0	4.873219E-7	8.282130E-6	0.000000E+0	0.000000E+0	0.000000E+0
6.878289E+3	-1.213070E+5	-1.867000E+0	-5.521899E-18	3.493290E-18	1.003209E-6	0.000000E+0	4.659235E-7	8.217129E-6	0.000000E+0	0.000000E+0	0.000000E+0
7.056922E+3	-1.219329E+5	-1.930000E+0	2.907620E+17	-1.496570E-18	7.032722E-7	0.000000E+0	4.730655E-7	8.173853E-6	0.000000E+0	0.000000E+0	0.000000E+0
7.075078E+3	-1.224704E+5	-1.994000E+0	-2.654747E-18	4.664409E-18	5.027548E-6	0.000000E+0	4.701344E-7	8.138079E-6	0.000000E+0	0.000000E+0	0.000000E+0
7.074422E+3	-1.229044E+5	-2.057000E+0	6.234127E-18	-3.929323E-18	6.418268E-7	0.000000E+0	4.667879E-7	8.109537E-6	0.000000E+0	0.000000E+0	0.000000E+0
7.060672E+3	-1.233209E+5	-2.120000E+0	8.250878E-19	2.832976E+17	1.363325E-6	0.000000E+0	4.627552E-7	8.082431E-6	0.000000E+0	0.000000E+0	0.000000E+0
7.057055E+3	-1.230049E+5	-2.184000E+0	4.508571E+17	-2.686618E+17	4.155459E-6	0.000000E+0	4.648914E-7	8.103086E-6	0.000000E+0	0.000000E+0	0.000000E+0
7.027117E+3	-1.237768E+5	-2.247000E+0	2.517955E+17	3.793714E+16	3.344801E-6	0.000000E+0	4.571947E-7	8.053102E-6	0.000000E+0	0.000000E+0	0.000000E+0
6.988414E+3	-1.240380E+5	-2.310000E+0	-6.627993E-18	5.176251E+17	1.512715E-6	0.000000E+0	4.527857E-7	8.036535E-6	0.000000E+0	0.000000E+0	0.000000E+0
7.117773E+3	-1.243239E+5	-2.373000E+0	-5.704680E+17	1.371951E+17	2.744913E-6	0.000000E+0	4.590011E-7	8.017227E-6	0.000000E+0	0.000000E+0	0.000000E+0
7.267820E+3	-1.243747E+5	-2.437000E+0	-1.853759E+17	6.906363E-18	1.451219E-6	0.000000E+0	4.682304E-7	8.012859E-6	0.000000E+0	0.000000E+0	0.000000E+0
6.969531E+3	-1.250193E+5	-2.500000E+0	-3.567381E+17	-5.153844E-18	2.172776E-6	0.000000E+0	4.445308E-7	7.973983E-6	0.000000E+0	0.000000E+0	0.000000E+0
