Real / Ohm	Ximag / Ohm	V_DC / V	I_a c / A	V_ac / V	I_DC / A
2.657707E+3	-4.520191E+4	-2.500000E+0	-3.567381E+17	-5.153844E-18	2.683490E-6	3.162278E+6	1.296268E-6	2.204674E-5	0.000000E+0	0.000000E+0	0.000000E+0
2.727184E+3	-4.341625E+4	-2.437000E+0	-1.853759E+17	6.906363E-18	2.472705E-6	0.000000E+0	1.441118E-6	2.294233E-5	0.000000E+0	0.000000E+0	0.000000E+0
2.629398E+3	-4.212684E+4	-2.373000E+0	-5.704680E+17	1.371951E+17	1.723485E-6	0.000000E+0	1.475876E-6	2.364572E-5	0.000000E+0	0.000000E+0	0.000000E+0
2.725855E+3	-4.084481E+4	-2.310000E+0	-6.627993E-18	5.176251E+17	2.534143E-6	0.000000E+0	1.626668E-6	2.437436E-5	0.000000E+0	0.000000E+0	0.000000E+0
2.779133E+3	-4.042942E+4	-2.247000E+0	2.517955E+17	3.793714E+16	7.911731E-7	0.000000E+0	1.692260E-6	2.461814E-5	0.000000E+0	0.000000E+0	0.000000E+0
2.693754E+3	-4.012310E+4	-2.184000E+0	4.508571E+17	-2.686618E+17	1.091117E-6	0.000000E+0	1.665773E-6	2.481146E-5	0.000000E+0	0.000000E+0	0.000000E+0
2.651797E+3	-3.976191E+4	-2.120000E+0	8.250878E-19	2.832976E+17	1.874098E-6	0.000000E+0	1.669854E-6	2.503833E-5	0.000000E+0	0.000000E+0	0.000000E+0
2.681992E+3	-4.004613E+4	-2.057000E+0	6.234127E-18	-3.929323E-18	3.195455E-6	0.000000E+0	1.664918E-6	2.485970E-5	0.000000E+0	0.000000E+0	0.000000E+0
2.704586E+3	-3.957046E+4	-1.994000E+0	-2.654747E-18	4.664409E-18	4.516834E-6	0.000000E+0	1.719232E-6	2.515387E-5	0.000000E+0	0.000000E+0	0.000000E+0
2.700305E+3	-3.904108E+4	-1.930000E+0	2.907620E+17	-1.496570E-18	1.724700E-6	0.000000E+0	1.763179E-6	2.549209E-5	0.000000E+0	0.000000E+0	0.000000E+0
2.760191E+3	-3.867545E+4	-1.867000E+0	-5.521899E-18	3.493290E-18	3.046065E-6	0.000000E+0	1.835955E-6	2.572517E-5	0.000000E+0	0.000000E+0	0.000000E+0
2.719270E+3	-3.787125E+4	-1.804000E+0	5.942414E-18	5.135457E+17	6.410351E-6	0.000000E+0	1.886252E-6	2.626982E-5	0.000000E+0	0.000000E+0	0.000000E+0
2.854313E+3	-3.705580E+4	-1.741000E+0	-6.504745E+16	2.369913E+17	3.645946E-6	0.000000E+0	2.066427E-6	2.682716E-5	0.000000E+0	0.000000E+0	0.000000E+0
2.795922E+3	-3.607248E+4	-1.677000E+0	8.036571E+16	-4.936752E+17	2.896733E-6	0.000000E+0	2.135855E-6	2.755642E-5	0.000000E+0	0.000000E+0	0.000000E+0
2.922488E+3	-3.489208E+4	-1.614000E+0	2.127762E-18	3.273865E+15	1.153749E-6	0.000000E+0	2.383762E-6	2.846014E-5	0.000000E+0	0.000000E+0	0.000000E+0
3.002953E+3	-3.361616E+4	-1.551000E+0	8.610784E+16	1.699868E-17	4.518035E-6	0.000000E+0	2.636334E-6	2.951209E-5	0.000000E+0	0.000000E+0	0.000000E+0
2.969828E+3	-3.194785E+4	-1.487000E+0	-3.870894E-18	-2.240669E+17	1.725966E-6	0.000000E+0	2.884771E-6	3.103285E-5	0.000000E+0	0.000000E+0	0.000000E+0
2.800697E+3	-3.023538E+4	-1.424000E+0	2.698511E+17	2.405250E+17	3.558045E-6	0.000000E+0	3.037559E-6	3.279247E-5	0.000000E+0	0.000000E+0	0.000000E+0
2.554115E+3	-2.844890E+4	-1.361000E+0	-6.256276E-18	1.399337E+17	1.815068E-6	0.000000E+0	3.130567E-6	3.486968E-5	0.000000E+0	0.000000E+0	0.000000E+0
2.118424E+3	-2.597102E+4	-1.297000E+0	-1.016338E-18	-5.687810E-18	1.576569E-6	0.000000E+0	3.120002E-6	3.824996E-5	0.000000E+0	0.000000E+0	0.000000E+0
1.531428E+3	-2.269125E+4	-1.234000E+0	1.311717E+15	5.157902E-18	3.919449E-6	0.000000E+0	2.960780E-6	4.387003E-5	0.000000E+0	0.000000E+0	0.000000E+0
1.264703E+3	-1.855454E+4	-1.171000E+0	2.472319E-19	-1.518024E+17	-3.771856E-7	0.000000E+0	3.656580E-6	5.364593E-5	0.000000E+0	0.000000E+0	0.000000E+0
8.656680E+2	-1.460355E+4	-1.108000E+0	-5.203440E-18	3.830367E-18	3.497844E-6	0.000000E+0	4.044931E-6	6.823673E-5	0.000000E+0	0.000000E+0	0.000000E+0
5.739443E+2	-1.166480E+4	-1.044000E+0	-1.291944E-18	-5.342346E-18	2.237910E-6	0.000000E+0	4.207896E-6	8.552096E-5	0.000000E+0	0.000000E+0	0.000000E+0
3.602939E+2	-9.814477E+3	-9.810000E-1	5.232688E+17	-4.633991E+17	4.580736E-6	0.000000E+0	3.735405E-6	1.017532E-4	0.000000E+0	0.000000E+0	0.000000E+0
2.884629E+2	-8.613416E+3	-9.180000E-1	2.088264E+17	-2.556168E+17	1.816301E-6	0.000000E+0	3.883759E-6	1.159679E-4	0.000000E+0	0.000000E+0	0.000000E+0
2.570757E+2	-7.609840E+3	-8.540000E-1	-7.520591E+15	-3.386204E-18	3.110003E-6	0.000000E+0	4.434193E-6	1.312590E-4	0.000000E+0	0.000000E+0	0.000000E+0
2.345840E+2	-6.743235E+3	-7.910000E-1	-1.773302E-18	1.902529E-18	5.963539E-6	0.000000E+0	5.152720E-6	1.481175E-4	0.000000E+0	0.000000E+0	0.000000E+0
1.275703E+2	-6.002902E+3	-7.280000E-1	-4.775830E-18	6.132215E-18	5.242018E-6	0.000000E+0	3.538596E-6	1.665109E-4	0.000000E+0	0.000000E+0	0.000000E+0
1.589048E+2	-5.437820E+3	-6.650000E-1	3.887097E+16	1.860550E+17	2.988330E-6	0.000000E+0	5.369288E-6	1.837403E-4	0.000000E+0	0.000000E+0	0.000000E+0
1.674526E+2	-5.005332E+3	-6.010000E-1	4.410889E+17	3.940187E-18	3.771314E-6	0.000000E+0	6.676369E-6	1.995636E-4	0.000000E+0	0.000000E+0	0.000000E+0
1.203667E+2	-4.704320E+3	-5.380000E-1	-5.506723E-18	4.358505E+16	3.560512E-6	0.000000E+0	5.435361E-6	2.124315E-4	0.000000E+0	0.000000E+0	0.000000E+0
1.657051E+2	-4.485229E+3	-4.750000E-1	-4.319920E+17	-4.172230E+17	3.860419E-6	0.000000E+0	8.225727E-6	2.226502E-4	0.000000E+0	0.000000E+0	0.000000E+0
1.381553E+2	-4.309986E+3	-4.110000E-1	2.837111E-18	-1.599031E-19	4.643407E-6	0.000000E+0	7.429675E-6	2.317812E-4	0.000000E+0	0.000000E+0	0.000000E+0
1.156626E+2	-4.170514E+3	-3.480000E-1	-1.696221E+17	-6.427781E-19	3.411144E-6	0.000000E+0	6.644769E-6	2.395943E-4	0.000000E+0	0.000000E+0	0.000000E+0
1.074707E+2	-4.052847E+3	-2.850000E-1	-5.609192E+17	2.120590E-18	2.689625E-6	0.000000E+0	6.538293E-6	2.465668E-4	0.000000E+0	0.000000E+0	0.000000E+0
1.255051E+2	-3.951822E+3	-2.220000E-1	-1.478444E+17	2.700612E+17	4.521706E-6	0.000000E+0	8.028396E-6	2.527929E-4	0.000000E+0	0.000000E+0	0.000000E+0
1.341558E+2	-3.861037E+3	-1.580000E-1	-2.971689E+17	-4.901914E-18	3.261806E-6	0.000000E+0	8.988299E-6	2.586855E-4	0.000000E+0	0.000000E+0	0.000000E+0
1.021140E+2	-3.780991E+3	-9.500000E-2	-4.717429E+17	-4.925467E+17	5.604630E-6	0.000000E+0	7.137684E-6	2.642882E-4	0.000000E+0	0.000000E+0	0.000000E+0
7.717383E+1	-3.710345E+3	-3.200000E-2	-9.427576E-19	-9.422141E-19	4.372367E-6	0.000000E+0	5.603426E-6	2.694002E-4	0.000000E+0	0.000000E+0	0.000000E+0
1.270430E+2	-3.640683E+3	3.200000E-2	-3.096135E+17	4.406614E-18	3.112439E-6	0.000000E+0	9.573186E-6	2.743397E-4	0.000000E+0	0.000000E+0	0.000000E+0
1.466399E+2	-3.581674E+3	9.500000E-2	-4.715168E+17	-5.436513E+17	2.901634E-6	0.000000E+0	1.141176E-5	2.787318E-4	0.000000E+0	0.000000E+0	0.000000E+0
1.393337E+2	-3.525949E+3	1.580000E-1	-1.067025E+17	-4.510080E+17	2.690829E-6	0.000000E+0	1.118991E-5	2.831694E-4	0.000000E+0	0.000000E+0	0.000000E+0
1.498545E+2	-3.473745E+3	2.220000E-1	-3.021231E-18	1.453293E+17	3.473815E-6	0.000000E+0	1.239557E-5	2.873390E-4	0.000000E+0	0.000000E+0	0.000000E+0
1.057317E+2	-3.427158E+3	2.850000E-1	-3.194767E-18	5.558819E-18	2.241582E-6	0.000000E+0	8.993398E-6	2.915095E-4	0.000000E+0	0.000000E+0	0.000000E+0
1.241851E+2	-3.383063E+3	3.480000E-1	4.155990E+17	-1.823473E+17	2.030778E-6	0.000000E+0	1.083589E-5	2.951924E-4	0.000000E+0	0.000000E+0	0.000000E+0
1.070325E+2	-3.341798E+3	4.110000E-1	-4.316353E+17	4.857998E-18	3.862857E-6	0.000000E+0	9.574365E-6	2.989335E-4	0.000000E+0	0.000000E+0	0.000000E+0
1.577874E+2	-3.302918E+3	4.750000E-1	-3.851510E-18	-6.447272E-18	4.645844E-6	0.000000E+0	1.443068E-5	3.020732E-4	0.000000E+0	0.000000E+0	0.000000E+0
1.511929E+2	-3.266632E+3	5.380000E-1	4.766215E-20	4.558806E+17	3.924324E-6	0.000000E+0	1.413844E-5	3.054713E-4	0.000000E+0	0.000000E+0	0.000000E+0
1.128015E+2	-3.233166E+3	6.010000E-1	1.388541E-18	6.784133E-18	4.224235E-6	0.000000E+0	1.077781E-5	3.089183E-4	0.000000E+0	0.000000E+0	0.000000E+0
9.243335E+1	-3.201364E+3	6.650000E-1	4.752240E+17	-1.630679E-19	7.050105E-6	0.000000E+0	9.011492E-6	3.121067E-4	0.000000E+0	0.000000E+0	0.000000E+0
1.639480E+2	-3.175980E+3	7.280000E-1	-7.966684E-19	6.323277E-18	2.242788E-6	0.000000E+0	1.621044E-5	3.140266E-4	0.000000E+0	0.000000E+0	0.000000E+0
1.003071E+2	-3.147660E+3	7.910000E-1	-4.344318E+17	2.055147E+17	3.053439E-6	0.000000E+0	1.011382E-5	3.173740E-4	0.000000E+0	0.000000E+0	0.000000E+0
1.463962E+2	-3.121886E+3	8.540000E-1	-6.904437E-18	-8.375564E+16	1.821176E-6	0.000000E+0	1.498793E-5	3.196164E-4	0.000000E+0	0.000000E+0	0.000000E+0
1.481699E+2	-3.097045E+3	9.180000E-1	2.547940E-18	-3.572836E+16	5.612783E-7	0.000000E+0	1.541246E-5	3.221511E-4	0.000000E+0	0.000000E+0	0.000000E+0
1.509026E+2	-3.073999E+3	9.810000E-1	-1.554615E+17	1.089551E+17	2.904071E-6	0.000000E+0	1.593103E-5	3.245271E-4	0.000000E+0	0.000000E+0	0.000000E+0
1.171333E+2	-3.053045E+3	1.044000E+0	-5.196819E+17	1.790907E+17	-3.710738E-7	0.000000E+0	1.254802E-5	3.270604E-4	0.000000E+0	0.000000E+0	0.000000E+0
1.410593E+2	-3.032938E+3	1.108000E+0	3.883601E+17	-5.707470E+17	2.454821E-6	0.000000E+0	1.530158E-5	3.290016E-4	0.000000E+0	0.000000E+0	0.000000E+0
1.616355E+2	-3.014990E+3	1.171000E+0	-2.820974E+17	-3.573572E+17	4.286907E-6	0.000000E+0	1.773040E-5	3.307255E-4	0.000000E+0	0.000000E+0	0.000000E+0
1.600718E+2	-2.997771E+3	1.234000E+0	7.433461E+16	-3.421240E+17	5.097558E-6	0.000000E+0	1.776157E-5	3.326328E-4	0.000000E+0	0.000000E+0	0.000000E+0
1.099924E+2	-2.981023E+3	1.297000E+0	5.229813E-18	-4.922483E+17	1.822409E-6	0.000000E+0	1.236065E-5	3.349992E-4	0.000000E+0	0.000000E+0	0.000000E+0
7.855762E+1	-2.966103E+3	1.361000E+0	5.364476E+17	-2.872230E+17	2.605397E-6	0.000000E+0	8.923009E-6	3.369064E-4	0.000000E+0	0.000000E+0	0.000000E+0
1.727812E+2	-2.954878E+3	1.424000E+0	-1.432962E-18	1.659667E-18	1.883847E-6	0.000000E+0	1.972128E-5	3.372703E-4	0.000000E+0	0.000000E+0	0.000000E+0
1.312241E+2	-2.941866E+3	1.487000E+0	9.169370E+16	2.296609E-18	2.183784E-6	0.000000E+0	1.513229E-5	3.392453E-4	0.000000E+0	0.000000E+0	0.000000E+0
1.331865E+2	-2.928414E+3	1.551000E+0	4.020179E+17	1.945249E+17	3.477486E-6	0.000000E+0	1.549879E-5	3.407769E-4	0.000000E+0	0.000000E+0	0.000000E+0
1.284771E+2	-2.916961E+3	1.614000E+0	1.297458E-18	4.035830E-18	4.288144E-6	0.000000E+0	1.507033E-5	3.421588E-4	0.000000E+0	0.000000E+0	0.000000E+0
1.078901E+2	-2.905611E+3	1.677000E+0	-2.680827E+17	-5.492346E+17	2.545159E-6	0.000000E+0	1.276169E-5	3.436878E-4	0.000000E+0	0.000000E+0	0.000000E+0
1.342407E+2	-2.895477E+3	1.741000E+0	5.241939E+17	-4.156391E-18	3.328118E-6	0.000000E+0	1.597760E-5	3.446255E-4	0.000000E+0	0.000000E+0	0.000000E+0
1.642078E+2	-2.885945E+3	1.804000E+0	2.579781E+17	4.569569E-19	1.585140E-6	0.000000E+0	1.965232E-5	3.453887E-4	0.000000E+0	0.000000E+0	0.000000E+0
1.668691E+2	-2.877564E+3	1.867000E+0	2.915631E-18	4.874939E+16	2.395798E-6	0.000000E+0	2.008482E-5	3.463515E-4	0.000000E+0	0.000000E+0	0.000000E+0
1.511262E+2	-2.869083E+3	1.930000E+0	-1.980651E+17	1.958093E+16	5.760077E-6	0.000000E+0	1.830839E-5	3.475790E-4	0.000000E+0	0.000000E+0	0.000000E+0
1.174526E+2	-2.860847E+3	1.994000E+0	-2.714796E-18	3.559669E+13	4.500143E-6	0.000000E+0	1.432656E-5	3.489587E-4	0.000000E+0	0.000000E+0	0.000000E+0
1.047759E+2	-2.853675E+3	2.057000E+0	5.785012E-19	5.234687E+17	2.246466E-6	0.000000E+0	1.284894E-5	3.499536E-4	0.000000E+0	0.000000E+0	0.000000E+0
1.605005E+2	-2.847307E+3	2.120000E+0	-2.375065E+17	1.295985E-19	5.099995E-6	0.000000E+0	1.973468E-5	3.500966E-4	0.000000E+0	0.000000E+0	0.000000E+0
1.430583E+2	-2.840779E+3	2.184000E+0	-5.351627E-18	2.391872E+17	3.840061E-6	0.000000E+0	1.768228E-5	3.511257E-4	0.000000E+0	0.000000E+0	0.000000E+0
1.425488E+2	-2.834635E+3	2.247000E+0	2.587907E+17	2.524315E-18	4.650719E-6	0.000000E+0	1.769589E-5	3.518892E-4	0.000000E+0	0.000000E+0	0.000000E+0
1.340967E+2	-2.829122E+3	2.310000E+0	-3.127958E+17	-9.739274E-19	3.418463E-6	0.000000E+0	1.671630E-5	3.526742E-4	0.000000E+0	0.000000E+0	0.000000E+0
1.312974E+2	-2.823732E+3	2.373000E+0	6.653737E-18	-4.395315E+17	4.229121E-6	0.000000E+0	1.643127E-5	3.533772E-4	0.000000E+0	0.000000E+0	0.000000E+0
1.414060E+2	-2.818152E+3	2.437000E+0	-1.137863E-18	-4.190346E+17	6.033559E-6	0.000000E+0	1.776016E-5	3.539513E-4	0.000000E+0	0.000000E+0	0.000000E+0
1.666719E+2	-2.813456E+3	2.500000E+0	-9.275714E-19	-3.780149E-18	2.247660E-6	0.000000E+0	2.098266E-5	3.541917E-4	0.000000E+0	0.000000E+0	0.000000E+0
