Real / Ohm	Ximag / Ohm	V_DC / V	I_a c / A	V_ac / V	I_DC / A
1.565139E+2	-4.731455E+3	2.500000E+0	-9.275714E-19	-3.780149E-18	2.247660E-6	1.000000E+6	6.983747E-6	2.111205E-4	0.000000E+0	0.000000E+0	0.000000E+0
1.625969E+2	-4.776328E+3	2.437000E+0	-1.137863E-18	-4.190346E+17	-1.627326E-6	0.000000E+0	7.119032E-6	2.091235E-4	0.000000E+0	0.000000E+0	0.000000E+0
1.683218E+2	-4.804027E+3	2.373000E+0	6.653737E-18	-4.395315E+17	-1.388849E-6	0.000000E+0	7.284448E-6	2.079035E-4	0.000000E+0	0.000000E+0	0.000000E+0
1.757429E+2	-4.829906E+3	2.310000E+0	-3.127958E+17	-9.739274E-19	3.541209E-7	0.000000E+0	7.523602E-6	2.067696E-4	0.000000E+0	0.000000E+0	0.000000E+0
1.747837E+2	-4.855796E+3	2.247000E+0	2.587907E+17	2.524315E-18	2.097091E-6	0.000000E+0	7.403170E-6	2.056730E-4	0.000000E+0	0.000000E+0	0.000000E+0
1.764202E+2	-4.882604E+3	2.184000E+0	-5.351627E-18	2.391872E+17	-7.564522E-7	0.000000E+0	7.390583E-6	2.045417E-4	0.000000E+0	0.000000E+0	0.000000E+0
1.908049E+2	-4.911460E+3	2.120000E+0	-2.375065E+17	1.295985E-19	-4.093032E-6	0.000000E+0	7.897931E-6	2.032986E-4	0.000000E+0	0.000000E+0	0.000000E+0
1.800972E+2	-4.940396E+3	2.057000E+0	5.785012E-19	5.234687E+17	1.225009E-6	0.000000E+0	7.368968E-6	2.021443E-4	0.000000E+0	0.000000E+0	0.000000E+0
1.779402E+2	-4.969348E+3	1.994000E+0	-2.714796E-18	3.559669E+13	-9.637006E-8	0.000000E+0	7.196457E-6	2.009760E-4	0.000000E+0	0.000000E+0	0.000000E+0
1.756167E+2	-4.999165E+3	1.930000E+0	-1.980651E+17	1.958093E+16	-8.793504E-7	0.000000E+0	7.018354E-6	1.997869E-4	0.000000E+0	0.000000E+0	0.000000E+0
1.743550E+2	-5.030538E+3	1.867000E+0	2.915631E-18	4.874939E+16	8.636271E-7	0.000000E+0	6.881516E-6	1.985474E-4	0.000000E+0	0.000000E+0	0.000000E+0
1.745032E+2	-5.062774E+3	1.804000E+0	2.579781E+17	4.569569E-19	-1.479202E-6	0.000000E+0	6.800027E-6	1.972858E-4	0.000000E+0	0.000000E+0	0.000000E+0
1.744014E+2	-5.095374E+3	1.741000E+0	5.241939E+17	-4.156391E-18	2.637753E-7	0.000000E+0	6.709488E-6	1.960268E-4	0.000000E+0	0.000000E+0	0.000000E+0
1.727559E+2	-5.128870E+3	1.677000E+0	-2.680827E+17	-5.492346E+17	1.523702E-6	0.000000E+0	6.559898E-6	1.947538E-4	0.000000E+0	0.000000E+0	0.000000E+0
1.721206E+2	-5.163426E+3	1.614000E+0	1.297458E-18	4.035830E-18	7.130584E-7	0.000000E+0	6.448736E-6	1.934549E-4	0.000000E+0	0.000000E+0	0.000000E+0
1.718894E+2	-5.197455E+3	1.551000E+0	4.020179E+17	1.945249E+17	9.238574E-7	0.000000E+0	6.356131E-6	1.921916E-4	0.000000E+0	0.000000E+0	0.000000E+0
1.786646E+2	-5.233549E+3	1.487000E+0	9.169370E+16	2.296609E-18	1.408698E-7	0.000000E+0	6.515385E-6	1.908525E-4	0.000000E+0	0.000000E+0	0.000000E+0
1.826804E+2	-5.270909E+3	1.424000E+0	-1.432962E-18	1.659667E-18	1.373133E-6	0.000000E+0	6.567492E-6	1.894930E-4	0.000000E+0	0.000000E+0	0.000000E+0
1.855203E+2	-5.309358E+3	1.361000E+0	5.364476E+17	-2.872230E+17	-4.589747E-7	0.000000E+0	6.573210E-6	1.881170E-4	0.000000E+0	0.000000E+0	0.000000E+0
1.694668E+2	-5.349891E+3	1.297000E+0	5.229813E-18	-4.922483E+17	-7.312192E-7	0.000000E+0	5.915061E-6	1.867323E-4	0.000000E+0	0.000000E+0	0.000000E+0
1.677324E+2	-5.389088E+3	1.234000E+0	7.433461E+16	-3.421240E+17	-5.204129E-7	0.000000E+0	5.769868E-6	1.853806E-4	0.000000E+0	0.000000E+0	0.000000E+0
1.665903E+2	-5.432358E+3	1.171000E+0	-2.820974E+17	-3.573572E+17	1.733279E-6	0.000000E+0	5.639813E-6	1.839092E-4	0.000000E+0	0.000000E+0	0.000000E+0
1.658550E+2	-5.478392E+3	1.108000E+0	3.883601E+17	-5.707470E+17	-2.652436E-6	0.000000E+0	5.521086E-6	1.823682E-4	0.000000E+0	0.000000E+0	0.000000E+0
1.645728E+2	-5.527226E+3	1.044000E+0	-5.196819E+17	1.790907E+17	6.503833E-7	0.000000E+0	5.382187E-6	1.807623E-4	0.000000E+0	0.000000E+0	0.000000E+0
1.637422E+2	-5.578350E+3	9.810000E-1	-1.554615E+17	1.089551E+17	-3.735327E-6	0.000000E+0	5.257449E-6	1.791102E-4	0.000000E+0	0.000000E+0	0.000000E+0
1.626890E+2	-5.633179E+3	9.180000E-1	2.547940E-18	-3.572836E+16	5.053516E-8	0.000000E+0	5.122583E-6	1.773717E-4	0.000000E+0	0.000000E+0	0.000000E+0
1.634609E+2	-5.691695E+3	8.540000E-1	-6.904437E-18	-8.375564E+16	7.997478E-7	0.000000E+0	5.041649E-6	1.755498E-4	0.000000E+0	0.000000E+0	0.000000E+0
1.685293E+2	-5.755609E+3	7.910000E-1	-4.344318E+17	2.055147E+17	-1.032360E-6	0.000000E+0	5.083006E-6	1.735947E-4	0.000000E+0	0.000000E+0	0.000000E+0
1.756147E+2	-5.824277E+3	7.280000E-1	-7.966684E-19	6.323277E-18	-1.843011E-6	0.000000E+0	5.172282E-6	1.715392E-4	0.000000E+0	0.000000E+0	0.000000E+0
1.731758E+2	-5.900781E+3	6.650000E-1	4.752240E+17	-1.630679E-19	4.107060E-7	0.000000E+0	4.969290E-6	1.693233E-4	0.000000E+0	0.000000E+0	0.000000E+0
1.637480E+2	-5.987763E+3	6.010000E-1	1.388541E-18	6.784133E-18	3.713521E-6	0.000000E+0	4.563753E-6	1.668825E-4	0.000000E+0	0.000000E+0	0.000000E+0
1.654092E+2	-6.082594E+3	5.380000E-1	4.766215E-20	4.558806E+17	8.599818E-7	0.000000E+0	4.467463E-6	1.642821E-4	0.000000E+0	0.000000E+0	0.000000E+0
1.671338E+2	-6.194891E+3	4.750000E-1	-3.851510E-18	-6.447272E-18	-4.614121E-7	0.000000E+0	4.351920E-6	1.613059E-4	0.000000E+0	0.000000E+0	0.000000E+0
1.701436E+2	-6.332018E+3	4.110000E-1	-4.316353E+17	4.857998E-18	4.373600E-6	0.000000E+0	4.240508E-6	1.578136E-4	0.000000E+0	0.000000E+0	0.000000E+0
1.749209E+2	-6.490909E+3	3.480000E-1	4.155990E+17	-1.823473E+17	1.009321E-6	0.000000E+0	4.148732E-6	1.539498E-4	0.000000E+0	0.000000E+0	0.000000E+0
1.791802E+2	-6.683708E+3	2.850000E-1	-3.194767E-18	5.558819E-18	-8.227889E-7	0.000000E+0	4.008142E-6	1.495101E-4	0.000000E+0	0.000000E+0	0.000000E+0
1.865010E+2	-6.914092E+3	2.220000E-1	-3.021231E-18	1.453293E+17	4.094727E-7	0.000000E+0	3.898477E-6	1.445270E-4	0.000000E+0	0.000000E+0	0.000000E+0
2.110674E+2	-7.184627E+3	1.580000E-1	-1.067025E+17	-4.510080E+17	2.690829E-6	0.000000E+0	4.085433E-6	1.390661E-4	0.000000E+0	0.000000E+0	0.000000E+0
2.077993E+2	-7.487852E+3	9.500000E-2	-4.715168E+17	-5.436513E+17	-6.734222E-7	0.000000E+0	3.703354E-6	1.334469E-4	0.000000E+0	0.000000E+0	0.000000E+0
2.327534E+2	-7.830280E+3	3.200000E-2	-3.096135E+17	4.406614E-18	2.091011E-6	0.000000E+0	3.792782E-6	1.275966E-4	0.000000E+0	0.000000E+0	0.000000E+0
2.589648E+2	-8.226795E+3	-3.200000E-2	-9.427576E-19	-9.422141E-19	1.818739E-6	0.000000E+0	3.822516E-6	1.214337E-4	0.000000E+0	0.000000E+0	0.000000E+0
2.658091E+2	-8.673910E+3	-9.500000E-2	-4.717429E+17	-4.925467E+17	4.973731E-7	0.000000E+0	3.529656E-6	1.151801E-4	0.000000E+0	0.000000E+0	0.000000E+0
2.966274E+2	-9.222352E+3	-1.580000E-1	-2.971689E+17	-4.901914E-18	1.974640E-7	0.000000E+0	3.484005E-6	1.083201E-4	0.000000E+0	0.000000E+0	0.000000E+0
3.444702E+2	-9.917492E+3	-2.220000E-1	-1.478444E+17	2.700612E+17	-1.096236E-6	0.000000E+0	3.498036E-6	1.007104E-4	0.000000E+0	0.000000E+0	0.000000E+0
4.109131E+2	-1.085033E+4	-2.850000E-1	-5.609192E+17	2.120590E-18	-8.854604E-7	0.000000E+0	3.485312E-6	9.203110E-5	0.000000E+0	0.000000E+0	0.000000E+0
5.096602E+2	-1.218804E+4	-3.480000E-1	-1.696221E+17	-6.427781E-19	8.575153E-7	0.000000E+0	3.424950E-6	8.190443E-5	0.000000E+0	0.000000E+0	0.000000E+0
6.541719E+2	-1.423612E+4	-4.110000E-1	2.837111E-18	-1.599031E-19	5.576076E-7	0.000000E+0	3.221013E-6	7.009585E-5	0.000000E+0	0.000000E+0	0.000000E+0
8.797178E+2	-1.751268E+4	-4.750000E-1	-4.319920E+17	-4.172230E+17	1.817534E-6	0.000000E+0	2.861170E-6	5.695776E-5	0.000000E+0	0.000000E+0	0.000000E+0
1.188656E+3	-2.259274E+4	-5.380000E-1	-5.506723E-18	4.358505E+16	4.071226E-6	0.000000E+0	2.322298E-6	4.413982E-5	0.000000E+0	0.000000E+0	0.000000E+0
1.778965E+3	-3.007655E+4	-6.010000E-1	4.410889E+17	3.940187E-18	1.217686E-6	0.000000E+0	1.959723E-6	3.313258E-5	0.000000E+0	0.000000E+0	0.000000E+0
2.935357E+3	-3.977418E+4	-6.650000E-1	3.887097E+16	1.860550E+17	-7.601193E-8	0.000000E+0	1.845438E-6	2.500574E-5	0.000000E+0	0.000000E+0	0.000000E+0
4.896746E+3	-5.061152E+4	-7.280000E-1	-4.775830E-18	6.132215E-18	4.220561E-6	0.000000E+0	1.893923E-6	1.957511E-5	0.000000E+0	0.000000E+0	0.000000E+0
7.143965E+3	-6.161717E+4	-7.910000E-1	-1.773302E-18	1.902529E-18	2.388482E-6	0.000000E+0	1.856679E-6	1.601398E-5	0.000000E+0	0.000000E+0	0.000000E+0
8.768551E+3	-7.212494E+4	-8.540000E-1	-7.520591E+15	-3.386204E-18	-4.650537E-7	0.000000E+0	1.661058E-6	1.366289E-5	0.000000E+0	0.000000E+0	0.000000E+0
9.229191E+3	-8.107161E+4	-9.180000E-1	2.088264E+17	-2.556168E+17	2.327015E-6	0.000000E+0	1.386226E-6	1.217697E-5	0.000000E+0	0.000000E+0	0.000000E+0
8.919750E+3	-8.793641E+4	-9.810000E-1	5.232688E+17	-4.633991E+17	-1.577791E-8	0.000000E+0	1.141746E-6	1.125604E-5	0.000000E+0	0.000000E+0	0.000000E+0
8.443391E+3	-9.315583E+4	-1.044000E+0	-1.291944E-18	-5.342346E-18	-3.157184E-7	0.000000E+0	9.650362E-7	1.064723E-5	0.000000E+0	0.000000E+0	0.000000E+0
8.305680E+3	-9.773330E+4	-1.108000E+0	-5.203440E-18	3.830367E-18	4.335016E-7	0.000000E+0	8.633061E-7	1.015856E-5	0.000000E+0	0.000000E+0	0.000000E+0
8.123820E+3	-1.016518E+5	-1.171000E+0	2.472319E-19	-1.518024E+17	1.665729E-6	0.000000E+0	7.812053E-7	9.775072E-6	0.000000E+0	0.000000E+0	0.000000E+0
8.037453E+3	-1.051593E+5	-1.234000E+0	1.311717E+15	5.157902E-18	8.550778E-7	0.000000E+0	7.225925E-7	9.454154E-6	0.000000E+0	0.000000E+0	0.000000E+0
8.040602E+3	-1.085015E+5	-1.297000E+0	-1.016338E-18	-5.687810E-18	2.598055E-6	0.000000E+0	6.792640E-7	9.166125E-6	0.000000E+0	0.000000E+0	0.000000E+0
8.071992E+3	-1.113735E+5	-1.361000E+0	-6.256276E-18	1.399337E+17	-1.249275E-6	0.000000E+0	6.473537E-7	8.931878E-6	0.000000E+0	0.000000E+0	0.000000E+0
7.964703E+3	-1.141443E+5	-1.424000E+0	2.698511E+17	2.405250E+17	2.536559E-6	0.000000E+0	6.083475E-7	8.718391E-6	0.000000E+0	0.000000E+0	0.000000E+0
7.986680E+3	-1.164392E+5	-1.487000E+0	-3.870894E-18	-2.240669E+17	1.937660E-7	0.000000E+0	5.863129E-7	8.547957E-6	0.000000E+0	0.000000E+0	0.000000E+0
7.816281E+3	-1.186868E+5	-1.551000E+0	8.610784E+16	1.699868E-17	9.429787E-7	0.000000E+0	5.524791E-7	8.389153E-6	0.000000E+0	0.000000E+0	0.000000E+0
7.784156E+3	-1.201548E+5	-1.614000E+0	2.127762E-18	3.273865E+15	1.323206E-7	0.000000E+0	5.369210E-7	8.287813E-6	0.000000E+0	0.000000E+0	0.000000E+0
7.923164E+3	-1.216047E+5	-1.677000E+0	8.036571E+16	-4.936752E+17	1.364591E-6	0.000000E+0	5.335292E-7	8.188604E-6	0.000000E+0	0.000000E+0	0.000000E+0
7.890813E+3	-1.228776E+5	-1.741000E+0	-6.504745E+16	2.369913E+17	1.603032E-6	0.000000E+0	5.204620E-7	8.104757E-6	0.000000E+0	0.000000E+0	0.000000E+0
7.821938E+3	-1.236210E+5	-1.804000E+0	5.942414E-18	5.135457E+17	3.346009E-6	0.000000E+0	5.097939E-7	8.056984E-6	0.000000E+0	0.000000E+0	0.000000E+0
7.890000E+3	-1.244040E+5	-1.867000E+0	-5.521899E-18	3.493290E-18	1.513923E-6	0.000000E+0	5.077675E-7	8.006123E-6	0.000000E+0	0.000000E+0	0.000000E+0
7.763937E+3	-1.251395E+5	-1.930000E+0	2.907620E+17	-1.496570E-18	7.032722E-7	0.000000E+0	4.938837E-7	7.960440E-6	0.000000E+0	0.000000E+0	0.000000E+0
7.830797E+3	-1.257301E+5	-1.994000E+0	-2.654747E-18	4.664409E-18	-1.101136E-6	0.000000E+0	4.934533E-7	7.922811E-6	0.000000E+0	0.000000E+0	0.000000E+0
7.619891E+3	-1.259942E+5	-2.057000E+0	6.234127E-18	-3.929323E-18	2.684683E-6	0.000000E+0	4.782578E-7	7.907949E-6	0.000000E+0	0.000000E+0	0.000000E+0
7.906305E+3	-1.263133E+5	-2.120000E+0	8.250878E-19	2.832976E+17	2.384812E-6	0.000000E+0	4.936024E-7	7.885927E-6	0.000000E+0	0.000000E+0	0.000000E+0
7.856305E+3	-1.266579E+5	-2.184000E+0	4.508571E+17	-2.686618E+17	5.803449E-7	0.000000E+0	4.878497E-7	7.865023E-6	0.000000E+0	0.000000E+0	0.000000E+0
7.746484E+3	-1.265817E+5	-2.247000E+0	2.517955E+17	3.793714E+16	2.323315E-6	0.000000E+0	4.816586E-7	7.870560E-6	0.000000E+0	0.000000E+0	0.000000E+0
8.035211E+3	-1.270902E+5	-2.310000E+0	-6.627993E-18	5.176251E+17	1.512715E-6	0.000000E+0	4.954965E-7	7.837100E-6	0.000000E+0	0.000000E+0	0.000000E+0
7.833672E+3	-1.270206E+5	-2.373000E+0	-5.704680E+17	1.371951E+17	2.234199E-6	0.000000E+0	4.836914E-7	7.842908E-6	0.000000E+0	0.000000E+0	0.000000E+0
7.791562E+3	-1.272243E+5	-2.437000E+0	-1.853759E+17	6.906363E-18	3.494133E-6	0.000000E+0	4.795772E-7	7.830763E-6	0.000000E+0	0.000000E+0	0.000000E+0
7.798766E+3	-1.276189E+5	-2.500000E+0	-3.567381E+17	-5.153844E-18	6.405753E-7	0.000000E+0	4.770645E-7	7.806677E-6	0.000000E+0	0.000000E+0	0.000000E+0
