Real / Ohm	Ximag / Ohm	V_DC / V	I_a c / A	V_ac / V	I_DC / A
7.707637E+2	-1.588644E+4	-2.500000E+0	-3.567381E+17	-5.153844E-18	2.172776E-6	1.000000E+7	3.046821E-6	6.279894E-5	0.000000E+0	0.000000E+0	0.000000E+0
7.434766E+2	-1.519688E+4	-2.437000E+0	-1.853759E+17	6.906363E-18	2.472705E-6	0.000000E+0	3.211591E-6	6.564586E-5	0.000000E+0	0.000000E+0	0.000000E+0
6.613052E+2	-1.455913E+4	-2.373000E+0	-5.704680E+17	1.371951E+17	4.787827E-6	0.000000E+0	3.113408E-6	6.854401E-5	0.000000E+0	0.000000E+0	0.000000E+0
6.281382E+2	-1.408476E+4	-2.310000E+0	-6.627993E-18	5.176251E+17	1.512715E-6	0.000000E+0	3.160046E-6	7.085780E-5	0.000000E+0	0.000000E+0	0.000000E+0
7.377944E+2	-1.347601E+4	-2.247000E+0	2.517955E+17	3.793714E+16	2.323315E-6	0.000000E+0	4.050540E-6	7.398418E-5	0.000000E+0	0.000000E+0	0.000000E+0
5.720181E+2	-1.285725E+4	-2.184000E+0	4.508571E+17	-2.686618E+17	2.112545E-6	0.000000E+0	3.453463E-6	7.762349E-5	0.000000E+0	0.000000E+0	0.000000E+0
6.973882E+2	-1.221538E+4	-2.120000E+0	8.250878E-19	2.832976E+17	1.363325E-6	0.000000E+0	4.658514E-6	8.159805E-5	0.000000E+0	0.000000E+0	0.000000E+0
7.088379E+2	-1.156553E+4	-2.057000E+0	6.234127E-18	-3.929323E-18	2.684683E-6	0.000000E+0	5.279436E-6	8.614026E-5	0.000000E+0	0.000000E+0	0.000000E+0
6.449199E+2	-1.097956E+4	-1.994000E+0	-2.654747E-18	4.664409E-18	1.963206E-6	0.000000E+0	5.331386E-6	9.076517E-5	0.000000E+0	0.000000E+0	0.000000E+0
6.307144E+2	-1.059801E+4	-1.930000E+0	2.907620E+17	-1.496570E-18	2.746187E-6	0.000000E+0	5.595626E-6	9.402433E-5	0.000000E+0	0.000000E+0	0.000000E+0
7.654033E+2	-1.050234E+4	-1.867000E+0	-5.521899E-18	3.493290E-18	3.556837E-6	0.000000E+0	6.902677E-6	9.471381E-5	0.000000E+0	0.000000E+0	0.000000E+0
7.575083E+2	-1.043497E+4	-1.804000E+0	5.942414E-18	5.135457E+17	1.303095E-6	0.000000E+0	6.920259E-6	9.532925E-5	0.000000E+0	0.000000E+0	0.000000E+0
6.122412E+2	-1.032533E+4	-1.741000E+0	-6.504745E+16	2.369913E+17	3.645946E-6	0.000000E+0	5.722561E-6	9.650989E-5	0.000000E+0	0.000000E+0	0.000000E+0
6.459331E+2	-1.018470E+4	-1.677000E+0	8.036571E+16	-4.936752E+17	8.538191E-7	0.000000E+0	6.202227E-6	9.779314E-5	0.000000E+0	0.000000E+0	0.000000E+0
6.781792E+2	-1.007219E+4	-1.614000E+0	2.127762E-18	3.273865E+15	2.175177E-6	0.000000E+0	6.654757E-6	9.883520E-5	0.000000E+0	0.000000E+0	0.000000E+0
7.313584E+2	-9.838389E+3	-1.551000E+0	8.610784E+16	1.699868E-17	4.007321E-6	0.000000E+0	7.514307E-6	1.010841E-4	0.000000E+0	0.000000E+0	0.000000E+0
6.777813E+2	-9.494201E+3	-1.487000E+0	-3.870894E-18	-2.240669E+17	1.725966E-6	0.000000E+0	7.481093E-6	1.047934E-4	0.000000E+0	0.000000E+0	0.000000E+0
7.279131E+2	-9.128475E+3	-1.424000E+0	2.698511E+17	2.405250E+17	4.068759E-6	0.000000E+0	8.680211E-6	1.088552E-4	0.000000E+0	0.000000E+0	0.000000E+0
5.785078E+2	-8.657195E+3	-1.361000E+0	-6.256276E-18	1.399337E+17	2.828674E-7	0.000000E+0	7.684574E-6	1.149973E-4	0.000000E+0	0.000000E+0	0.000000E+0
4.894341E+2	-8.018847E+3	-1.297000E+0	-1.016338E-18	-5.687810E-18	5.151684E-6	0.000000E+0	7.583252E-6	1.242434E-4	0.000000E+0	0.000000E+0	0.000000E+0
4.289768E+2	-7.163912E+3	-1.234000E+0	1.311717E+15	5.157902E-18	3.443638E-7	0.000000E+0	8.328732E-6	1.390898E-4	0.000000E+0	0.000000E+0	0.000000E+0
4.698496E+2	-6.071843E+3	-1.171000E+0	2.472319E-19	-1.518024E+17	1.335575E-7	0.000000E+0	1.266850E-5	1.637143E-4	0.000000E+0	0.000000E+0	0.000000E+0
4.075918E+2	-4.935953E+3	-1.108000E+0	-5.203440E-18	3.830367E-18	2.476387E-6	0.000000E+0	1.661621E-5	2.012230E-4	0.000000E+0	0.000000E+0	0.000000E+0
2.873152E+2	-3.992168E+3	-1.044000E+0	-1.291944E-18	-5.342346E-18	1.950248E-7	0.000000E+0	1.793483E-5	2.491997E-4	0.000000E+0	0.000000E+0	0.000000E+0
2.202335E+2	-3.316415E+3	-9.810000E-1	5.232688E+17	-4.633991E+17	3.559278E-6	0.000000E+0	1.993585E-5	3.002065E-4	0.000000E+0	0.000000E+0	0.000000E+0
2.408267E+2	-2.877512E+3	-9.180000E-1	2.088264E+17	-2.556168E+17	3.348472E-6	0.000000E+0	2.888278E-5	3.451052E-4	0.000000E+0	0.000000E+0	0.000000E+0
1.872056E+2	-2.533507E+3	-8.540000E-1	-7.520591E+15	-3.386204E-18	2.599289E-6	0.000000E+0	2.900747E-5	3.925664E-4	0.000000E+0	0.000000E+0	0.000000E+0
1.972736E+2	-2.265842E+3	-7.910000E-1	-1.773302E-18	1.902529E-18	8.563111E-7	0.000000E+0	3.813556E-5	4.380168E-4	0.000000E+0	0.000000E+0	0.000000E+0
2.377891E+2	-2.044481E+3	-7.280000E-1	-4.775830E-18	6.132215E-18	5.752761E-6	0.000000E+0	5.612938E-5	4.825934E-4	0.000000E+0	0.000000E+0	0.000000E+0
1.752217E+2	-1.844309E+3	-6.650000E-1	3.887097E+16	1.860550E+17	5.031216E-6	0.000000E+0	5.105262E-5	5.373582E-4	0.000000E+0	0.000000E+0	0.000000E+0
1.643756E+2	-1.670073E+3	-6.010000E-1	4.410889E+17	3.940187E-18	5.303486E-6	0.000000E+0	5.836864E-5	5.930313E-4	0.000000E+0	0.000000E+0	0.000000E+0
1.283328E+2	-1.541515E+3	-5.380000E-1	-5.506723E-18	4.358505E+16	4.581940E-6	0.000000E+0	5.363429E-5	6.442474E-4	0.000000E+0	0.000000E+0	0.000000E+0
1.569546E+2	-1.447329E+3	-4.750000E-1	-4.319920E+17	-4.172230E+17	2.838962E-6	0.000000E+0	7.405629E-5	6.828969E-4	0.000000E+0	0.000000E+0	0.000000E+0
1.489924E+2	-1.379100E+3	-4.110000E-1	2.837111E-18	-1.599031E-19	3.621950E-6	0.000000E+0	7.743423E-5	7.167449E-4	0.000000E+0	0.000000E+0	0.000000E+0
9.722473E+1	-1.325870E+3	-3.480000E-1	-1.696221E+17	-6.427781E-19	3.411144E-6	0.000000E+0	5.501053E-5	7.501879E-4	0.000000E+0	0.000000E+0	0.000000E+0
6.184265E+1	-1.283486E+3	-2.850000E-1	-5.609192E+17	2.120590E-18	3.711082E-6	0.000000E+0	3.745404E-5	7.773234E-4	0.000000E+0	0.000000E+0	0.000000E+0
1.475725E+2	-1.251068E+3	-2.220000E-1	-1.478444E+17	2.700612E+17	5.032449E-6	0.000000E+0	9.299134E-5	7.883481E-4	0.000000E+0	0.000000E+0	0.000000E+0
9.199414E+1	-1.218317E+3	-1.580000E-1	-2.971689E+17	-4.901914E-18	3.772520E-6	0.000000E+0	6.162691E-5	8.161510E-4	0.000000E+0	0.000000E+0	0.000000E+0
9.398090E+1	-1.191384E+3	-9.500000E-2	-4.717429E+17	-4.925467E+17	3.561715E-6	0.000000E+0	6.580244E-5	8.341692E-4	0.000000E+0	0.000000E+0	0.000000E+0
1.259874E+2	-1.166741E+3	-3.200000E-2	-9.427576E-19	-9.422141E-19	4.372367E-6	0.000000E+0	9.148366E-5	8.472096E-4	0.000000E+0	0.000000E+0	0.000000E+0
8.652051E+1	-1.143825E+3	3.200000E-2	-3.096135E+17	4.406614E-18	4.644610E-6	0.000000E+0	6.575399E-5	8.692859E-4	0.000000E+0	0.000000E+0	0.000000E+0
1.305044E+2	-1.125011E+3	9.500000E-2	-4.715168E+17	-5.436513E+17	4.433805E-6	0.000000E+0	1.017434E-4	8.770777E-4	0.000000E+0	0.000000E+0	0.000000E+0
1.282213E+2	-1.106020E+3	1.580000E-1	-1.067025E+17	-4.510080E+17	6.479440E-7	0.000000E+0	1.034276E-4	8.921524E-4	0.000000E+0	0.000000E+0	0.000000E+0
1.428138E+2	-1.089882E+3	2.220000E-1	-3.021231E-18	1.453293E+17	2.452387E-6	0.000000E+0	1.182000E-4	9.020421E-4	0.000000E+0	0.000000E+0	0.000000E+0
1.379928E+2	-1.074553E+3	2.850000E-1	-3.194767E-18	5.558819E-18	3.263011E-6	0.000000E+0	1.175701E-4	9.155213E-4	0.000000E+0	0.000000E+0	0.000000E+0
9.402246E+1	-1.058479E+3	3.480000E-1	4.155990E+17	-1.823473E+17	2.541492E-6	0.000000E+0	8.326334E-5	9.373557E-4	0.000000E+0	0.000000E+0	0.000000E+0
7.031812E+1	-1.045142E+3	4.110000E-1	-4.316353E+17	4.857998E-18	4.884314E-6	0.000000E+0	6.408482E-5	9.524961E-4	0.000000E+0	0.000000E+0	0.000000E+0
1.531422E+2	-1.034903E+3	4.750000E-1	-3.851510E-18	-6.447272E-18	3.624387E-6	0.000000E+0	1.399228E-4	9.455687E-4	0.000000E+0	0.000000E+0	0.000000E+0
1.278109E+2	-1.023341E+3	5.380000E-1	4.766215E-20	4.558806E+17	3.413581E-6	0.000000E+0	1.201724E-4	9.621824E-4	0.000000E+0	0.000000E+0	0.000000E+0
8.720453E+1	-1.011901E+3	6.010000E-1	1.388541E-18	6.784133E-18	3.202778E-6	0.000000E+0	8.453752E-5	9.809536E-4	0.000000E+0	0.000000E+0	0.000000E+0
9.924200E+1	-1.001982E+3	6.650000E-1	4.752240E+17	-1.630679E-19	3.475048E-6	0.000000E+0	9.788947E-5	9.883264E-4	0.000000E+0	0.000000E+0	0.000000E+0
9.759943E+1	-9.929700E+2	7.280000E-1	-7.966684E-19	6.323277E-18	3.264246E-6	0.000000E+0	9.803913E-5	9.974435E-4	0.000000E+0	0.000000E+0	0.000000E+0
1.274249E+2	-9.841233E+2	7.910000E-1	-4.344318E+17	2.055147E+17	3.564153E-6	0.000000E+0	1.294001E-4	9.993780E-4	0.000000E+0	0.000000E+0	0.000000E+0
1.436091E+2	-9.750652E+2	8.540000E-1	-6.904437E-18	-8.375564E+16	5.396261E-6	0.000000E+0	1.478409E-4	1.003798E-3	0.000000E+0	0.000000E+0	0.000000E+0
1.354680E+2	-9.687449E+2	9.180000E-1	2.547940E-18	-3.572836E+16	1.071992E-6	0.000000E+0	1.415817E-4	1.012465E-3	0.000000E+0	0.000000E+0	0.000000E+0
1.071927E+2	-9.611127E+2	9.810000E-1	-1.554615E+17	1.089551E+17	4.436268E-6	0.000000E+0	1.146167E-4	1.027678E-3	0.000000E+0	0.000000E+0	0.000000E+0
9.236365E+1	-9.529127E+2	1.044000E+0	-5.196819E+17	1.790907E+17	2.182554E-6	0.000000E+0	1.007706E-4	1.039647E-3	0.000000E+0	0.000000E+0	0.000000E+0
8.129224E+1	-9.467346E+2	1.108000E+0	3.883601E+17	-5.707470E+17	2.454821E-6	0.000000E+0	9.003312E-5	1.048531E-3	0.000000E+0	0.000000E+0	0.000000E+0
1.218608E+2	-9.446265E+2	1.171000E+0	-2.820974E+17	-3.573572E+17	1.733279E-6	0.000000E+0	1.343308E-4	1.041290E-3	0.000000E+0	0.000000E+0	0.000000E+0
1.406813E+2	-9.366051E+2	1.234000E+0	7.433461E+16	-3.421240E+17	3.565387E-6	0.000000E+0	1.568318E-4	1.044129E-3	0.000000E+0	0.000000E+0	0.000000E+0
9.193817E+1	-9.318885E+2	1.297000E+0	5.229813E-18	-4.922483E+17	2.333123E-6	0.000000E+0	1.048483E-4	1.062746E-3	0.000000E+0	0.000000E+0	0.000000E+0
1.358508E+2	-9.268398E+2	1.361000E+0	5.364476E+17	-2.872230E+17	2.605397E-6	0.000000E+0	1.548179E-4	1.056243E-3	0.000000E+0	0.000000E+0	0.000000E+0
9.486389E+1	-9.233260E+2	1.424000E+0	-1.432962E-18	1.659667E-18	4.437476E-6	0.000000E+0	1.101109E-4	1.071728E-3	0.000000E+0	0.000000E+0	0.000000E+0
1.035171E+2	-9.177889E+2	1.487000E+0	9.169370E+16	2.296609E-18	3.715955E-6	0.000000E+0	1.213491E-4	1.075888E-3	0.000000E+0	0.000000E+0	0.000000E+0
1.348560E+2	-9.143606E+2	1.551000E+0	4.020179E+17	1.945249E+17	2.456029E-6	0.000000E+0	1.578664E-4	1.070377E-3	0.000000E+0	0.000000E+0	0.000000E+0
1.453615E+2	-9.122988E+2	1.614000E+0	1.297458E-18	4.035830E-18	4.288144E-6	0.000000E+0	1.703284E-4	1.068993E-3	0.000000E+0	0.000000E+0	0.000000E+0
1.216237E+2	-9.087798E+2	1.677000E+0	-2.680827E+17	-5.492346E+17	2.545159E-6	0.000000E+0	1.446742E-4	1.081015E-3	0.000000E+0	0.000000E+0	0.000000E+0
1.006213E+2	-9.031241E+2	1.741000E+0	5.241939E+17	-4.156391E-18	2.637753E-7	0.000000E+0	1.218533E-4	1.093691E-3	0.000000E+0	0.000000E+0	0.000000E+0
1.224609E+2	-9.019838E+2	1.804000E+0	2.579781E+17	4.569569E-19	3.117311E-6	0.000000E+0	1.477976E-4	1.088601E-3	0.000000E+0	0.000000E+0	0.000000E+0
1.162310E+2	-9.019659E+2	1.867000E+0	2.915631E-18	4.874939E+16	4.949427E-6	0.000000E+0	1.405365E-4	1.090579E-3	0.000000E+0	0.000000E+0	0.000000E+0
1.224343E+2	-8.968645E+2	1.930000E+0	-1.980651E+17	1.958093E+16	5.249334E-6	0.000000E+0	1.494275E-4	1.094597E-3	0.000000E+0	0.000000E+0	0.000000E+0
9.946790E+1	-8.935647E+2	1.994000E+0	-2.714796E-18	3.559669E+13	2.967972E-6	0.000000E+0	1.230503E-4	1.105416E-3	0.000000E+0	0.000000E+0	0.000000E+0
1.083439E+2	-8.906263E+2	2.057000E+0	5.785012E-19	5.234687E+17	3.267894E-6	0.000000E+0	1.345965E-4	1.106432E-3	0.000000E+0	0.000000E+0	0.000000E+0
9.063885E+1	-8.897235E+2	2.120000E+0	-2.375065E+17	1.295985E-19	4.589281E-6	0.000000E+0	1.133236E-4	1.112400E-3	0.000000E+0	0.000000E+0	0.000000E+0
1.316177E+2	-8.869833E+2	2.184000E+0	-5.351627E-18	2.391872E+17	5.372232E-6	0.000000E+0	1.636909E-4	1.103127E-3	0.000000E+0	0.000000E+0	0.000000E+0
1.359088E+2	-8.851989E+2	2.247000E+0	2.587907E+17	2.524315E-18	5.161433E-6	0.000000E+0	1.694521E-4	1.103673E-3	0.000000E+0	0.000000E+0	0.000000E+0
1.281248E+2	-8.852739E+2	2.310000E+0	-3.127958E+17	-9.739274E-19	2.907749E-6	0.000000E+0	1.601308E-4	1.106418E-3	0.000000E+0	0.000000E+0	0.000000E+0
1.004962E+2	-8.821202E+2	2.373000E+0	6.653737E-18	-4.395315E+17	2.186236E-6	0.000000E+0	1.274951E-4	1.119107E-3	0.000000E+0	0.000000E+0	0.000000E+0
9.780353E+1	-8.788396E+2	2.437000E+0	-1.137863E-18	-4.190346E+17	3.990644E-6	0.000000E+0	1.250805E-4	1.123944E-3	0.000000E+0	0.000000E+0	0.000000E+0
1.343851E+2	-8.788567E+2	2.500000E+0	-9.275714E-19	-3.780149E-18	3.779831E-6	0.000000E+0	1.700112E-4	1.111846E-3	0.000000E+0	0.000000E+0	0.000000E+0
