Real / Ohm	Ximag / Ohm	V_DC / V	I_a c / A	V_ac / V	I_DC / A
7.567392E+0	5.200778E-3	2.000000E+0	-9.275714E-19	-3.780148E-18	5.802925E-2	1.000000E+3	1.321459E-1	-9.081878E-5	0.000000E+0	0.000000E+0	0.000000E+0
7.604641E+0	-1.199180E-4	1.886000E+0	-1.137863E-18	-4.188961E+17	5.466469E-2	0.000000E+0	1.314986E-1	2.073609E-6	0.000000E+0	0.000000E+0	0.000000E+0
7.594878E+0	-1.140462E-2	1.772000E+0	6.653843E-18	-4.395667E+17	5.131239E-2	0.000000E+0	1.316674E-1	1.977144E-4	0.000000E+0	0.000000E+0	0.000000E+0
7.599448E+0	-7.512124E-3	1.658000E+0	-3.848534E+17	-9.739225E-19	4.802137E-2	0.000000E+0	1.315884E-1	1.300763E-4	0.000000E+0	0.000000E+0	0.000000E+0
7.679657E+0	-2.723135E-3	1.544000E+0	2.587907E+17	-4.848260E-18	4.477938E-2	0.000000E+0	1.302141E-1	4.617272E-5	0.000000E+0	0.000000E+0	0.000000E+0
7.734652E+0	-5.356956E-3	1.430000E+0	-5.351627E-18	2.391872E+17	4.142503E-2	0.000000E+0	1.292882E-1	8.954396E-5	0.000000E+0	0.000000E+0	0.000000E+0
7.766012E+0	-3.532130E-3	1.316000E+0	3.390598E+17	1.295985E-19	3.811920E-2	0.000000E+0	1.287662E-1	5.856531E-5	0.000000E+0	0.000000E+0	0.000000E+0
7.794555E+0	-2.456624E-3	1.203000E+0	5.785012E-19	5.234687E+17	3.483582E-2	0.000000E+0	1.282947E-1	4.043486E-5	0.000000E+0	0.000000E+0	0.000000E+0
7.783531E+0	-1.585146E-2	1.089000E+0	-2.714796E-18	1.441508E+17	3.148402E-2	0.000000E+0	1.284759E-1	2.616460E-4	0.000000E+0	0.000000E+0	0.000000E+0
7.807847E+0	-1.173030E-2	9.750000E-1	-1.980656E+17	2.858813E+16	2.817258E-2	0.000000E+0	1.280760E-1	1.924179E-4	0.000000E+0	0.000000E+0	0.000000E+0
7.941743E+0	3.108336E-4	8.610000E-1	2.915631E-18	5.325354E+16	2.482385E-2	0.000000E+0	1.259169E-1	-4.928291E-6	0.000000E+0	0.000000E+0	0.000000E+0
8.002119E+0	-3.292993E-3	7.470000E-1	2.579781E+17	4.569569E-19	2.156654E-2	0.000000E+0	1.249669E-1	5.142576E-5	0.000000E+0	0.000000E+0	0.000000E+0
8.001856E+0	4.556705E-3	6.330000E-1	5.241928E+17	-4.155966E-18	1.827552E-2	0.000000E+0	1.249710E-1	-7.116547E-5	0.000000E+0	0.000000E+0	0.000000E+0
8.037121E+0	-3.338749E-3	5.190000E-1	-2.680825E+17	-5.132058E+17	1.496357E-2	0.000000E+0	1.244226E-1	5.168716E-5	0.000000E+0	0.000000E+0	0.000000E+0
8.067595E+0	-1.111989E-3	4.050000E-1	1.676928E-18	4.035830E-18	1.166948E-2	0.000000E+0	1.239527E-1	1.708489E-5	0.000000E+0	0.000000E+0	0.000000E+0
8.165760E+0	-4.269809E-3	2.910000E-1	1.138051E+17	1.810141E+17	8.373355E-3	0.000000E+0	1.224625E-1	6.403466E-5	0.000000E+0	0.000000E+0	0.000000E+0
8.180086E+0	-4.023049E-3	1.770000E-1	9.197504E+16	2.296609E-18	5.118600E-3	0.000000E+0	1.222481E-1	6.012284E-5	0.000000E+0	0.000000E+0	0.000000E+0
8.190060E+0	-6.403783E-4	6.300000E-2	-5.520479E-19	1.659667E-18	1.814815E-3	0.000000E+0	1.220992E-1	9.546901E-6	0.000000E+0	0.000000E+0	0.000000E+0
8.190281E+0	1.543663E-3	-5.100000E-2	5.318055E+17	-2.871880E+17	-1.476714E-3	0.000000E+0	1.220959E-1	-2.301203E-5	0.000000E+0	0.000000E+0	0.000000E+0
8.212690E+0	-5.560424E-4	-1.650000E-1	4.333500E+17	8.421242E+16	-4.753432E-3	0.000000E+0	1.217628E-1	8.243982E-6	0.000000E+0	0.000000E+0	0.000000E+0
8.236727E+0	5.320832E-5	-2.780000E-1	7.433461E+16	-3.421240E+17	-8.002600E-3	0.000000E+0	1.214074E-1	-7.842783E-7	0.000000E+0	0.000000E+0	0.000000E+0
8.230293E+0	-2.036372E-3	-3.920000E-1	-2.798456E+17	-3.562291E+17	-1.131098E-2	0.000000E+0	1.215023E-1	3.006260E-5	0.000000E+0	0.000000E+0	0.000000E+0
8.187599E+0	-1.760898E-4	-5.060000E-1	3.883600E+17	-5.707470E+17	-1.455655E-2	0.000000E+0	1.221359E-1	2.626764E-6	0.000000E+0	0.000000E+0	0.000000E+0
8.184816E+0	-7.963646E-5	-6.200000E-1	-5.196819E+17	1.790907E+17	-1.781437E-2	0.000000E+0	1.221775E-1	1.188760E-6	0.000000E+0	0.000000E+0	0.000000E+0
8.230488E+0	4.513711E-3	-7.340000E-1	-1.554791E+17	1.089529E+17	-2.112122E-2	0.000000E+0	1.214994E-1	-6.663194E-5	0.000000E+0	0.000000E+0	0.000000E+0
8.220997E+0	-1.224806E-3	-8.480000E-1	2.547933E-18	-3.215913E-19	-2.440815E-2	0.000000E+0	1.216397E-1	1.812251E-5	0.000000E+0	0.000000E+0	0.000000E+0
8.194107E+0	-2.368687E-3	-9.620000E-1	-6.904543E-18	-8.377323E+16	-2.769815E-2	0.000000E+0	1.220389E-1	3.527803E-5	0.000000E+0	0.000000E+0	0.000000E+0
8.254280E+0	-1.073454E-2	-1.076000E+0	-4.524462E+17	2.055148E+17	-3.095801E-2	0.000000E+0	1.211491E-1	1.575521E-4	0.000000E+0	0.000000E+0	0.000000E+0
8.094992E+0	6.397197E-3	-1.190000E+0	-7.975154E-19	6.323277E-18	-3.417651E-2	0.000000E+0	1.235331E-1	-9.762400E-5	0.000000E+0	0.000000E+0	0.000000E+0
8.148251E+0	3.830669E-3	-1.304000E+0	3.266052E+17	-3.632521E-18	-3.740063E-2	0.000000E+0	1.227257E-1	-5.769600E-5	0.000000E+0	0.000000E+0	0.000000E+0
8.090519E+0	-4.771495E-3	-1.418000E+0	1.388541E-18	6.784146E-18	-4.075293E-2	0.000000E+0	1.236014E-1	7.289564E-5	0.000000E+0	0.000000E+0	0.000000E+0
8.031284E+0	-4.295414E-3	-1.532000E+0	4.766215E-20	4.558806E+17	-4.410116E-2	0.000000E+0	1.245131E-1	6.659397E-5	0.000000E+0	0.000000E+0	0.000000E+0
8.022831E+0	4.955953E-3	-1.646000E+0	-3.849816E-18	-6.877525E-18	-4.739881E-2	0.000000E+0	1.246442E-1	-7.699663E-5	0.000000E+0	0.000000E+0	0.000000E+0
7.963417E+0	9.629317E-3	-1.759000E+0	-4.316265E+17	4.857998E-18	-5.068066E-2	0.000000E+0	1.255741E-1	-1.518434E-4	0.000000E+0	0.000000E+0	0.000000E+0
7.919534E+0	2.417585E-2	-1.873000E+0	4.155990E+17	-4.532139E-19	-5.403449E-2	0.000000E+0	1.262689E-1	-3.854592E-4	0.000000E+0	0.000000E+0	0.000000E+0
7.854564E+0	2.008630E-4	-1.987000E+0	-3.194978E-18	5.558819E-18	-5.740467E-2	0.000000E+0	1.273145E-1	-3.255785E-6	0.000000E+0	0.000000E+0	0.000000E+0
7.723645E+0	-4.123498E-3	-2.101000E+0	-3.021231E-18	2.523250E+17	-6.056240E-2	0.000000E+0	1.294725E-1	6.912276E-5	0.000000E+0	0.000000E+0	0.000000E+0
7.600342E+0	1.456082E-3	-2.215000E+0	4.697494E+17	-5.230656E+17	-6.393668E-2	0.000000E+0	1.315730E-1	-2.520691E-5	0.000000E+0	0.000000E+0	0.000000E+0
7.470265E+0	-9.910231E-4	-2.329000E+0	-4.715168E+17	-5.436513E+17	-6.732012E-2	0.000000E+0	1.338641E-1	1.775872E-5	0.000000E+0	0.000000E+0	0.000000E+0
7.402685E+0	6.884281E-4	-2.443000E+0	-3.093320E+17	4.406614E-18	-7.066326E-2	0.000000E+0	1.350861E-1	-1.256261E-5	0.000000E+0	0.000000E+0	0.000000E+0
7.346913E+0	2.744149E-2	-2.557000E+0	-9.427510E-19	-9.422141E-19	-7.391545E-2	0.000000E+0	1.361097E-1	-5.083840E-4	0.000000E+0	0.000000E+0	0.000000E+0
7.227021E+0	1.116299E-2	-2.671000E+0	-4.716725E+17	-4.928293E+17	-7.749553E-2	0.000000E+0	1.383693E-1	-2.137277E-4	0.000000E+0	0.000000E+0	0.000000E+0
7.087507E+0	2.912221E-3	-2.785000E+0	-2.971689E+17	-4.901914E-18	-8.075388E-2	0.000000E+0	1.410933E-1	-5.797453E-5	0.000000E+0	0.000000E+0	0.000000E+0
6.957243E+0	2.730612E-3	-2.899000E+0	-1.478400E+17	2.700612E+17	-8.413938E-2	0.000000E+0	1.437351E-1	-5.641383E-5	0.000000E+0	0.000000E+0	0.000000E+0
6.838217E+0	-9.710288E-3	-3.013000E+0	-2.726899E+17	1.903750E-18	-8.750801E-2	0.000000E+0	1.462367E-1	2.076565E-4	0.000000E+0	0.000000E+0	0.000000E+0
6.738850E+0	8.778367E-5	-3.127000E+0	-1.696221E+17	-6.410840E-19	-9.105799E-2	0.000000E+0	1.483933E-1	-1.933046E-6	0.000000E+0	0.000000E+0	0.000000E+0
6.680974E+0	-2.033312E-2	-3.241000E+0	6.411590E-18	-1.599031E-19	-9.439190E-2	0.000000E+0	1.496774E-1	4.555336E-4	0.000000E+0	0.000000E+0	0.000000E+0
6.514997E+0	3.042261E-2	-3.354000E+0	-4.319920E+17	-4.172230E+17	-9.818600E-2	0.000000E+0	1.534887E-1	-7.167349E-4	0.000000E+0	0.000000E+0	0.000000E+0
6.377324E+0	2.562455E-3	-3.468000E+0	-5.506670E-18	3.318154E+17	-1.011262E-1	0.000000E+0	1.568056E-1	-6.300561E-5	0.000000E+0	0.000000E+0	0.000000E+0
6.296050E+0	2.643393E-2	-3.582000E+0	4.410889E+17	3.939340E-18	-1.047471E-1	0.000000E+0	1.588269E-1	-6.668340E-4	0.000000E+0	0.000000E+0	0.000000E+0
6.210107E+0	1.419381E-2	-3.696000E+0	3.271013E+17	1.849291E+17	-1.082567E-1	0.000000E+0	1.610270E-1	-3.680430E-4	0.000000E+0	0.000000E+0	0.000000E+0
6.127712E+0	7.993169E-4	-3.810000E+0	-4.775830E-18	6.138991E-18	-1.118276E-1	0.000000E+0	1.631930E-1	-2.128738E-5	0.000000E+0	0.000000E+0	0.000000E+0
5.888840E+0	-1.591414E-1	-3.924000E+0	-2.208677E-18	1.807661E-18	-1.151671E-1	0.000000E+0	1.696888E-1	4.585710E-3	0.000000E+0	0.000000E+0	0.000000E+0
5.887508E+0	5.852349E-2	-4.038000E+0	-7.957818E+16	-3.372665E-18	-1.184520E-1	0.000000E+0	1.698344E-1	-1.688202E-3	0.000000E+0	0.000000E+0	0.000000E+0
5.816296E+0	5.093844E-3	-4.152000E+0	2.088242E+17	-2.195880E+17	-1.221486E-1	0.000000E+0	1.719306E-1	-1.505748E-4	0.000000E+0	0.000000E+0	0.000000E+0
7.599040E+0	1.813701E+0	-4.266000E+0	5.232691E+17	-3.553127E+17	-1.244886E-1	0.000000E+0	1.245032E-1	-2.971579E-2	0.000000E+0	0.000000E+0	0.000000E+0
2.736820E+0	-4.052459E+0	-4.380000E+0	-1.183523E-18	-5.342346E-18	-1.242132E-1	0.000000E+0	1.144509E-1	1.694696E-1	0.000000E+0	0.000000E+0	0.000000E+0
-1.506240E+0	4.030997E-1	-4.494000E+0	-5.203440E-18	3.843920E-18	-1.241932E-1	0.000000E+0	-6.195336E-1	-1.657995E-1	0.000000E+0	0.000000E+0	0.000000E+0
-5.281042E+0	4.952881E+0	-4.608000E+0	3.723455E-18	4.245176E+17	-1.241385E-1	0.000000E+0	-1.007440E-1	-9.448378E-2	0.000000E+0	0.000000E+0	0.000000E+0
1.484146E+1	-7.001729E+0	-4.722000E+0	1.311717E+15	5.157902E-18	-1.241425E-1	0.000000E+0	5.511265E-2	2.600040E-2	0.000000E+0	0.000000E+0	0.000000E+0
2.699923E+0	8.256922E-1	-4.835000E+0	-4.475620E-18	-5.687704E-18	-1.241567E-1	0.000000E+0	3.387033E-1	-1.035825E-1	0.000000E+0	0.000000E+0	0.000000E+0
1.071461E+1	4.555990E+0	-4.949000E+0	-6.256276E-18	1.400744E+17	-1.241286E-1	0.000000E+0	7.903966E-2	-3.360868E-2	0.000000E+0	0.000000E+0	0.000000E+0
8.565542E+0	-1.000100E+0	-5.063000E+0	2.653475E+17	2.403843E+17	-1.241514E-1	0.000000E+0	1.151767E-1	1.344786E-2	0.000000E+0	0.000000E+0	0.000000E+0
1.107814E+0	2.108093E+0	-5.177000E+0	-3.335094E+16	-2.240669E+17	-1.240982E-1	0.000000E+0	1.953366E-1	-3.717120E-1	0.000000E+0	0.000000E+0	0.000000E+0
-3.696953E+0	-8.242350E+0	-5.291000E+0	8.607211E+16	1.700546E-17	-1.241451E-1	0.000000E+0	-4.530369E-2	1.010045E-1	0.000000E+0	0.000000E+0	0.000000E+0
1.670588E+1	-3.377673E+0	-5.405000E+0	2.127762E-18	3.293656E+15	-1.240771E-1	0.000000E+0	5.750830E-2	1.162730E-2	0.000000E+0	0.000000E+0	0.000000E+0
1.175987E+0	-1.505610E+0	-5.519000E+0	8.036571E+16	-5.942611E-18	-1.240786E-1	0.000000E+0	3.222053E-1	4.125177E-1	0.000000E+0	0.000000E+0	0.000000E+0
2.844653E+0	5.435656E+0	-5.633000E+0	-6.504745E+16	2.369911E+17	-1.240228E-1	0.000000E+0	7.557846E-2	-1.444178E-1	0.000000E+0	0.000000E+0	0.000000E+0
5.546387E+0	-2.602125E+0	-5.747000E+0	5.725574E-18	6.181145E-18	-1.240391E-1	0.000000E+0	1.477718E-1	6.932813E-2	0.000000E+0	0.000000E+0	0.000000E+0
1.966866E+0	-5.592547E+0	-5.861000E+0	-2.052875E-18	3.493290E-18	-1.241100E-1	0.000000E+0	5.596409E-2	1.591272E-1	0.000000E+0	0.000000E+0	0.000000E+0
6.540104E+0	-2.602622E+0	-5.975000E+0	2.907620E+17	-1.496570E-18	-1.240557E-1	0.000000E+0	1.319990E-1	5.252877E-2	0.000000E+0	0.000000E+0	0.000000E+0
5.073197E+0	-3.388036E+0	-6.089000E+0	-2.649665E-18	4.664198E-18	-1.240919E-1	0.000000E+0	1.363172E-1	9.103680E-2	0.000000E+0	0.000000E+0	0.000000E+0
1.854398E+0	1.885953E+0	-6.203000E+0	6.288344E-18	-3.929323E-18	-1.240693E-1	0.000000E+0	2.650802E-1	-2.695909E-1	0.000000E+0	0.000000E+0	0.000000E+0
-4.491794E+0	9.097662E+0	-6.316000E+0	8.250878E-19	2.835790E+17	-1.240565E-1	0.000000E+0	-4.363351E-2	-8.837515E-2	0.000000E+0	0.000000E+0	0.000000E+0
7.728517E+0	-2.272390E+0	-6.430000E+0	4.508571E+17	-2.686618E+17	-1.238537E-1	0.000000E+0	1.190950E-1	3.501710E-2	0.000000E+0	0.000000E+0	0.000000E+0
7.534641E+0	3.574927E+0	-6.544000E+0	2.517955E+17	3.793721E+16	-1.241687E-1	0.000000E+0	1.083327E-1	-5.140014E-2	0.000000E+0	0.000000E+0	0.000000E+0
9.076626E+0	-2.167117E+0	-6.658000E+0	-6.194310E-18	5.176240E+17	-1.240562E-1	0.000000E+0	1.042313E-1	2.488607E-2	0.000000E+0	0.000000E+0	0.000000E+0
9.193575E+0	-6.201827E+0	-6.772000E+0	-5.749716E+17	1.371841E+17	-1.239913E-1	0.000000E+0	7.475394E-2	5.042772E-2	0.000000E+0	0.000000E+0	0.000000E+0
2.004117E+0	4.493338E+0	-6.886000E+0	-4.691027E+17	6.689522E-18	-1.240535E-1	0.000000E+0	8.279227E-2	-1.856247E-1	0.000000E+0	0.000000E+0	0.000000E+0
1.059098E+1	1.950436E+0	-7.000000E+0	-3.567381E+17	-4.286482E-18	-1.240284E-1	0.000000E+0	9.132276E-2	-1.681801E-2	0.000000E+0	0.000000E+0	0.000000E+0
