Real / Ohm	Ximag / Ohm	V_DC / V	I_a c / A	V_ac / V	I_DC / A
1.452910E+1	2.554770E-1	2.000000E+0	-9.275714E-19	-3.780148E-18	4.847513E-2	1.000000E+6	6.880611E-2	-1.209874E-3	0.000000E+0	0.000000E+0	0.000000E+0
1.453739E+1	2.880411E-1	1.949000E+0	-1.137863E-18	-4.188961E+17	4.646633E-2	0.000000E+0	6.876114E-2	-1.362420E-3	0.000000E+0	0.000000E+0	0.000000E+0
1.454462E+1	1.961956E-1	1.899000E+0	6.653843E-18	-4.395667E+17	4.596005E-2	0.000000E+0	6.874144E-2	-9.272685E-4	0.000000E+0	0.000000E+0	0.000000E+0
1.454508E+1	2.597494E-1	1.848000E+0	-3.848534E+17	-9.739225E-19	4.425616E-2	0.000000E+0	6.872985E-2	-1.227394E-3	0.000000E+0	0.000000E+0	0.000000E+0
1.509044E+1	2.654238E-1	1.797000E+0	2.587907E+17	-4.848260E-18	4.332907E-2	0.000000E+0	6.624663E-2	-1.165203E-3	0.000000E+0	0.000000E+0	0.000000E+0
1.614447E+1	2.672300E-1	1.747000E+0	-5.351627E-18	2.391872E+17	4.013434E-2	0.000000E+0	6.192375E-2	-1.024988E-3	0.000000E+0	0.000000E+0	0.000000E+0
1.641676E+1	2.098322E-1	1.696000E+0	3.390598E+17	1.295985E-19	3.970624E-2	0.000000E+0	6.090341E-2	-7.784421E-4	0.000000E+0	0.000000E+0	0.000000E+0
1.640416E+1	1.772099E-1	1.646000E+0	5.785012E-19	5.234687E+17	3.825307E-2	0.000000E+0	6.095303E-2	-6.584599E-4	0.000000E+0	0.000000E+0	0.000000E+0
1.650147E+1	1.883812E-1	1.595000E+0	-2.714796E-18	1.441508E+17	3.706960E-2	0.000000E+0	6.059276E-2	-6.917285E-4	0.000000E+0	0.000000E+0	0.000000E+0
1.764418E+1	5.196142E-1	1.544000E+0	-1.980656E+17	2.858813E+16	3.355161E-2	0.000000E+0	5.662680E-2	-1.667637E-3	0.000000E+0	0.000000E+0	0.000000E+0
1.737469E+1	9.145546E-2	1.494000E+0	2.915631E-18	5.325354E+16	3.399988E-2	0.000000E+0	5.755339E-2	-3.029448E-4	0.000000E+0	0.000000E+0	0.000000E+0
1.750203E+1	1.892796E-1	1.443000E+0	2.579781E+17	4.569569E-19	3.311978E-2	0.000000E+0	5.712955E-2	-6.178402E-4	0.000000E+0	0.000000E+0	0.000000E+0
1.741410E+1	1.442623E-1	1.392000E+0	5.241928E+17	-4.155966E-18	3.191793E-2	0.000000E+0	5.742079E-2	-4.756867E-4	0.000000E+0	0.000000E+0	0.000000E+0
1.748327E+1	9.031582E-2	1.342000E+0	-2.680825E+17	-5.132058E+17	3.072831E-2	0.000000E+0	5.719601E-2	-2.954656E-4	0.000000E+0	0.000000E+0	0.000000E+0
1.755583E+1	1.294174E-1	1.291000E+0	1.676928E-18	4.035830E-18	2.941154E-2	0.000000E+0	5.695804E-2	-4.198811E-4	0.000000E+0	0.000000E+0	0.000000E+0
1.819857E+1	2.721405E-1	1.241000E+0	1.138051E+17	1.810141E+17	2.806461E-2	0.000000E+0	5.493709E-2	-8.215264E-4	0.000000E+0	0.000000E+0	0.000000E+0
1.938910E+1	9.457302E-2	1.190000E+0	9.197504E+16	2.296609E-18	2.597256E-2	0.000000E+0	5.157414E-2	-2.515600E-4	0.000000E+0	0.000000E+0	0.000000E+0
1.965158E+1	5.298328E-2	1.139000E+0	-5.520479E-19	1.659667E-18	2.513383E-2	0.000000E+0	5.088612E-2	-1.371958E-4	0.000000E+0	0.000000E+0	0.000000E+0
1.957626E+1	8.562851E-2	1.089000E+0	5.318055E+17	-2.871880E+17	2.387219E-2	0.000000E+0	5.108130E-2	-2.234347E-4	0.000000E+0	0.000000E+0	0.000000E+0
1.952796E+1	2.678680E-2	1.038000E+0	4.333500E+17	8.421242E+16	2.290323E-2	0.000000E+0	5.120853E-2	-7.024352E-5	0.000000E+0	0.000000E+0	0.000000E+0
1.944643E+1	5.799065E-1	9.870000E-1	7.433461E+16	-3.421240E+17	2.181526E-2	0.000000E+0	5.137763E-2	-1.532118E-3	0.000000E+0	0.000000E+0	0.000000E+0
1.759117E+1	-4.077721E-2	9.370000E-1	-2.798456E+17	-3.562291E+17	2.169714E-2	0.000000E+0	5.684640E-2	1.317728E-4	0.000000E+0	0.000000E+0	0.000000E+0
1.752238E+1	5.996132E-2	8.860000E-1	3.883600E+17	-5.707470E+17	2.028180E-2	0.000000E+0	5.706920E-2	-1.952900E-4	0.000000E+0	0.000000E+0	0.000000E+0
1.735844E+1	-2.733803E-2	8.350000E-1	-5.196819E+17	1.790907E+17	1.929189E-2	0.000000E+0	5.760872E-2	9.072871E-5	0.000000E+0	0.000000E+0	0.000000E+0
1.755409E+1	1.662159E-2	7.850000E-1	-1.554791E+17	1.089529E+17	1.813087E-2	0.000000E+0	5.696673E-2	-5.394057E-5	0.000000E+0	0.000000E+0	0.000000E+0
1.741146E+1	3.779411E-3	7.340000E-1	2.547933E-18	-3.215913E-19	1.681614E-2	0.000000E+0	5.743343E-2	-1.246676E-5	0.000000E+0	0.000000E+0	0.000000E+0
1.820994E+1	4.289951E-1	6.840000E-1	-6.904543E-18	-8.377323E+16	1.546513E-2	0.000000E+0	5.488460E-2	-1.292988E-3	0.000000E+0	0.000000E+0	0.000000E+0
1.866308E+1	-2.184772E-2	6.330000E-1	-4.524462E+17	2.055148E+17	1.422548E-2	0.000000E+0	5.358165E-2	6.272474E-5	0.000000E+0	0.000000E+0	0.000000E+0
1.881556E+1	-2.637386E-2	5.820000E-1	-7.975154E-19	6.323277E-18	1.285457E-2	0.000000E+0	5.314740E-2	7.449696E-5	0.000000E+0	0.000000E+0	0.000000E+0
1.874412E+1	5.686665E-2	5.320000E-1	3.266052E+17	-3.632521E-18	1.195759E-2	0.000000E+0	5.334957E-2	-1.618540E-4	0.000000E+0	0.000000E+0	0.000000E+0
1.977638E+1	4.432888E-1	4.810000E-1	1.388541E-18	6.784146E-18	1.073480E-2	0.000000E+0	5.053998E-2	-1.132857E-3	0.000000E+0	0.000000E+0	0.000000E+0
2.115732E+1	1.628971E+0	4.300000E-1	4.766215E-20	4.558806E+17	9.900153E-3	0.000000E+0	4.698643E-2	-3.617638E-3	0.000000E+0	0.000000E+0	0.000000E+0
1.671795E+1	1.007271E-2	3.800000E-1	-3.849816E-18	-6.877525E-18	8.809606E-3	0.000000E+0	5.981592E-2	-3.603961E-5	0.000000E+0	0.000000E+0	0.000000E+0
1.676296E+1	-5.231857E-3	3.290000E-1	-4.316265E+17	4.857998E-18	7.712961E-3	0.000000E+0	5.965533E-2	1.861892E-5	0.000000E+0	0.000000E+0	0.000000E+0
1.664395E+1	-1.192665E-2	2.780000E-1	4.155990E+17	-4.532139E-19	6.456458E-3	0.000000E+0	6.008186E-2	4.305320E-5	0.000000E+0	0.000000E+0	0.000000E+0
1.661512E+1	1.744843E-2	2.280000E-1	-3.194978E-18	5.558819E-18	5.319436E-3	0.000000E+0	6.018608E-2	-6.320463E-5	0.000000E+0	0.000000E+0	0.000000E+0
1.665001E+1	5.642414E-2	1.770000E-1	-3.021231E-18	2.523250E+17	4.122688E-3	0.000000E+0	6.005933E-2	-2.035312E-4	0.000000E+0	0.000000E+0	0.000000E+0
1.670772E+1	1.572208E-1	1.270000E-1	4.697494E+17	-5.230656E+17	2.970857E-3	0.000000E+0	5.984727E-2	-5.631670E-4	0.000000E+0	0.000000E+0	0.000000E+0
1.958302E+1	-4.152107E-2	7.600000E-2	-4.715168E+17	-5.436513E+17	1.671453E-3	0.000000E+0	5.106442E-2	1.082698E-4	0.000000E+0	0.000000E+0	0.000000E+0
1.906331E+1	-4.937172E-2	2.500000E-2	-3.093320E+17	4.406614E-18	5.513132E-4	0.000000E+0	5.245644E-2	1.358560E-4	0.000000E+0	0.000000E+0	0.000000E+0
1.905201E+1	5.835724E-2	-2.500000E-2	-9.427510E-19	-9.422141E-19	-5.688542E-4	0.000000E+0	5.248741E-2	-1.607715E-4	0.000000E+0	0.000000E+0	0.000000E+0
1.798933E+1	-2.852802E-1	-7.600000E-2	-4.716725E+17	-4.928293E+17	-1.679290E-3	0.000000E+0	5.557453E-2	8.813176E-4	0.000000E+0	0.000000E+0	0.000000E+0
1.870999E+1	4.994631E-1	-1.270000E-1	-2.971689E+17	-4.901914E-18	-2.354078E-3	0.000000E+0	5.340932E-2	-1.425762E-3	0.000000E+0	0.000000E+0	0.000000E+0
1.700654E+1	-6.215286E-2	-1.770000E-1	-1.478400E+17	2.700612E+17	-3.973224E-3	0.000000E+0	5.880012E-2	2.148936E-4	0.000000E+0	0.000000E+0	0.000000E+0
1.758210E+1	6.845856E-2	-2.280000E-1	-2.726899E+17	1.903750E-18	-5.256285E-3	0.000000E+0	5.687517E-2	-2.214520E-4	0.000000E+0	0.000000E+0	0.000000E+0
1.742063E+1	3.539276E-2	-2.780000E-1	-1.696221E+17	-6.410840E-19	-6.312101E-3	0.000000E+0	5.740297E-2	-1.166232E-4	0.000000E+0	0.000000E+0	0.000000E+0
1.737411E+1	4.057789E-2	-3.290000E-1	6.411590E-18	-1.599031E-19	-7.556858E-3	0.000000E+0	5.755659E-2	-1.344256E-4	0.000000E+0	0.000000E+0	0.000000E+0
1.733356E+1	3.014755E-2	-3.800000E-1	-4.319920E+17	-4.172230E+17	-8.665252E-3	0.000000E+0	5.769138E-2	-1.003402E-4	0.000000E+0	0.000000E+0	0.000000E+0
1.738174E+1	9.657955E-2	-4.300000E-1	-5.506670E-18	3.318154E+17	-9.764992E-3	0.000000E+0	5.752986E-2	-3.196578E-4	0.000000E+0	0.000000E+0	0.000000E+0
1.742484E+1	1.847076E-2	-4.810000E-1	4.410889E+17	3.939340E-18	-1.093365E-2	0.000000E+0	5.738927E-2	-6.083404E-5	0.000000E+0	0.000000E+0	0.000000E+0
1.733175E+1	2.011490E-2	-5.320000E-1	3.271013E+17	1.849291E+17	-1.226676E-2	0.000000E+0	5.769750E-2	-6.696262E-5	0.000000E+0	0.000000E+0	0.000000E+0
1.701884E+1	9.596157E-2	-5.820000E-1	-4.775830E-18	6.138991E-18	-1.338131E-2	0.000000E+0	5.875654E-2	-3.313017E-4	0.000000E+0	0.000000E+0	0.000000E+0
1.710974E+1	1.792507E-1	-6.330000E-1	-2.208677E-18	1.807661E-18	-1.458674E-2	0.000000E+0	5.843983E-2	-6.122466E-4	0.000000E+0	0.000000E+0	0.000000E+0
1.733083E+1	-3.851242E-1	-6.840000E-1	-7.957818E+16	-3.372665E-18	-1.311240E-2	0.000000E+0	5.767216E-2	1.281586E-3	0.000000E+0	0.000000E+0	0.000000E+0
1.507243E+1	5.045605E-2	-7.340000E-1	2.088242E+17	-2.195880E+17	-1.656607E-2	0.000000E+0	6.634556E-2	-2.220966E-4	0.000000E+0	0.000000E+0	0.000000E+0
1.469785E+1	5.415344E-2	-7.850000E-1	5.232691E+17	-3.553127E+17	-1.896660E-2	0.000000E+0	6.803624E-2	-2.506759E-4	0.000000E+0	0.000000E+0	0.000000E+0
1.498903E+1	-2.623558E-3	-8.350000E-1	-1.183523E-18	-5.342346E-18	-2.012864E-2	0.000000E+0	6.671546E-2	1.167733E-5	0.000000E+0	0.000000E+0	0.000000E+0
1.478794E+1	8.600616E-2	-8.860000E-1	-5.203440E-18	3.843920E-18	-2.146227E-2	0.000000E+0	6.762038E-2	-3.932779E-4	0.000000E+0	0.000000E+0	0.000000E+0
1.476257E+1	6.155014E-2	-9.370000E-1	3.723455E-18	4.245176E+17	-2.243940E-2	0.000000E+0	6.773771E-2	-2.824214E-4	0.000000E+0	0.000000E+0	0.000000E+0
1.487137E+1	2.063169E-1	-9.870000E-1	1.311717E+15	5.157902E-18	-2.351462E-2	0.000000E+0	6.723036E-2	-9.327157E-4	0.000000E+0	0.000000E+0	0.000000E+0
1.523463E+1	1.599083E-1	-1.038000E+0	-4.475620E-18	-5.687704E-18	-2.505101E-2	0.000000E+0	6.563270E-2	-6.889050E-4	0.000000E+0	0.000000E+0	0.000000E+0
1.488618E+1	1.150713E-1	-1.089000E+0	-6.256276E-18	1.400744E+17	-2.623856E-2	0.000000E+0	6.717239E-2	-5.192476E-4	0.000000E+0	0.000000E+0	0.000000E+0
1.462120E+1	1.954126E-1	-1.139000E+0	2.653475E+17	2.403843E+17	-2.742308E-2	0.000000E+0	6.838162E-2	-9.139216E-4	0.000000E+0	0.000000E+0	0.000000E+0
1.501909E+1	4.040136E-1	-1.190000E+0	-3.335094E+16	-2.240669E+17	-2.871074E-2	0.000000E+0	6.653379E-2	-1.789759E-3	0.000000E+0	0.000000E+0	0.000000E+0
1.667403E+1	-8.273754E-1	-1.241000E+0	8.607211E+16	1.700546E-17	-2.992791E-2	0.000000E+0	5.982620E-2	2.968612E-3	0.000000E+0	0.000000E+0	0.000000E+0
1.460571E+1	2.914324E-1	-1.291000E+0	2.127762E-18	3.293656E+15	-2.845513E-2	0.000000E+0	6.843913E-2	-1.365588E-3	0.000000E+0	0.000000E+0	0.000000E+0
1.402614E+1	2.113724E-1	-1.342000E+0	8.036571E+16	-5.942611E-18	-3.270704E-2	0.000000E+0	7.127926E-2	-1.074171E-3	0.000000E+0	0.000000E+0	0.000000E+0
1.406832E+1	1.560297E-1	-1.392000E+0	-6.504745E+16	2.369911E+17	-3.397021E-2	0.000000E+0	7.107295E-2	-7.882598E-4	0.000000E+0	0.000000E+0	0.000000E+0
1.368216E+1	2.643518E-1	-1.443000E+0	5.725574E-18	6.181145E-18	-3.522109E-2	0.000000E+0	7.306060E-2	-1.411597E-3	0.000000E+0	0.000000E+0	0.000000E+0
1.374036E+1	2.477598E-1	-1.494000E+0	-2.052875E-18	3.493290E-18	-3.611294E-2	0.000000E+0	7.275464E-2	-1.311878E-3	0.000000E+0	0.000000E+0	0.000000E+0
1.361882E+1	3.274746E-1	-1.544000E+0	2.907620E+17	-1.496570E-18	-3.723362E-2	0.000000E+0	7.338537E-2	-1.764605E-3	0.000000E+0	0.000000E+0	0.000000E+0
1.362445E+1	2.460556E-1	-1.595000E+0	-2.649665E-18	4.664198E-18	-3.888798E-2	0.000000E+0	7.337353E-2	-1.325115E-3	0.000000E+0	0.000000E+0	0.000000E+0
1.336400E+1	3.455772E-1	-1.646000E+0	6.288344E-18	-3.929323E-18	-3.989116E-2	0.000000E+0	7.477789E-2	-1.933668E-3	0.000000E+0	0.000000E+0	0.000000E+0
1.312637E+1	3.153505E-1	-1.696000E+0	8.250878E-19	2.835790E+17	-4.151286E-2	0.000000E+0	7.613858E-2	-1.829168E-3	0.000000E+0	0.000000E+0	0.000000E+0
1.366938E+1	8.287373E-1	-1.747000E+0	4.508571E+17	-2.686618E+17	-4.254004E-2	0.000000E+0	7.288829E-2	-4.419019E-3	0.000000E+0	0.000000E+0	0.000000E+0
1.481203E+1	-1.061134E-1	-1.797000E+0	2.517955E+17	3.793721E+16	-4.384970E-2	0.000000E+0	6.750923E-2	4.836362E-4	0.000000E+0	0.000000E+0	0.000000E+0
1.294574E+1	4.512396E-1	-1.848000E+0	-6.194310E-18	5.176240E+17	-4.367617E-2	0.000000E+0	7.715175E-2	-2.689219E-3	0.000000E+0	0.000000E+0	0.000000E+0
1.250386E+1	4.470673E-1	-1.899000E+0	-5.749716E+17	1.371841E+17	-4.610325E-2	0.000000E+0	7.987320E-2	-2.855814E-3	0.000000E+0	0.000000E+0	0.000000E+0
1.221627E+1	4.417915E-1	-1.949000E+0	-4.691027E+17	6.689522E-18	-4.772495E-2	0.000000E+0	8.175113E-2	-2.956463E-3	0.000000E+0	0.000000E+0	0.000000E+0
1.199508E+1	4.217510E-1	-2.000000E+0	-3.567381E+17	-4.286482E-18	-4.940229E-2	0.000000E+0	8.326458E-2	-2.927610E-3	0.000000E+0	0.000000E+0	0.000000E+0
