Real / Ohm	Ximag / Ohm	V_DC / V	I_a c / A	V_ac / V	I_DC / A
5.546679E+0	1.426925E+0	2.000000E+0	-9.275714E-19	-3.780148E-18	3.575145E-2	1.000000E+5	1.690970E-1	-4.350147E-2	0.000000E+0	0.000000E+0	0.000000E+0
7.357513E+0	2.569480E-1	1.949000E+0	-1.137863E-18	-4.188961E+17	3.701742E-2	0.000000E+0	1.357499E-1	-4.740824E-3	0.000000E+0	0.000000E+0	0.000000E+0
2.242499E+1	-8.872390E-1	1.899000E+0	6.653843E-18	-4.395667E+17	3.363474E-2	0.000000E+0	4.452341E-2	1.761557E-3	0.000000E+0	0.000000E+0	0.000000E+0
2.145566E+1	-1.819524E+0	1.848000E+0	-3.848534E+17	-9.739225E-19	3.346710E-2	0.000000E+0	4.627495E-2	3.924297E-3	0.000000E+0	0.000000E+0	0.000000E+0
1.766936E+1	-5.096245E-1	1.797000E+0	2.587907E+17	-4.848260E-18	3.218660E-2	0.000000E+0	5.654810E-2	1.630976E-3	0.000000E+0	0.000000E+0	0.000000E+0
2.149650E+1	-2.482543E+0	1.747000E+0	-5.351627E-18	2.391872E+17	3.067164E-2	0.000000E+0	4.590694E-2	5.301605E-3	0.000000E+0	0.000000E+0	0.000000E+0
2.563876E+1	-2.229702E+0	1.696000E+0	3.390598E+17	1.295985E-19	3.035232E-2	0.000000E+0	3.871067E-2	3.366515E-3	0.000000E+0	0.000000E+0	0.000000E+0
2.540359E+1	-1.630417E+0	1.646000E+0	5.785012E-19	5.234687E+17	3.180467E-2	0.000000E+0	3.920303E-2	2.516073E-3	0.000000E+0	0.000000E+0	0.000000E+0
2.485502E+1	-1.275070E+0	1.595000E+0	-2.714796E-18	1.441508E+17	2.787657E-2	0.000000E+0	4.012772E-2	2.058564E-3	0.000000E+0	0.000000E+0	0.000000E+0
1.936304E+1	-9.696577E-1	1.544000E+0	-1.980656E+17	2.858813E+16	3.068646E-2	0.000000E+0	5.151559E-2	2.579786E-3	0.000000E+0	0.000000E+0	0.000000E+0
2.598809E+1	-9.365439E-1	1.494000E+0	2.915631E-18	5.325354E+16	2.715209E-2	0.000000E+0	3.842926E-2	1.384892E-3	0.000000E+0	0.000000E+0	0.000000E+0
2.748341E+1	-8.075843E-1	1.443000E+0	2.579781E+17	4.569569E-19	2.531439E-2	0.000000E+0	3.635420E-2	1.068247E-3	0.000000E+0	0.000000E+0	0.000000E+0
2.542928E+1	-6.171050E-1	1.392000E+0	5.241928E+17	-4.155966E-18	2.425707E-2	0.000000E+0	3.930160E-2	9.537515E-4	0.000000E+0	0.000000E+0	0.000000E+0
2.749054E+1	-4.889262E-1	1.342000E+0	-2.680825E+17	-5.132058E+17	2.539226E-2	0.000000E+0	3.636465E-2	6.467544E-4	0.000000E+0	0.000000E+0	0.000000E+0
2.534919E+1	-5.114207E-1	1.291000E+0	1.676928E-18	4.035830E-18	2.519397E-2	0.000000E+0	3.943294E-2	7.955608E-4	0.000000E+0	0.000000E+0	0.000000E+0
2.948637E+1	-1.653174E+0	1.241000E+0	1.138051E+17	1.810141E+17	2.210292E-2	0.000000E+0	3.380770E-2	1.895453E-3	0.000000E+0	0.000000E+0	0.000000E+0
3.742600E+1	-4.416842E+0	1.190000E+0	9.197504E+16	2.296609E-18	1.757370E-2	0.000000E+0	2.635237E-2	3.109983E-3	0.000000E+0	0.000000E+0	0.000000E+0
4.135129E+1	-1.624560E-1	1.139000E+0	-5.520479E-19	1.659667E-18	1.824365E-2	0.000000E+0	2.418267E-2	9.500598E-5	0.000000E+0	0.000000E+0	0.000000E+0
3.661474E+1	5.039716E-2	1.089000E+0	5.318055E+17	-2.871880E+17	1.143810E-2	0.000000E+0	2.731135E-2	-3.759182E-5	0.000000E+0	0.000000E+0	0.000000E+0
4.633611E+1	4.599004E-1	1.038000E+0	4.333500E+17	8.421242E+16	9.773014E-3	0.000000E+0	2.157931E-2	-2.141815E-4	0.000000E+0	0.000000E+0	0.000000E+0
4.409110E+1	3.242793E-1	9.870000E-1	7.433461E+16	-3.421240E+17	9.317325E-3	0.000000E+0	2.267909E-2	-1.667992E-4	0.000000E+0	0.000000E+0	0.000000E+0
5.666105E+1	1.607080E-1	9.370000E-1	-2.798456E+17	-3.562291E+17	8.254871E-3	0.000000E+0	1.764867E-2	-5.005699E-5	0.000000E+0	0.000000E+0	0.000000E+0
6.203157E+1	1.188912E-1	8.860000E-1	3.883600E+17	-5.707470E+17	7.578553E-3	0.000000E+0	1.612076E-2	-3.089745E-5	0.000000E+0	0.000000E+0	0.000000E+0
6.793735E+1	6.582451E-2	8.350000E-1	-5.196819E+17	1.790907E+17	6.776083E-3	0.000000E+0	1.471943E-2	-1.426166E-5	0.000000E+0	0.000000E+0	0.000000E+0
6.613095E+1	5.579805E-2	7.850000E-1	-1.554791E+17	1.089529E+17	6.159490E-3	0.000000E+0	1.512150E-2	-1.275878E-5	0.000000E+0	0.000000E+0	0.000000E+0
7.625830E+1	1.859331E-2	7.340000E-1	2.547933E-18	-3.215913E-19	5.894302E-3	0.000000E+0	1.311333E-2	-3.197293E-6	0.000000E+0	0.000000E+0	0.000000E+0
7.982228E+1	-2.914429E-3	6.840000E-1	-6.904543E-18	-8.377323E+16	5.280773E-3	0.000000E+0	1.252783E-2	4.574095E-7	0.000000E+0	0.000000E+0	0.000000E+0
8.499979E+1	-5.801821E-2	6.330000E-1	-4.524462E+17	2.055148E+17	4.803636E-3	0.000000E+0	1.176473E-2	8.030238E-6	0.000000E+0	0.000000E+0	0.000000E+0
9.041104E+1	-6.207180E-2	5.820000E-1	-7.975154E-19	6.323277E-18	4.363270E-3	0.000000E+0	1.106059E-2	7.593661E-6	0.000000E+0	0.000000E+0	0.000000E+0
9.451869E+1	-1.082277E-1	5.320000E-1	3.266052E+17	-3.632521E-18	3.915217E-3	0.000000E+0	1.057990E-2	1.211442E-5	0.000000E+0	0.000000E+0	0.000000E+0
9.665640E+1	-9.525394E-2	4.810000E-1	1.388541E-18	6.784146E-18	3.469233E-3	0.000000E+0	1.034592E-2	1.019580E-5	0.000000E+0	0.000000E+0	0.000000E+0
9.894997E+1	-1.173658E-1	4.300000E-1	4.766215E-20	4.558806E+17	3.261758E-3	0.000000E+0	1.010610E-2	1.198698E-5	0.000000E+0	0.000000E+0	0.000000E+0
1.064200E+2	-1.497545E-1	3.800000E-1	-3.849816E-18	-6.877525E-18	2.691131E-3	0.000000E+0	9.396711E-3	1.322308E-5	0.000000E+0	0.000000E+0	0.000000E+0
1.077779E+2	-1.594505E-1	3.290000E-1	-4.316265E+17	4.857998E-18	2.396832E-3	0.000000E+0	9.278320E-3	1.372668E-5	0.000000E+0	0.000000E+0	0.000000E+0
1.080185E+2	-1.256475E-1	2.780000E-1	4.155990E+17	-4.532139E-19	1.918673E-3	0.000000E+0	9.257661E-3	1.076854E-5	0.000000E+0	0.000000E+0	0.000000E+0
1.145578E+2	-1.423120E-1	2.280000E-1	-3.194978E-18	5.558819E-18	1.599832E-3	0.000000E+0	8.729204E-3	1.084405E-5	0.000000E+0	0.000000E+0	0.000000E+0
1.199163E+2	-1.394711E-1	1.770000E-1	-3.021231E-18	2.523250E+17	1.241693E-3	0.000000E+0	8.339139E-3	9.699005E-6	0.000000E+0	0.000000E+0	0.000000E+0
1.215948E+2	-1.362238E-1	1.270000E-1	4.697494E+17	-5.230656E+17	8.600331E-4	0.000000E+0	8.224026E-3	9.213453E-6	0.000000E+0	0.000000E+0	0.000000E+0
1.219490E+2	-1.472340E-1	7.600000E-2	-4.715168E+17	-5.436513E+17	5.279412E-4	0.000000E+0	8.200137E-3	9.900360E-6	0.000000E+0	0.000000E+0	0.000000E+0
1.228364E+2	-1.736774E-1	2.500000E-2	-3.093320E+17	4.406614E-18	1.621414E-4	0.000000E+0	8.140893E-3	1.151034E-5	0.000000E+0	0.000000E+0	0.000000E+0
1.236505E+2	-1.721821E-1	-2.500000E-2	-9.427510E-19	-9.422141E-19	-1.735534E-4	0.000000E+0	8.087295E-3	1.126148E-5	0.000000E+0	0.000000E+0	0.000000E+0
1.223091E+2	-1.378546E-1	-7.600000E-2	-4.716725E+17	-4.928293E+17	-5.250531E-4	0.000000E+0	8.175996E-3	9.215166E-6	0.000000E+0	0.000000E+0	0.000000E+0
1.216037E+2	-1.580544E-1	-1.270000E-1	-2.971689E+17	-4.901914E-18	-8.913638E-4	0.000000E+0	8.223420E-3	1.068839E-5	0.000000E+0	0.000000E+0	0.000000E+0
1.213577E+2	-1.508360E-1	-1.770000E-1	-1.478400E+17	2.700612E+17	-1.234719E-3	0.000000E+0	8.240091E-3	1.024164E-5	0.000000E+0	0.000000E+0	0.000000E+0
1.183145E+2	-1.533060E-1	-2.280000E-1	-2.726899E+17	1.903750E-18	-1.539743E-3	0.000000E+0	8.452035E-3	1.095172E-5	0.000000E+0	0.000000E+0	0.000000E+0
1.137765E+2	-1.303177E-1	-2.780000E-1	-1.696221E+17	-6.410840E-19	-1.940300E-3	0.000000E+0	8.789150E-3	1.006695E-5	0.000000E+0	0.000000E+0	0.000000E+0
1.159727E+2	-1.203890E-1	-3.290000E-1	6.411590E-18	-1.599031E-19	-2.257071E-3	0.000000E+0	8.622710E-3	8.951067E-6	0.000000E+0	0.000000E+0	0.000000E+0
1.126102E+2	-1.374464E-1	-3.800000E-1	-4.319920E+17	-4.172230E+17	-2.710204E-3	0.000000E+0	8.880177E-3	1.083870E-5	0.000000E+0	0.000000E+0	0.000000E+0
1.094996E+2	-1.115799E-1	-4.300000E-1	-5.506670E-18	3.318154E+17	-3.114336E-3	0.000000E+0	9.132444E-3	9.305944E-6	0.000000E+0	0.000000E+0	0.000000E+0
1.051347E+2	-7.340908E-2	-4.810000E-1	4.410889E+17	3.939340E-18	-3.371862E-3	0.000000E+0	9.511603E-3	6.641366E-6	0.000000E+0	0.000000E+0	0.000000E+0
1.014520E+2	-4.846478E-2	-5.320000E-1	3.271013E+17	1.849291E+17	-3.768817E-3	0.000000E+0	9.856876E-3	4.708742E-6	0.000000E+0	0.000000E+0	0.000000E+0
9.810591E+1	-3.828621E-2	-5.820000E-1	-4.775830E-18	6.138991E-18	-4.215850E-3	0.000000E+0	1.019306E-2	3.977883E-6	0.000000E+0	0.000000E+0	0.000000E+0
8.821245E+1	4.815197E-2	-6.330000E-1	-2.208677E-18	1.807661E-18	-4.618932E-3	0.000000E+0	1.133626E-2	-6.188055E-6	0.000000E+0	0.000000E+0	0.000000E+0
8.044914E+1	7.789612E-2	-6.840000E-1	-7.957818E+16	-3.372665E-18	-5.381565E-3	0.000000E+0	1.243020E-2	-1.203573E-5	0.000000E+0	0.000000E+0	0.000000E+0
7.460446E+1	1.470675E-1	-7.340000E-1	2.088242E+17	-2.195880E+17	-5.819404E-3	0.000000E+0	1.340397E-2	-2.642320E-5	0.000000E+0	0.000000E+0	0.000000E+0
7.259116E+1	1.662564E-1	-7.850000E-1	5.232691E+17	-3.553127E+17	-6.379791E-3	0.000000E+0	1.377571E-2	-3.155067E-5	0.000000E+0	0.000000E+0	0.000000E+0
6.695642E+1	2.513528E-1	-8.350000E-1	-1.183523E-18	-5.342346E-18	-6.761962E-3	0.000000E+0	1.493488E-2	-5.606517E-5	0.000000E+0	0.000000E+0	0.000000E+0
6.101941E+1	1.457968E-1	-8.860000E-1	-5.203440E-18	3.843920E-18	-7.325412E-3	0.000000E+0	1.638813E-2	-3.915701E-5	0.000000E+0	0.000000E+0	0.000000E+0
5.003132E+1	-9.852123E-2	-9.370000E-1	3.723455E-18	4.245176E+17	-8.440444E-3	0.000000E+0	1.998740E-2	3.935901E-5	0.000000E+0	0.000000E+0	0.000000E+0
3.397517E+1	-1.882128E+0	-9.870000E-1	1.311717E+15	5.157902E-18	-9.367047E-3	0.000000E+0	2.934321E-2	1.625531E-3	0.000000E+0	0.000000E+0	0.000000E+0
2.930058E+1	9.114528E-2	-1.038000E+0	-4.475620E-18	-5.687704E-18	-1.365879E-2	0.000000E+0	3.412869E-2	-1.061641E-4	0.000000E+0	0.000000E+0	0.000000E+0
2.781332E+1	2.230806E-1	-1.089000E+0	-6.256276E-18	1.400744E+17	-1.447658E-2	0.000000E+0	3.595168E-2	-2.883555E-4	0.000000E+0	0.000000E+0	0.000000E+0
2.573067E+1	1.316998E-1	-1.139000E+0	2.653475E+17	2.403843E+17	-1.466569E-2	0.000000E+0	3.886311E-2	-1.989168E-4	0.000000E+0	0.000000E+0	0.000000E+0
2.412521E+1	-1.457453E-1	-1.190000E+0	-3.335094E+16	-2.240669E+17	-1.555907E-2	0.000000E+0	4.144890E-2	2.504013E-4	0.000000E+0	0.000000E+0	0.000000E+0
2.088464E+1	5.648613E-2	-1.241000E+0	8.607211E+16	1.700546E-17	-1.540955E-2	0.000000E+0	4.788173E-2	-1.295044E-4	0.000000E+0	0.000000E+0	0.000000E+0
2.183160E+1	1.007366E-2	-1.291000E+0	2.127762E-18	3.293656E+15	-1.661961E-2	0.000000E+0	4.580515E-2	-2.113567E-5	0.000000E+0	0.000000E+0	0.000000E+0
2.076770E+1	2.527269E-1	-1.342000E+0	8.036571E+16	-5.942611E-18	-1.841492E-2	0.000000E+0	4.814457E-2	-5.858823E-4	0.000000E+0	0.000000E+0	0.000000E+0
1.956828E+1	2.228054E-1	-1.392000E+0	-6.504745E+16	2.369911E+17	-2.158105E-2	0.000000E+0	5.109649E-2	-5.817871E-4	0.000000E+0	0.000000E+0	0.000000E+0
1.806110E+1	1.457117E-1	-1.443000E+0	5.725574E-18	6.181145E-18	-2.168587E-2	0.000000E+0	5.536401E-2	-4.466607E-4	0.000000E+0	0.000000E+0	0.000000E+0
1.715866E+1	1.252010E-1	-1.494000E+0	-2.052875E-18	3.493290E-18	-2.369365E-2	0.000000E+0	5.827651E-2	-4.252242E-4	0.000000E+0	0.000000E+0	0.000000E+0
1.623733E+1	1.394833E-1	-1.544000E+0	2.907620E+17	-1.496570E-18	-2.462996E-2	0.000000E+0	6.158194E-2	-5.290064E-4	0.000000E+0	0.000000E+0	0.000000E+0
1.610775E+1	2.207824E-1	-1.595000E+0	-2.649665E-18	4.664198E-18	-2.587420E-2	0.000000E+0	6.207026E-2	-8.507718E-4	0.000000E+0	0.000000E+0	0.000000E+0
1.591264E+1	1.723092E-1	-1.646000E+0	6.288344E-18	-3.929323E-18	-2.847442E-2	0.000000E+0	6.283576E-2	-6.804137E-4	0.000000E+0	0.000000E+0	0.000000E+0
1.479627E+1	1.688662E-1	-1.696000E+0	8.250878E-19	2.835790E+17	-2.886476E-2	0.000000E+0	6.757580E-2	-7.712260E-4	0.000000E+0	0.000000E+0	0.000000E+0
7.637441E+0	-1.166135E-2	-1.747000E+0	4.508571E+17	-2.686618E+17	-3.027040E-2	0.000000E+0	1.309336E-1	1.999181E-4	0.000000E+0	0.000000E+0	0.000000E+0
5.865534E+0	5.121492E-1	-1.797000E+0	2.517955E+17	3.793721E+16	-3.218424E-2	0.000000E+0	1.691975E-1	-1.477348E-2	0.000000E+0	0.000000E+0	0.000000E+0
6.929863E+0	3.654312E-1	-1.848000E+0	-6.194310E-18	5.176240E+17	-3.433298E-2	0.000000E+0	1.439028E-1	-7.588402E-3	0.000000E+0	0.000000E+0	0.000000E+0
6.029735E+0	4.481187E-1	-1.899000E+0	-5.749716E+17	1.371841E+17	-3.476824E-2	0.000000E+0	1.649338E-1	-1.225757E-2	0.000000E+0	0.000000E+0	0.000000E+0
4.989511E+0	4.987916E-1	-1.949000E+0	-4.691027E+17	6.689522E-18	-3.563559E-2	0.000000E+0	1.984373E-1	-1.983739E-2	0.000000E+0	0.000000E+0	0.000000E+0
5.356768E+0	4.637972E-1	-2.000000E+0	-3.567381E+17	-4.286482E-18	-3.645441E-2	0.000000E+0	1.852907E-1	-1.604276E-2	0.000000E+0	0.000000E+0	0.000000E+0
