Real / Ohm	Ximag / Ohm	V_DC / V	I_a c / A	V_ac / V	I_DC / A
8.017313E+0	-8.093717E-3	-2.000000E+0	-3.567381E+17	-4.286482E-18	-5.730830E-2	1.000000E+3	1.247299E-1	1.259186E-4	0.000000E+0	0.000000E+0	0.000000E+0
8.055052E+0	-8.491157E-4	-1.949000E+0	-4.691027E+17	6.689522E-18	-5.582912E-2	0.000000E+0	1.241457E-1	1.308670E-5	0.000000E+0	0.000000E+0	0.000000E+0
8.088638E+0	1.017173E-2	-1.899000E+0	-5.749716E+17	1.371841E+17	-5.450927E-2	0.000000E+0	1.236300E-1	-1.554688E-4	0.000000E+0	0.000000E+0	0.000000E+0
8.100750E+0	-1.867441E-2	-1.848000E+0	-6.194310E-18	5.176240E+17	-5.289014E-2	0.000000E+0	1.234447E-1	2.845733E-4	0.000000E+0	0.000000E+0	0.000000E+0
8.151173E+0	-5.534727E-3	-1.797000E+0	2.517955E+17	3.793721E+16	-5.140740E-2	0.000000E+0	1.226817E-1	8.330207E-5	0.000000E+0	0.000000E+0	0.000000E+0
8.182236E+0	2.066018E-4	-1.747000E+0	4.508571E+17	-2.686618E+17	-5.000480E-2	0.000000E+0	1.222160E-1	-3.085959E-6	0.000000E+0	0.000000E+0	0.000000E+0
8.207886E+0	-8.280529E-4	-1.696000E+0	8.250878E-19	2.835790E+17	-4.855780E-2	0.000000E+0	1.218340E-1	1.229123E-5	0.000000E+0	0.000000E+0	0.000000E+0
8.225521E+0	1.336800E-3	-1.646000E+0	6.288344E-18	-3.929323E-18	-4.713885E-2	0.000000E+0	1.215728E-1	-1.975785E-5	0.000000E+0	0.000000E+0	0.000000E+0
8.251215E+0	-6.249381E-3	-1.595000E+0	-2.649665E-18	4.664198E-18	-4.566376E-2	0.000000E+0	1.211942E-1	9.179118E-5	0.000000E+0	0.000000E+0	0.000000E+0
8.240843E+0	-3.031837E-3	-1.544000E+0	2.907620E+17	-1.496570E-18	-4.414167E-2	0.000000E+0	1.213468E-1	4.464394E-5	0.000000E+0	0.000000E+0	0.000000E+0
8.279152E+0	-2.041183E-3	-1.494000E+0	-2.052875E-18	3.493290E-18	-4.265072E-2	0.000000E+0	1.207853E-1	2.977901E-5	0.000000E+0	0.000000E+0	0.000000E+0
8.313522E+0	1.196656E-3	-1.443000E+0	5.725574E-18	6.181145E-18	-4.128595E-2	0.000000E+0	1.202860E-1	-1.731407E-5	0.000000E+0	0.000000E+0	0.000000E+0
8.295788E+0	-5.224993E-3	-1.392000E+0	-6.504745E+16	2.369911E+17	-3.987317E-2	0.000000E+0	1.205431E-1	7.592246E-5	0.000000E+0	0.000000E+0	0.000000E+0
8.334723E+0	-2.221137E-3	-1.342000E+0	8.036571E+16	-5.942611E-18	-3.844247E-2	0.000000E+0	1.199800E-1	3.197371E-5	0.000000E+0	0.000000E+0	0.000000E+0
8.356482E+0	-6.100973E-3	-1.291000E+0	2.127762E-18	3.293656E+15	-3.697862E-2	0.000000E+0	1.196675E-1	8.736790E-5	0.000000E+0	0.000000E+0	0.000000E+0
8.394215E+0	-3.001524E-3	-1.241000E+0	8.607211E+16	1.700546E-17	-3.560002E-2	0.000000E+0	1.191296E-1	4.259725E-5	0.000000E+0	0.000000E+0	0.000000E+0
8.403084E+0	6.278753E-3	-1.190000E+0	-3.335094E+16	-2.240669E+17	-3.404935E-2	0.000000E+0	1.190039E-1	-8.891924E-5	0.000000E+0	0.000000E+0	0.000000E+0
8.391016E+0	-3.066931E-3	-1.139000E+0	2.653475E+17	2.403843E+17	-3.261000E-2	0.000000E+0	1.191751E-1	4.355869E-5	0.000000E+0	0.000000E+0	0.000000E+0
8.370108E+0	-2.027940E-3	-1.089000E+0	-6.256276E-18	1.400744E+17	-3.115122E-2	0.000000E+0	1.194728E-1	2.894629E-5	0.000000E+0	0.000000E+0	0.000000E+0
8.373461E+0	-7.675564E-3	-1.038000E+0	-4.475620E-18	-5.687704E-18	-2.972260E-2	0.000000E+0	1.194248E-1	1.094712E-4	0.000000E+0	0.000000E+0	0.000000E+0
8.387508E+0	-8.562677E-3	-9.870000E-1	1.311717E+15	5.157902E-18	-2.827100E-2	0.000000E+0	1.192248E-1	1.217148E-4	0.000000E+0	0.000000E+0	0.000000E+0
8.486238E+0	3.138352E-4	-9.370000E-1	3.723455E-18	4.245176E+17	-2.678311E-2	0.000000E+0	1.178378E-1	-4.357840E-6	0.000000E+0	0.000000E+0	0.000000E+0
8.489029E+0	9.116717E-5	-8.860000E-1	-5.203440E-18	3.843920E-18	-2.536828E-2	0.000000E+0	1.177991E-1	-1.265093E-6	0.000000E+0	0.000000E+0	0.000000E+0
8.409147E+0	-3.883928E-3	-8.350000E-1	-1.183523E-18	-5.342346E-18	-2.390902E-2	0.000000E+0	1.189181E-1	5.492464E-5	0.000000E+0	0.000000E+0	0.000000E+0
8.398096E+0	-1.565002E-3	-7.850000E-1	5.232691E+17	-3.553127E+17	-2.246353E-2	0.000000E+0	1.190746E-1	2.218979E-5	0.000000E+0	0.000000E+0	0.000000E+0
8.393141E+0	-3.417755E-3	-7.340000E-1	2.088242E+17	-2.195880E+17	-2.102980E-2	0.000000E+0	1.191449E-1	4.851676E-5	0.000000E+0	0.000000E+0	0.000000E+0
8.385189E+0	1.457604E-3	-6.840000E-1	-7.957818E+16	-3.372665E-18	-1.959758E-2	0.000000E+0	1.192579E-1	-2.073069E-5	0.000000E+0	0.000000E+0	0.000000E+0
8.414478E+0	1.039622E-3	-6.330000E-1	-2.208677E-18	1.807661E-18	-1.814751E-2	0.000000E+0	1.188428E-1	-1.468321E-5	0.000000E+0	0.000000E+0	0.000000E+0
8.426428E+0	3.648084E-4	-5.820000E-1	-4.775830E-18	6.138991E-18	-1.666680E-2	0.000000E+0	1.186742E-1	-5.137807E-6	0.000000E+0	0.000000E+0	0.000000E+0
8.400911E+0	2.586734E-3	-5.320000E-1	3.271013E+17	1.849291E+17	-1.520036E-2	0.000000E+0	1.190347E-1	-3.665211E-5	0.000000E+0	0.000000E+0	0.000000E+0
8.422073E+0	-2.377428E-3	-4.810000E-1	4.410889E+17	3.939340E-18	-1.377838E-2	0.000000E+0	1.187356E-1	3.351732E-5	0.000000E+0	0.000000E+0	0.000000E+0
8.385855E+0	-2.513601E-3	-4.300000E-1	-5.506670E-18	3.318154E+17	-1.231300E-2	0.000000E+0	1.192484E-1	3.574387E-5	0.000000E+0	0.000000E+0	0.000000E+0
8.401186E+0	-2.172939E-3	-3.800000E-1	-4.319920E+17	-4.172230E+17	-1.088435E-2	0.000000E+0	1.190308E-1	3.078692E-5	0.000000E+0	0.000000E+0	0.000000E+0
8.405613E+0	-1.603212E-3	-3.290000E-1	6.411590E-18	-1.599031E-19	-9.430196E-3	0.000000E+0	1.189681E-1	2.269092E-5	0.000000E+0	0.000000E+0	0.000000E+0
8.374983E+0	-4.566805E-3	-2.780000E-1	-1.696221E+17	-6.410840E-19	-7.960210E-3	0.000000E+0	1.194032E-1	6.510952E-5	0.000000E+0	0.000000E+0	0.000000E+0
8.405563E+0	-7.731281E-4	-2.280000E-1	-2.726899E+17	1.903750E-18	-6.533096E-3	0.000000E+0	1.189688E-1	1.094253E-5	0.000000E+0	0.000000E+0	0.000000E+0
8.402191E+0	-1.066844E-3	-1.770000E-1	-1.478400E+17	2.700612E+17	-5.073324E-3	0.000000E+0	1.190166E-1	1.511179E-5	0.000000E+0	0.000000E+0	0.000000E+0
8.390306E+0	-2.002949E-3	-1.270000E-1	-2.971689E+17	-4.901914E-18	-3.647743E-3	0.000000E+0	1.191852E-1	2.845210E-5	0.000000E+0	0.000000E+0	0.000000E+0
8.373873E+0	1.060953E-4	-7.600000E-2	-4.716725E+17	-4.928293E+17	-2.181843E-3	0.000000E+0	1.194191E-1	-1.513016E-6	0.000000E+0	0.000000E+0	0.000000E+0
8.347372E+0	-2.669970E-3	-2.500000E-2	-9.427510E-19	-9.422141E-19	-7.282002E-4	0.000000E+0	1.197982E-1	3.831835E-5	0.000000E+0	0.000000E+0	0.000000E+0
8.323624E+0	-3.997814E-3	2.500000E-2	-3.093320E+17	4.406614E-18	7.193414E-4	0.000000E+0	1.201399E-1	5.770289E-5	0.000000E+0	0.000000E+0	0.000000E+0
8.265913E+0	-2.516150E-3	7.600000E-2	-4.715168E+17	-5.436513E+17	2.188306E-3	0.000000E+0	1.209788E-1	3.682602E-5	0.000000E+0	0.000000E+0	0.000000E+0
8.204355E+0	-1.297682E-3	1.270000E-1	4.697494E+17	-5.230656E+17	3.657781E-3	0.000000E+0	1.218865E-1	1.927877E-5	0.000000E+0	0.000000E+0	0.000000E+0
8.149212E+0	-2.085658E-3	1.770000E-1	-3.021231E-18	2.523250E+17	5.098682E-3	0.000000E+0	1.227112E-1	3.140594E-5	0.000000E+0	0.000000E+0	0.000000E+0
8.140255E+0	-1.743434E-3	2.280000E-1	-3.194978E-18	5.558819E-18	6.575308E-3	0.000000E+0	1.228463E-1	2.631052E-5	0.000000E+0	0.000000E+0	0.000000E+0
8.126900E+0	1.317455E-3	2.780000E-1	4.155990E+17	-4.532139E-19	8.005995E-3	0.000000E+0	1.230481E-1	-1.994738E-5	0.000000E+0	0.000000E+0	0.000000E+0
8.188423E+0	6.771972E-4	3.290000E-1	-4.316265E+17	4.857998E-18	9.443805E-3	0.000000E+0	1.221236E-1	-1.009984E-5	0.000000E+0	0.000000E+0	0.000000E+0
8.138256E+0	-7.477114E-4	3.800000E-1	-3.849816E-18	-6.877525E-18	1.095516E-2	0.000000E+0	1.228764E-1	1.128941E-5	0.000000E+0	0.000000E+0	0.000000E+0
8.074160E+0	-1.784591E-3	4.300000E-1	4.766215E-20	4.558806E+17	1.241087E-2	0.000000E+0	1.238519E-1	2.737436E-5	0.000000E+0	0.000000E+0	0.000000E+0
8.018988E+0	-3.664112E-4	4.810000E-1	1.388541E-18	6.784146E-18	1.388086E-2	0.000000E+0	1.247040E-1	5.698094E-6	0.000000E+0	0.000000E+0	0.000000E+0
8.004923E+0	-3.955653E-3	5.320000E-1	3.266052E+17	-3.632521E-18	1.536515E-2	0.000000E+0	1.249231E-1	6.173106E-5	0.000000E+0	0.000000E+0	0.000000E+0
7.966860E+0	-2.579963E-3	5.820000E-1	-7.975154E-19	6.323277E-18	1.680400E-2	0.000000E+0	1.255200E-1	4.064799E-5	0.000000E+0	0.000000E+0	0.000000E+0
7.981640E+0	4.858915E-4	6.330000E-1	-4.524462E+17	2.055148E+17	1.826582E-2	0.000000E+0	1.252875E-1	-7.627023E-6	0.000000E+0	0.000000E+0	0.000000E+0
7.983465E+0	-4.646648E-3	6.840000E-1	-6.904543E-18	-8.377323E+16	1.973223E-2	0.000000E+0	1.252589E-1	7.290491E-5	0.000000E+0	0.000000E+0	0.000000E+0
7.919195E+0	-4.171450E-3	7.340000E-1	2.547933E-18	-3.215913E-19	2.118896E-2	0.000000E+0	1.262754E-1	6.651580E-5	0.000000E+0	0.000000E+0	0.000000E+0
7.942997E+0	-4.704382E-3	7.850000E-1	-1.554791E+17	1.089529E+17	2.266865E-2	0.000000E+0	1.258970E-1	7.456476E-5	0.000000E+0	0.000000E+0	0.000000E+0
7.908627E+0	-5.855603E-3	8.350000E-1	-5.196819E+17	1.790907E+17	2.414275E-2	0.000000E+0	1.264441E-1	9.362012E-5	0.000000E+0	0.000000E+0	0.000000E+0
7.876594E+0	-3.986072E-3	8.860000E-1	3.883600E+17	-5.707470E+17	2.561733E-2	0.000000E+0	1.269584E-1	6.424926E-5	0.000000E+0	0.000000E+0	0.000000E+0
7.916545E+0	-2.342699E-3	9.370000E-1	-2.798456E+17	-3.562291E+17	2.708681E-2	0.000000E+0	1.263177E-1	3.738050E-5	0.000000E+0	0.000000E+0	0.000000E+0
7.871425E+0	3.873755E-3	9.870000E-1	7.433461E+16	-3.421240E+17	2.845161E-2	0.000000E+0	1.270418E-1	-6.252091E-5	0.000000E+0	0.000000E+0	0.000000E+0
7.883231E+0	2.724224E-3	1.038000E+0	4.333500E+17	8.421242E+16	2.991139E-2	0.000000E+0	1.268515E-1	-4.383634E-5	0.000000E+0	0.000000E+0	0.000000E+0
7.835506E+0	-6.907219E-3	1.089000E+0	5.318055E+17	-2.871880E+17	3.148300E-2	0.000000E+0	1.276241E-1	1.125042E-4	0.000000E+0	0.000000E+0	0.000000E+0
7.769398E+0	-1.151133E-3	1.139000E+0	-5.520479E-19	1.659667E-18	3.302196E-2	0.000000E+0	1.287101E-1	1.907000E-5	0.000000E+0	0.000000E+0	0.000000E+0
7.793667E+0	-1.321535E-3	1.190000E+0	9.197504E+16	2.296609E-18	3.447254E-2	0.000000E+0	1.283093E-1	2.175680E-5	0.000000E+0	0.000000E+0	0.000000E+0
7.755224E+0	-3.868552E-3	1.241000E+0	1.138051E+17	1.810141E+17	3.597163E-2	0.000000E+0	1.289453E-1	6.432201E-5	0.000000E+0	0.000000E+0	0.000000E+0
7.772644E+0	-1.064843E-2	1.291000E+0	1.676928E-18	4.035830E-18	3.741254E-2	0.000000E+0	1.286561E-1	1.762573E-4	0.000000E+0	0.000000E+0	0.000000E+0
7.785743E+0	1.019697E-2	1.342000E+0	-2.680825E+17	-5.132058E+17	3.893819E-2	0.000000E+0	1.284397E-1	-1.682171E-4	0.000000E+0	0.000000E+0	0.000000E+0
7.704963E+0	-1.274676E-3	1.392000E+0	5.241928E+17	-4.155966E-18	4.040565E-2	0.000000E+0	1.297865E-1	2.147132E-5	0.000000E+0	0.000000E+0	0.000000E+0
7.660666E+0	-7.612089E-3	1.443000E+0	2.579781E+17	4.569569E-19	4.187615E-2	0.000000E+0	1.305368E-1	1.297091E-4	0.000000E+0	0.000000E+0	0.000000E+0
7.636444E+0	5.963873E-4	1.494000E+0	2.915631E-18	5.325354E+16	4.337832E-2	0.000000E+0	1.309510E-1	-1.022695E-5	0.000000E+0	0.000000E+0	0.000000E+0
7.622327E+0	-1.429634E-2	1.544000E+0	-1.980656E+17	2.858813E+16	4.482483E-2	0.000000E+0	1.311931E-1	2.460641E-4	0.000000E+0	0.000000E+0	0.000000E+0
7.628527E+0	-1.589867E-2	1.595000E+0	-2.714796E-18	1.441508E+17	4.637041E-2	0.000000E+0	1.310863E-1	2.731980E-4	0.000000E+0	0.000000E+0	0.000000E+0
7.608519E+0	-1.353730E-2	1.646000E+0	5.785012E-19	5.234687E+17	4.776020E-2	0.000000E+0	1.314312E-1	2.338463E-4	0.000000E+0	0.000000E+0	0.000000E+0
7.578570E+0	-7.504309E-4	1.696000E+0	3.390598E+17	1.295985E-19	4.918579E-2	0.000000E+0	1.319510E-1	1.306580E-5	0.000000E+0	0.000000E+0	0.000000E+0
7.573174E+0	-2.193019E-3	1.747000E+0	-5.351627E-18	2.391872E+17	5.072421E-2	0.000000E+0	1.320450E-1	3.823724E-5	0.000000E+0	0.000000E+0	0.000000E+0
7.556534E+0	-4.681641E-3	1.797000E+0	2.587907E+17	-4.848260E-18	5.231016E-2	0.000000E+0	1.323358E-1	8.198845E-5	0.000000E+0	0.000000E+0	0.000000E+0
7.514858E+0	-2.031844E-3	1.848000E+0	-3.848534E+17	-9.739225E-19	5.371068E-2	0.000000E+0	1.330697E-1	3.597897E-5	0.000000E+0	0.000000E+0	0.000000E+0
7.540948E+0	-1.567988E-2	1.899000E+0	6.653843E-18	-4.395667E+17	5.523787E-2	0.000000E+0	1.326087E-1	2.757331E-4	0.000000E+0	0.000000E+0	0.000000E+0
7.456930E+0	-8.438978E-3	1.949000E+0	-1.137863E-18	-4.188961E+17	5.654547E-2	0.000000E+0	1.341033E-1	1.517641E-4	0.000000E+0	0.000000E+0	0.000000E+0
7.450941E+0	-2.681885E-3	2.000000E+0	-9.275714E-19	-3.780148E-18	5.805735E-2	0.000000E+0	1.342112E-1	4.830787E-5	0.000000E+0	0.000000E+0	0.000000E+0
