Real / Ohm	Ximag / Ohm	V_DC / V	I_a c / A	V_ac / V	I_DC / A
1.301796E+1	4.717283E-2	-2.000000E+0	-3.567381E+17	-4.286482E-18	-5.041046E-2	1.000000E+4	7.681594E-2	-2.783559E-4	0.000000E+0	0.000000E+0	0.000000E+0
1.274750E+1	2.529143E-2	-1.949000E+0	-4.691027E+17	6.689522E-18	-4.939655E-2	0.000000E+0	7.844645E-2	-1.556401E-4	0.000000E+0	0.000000E+0	0.000000E+0
1.247037E+1	-1.612239E-2	-1.899000E+0	-5.749716E+17	1.371841E+17	-4.828711E-2	0.000000E+0	8.018995E-2	1.036740E-4	0.000000E+0	0.000000E+0	0.000000E+0
1.200953E+1	3.353716E-2	-1.848000E+0	-6.194310E-18	5.176240E+17	-4.467770E-2	0.000000E+0	8.326656E-2	-2.325257E-4	0.000000E+0	0.000000E+0	0.000000E+0
1.210607E+1	-3.147006E-2	-1.797000E+0	2.517955E+17	3.793721E+16	-4.657696E-2	0.000000E+0	8.260263E-2	2.147278E-4	0.000000E+0	0.000000E+0	0.000000E+0
1.202282E+1	2.642005E-2	-1.747000E+0	4.508571E+17	-2.686618E+17	-4.430868E-2	0.000000E+0	8.317476E-2	-1.827759E-4	0.000000E+0	0.000000E+0	0.000000E+0
1.206725E+1	4.353467E-2	-1.696000E+0	8.250878E-19	2.835790E+17	-4.303125E-2	0.000000E+0	8.286784E-2	-2.989599E-4	0.000000E+0	0.000000E+0	0.000000E+0
1.191625E+1	2.707184E-2	-1.646000E+0	6.288344E-18	-3.929323E-18	-4.027880E-2	0.000000E+0	8.391859E-2	-1.906498E-4	0.000000E+0	0.000000E+0	0.000000E+0
1.199889E+1	4.172564E-2	-1.595000E+0	-2.649665E-18	4.664198E-18	-3.925672E-2	0.000000E+0	8.334003E-2	-2.898115E-4	0.000000E+0	0.000000E+0	0.000000E+0
1.093848E+1	5.842492E-3	-1.544000E+0	2.907620E+17	-1.496570E-18	-3.822136E-2	0.000000E+0	9.142035E-2	-4.882970E-5	0.000000E+0	0.000000E+0	0.000000E+0
1.136492E+1	2.723506E-2	-1.494000E+0	-2.052875E-18	3.493290E-18	-3.937443E-2	0.000000E+0	8.798956E-2	-2.108595E-4	0.000000E+0	0.000000E+0	0.000000E+0
1.155205E+1	3.009997E-2	-1.443000E+0	5.725574E-18	6.181145E-18	-3.639218E-2	0.000000E+0	8.656413E-2	-2.255511E-4	0.000000E+0	0.000000E+0	0.000000E+0
1.171905E+1	1.600002E-2	-1.392000E+0	-6.504745E+16	2.369911E+17	-3.534764E-2	0.000000E+0	8.533099E-2	-1.165024E-4	0.000000E+0	0.000000E+0	0.000000E+0
1.161640E+1	-1.022667E-3	-1.342000E+0	8.036571E+16	-5.942611E-18	-3.393380E-2	0.000000E+0	8.608519E-2	7.578637E-6	0.000000E+0	0.000000E+0	0.000000E+0
1.185145E+1	1.518892E-2	-1.291000E+0	2.127762E-18	3.293656E+15	-3.137904E-2	0.000000E+0	8.437772E-2	-1.081392E-4	0.000000E+0	0.000000E+0	0.000000E+0
1.168874E+1	1.765017E-2	-1.241000E+0	8.607211E+16	1.700546E-17	-3.341208E-2	0.000000E+0	8.555223E-2	-1.291851E-4	0.000000E+0	0.000000E+0	0.000000E+0
1.094989E+1	2.439004E-2	-1.190000E+0	-3.335094E+16	-2.240669E+17	-2.969286E-2	0.000000E+0	9.132467E-2	-2.034187E-4	0.000000E+0	0.000000E+0	0.000000E+0
1.184127E+1	9.576961E-3	-1.139000E+0	2.653475E+17	2.403843E+17	-2.818610E-2	0.000000E+0	8.445035E-2	-6.830160E-5	0.000000E+0	0.000000E+0	0.000000E+0
1.206088E+1	1.818433E-2	-1.089000E+0	-6.256276E-18	1.400744E+17	-2.730904E-2	0.000000E+0	8.291250E-2	-1.250081E-4	0.000000E+0	0.000000E+0	0.000000E+0
1.204724E+1	1.151709E-2	-1.038000E+0	-4.475620E-18	-5.687704E-18	-2.604232E-2	0.000000E+0	8.300649E-2	-7.935371E-5	0.000000E+0	0.000000E+0	0.000000E+0
1.094847E+1	2.764776E-3	-9.870000E-1	1.311717E+15	5.157902E-18	-2.526181E-2	0.000000E+0	9.133696E-2	-2.306498E-5	0.000000E+0	0.000000E+0	0.000000E+0
1.274520E+1	1.032673E-2	-9.370000E-1	3.723455E-18	4.245176E+17	-2.267331E-2	0.000000E+0	7.846086E-2	-6.357249E-5	0.000000E+0	0.000000E+0	0.000000E+0
1.226802E+1	1.892761E-2	-8.860000E-1	-5.203440E-18	3.843920E-18	-2.231824E-2	0.000000E+0	8.151255E-2	-1.257609E-4	0.000000E+0	0.000000E+0	0.000000E+0
1.236685E+1	2.358067E-2	-8.350000E-1	-1.183523E-18	-5.342346E-18	-2.101270E-2	0.000000E+0	8.086104E-2	-1.541830E-4	0.000000E+0	0.000000E+0	0.000000E+0
1.251924E+1	1.975966E-2	-7.850000E-1	5.232691E+17	-3.553127E+17	-2.048447E-2	0.000000E+0	7.987685E-2	-1.260731E-4	0.000000E+0	0.000000E+0	0.000000E+0
9.813456E+0	-2.929512E-2	-7.340000E-1	2.088242E+17	-2.195880E+17	-1.750325E-2	0.000000E+0	1.019000E-1	3.041918E-4	0.000000E+0	0.000000E+0	0.000000E+0
1.191574E+1	-2.106276E-2	-6.840000E-1	-7.957818E+16	-3.372665E-18	-1.697552E-2	0.000000E+0	8.392235E-2	1.483446E-4	0.000000E+0	0.000000E+0	0.000000E+0
1.327671E+1	4.341528E-3	-6.330000E-1	-2.208677E-18	1.807661E-18	-1.576651E-2	0.000000E+0	7.531986E-2	-2.462984E-5	0.000000E+0	0.000000E+0	0.000000E+0
1.375913E+1	1.783669E-5	-5.820000E-1	-4.775830E-18	6.138991E-18	-1.407641E-2	0.000000E+0	7.267901E-2	-9.421766E-8	0.000000E+0	0.000000E+0	0.000000E+0
1.343440E+1	-1.046135E-2	-5.320000E-1	3.271013E+17	1.849291E+17	-1.295981E-2	0.000000E+0	7.443573E-2	5.796301E-5	0.000000E+0	0.000000E+0	0.000000E+0
1.218928E+1	-1.040734E-2	-4.810000E-1	4.410889E+17	3.939340E-18	-1.187900E-2	0.000000E+0	8.203924E-2	7.004600E-5	0.000000E+0	0.000000E+0	0.000000E+0
1.427549E+1	2.593756E-3	-4.300000E-1	-5.506670E-18	3.318154E+17	-1.123077E-2	0.000000E+0	7.005013E-2	-1.272762E-5	0.000000E+0	0.000000E+0	0.000000E+0
1.289389E+1	3.404021E-3	-3.800000E-1	-4.319920E+17	-4.172230E+17	-9.517141E-3	0.000000E+0	7.755611E-2	-2.047502E-5	0.000000E+0	0.000000E+0	0.000000E+0
1.300292E+1	-2.599508E-3	-3.290000E-1	6.411590E-18	-1.599031E-19	-8.282088E-3	0.000000E+0	7.690580E-2	1.537480E-5	0.000000E+0	0.000000E+0	0.000000E+0
1.439066E+1	-4.506835E-2	-2.780000E-1	-1.696221E+17	-6.410840E-19	-6.906074E-3	0.000000E+0	6.948883E-2	2.176236E-4	0.000000E+0	0.000000E+0	0.000000E+0
1.453315E+1	-2.502106E-2	-2.280000E-1	-2.726899E+17	1.903750E-18	-5.697040E-3	0.000000E+0	6.880800E-2	1.184636E-4	0.000000E+0	0.000000E+0	0.000000E+0
1.235432E+1	7.069856E-3	-1.770000E-1	-1.478400E+17	2.700612E+17	-4.699985E-3	0.000000E+0	8.094332E-2	-4.632045E-5	0.000000E+0	0.000000E+0	0.000000E+0
1.418953E+1	5.871147E-3	-1.270000E-1	-2.971689E+17	-4.901914E-18	-3.152341E-3	0.000000E+0	7.047449E-2	-2.915996E-5	0.000000E+0	0.000000E+0	0.000000E+0
1.524125E+1	1.189113E-5	-7.600000E-2	-4.716725E+17	-4.928293E+17	-1.866215E-3	0.000000E+0	6.561142E-2	-5.118963E-8	0.000000E+0	0.000000E+0	0.000000E+0
1.505972E+1	1.128510E-3	-2.500000E-2	-9.427510E-19	-9.422141E-19	-6.296304E-4	0.000000E+0	6.640230E-2	-4.975900E-6	0.000000E+0	0.000000E+0	0.000000E+0
1.439131E+1	-7.754639E-3	2.500000E-2	-3.093320E+17	4.406614E-18	5.977892E-4	0.000000E+0	6.948636E-2	3.744215E-5	0.000000E+0	0.000000E+0	0.000000E+0
1.377282E+1	2.956334E-2	7.600000E-2	-4.715168E+17	-5.436513E+17	1.870125E-3	0.000000E+0	7.260644E-2	-1.558496E-4	0.000000E+0	0.000000E+0	0.000000E+0
1.492258E+1	-5.000278E-3	1.270000E-1	4.697494E+17	-5.230656E+17	3.019375E-3	0.000000E+0	6.701253E-2	2.245465E-5	0.000000E+0	0.000000E+0	0.000000E+0
1.446864E+1	2.325863E-3	1.770000E-1	-3.021231E-18	2.523250E+17	4.320338E-3	0.000000E+0	6.911499E-2	-1.111037E-5	0.000000E+0	0.000000E+0	0.000000E+0
1.511942E+1	2.315721E-2	2.280000E-1	-3.194978E-18	5.558819E-18	5.555902E-3	0.000000E+0	6.613995E-2	-1.013013E-4	0.000000E+0	0.000000E+0	0.000000E+0
1.242595E+1	6.161854E-3	2.780000E-1	4.155990E+17	-4.532139E-19	7.299663E-3	0.000000E+0	8.047672E-2	-3.990728E-5	0.000000E+0	0.000000E+0	0.000000E+0
1.131739E+1	1.554264E-2	3.290000E-1	-4.316265E+17	4.857998E-18	8.457085E-3	0.000000E+0	8.835943E-2	-1.213477E-4	0.000000E+0	0.000000E+0	0.000000E+0
1.326035E+1	-4.029244E-3	3.800000E-1	-3.849816E-18	-6.877525E-18	9.748317E-3	0.000000E+0	7.541278E-2	2.291467E-5	0.000000E+0	0.000000E+0	0.000000E+0
1.350406E+1	1.331994E-2	4.300000E-1	4.766215E-20	4.558806E+17	1.098187E-2	0.000000E+0	7.405173E-2	-7.304208E-5	0.000000E+0	0.000000E+0	0.000000E+0
1.334669E+1	1.287517E-2	4.810000E-1	1.388541E-18	6.784146E-18	1.188444E-2	0.000000E+0	7.492487E-2	-7.227788E-5	0.000000E+0	0.000000E+0	0.000000E+0
1.340258E+1	1.139043E-2	5.320000E-1	3.266052E+17	-3.632521E-18	1.319457E-2	0.000000E+0	7.461245E-2	-6.341076E-5	0.000000E+0	0.000000E+0	0.000000E+0
1.155597E+1	-8.100867E-4	5.820000E-1	-7.975154E-19	6.323277E-18	1.488215E-2	0.000000E+0	8.653536E-2	6.066227E-6	0.000000E+0	0.000000E+0	0.000000E+0
1.230316E+1	1.077796E-2	6.330000E-1	-4.524462E+17	2.055148E+17	1.624947E-2	0.000000E+0	8.127987E-2	-7.120375E-5	0.000000E+0	0.000000E+0	0.000000E+0
1.227192E+1	6.834596E-3	6.840000E-1	-6.904543E-18	-8.377323E+16	1.754224E-2	0.000000E+0	8.148682E-2	-4.538242E-5	0.000000E+0	0.000000E+0	0.000000E+0
1.219561E+1	8.177124E-3	7.340000E-1	2.547933E-18	-3.215913E-19	1.882277E-2	0.000000E+0	8.199668E-2	-5.497856E-5	0.000000E+0	0.000000E+0	0.000000E+0
1.304515E+1	-1.630722E-2	7.850000E-1	-1.554791E+17	1.089529E+17	2.019011E-2	0.000000E+0	7.665672E-2	9.582550E-5	0.000000E+0	0.000000E+0	0.000000E+0
1.207005E+1	-3.872514E-3	8.350000E-1	-5.196819E+17	1.790907E+17	1.995175E-2	0.000000E+0	8.284969E-2	2.658121E-5	0.000000E+0	0.000000E+0	0.000000E+0
1.329226E+1	2.637695E-2	8.860000E-1	3.883600E+17	-5.707470E+17	2.323072E-2	0.000000E+0	7.523146E-2	-1.492881E-4	0.000000E+0	0.000000E+0	0.000000E+0
1.297507E+1	1.610184E-2	9.370000E-1	-2.798456E+17	-3.562291E+17	2.324974E-2	0.000000E+0	7.707076E-2	-9.564349E-5	0.000000E+0	0.000000E+0	0.000000E+0
1.291717E+1	1.608142E-2	9.870000E-1	7.433461E+16	-3.421240E+17	2.442608E-2	0.000000E+0	7.741622E-2	-9.638045E-5	0.000000E+0	0.000000E+0	0.000000E+0
1.289231E+1	2.321853E-2	1.038000E+0	4.333500E+17	8.421242E+16	2.582048E-2	0.000000E+0	7.756537E-2	-1.396921E-4	0.000000E+0	0.000000E+0	0.000000E+0
1.237689E+1	7.971831E-3	1.089000E+0	5.318055E+17	-2.871880E+17	2.729762E-2	0.000000E+0	8.079571E-2	-5.203971E-5	0.000000E+0	0.000000E+0	0.000000E+0
1.169286E+1	2.634055E-2	1.139000E+0	-5.520479E-19	1.659667E-18	3.015732E-2	0.000000E+0	8.552184E-2	-1.926554E-4	0.000000E+0	0.000000E+0	0.000000E+0
1.263962E+1	4.574338E-2	1.190000E+0	9.197504E+16	2.296609E-18	2.936070E-2	0.000000E+0	7.911527E-2	-2.863219E-4	0.000000E+0	0.000000E+0	0.000000E+0
1.257196E+1	2.398770E-2	1.241000E+0	1.138051E+17	1.810141E+17	3.106562E-2	0.000000E+0	7.954180E-2	-1.517683E-4	0.000000E+0	0.000000E+0	0.000000E+0
1.299877E+1	5.850869E-2	1.291000E+0	1.676928E-18	4.035830E-18	3.234462E-2	0.000000E+0	7.692880E-2	-3.462638E-4	0.000000E+0	0.000000E+0	0.000000E+0
1.241883E+1	-1.008627E-2	1.342000E+0	-2.680825E+17	-5.132058E+17	3.343054E-2	0.000000E+0	8.052283E-2	6.539867E-5	0.000000E+0	0.000000E+0	0.000000E+0
1.202136E+1	5.750173E-2	1.392000E+0	5.241928E+17	-4.155966E-18	3.609157E-2	0.000000E+0	8.318336E-2	-3.978907E-4	0.000000E+0	0.000000E+0	0.000000E+0
1.248605E+1	3.210665E-2	1.443000E+0	2.579781E+17	4.569569E-19	3.603704E-2	0.000000E+0	8.008885E-2	-2.059406E-4	0.000000E+0	0.000000E+0	0.000000E+0
1.364017E+1	2.884896E-2	1.494000E+0	2.915631E-18	5.325354E+16	3.731193E-2	0.000000E+0	7.331254E-2	-1.550560E-4	0.000000E+0	0.000000E+0	0.000000E+0
1.276659E+1	3.020275E-2	1.544000E+0	-1.980656E+17	2.858813E+16	3.733914E-2	0.000000E+0	7.832901E-2	-1.853080E-4	0.000000E+0	0.000000E+0	0.000000E+0
1.258056E+1	4.144675E-2	1.595000E+0	-2.714796E-18	1.441508E+17	3.910790E-2	0.000000E+0	7.948685E-2	-2.618700E-4	0.000000E+0	0.000000E+0	0.000000E+0
1.125912E+1	2.315153E-2	1.646000E+0	5.785012E-19	5.234687E+17	3.958657E-2	0.000000E+0	8.881651E-2	-1.826287E-4	0.000000E+0	0.000000E+0	0.000000E+0
1.231139E+1	3.709047E-2	1.696000E+0	3.390598E+17	1.295985E-19	4.406169E-2	0.000000E+0	8.122486E-2	-2.447058E-4	0.000000E+0	0.000000E+0	0.000000E+0
1.207112E+1	4.797602E-2	1.747000E+0	-5.351627E-18	2.391872E+17	4.470225E-2	0.000000E+0	8.284105E-2	-3.292473E-4	0.000000E+0	0.000000E+0	0.000000E+0
1.223273E+1	4.034381E-2	1.797000E+0	2.587907E+17	-4.848260E-18	4.606860E-2	0.000000E+0	8.174701E-2	-2.696034E-4	0.000000E+0	0.000000E+0	0.000000E+0
1.284489E+1	9.398858E-2	1.848000E+0	-3.848534E+17	-9.739225E-19	4.733889E-2	0.000000E+0	7.784780E-2	-5.696276E-4	0.000000E+0	0.000000E+0	0.000000E+0
1.258455E+1	6.425546E-2	1.899000E+0	6.653843E-18	-4.395667E+17	4.631654E-2	0.000000E+0	7.946044E-2	-4.057171E-4	0.000000E+0	0.000000E+0	0.000000E+0
1.291858E+1	5.580966E-2	1.949000E+0	-1.137863E-18	-4.188961E+17	4.884375E-2	0.000000E+0	7.740644E-2	-3.344042E-4	0.000000E+0	0.000000E+0	0.000000E+0
1.305066E+1	5.193925E-2	2.000000E+0	-9.275714E-19	-3.780148E-18	5.016717E-2	0.000000E+0	7.662326E-2	-3.049466E-4	0.000000E+0	0.000000E+0	0.000000E+0
