Real / Ohm	Ximag / Ohm	V_DC / V	I_a c / A	V_ac / V	I_DC / A
1.392802E+1	2.949297E-1	-2.000000E+0	-3.567381E+17	-4.286482E-18	-3.553051E-2	1.000000E+4	7.176554E-2	-1.519655E-3	0.000000E+0	0.000000E+0	0.000000E+0
1.487088E+1	2.007300E-1	-1.949000E+0	-4.691027E+17	6.689522E-18	-3.480770E-2	0.000000E+0	6.723327E-2	-9.075276E-4	0.000000E+0	0.000000E+0	0.000000E+0
1.583612E+1	1.625284E-1	-1.899000E+0	-5.749716E+17	1.371841E+17	-3.362064E-2	0.000000E+0	6.314013E-2	-6.480163E-4	0.000000E+0	0.000000E+0	0.000000E+0
1.677101E+1	1.356972E-1	-1.848000E+0	-6.194310E-18	5.176240E+17	-3.217056E-2	0.000000E+0	5.962280E-2	-4.824186E-4	0.000000E+0	0.000000E+0	0.000000E+0
1.754371E+1	1.435406E-1	-1.797000E+0	2.517955E+17	3.793721E+16	-3.119803E-2	0.000000E+0	5.699667E-2	-4.663401E-4	0.000000E+0	0.000000E+0	0.000000E+0
1.727942E+1	1.096282E-1	-1.747000E+0	4.508571E+17	-2.686618E+17	-2.946958E-2	0.000000E+0	5.786998E-2	-3.671525E-4	0.000000E+0	0.000000E+0	0.000000E+0
1.901463E+1	1.035369E-1	-1.696000E+0	8.250878E-19	2.835790E+17	-2.851237E-2	0.000000E+0	5.258952E-2	-2.863562E-4	0.000000E+0	0.000000E+0	0.000000E+0
1.978644E+1	1.020474E-1	-1.646000E+0	6.288344E-18	-3.929323E-18	-2.776247E-2	0.000000E+0	5.053832E-2	-2.606484E-4	0.000000E+0	0.000000E+0	0.000000E+0
2.057424E+1	9.826063E-2	-1.595000E+0	-2.649665E-18	4.664198E-18	-2.672813E-2	0.000000E+0	4.860336E-2	-2.321251E-4	0.000000E+0	0.000000E+0	0.000000E+0
2.218126E+1	1.647614E-1	-1.544000E+0	2.907620E+17	-1.496570E-18	-2.502526E-2	0.000000E+0	4.508061E-2	-3.348568E-4	0.000000E+0	0.000000E+0	0.000000E+0
2.310058E+1	9.783217E-2	-1.494000E+0	-2.052875E-18	3.493290E-18	-2.423757E-2	0.000000E+0	4.328818E-2	-1.833277E-4	0.000000E+0	0.000000E+0	0.000000E+0
2.347078E+1	9.945498E-2	-1.443000E+0	5.725574E-18	6.181145E-18	-2.308679E-2	0.000000E+0	4.260540E-2	-1.805359E-4	0.000000E+0	0.000000E+0	0.000000E+0
2.445177E+1	8.245517E-2	-1.392000E+0	-6.504745E+16	2.369911E+17	-2.166788E-2	0.000000E+0	4.089637E-2	-1.379089E-4	0.000000E+0	0.000000E+0	0.000000E+0
2.576934E+1	7.074896E-2	-1.342000E+0	8.036571E+16	-5.942611E-18	-2.149612E-2	0.000000E+0	3.880551E-2	-1.065394E-4	0.000000E+0	0.000000E+0	0.000000E+0
2.667571E+1	7.720608E-2	-1.291000E+0	2.127762E-18	3.293656E+15	-2.030397E-2	0.000000E+0	3.748697E-2	-1.084965E-4	0.000000E+0	0.000000E+0	0.000000E+0
2.750051E+1	7.812485E-2	-1.241000E+0	8.607211E+16	1.700546E-17	-1.914806E-2	0.000000E+0	3.636267E-2	-1.033009E-4	0.000000E+0	0.000000E+0	0.000000E+0
2.937088E+1	4.372033E-2	-1.190000E+0	-3.335094E+16	-2.240669E+17	-1.856571E-2	0.000000E+0	3.404725E-2	-5.068139E-5	0.000000E+0	0.000000E+0	0.000000E+0
2.999860E+1	3.919280E-2	-1.139000E+0	2.653475E+17	2.403843E+17	-1.754823E-2	0.000000E+0	3.333483E-2	-4.355155E-5	0.000000E+0	0.000000E+0	0.000000E+0
3.091911E+1	3.342289E-2	-1.089000E+0	-6.256276E-18	1.400744E+17	-1.688515E-2	0.000000E+0	3.234242E-2	-3.496146E-5	0.000000E+0	0.000000E+0	0.000000E+0
3.491505E+1	8.437958E-2	-1.038000E+0	-4.475620E-18	-5.687704E-18	-1.581353E-2	0.000000E+0	2.864078E-2	-6.921648E-5	0.000000E+0	0.000000E+0	0.000000E+0
3.243224E+1	1.376581E-2	-9.870000E-1	1.311717E+15	5.157902E-18	-1.524497E-2	0.000000E+0	3.083351E-2	-1.308723E-5	0.000000E+0	0.000000E+0	0.000000E+0
3.298643E+1	5.321145E-2	-9.370000E-1	3.723455E-18	4.245176E+17	-1.407527E-2	0.000000E+0	3.031542E-2	-4.890276E-5	0.000000E+0	0.000000E+0	0.000000E+0
3.531579E+1	2.099213E-2	-8.860000E-1	-5.203440E-18	3.843920E-18	-1.308894E-2	0.000000E+0	2.831594E-2	-1.683133E-5	0.000000E+0	0.000000E+0	0.000000E+0
3.656764E+1	2.469257E-2	-8.350000E-1	-1.183523E-18	-5.342346E-18	-1.248259E-2	0.000000E+0	2.734657E-2	-1.846597E-5	0.000000E+0	0.000000E+0	0.000000E+0
3.742036E+1	1.589012E-2	-7.850000E-1	5.232691E+17	-3.553127E+17	-1.143494E-2	0.000000E+0	2.672342E-2	-1.134779E-5	0.000000E+0	0.000000E+0	0.000000E+0
3.839912E+1	1.809114E-2	-7.340000E-1	2.088242E+17	-2.195880E+17	-1.059774E-2	0.000000E+0	2.604226E-2	-1.226940E-5	0.000000E+0	0.000000E+0	0.000000E+0
3.873773E+1	1.006454E-3	-6.840000E-1	-7.957818E+16	-3.372665E-18	-1.013028E-2	0.000000E+0	2.581463E-2	-6.706958E-7	0.000000E+0	0.000000E+0	0.000000E+0
4.000220E+1	6.452501E-4	-6.330000E-1	-2.208677E-18	1.807661E-18	-9.271121E-3	0.000000E+0	2.499863E-2	-4.032370E-7	0.000000E+0	0.000000E+0	0.000000E+0
4.057586E+1	-1.055118E-2	-5.820000E-1	-4.775830E-18	6.138991E-18	-8.369062E-3	0.000000E+0	2.464519E-2	6.408635E-6	0.000000E+0	0.000000E+0	0.000000E+0
4.173025E+1	1.002595E-2	-5.320000E-1	3.271013E+17	1.849291E+17	-7.612529E-3	0.000000E+0	2.396343E-2	-5.757362E-6	0.000000E+0	0.000000E+0	0.000000E+0
4.087164E+1	-2.802593E-2	-4.810000E-1	4.410889E+17	3.939340E-18	-7.175228E-3	0.000000E+0	2.446683E-2	1.677705E-5	0.000000E+0	0.000000E+0	0.000000E+0
4.086034E+1	-1.518267E-2	-4.300000E-1	-5.506670E-18	3.318154E+17	-6.185833E-3	0.000000E+0	2.447361E-2	9.093774E-6	0.000000E+0	0.000000E+0	0.000000E+0
4.273047E+1	-5.551577E-4	-3.800000E-1	-4.319920E+17	-4.172230E+17	-5.620312E-3	0.000000E+0	2.340250E-2	3.040472E-7	0.000000E+0	0.000000E+0	0.000000E+0
4.166641E+1	-6.434768E-3	-3.290000E-1	6.411590E-18	-1.599031E-19	-4.666158E-3	0.000000E+0	2.400015E-2	3.706472E-6	0.000000E+0	0.000000E+0	0.000000E+0
4.261507E+1	-7.432431E-3	-2.780000E-1	-1.696221E+17	-6.410840E-19	-4.062871E-3	0.000000E+0	2.346588E-2	4.092649E-6	0.000000E+0	0.000000E+0	0.000000E+0
4.308131E+1	-2.864569E-3	-2.280000E-1	-2.726899E+17	1.903750E-18	-3.304296E-3	0.000000E+0	2.321192E-2	1.543411E-6	0.000000E+0	0.000000E+0	0.000000E+0
4.323160E+1	4.020780E-3	-1.770000E-1	-1.478400E+17	2.700612E+17	-2.575881E-3	0.000000E+0	2.313123E-2	-2.151333E-6	0.000000E+0	0.000000E+0	0.000000E+0
4.343517E+1	1.290303E-2	-1.270000E-1	-2.971689E+17	-4.901914E-18	-1.823436E-3	0.000000E+0	2.302282E-2	-6.839252E-6	0.000000E+0	0.000000E+0	0.000000E+0
4.390596E+1	1.208159E-2	-7.600000E-2	-4.716725E+17	-4.928293E+17	-1.074082E-3	0.000000E+0	2.277595E-2	-6.267251E-6	0.000000E+0	0.000000E+0	0.000000E+0
4.438221E+1	1.444077E-2	-2.500000E-2	-9.427510E-19	-9.422141E-19	-3.660966E-4	0.000000E+0	2.253155E-2	-7.331156E-6	0.000000E+0	0.000000E+0	0.000000E+0
4.691447E+1	4.218221E-4	2.500000E-2	-3.093320E+17	4.406614E-18	3.659204E-4	0.000000E+0	2.131539E-2	-1.916530E-7	0.000000E+0	0.000000E+0	0.000000E+0
4.251607E+1	-6.873578E-3	7.600000E-2	-4.715168E+17	-5.436513E+17	1.064202E-3	0.000000E+0	2.352052E-2	3.802565E-6	0.000000E+0	0.000000E+0	0.000000E+0
4.449316E+1	4.393309E-3	1.270000E-1	4.697494E+17	-5.230656E+17	1.823770E-3	0.000000E+0	2.247536E-2	-2.219245E-6	0.000000E+0	0.000000E+0	0.000000E+0
4.333487E+1	5.156100E-3	1.770000E-1	-3.021231E-18	2.523250E+17	2.546083E-3	0.000000E+0	2.307610E-2	-2.745657E-6	0.000000E+0	0.000000E+0	0.000000E+0
4.146574E+1	-7.956624E-3	2.280000E-1	-3.194978E-18	5.558819E-18	3.381749E-3	0.000000E+0	2.411629E-2	4.627538E-6	0.000000E+0	0.000000E+0	0.000000E+0
4.135059E+1	-1.490530E-2	2.780000E-1	4.155990E+17	-4.532139E-19	4.124491E-3	0.000000E+0	2.418345E-2	8.717205E-6	0.000000E+0	0.000000E+0	0.000000E+0
4.102007E+1	-1.586446E-2	3.290000E-1	-4.316265E+17	4.857998E-18	4.879463E-3	0.000000E+0	2.437831E-2	9.428279E-6	0.000000E+0	0.000000E+0	0.000000E+0
3.968710E+1	-1.739472E-2	3.800000E-1	-3.849816E-18	-6.877525E-18	5.531267E-3	0.000000E+0	2.519710E-2	1.104380E-5	0.000000E+0	0.000000E+0	0.000000E+0
4.030472E+1	-1.047710E-2	4.300000E-1	4.766215E-20	4.558806E+17	6.303121E-3	0.000000E+0	2.481099E-2	6.449547E-6	0.000000E+0	0.000000E+0	0.000000E+0
3.968196E+1	-8.633673E-3	4.810000E-1	1.388541E-18	6.784146E-18	7.119891E-3	0.000000E+0	2.520037E-2	5.482888E-6	0.000000E+0	0.000000E+0	0.000000E+0
3.952975E+1	6.829262E-3	5.320000E-1	3.266052E+17	-3.632521E-18	7.856477E-3	0.000000E+0	2.529740E-2	-4.370445E-6	0.000000E+0	0.000000E+0	0.000000E+0
3.887839E+1	-1.530701E-2	5.820000E-1	-7.975154E-19	6.323277E-18	8.635988E-3	0.000000E+0	2.572123E-2	1.012684E-5	0.000000E+0	0.000000E+0	0.000000E+0
3.856628E+1	2.192676E-3	6.330000E-1	-4.524462E+17	2.055148E+17	9.099336E-3	0.000000E+0	2.592939E-2	-1.474209E-6	0.000000E+0	0.000000E+0	0.000000E+0
3.671786E+1	-8.824795E-3	6.840000E-1	-6.904543E-18	-8.377323E+16	1.034920E-2	0.000000E+0	2.723470E-2	6.545606E-6	0.000000E+0	0.000000E+0	0.000000E+0
3.520563E+1	1.490927E-2	7.340000E-1	2.547933E-18	-3.215913E-19	1.110011E-2	0.000000E+0	2.840454E-2	-1.202907E-5	0.000000E+0	0.000000E+0	0.000000E+0
3.493793E+1	1.140791E-2	7.850000E-1	-1.554791E+17	1.089529E+17	1.210126E-2	0.000000E+0	2.862218E-2	-9.345697E-6	0.000000E+0	0.000000E+0	0.000000E+0
3.412281E+1	1.483831E-2	8.350000E-1	-5.196819E+17	1.790907E+17	1.308506E-2	0.000000E+0	2.930590E-2	-1.274368E-5	0.000000E+0	0.000000E+0	0.000000E+0
3.381561E+1	3.711879E-3	8.860000E-1	3.883600E+17	-5.707470E+17	1.403360E-2	0.000000E+0	2.957214E-2	-3.246081E-6	0.000000E+0	0.000000E+0	0.000000E+0
3.344876E+1	-7.623523E-3	9.370000E-1	-2.798456E+17	-3.562291E+17	1.486109E-2	0.000000E+0	2.989647E-2	6.813898E-6	0.000000E+0	0.000000E+0	0.000000E+0
3.278101E+1	-4.536015E-2	9.870000E-1	7.433461E+16	-3.421240E+17	1.529229E-2	0.000000E+0	3.050541E-2	4.221133E-5	0.000000E+0	0.000000E+0	0.000000E+0
3.176973E+1	1.682383E-2	1.038000E+0	4.333500E+17	8.421242E+16	1.608250E-2	0.000000E+0	3.147649E-2	-1.666855E-5	0.000000E+0	0.000000E+0	0.000000E+0
3.192776E+1	4.788187E-2	1.089000E+0	5.318055E+17	-2.871880E+17	1.706934E-2	0.000000E+0	3.132064E-2	-4.697137E-5	0.000000E+0	0.000000E+0	0.000000E+0
3.078808E+1	2.448571E-2	1.139000E+0	-5.520479E-19	1.659667E-18	1.822424E-2	0.000000E+0	3.248008E-2	-2.583136E-5	0.000000E+0	0.000000E+0	0.000000E+0
2.893246E+1	3.583112E-2	1.190000E+0	9.197504E+16	2.296609E-18	1.845521E-2	0.000000E+0	3.456320E-2	-4.280446E-5	0.000000E+0	0.000000E+0	0.000000E+0
2.872661E+1	4.317078E-2	1.241000E+0	1.138051E+17	1.810141E+17	1.973163E-2	0.000000E+0	3.481085E-2	-5.231427E-5	0.000000E+0	0.000000E+0	0.000000E+0
2.831463E+1	4.263639E-2	1.291000E+0	1.676928E-18	4.035830E-18	2.072871E-2	0.000000E+0	3.531735E-2	-5.318114E-5	0.000000E+0	0.000000E+0	0.000000E+0
2.725440E+1	5.400196E-2	1.342000E+0	-2.680825E+17	-5.132058E+17	2.200411E-2	0.000000E+0	3.669118E-2	-7.270003E-5	0.000000E+0	0.000000E+0	0.000000E+0
2.633196E+1	6.669933E-2	1.392000E+0	5.241928E+17	-4.155966E-18	2.269834E-2	0.000000E+0	3.797642E-2	-9.619496E-5	0.000000E+0	0.000000E+0	0.000000E+0
2.506706E+1	4.014340E-2	1.443000E+0	2.579781E+17	4.569569E-19	2.410806E-2	0.000000E+0	3.989289E-2	-6.388608E-5	0.000000E+0	0.000000E+0	0.000000E+0
2.445296E+1	8.996487E-2	1.494000E+0	2.915631E-18	5.325354E+16	2.493095E-2	0.000000E+0	4.089429E-2	-1.504542E-4	0.000000E+0	0.000000E+0	0.000000E+0
2.322327E+1	5.498168E-2	1.544000E+0	-1.980656E+17	2.858813E+16	2.640250E-2	0.000000E+0	4.306002E-2	-1.019457E-4	0.000000E+0	0.000000E+0	0.000000E+0
2.277705E+1	3.526926E-2	1.595000E+0	-2.714796E-18	1.441508E+17	2.750272E-2	0.000000E+0	4.390374E-2	-6.798300E-5	0.000000E+0	0.000000E+0	0.000000E+0
2.198645E+1	2.657659E-2	1.646000E+0	5.785012E-19	5.234687E+17	2.870968E-2	0.000000E+0	4.548249E-2	-5.497793E-5	0.000000E+0	0.000000E+0	0.000000E+0
2.041080E+1	2.470496E-2	1.696000E+0	3.390598E+17	1.295985E-19	2.908828E-2	0.000000E+0	4.899360E-2	-5.930120E-5	0.000000E+0	0.000000E+0	0.000000E+0
2.107299E+1	-1.776993E-2	1.747000E+0	-5.351627E-18	2.391872E+17	3.141066E-2	0.000000E+0	4.745408E-2	4.001595E-5	0.000000E+0	0.000000E+0	0.000000E+0
2.010594E+1	4.151241E-2	1.797000E+0	2.587907E+17	-4.848260E-18	3.422133E-2	0.000000E+0	4.973633E-2	-1.026898E-4	0.000000E+0	0.000000E+0	0.000000E+0
1.967504E+1	6.815858E-2	1.848000E+0	-3.848534E+17	-9.739225E-19	3.432512E-2	0.000000E+0	5.082521E-2	-1.760695E-4	0.000000E+0	0.000000E+0	0.000000E+0
1.925357E+1	6.544979E-2	1.899000E+0	6.653843E-18	-4.395667E+17	3.512402E-2	0.000000E+0	5.193782E-2	-1.765553E-4	0.000000E+0	0.000000E+0	0.000000E+0
1.871037E+1	6.355745E-2	1.949000E+0	-1.137863E-18	-4.188961E+17	3.646635E-2	0.000000E+0	5.344568E-2	-1.815502E-4	0.000000E+0	0.000000E+0	0.000000E+0
1.831964E+1	7.930866E-2	2.000000E+0	-9.275714E-19	-3.780148E-18	3.752980E-2	0.000000E+0	5.458520E-2	-2.363081E-4	0.000000E+0	0.000000E+0	0.000000E+0
