Real / Ohm	Ximag / Ohm	V_DC / V	I_a c / A	V_ac / V	I_DC / A
2.143019E+1	1.126249E+0	2.000000E+0	-9.275714E-19	-3.780148E-18	3.628363E-2	1.000000E+7	4.653462E-2	-2.445595E-3	0.000000E+0	0.000000E+0	0.000000E+0
2.222830E+1	1.032934E+0	1.949000E+0	-1.137863E-18	-4.188961E+17	3.450261E-2	0.000000E+0	4.489076E-2	-2.086043E-3	0.000000E+0	0.000000E+0	0.000000E+0
2.578923E+1	1.397458E+0	1.899000E+0	6.653843E-18	-4.395667E+17	3.447795E-2	0.000000E+0	3.866235E-2	-2.095022E-3	0.000000E+0	0.000000E+0	0.000000E+0
2.532595E+1	8.939829E-1	1.848000E+0	-3.848534E+17	-9.739225E-19	2.832820E-2	0.000000E+0	3.943605E-2	-1.392057E-3	0.000000E+0	0.000000E+0	0.000000E+0
2.472997E+1	5.527601E-1	1.797000E+0	2.587907E+17	-4.848260E-18	3.162991E-2	0.000000E+0	4.041657E-2	-9.033844E-4	0.000000E+0	0.000000E+0	0.000000E+0
2.510193E+1	7.570887E-1	1.747000E+0	-5.351627E-18	2.391872E+17	2.990658E-2	0.000000E+0	3.980137E-2	-1.200432E-3	0.000000E+0	0.000000E+0	0.000000E+0
2.606773E+1	7.359962E-1	1.696000E+0	3.390598E+17	1.295985E-19	2.910156E-2	0.000000E+0	3.833105E-2	-1.082239E-3	0.000000E+0	0.000000E+0	0.000000E+0
2.856490E+1	3.774500E-1	1.646000E+0	5.785012E-19	5.234687E+17	2.304932E-2	0.000000E+0	3.500189E-2	-4.625069E-4	0.000000E+0	0.000000E+0	0.000000E+0
2.949645E+1	-3.719425E-1	1.595000E+0	-2.714796E-18	1.441508E+17	2.537147E-2	0.000000E+0	3.389700E-2	4.274322E-4	0.000000E+0	0.000000E+0	0.000000E+0
3.033945E+1	-1.389399E-1	1.544000E+0	-1.980656E+17	2.858813E+16	2.382947E-2	0.000000E+0	3.295970E-2	1.509393E-4	0.000000E+0	0.000000E+0	0.000000E+0
3.070790E+1	-3.529530E-1	1.494000E+0	2.915631E-18	5.325354E+16	2.334515E-2	0.000000E+0	3.256061E-2	3.742478E-4	0.000000E+0	0.000000E+0	0.000000E+0
3.135504E+1	-5.506048E-1	1.443000E+0	2.579781E+17	4.569569E-19	2.183227E-2	0.000000E+0	3.188297E-2	5.598754E-4	0.000000E+0	0.000000E+0	0.000000E+0
3.222325E+1	-8.629208E-1	1.392000E+0	5.241928E+17	-4.155966E-18	2.126422E-2	0.000000E+0	3.101125E-2	8.304642E-4	0.000000E+0	0.000000E+0	0.000000E+0
3.735349E+1	-3.335800E-1	1.342000E+0	-2.680825E+17	-5.132058E+17	2.004753E-2	0.000000E+0	2.676913E-2	2.390578E-4	0.000000E+0	0.000000E+0	0.000000E+0
3.528009E+1	-1.475615E+0	1.291000E+0	1.676928E-18	4.035830E-18	1.970369E-2	0.000000E+0	2.829510E-2	1.183463E-3	0.000000E+0	0.000000E+0	0.000000E+0
3.446410E+1	-1.718380E+0	1.241000E+0	1.138051E+17	1.810141E+17	1.846095E-2	0.000000E+0	2.894375E-2	1.443135E-3	0.000000E+0	0.000000E+0	0.000000E+0
3.577962E+1	-1.535984E+0	1.190000E+0	9.197504E+16	2.296609E-18	1.778718E-2	0.000000E+0	2.789746E-2	1.197611E-3	0.000000E+0	0.000000E+0	0.000000E+0
3.573418E+1	-1.753107E+0	1.139000E+0	-5.520479E-19	1.659667E-18	1.667777E-2	0.000000E+0	2.791722E-2	1.369609E-3	0.000000E+0	0.000000E+0	0.000000E+0
4.021433E+1	-2.078466E+0	1.089000E+0	5.318055E+17	-2.871880E+17	1.340898E-2	0.000000E+0	2.480051E-2	1.281807E-3	0.000000E+0	0.000000E+0	0.000000E+0
4.040369E+1	-2.581041E+0	1.038000E+0	4.333500E+17	8.421242E+16	1.440375E-2	0.000000E+0	2.464962E-2	1.574650E-3	0.000000E+0	0.000000E+0	0.000000E+0
4.161584E+1	-2.646503E+0	9.870000E-1	7.433461E+16	-3.421240E+17	1.344296E-2	0.000000E+0	2.393253E-2	1.521957E-3	0.000000E+0	0.000000E+0	0.000000E+0
4.174393E+1	-2.875566E+0	9.370000E-1	-2.798456E+17	-3.562291E+17	1.268438E-2	0.000000E+0	2.384244E-2	1.642407E-3	0.000000E+0	0.000000E+0	0.000000E+0
4.241115E+1	-3.075094E+0	8.860000E-1	3.883600E+17	-5.707470E+17	1.185740E-2	0.000000E+0	2.345539E-2	1.700674E-3	0.000000E+0	0.000000E+0	0.000000E+0
4.347874E+1	-3.236507E+0	8.350000E-1	-5.196819E+17	1.790907E+17	1.121530E-2	0.000000E+0	2.287300E-2	1.702640E-3	0.000000E+0	0.000000E+0	0.000000E+0
4.713512E+1	-2.766119E+0	7.850000E-1	-1.554791E+17	1.089529E+17	1.045570E-2	0.000000E+0	2.114279E-2	1.240762E-3	0.000000E+0	0.000000E+0	0.000000E+0
4.672341E+1	-3.557764E+0	7.340000E-1	2.547933E-18	-3.215913E-19	9.551598E-3	0.000000E+0	2.127917E-2	1.620307E-3	0.000000E+0	0.000000E+0	0.000000E+0
4.670329E+1	-3.598433E+0	6.840000E-1	-6.904543E-18	-8.377323E+16	8.964628E-3	0.000000E+0	2.128541E-2	1.640015E-3	0.000000E+0	0.000000E+0	0.000000E+0
4.730346E+1	-3.625212E+0	6.330000E-1	-4.524462E+17	2.055148E+17	8.298010E-3	0.000000E+0	2.101667E-2	1.610662E-3	0.000000E+0	0.000000E+0	0.000000E+0
4.996822E+1	-3.416193E+0	5.820000E-1	-7.975154E-19	6.323277E-18	7.273378E-3	0.000000E+0	1.991961E-2	1.361851E-3	0.000000E+0	0.000000E+0	0.000000E+0
4.765264E+1	-4.026392E+0	5.320000E-1	3.266052E+17	-3.632521E-18	6.548000E-3	0.000000E+0	2.083644E-2	1.760567E-3	0.000000E+0	0.000000E+0	0.000000E+0
4.929253E+1	-4.073912E+0	4.810000E-1	1.388541E-18	6.784146E-18	6.127553E-3	0.000000E+0	2.014942E-2	1.665302E-3	0.000000E+0	0.000000E+0	0.000000E+0
4.885955E+1	-4.173832E+0	4.300000E-1	4.766215E-20	4.558806E+17	5.435911E-3	0.000000E+0	2.031855E-2	1.735715E-3	0.000000E+0	0.000000E+0	0.000000E+0
4.897359E+1	-4.302637E+0	3.800000E-1	-3.849816E-18	-6.877525E-18	4.796846E-3	0.000000E+0	2.026277E-2	1.780211E-3	0.000000E+0	0.000000E+0	0.000000E+0
4.979920E+1	-4.462530E+0	3.290000E-1	-4.316265E+17	4.857998E-18	4.230842E-3	0.000000E+0	1.992068E-2	1.785102E-3	0.000000E+0	0.000000E+0	0.000000E+0
5.064158E+1	-4.395363E+0	2.780000E-1	4.155990E+17	-4.532139E-19	3.559120E-3	0.000000E+0	1.959898E-2	1.701065E-3	0.000000E+0	0.000000E+0	0.000000E+0
5.586368E+1	-3.531847E+0	2.280000E-1	-3.194978E-18	5.558819E-18	2.885325E-3	0.000000E+0	1.782945E-2	1.127224E-3	0.000000E+0	0.000000E+0	0.000000E+0
5.155634E+1	-4.751760E+0	1.770000E-1	-3.021231E-18	2.523250E+17	2.232498E-3	0.000000E+0	1.923288E-2	1.772624E-3	0.000000E+0	0.000000E+0	0.000000E+0
5.184237E+1	-4.468031E+0	1.270000E-1	4.697494E+17	-5.230656E+17	1.580154E-3	0.000000E+0	1.914702E-2	1.650185E-3	0.000000E+0	0.000000E+0	0.000000E+0
5.242245E+1	-4.410646E+0	7.600000E-2	-4.715168E+17	-5.436513E+17	9.748249E-4	0.000000E+0	1.894171E-2	1.593691E-3	0.000000E+0	0.000000E+0	0.000000E+0
5.418072E+1	-4.287676E+0	2.500000E-2	-3.093320E+17	4.406614E-18	3.311911E-4	0.000000E+0	1.834188E-2	1.451514E-3	0.000000E+0	0.000000E+0	0.000000E+0
5.066300E+1	-3.339306E+0	-2.500000E-2	-9.427510E-19	-9.422141E-19	-3.068525E-4	0.000000E+0	1.965289E-2	1.295364E-3	0.000000E+0	0.000000E+0	0.000000E+0
5.330672E+1	-3.683519E+0	-7.600000E-2	-4.716725E+17	-4.928293E+17	-9.801087E-4	0.000000E+0	1.867021E-2	1.290120E-3	0.000000E+0	0.000000E+0	0.000000E+0
4.977363E+1	-3.988342E+0	-1.270000E-1	-2.971689E+17	-4.901914E-18	-1.645704E-3	0.000000E+0	1.996278E-2	1.599610E-3	0.000000E+0	0.000000E+0	0.000000E+0
4.860359E+1	-3.905054E+0	-1.770000E-1	-1.478400E+17	2.700612E+17	-2.268426E-3	0.000000E+0	2.044265E-2	1.642464E-3	0.000000E+0	0.000000E+0	0.000000E+0
4.884235E+1	-3.852261E+0	-2.280000E-1	-2.726899E+17	1.903750E-18	-2.967728E-3	0.000000E+0	2.034746E-2	1.604831E-3	0.000000E+0	0.000000E+0	0.000000E+0
4.817315E+1	-3.688618E+0	-2.780000E-1	-1.696221E+17	-6.410840E-19	-3.636416E-3	0.000000E+0	2.063745E-2	1.580210E-3	0.000000E+0	0.000000E+0	0.000000E+0
5.261646E+1	-3.021225E+0	-3.290000E-1	6.411590E-18	-1.599031E-19	-4.364319E-3	0.000000E+0	1.894300E-2	1.087703E-3	0.000000E+0	0.000000E+0	0.000000E+0
4.883266E+1	-3.795435E+0	-3.800000E-1	-4.319920E+17	-4.172230E+17	-4.980885E-3	0.000000E+0	2.035513E-2	1.582068E-3	0.000000E+0	0.000000E+0	0.000000E+0
4.813714E+1	-3.309250E+0	-4.300000E-1	-5.506670E-18	3.318154E+17	-5.622504E-3	0.000000E+0	2.067626E-2	1.421416E-3	0.000000E+0	0.000000E+0	0.000000E+0
4.717993E+1	-3.199678E+0	-4.810000E-1	4.410889E+17	3.939340E-18	-6.284013E-3	0.000000E+0	2.109841E-2	1.430865E-3	0.000000E+0	0.000000E+0	0.000000E+0
4.897710E+1	-2.840916E+0	-5.320000E-1	3.271013E+17	1.849291E+17	-6.764726E-3	0.000000E+0	2.034924E-2	1.180357E-3	0.000000E+0	0.000000E+0	0.000000E+0
4.169897E+1	-2.490044E+0	-5.820000E-1	-4.775830E-18	6.138991E-18	-7.531983E-3	0.000000E+0	2.389620E-2	1.426956E-3	0.000000E+0	0.000000E+0	0.000000E+0
4.352691E+1	-2.436813E+0	-6.330000E-1	-2.208677E-18	1.807661E-18	-9.007588E-3	0.000000E+0	2.290251E-2	1.282176E-3	0.000000E+0	0.000000E+0	0.000000E+0
4.121669E+1	-2.228302E+0	-6.840000E-1	-7.957818E+16	-3.372665E-18	-9.869302E-3	0.000000E+0	2.419131E-2	1.307857E-3	0.000000E+0	0.000000E+0	0.000000E+0
3.946616E+1	-2.228073E+0	-7.340000E-1	2.088242E+17	-2.195880E+17	-9.845957E-3	0.000000E+0	2.525766E-2	1.425928E-3	0.000000E+0	0.000000E+0	0.000000E+0
3.942487E+1	-2.247774E+0	-7.850000E-1	5.232691E+17	-3.553127E+17	-1.129092E-2	0.000000E+0	2.528252E-2	1.441460E-3	0.000000E+0	0.000000E+0	0.000000E+0
3.915238E+1	-1.914286E+0	-8.350000E-1	-1.183523E-18	-5.342346E-18	-1.193713E-2	0.000000E+0	2.548032E-2	1.245815E-3	0.000000E+0	0.000000E+0	0.000000E+0
4.232093E+1	-1.325874E+0	-8.860000E-1	-5.203440E-18	3.843920E-18	-1.311447E-2	0.000000E+0	2.360580E-2	7.395470E-4	0.000000E+0	0.000000E+0	0.000000E+0
4.049249E+1	-1.045517E+0	-9.370000E-1	3.723455E-18	4.245176E+17	-1.202573E-2	0.000000E+0	2.467948E-2	6.372248E-4	0.000000E+0	0.000000E+0	0.000000E+0
4.090981E+1	-7.839470E-1	-9.870000E-1	1.311717E+15	5.157902E-18	-1.419850E-2	0.000000E+0	2.443504E-2	4.682441E-4	0.000000E+0	0.000000E+0	0.000000E+0
4.046372E+1	-5.844936E-1	-1.038000E+0	-4.475620E-18	-5.687704E-18	-1.349331E-2	0.000000E+0	2.470834E-2	3.569090E-4	0.000000E+0	0.000000E+0	0.000000E+0
4.233775E+1	-2.417526E-1	-1.089000E+0	-6.256276E-18	1.400744E+17	-1.508996E-2	0.000000E+0	2.361881E-2	1.348657E-4	0.000000E+0	0.000000E+0	0.000000E+0
3.408167E+1	-9.917984E-1	-1.139000E+0	2.653475E+17	2.403843E+17	-1.531227E-2	0.000000E+0	2.931646E-2	8.531277E-4	0.000000E+0	0.000000E+0	0.000000E+0
3.575835E+1	-8.513451E-3	-1.190000E+0	-3.335094E+16	-2.240669E+17	-1.778838E-2	0.000000E+0	2.796549E-2	6.658106E-6	0.000000E+0	0.000000E+0	0.000000E+0
3.328053E+1	2.645302E-2	-1.241000E+0	8.607211E+16	1.700546E-17	-1.945040E-2	0.000000E+0	3.004758E-2	-2.388331E-5	0.000000E+0	0.000000E+0	0.000000E+0
3.221272E+1	4.890022E-1	-1.291000E+0	2.127762E-18	3.293656E+15	-1.875494E-2	0.000000E+0	3.103649E-2	-4.711465E-4	0.000000E+0	0.000000E+0	0.000000E+0
3.166278E+1	4.771614E-1	-1.342000E+0	8.036571E+16	-5.942611E-18	-1.999868E-2	0.000000E+0	3.157565E-2	-4.758484E-4	0.000000E+0	0.000000E+0	0.000000E+0
3.155485E+1	1.023335E+0	-1.392000E+0	-6.504745E+16	2.369911E+17	-2.232722E-2	0.000000E+0	3.165755E-2	-1.026666E-3	0.000000E+0	0.000000E+0	0.000000E+0
3.135566E+1	1.072031E+0	-1.443000E+0	5.725574E-18	6.181145E-18	-2.397289E-2	0.000000E+0	3.185493E-2	-1.089101E-3	0.000000E+0	0.000000E+0	0.000000E+0
2.985125E+1	1.711546E+0	-1.494000E+0	-2.052875E-18	3.493290E-18	-2.369007E-2	0.000000E+0	3.338967E-2	-1.914424E-3	0.000000E+0	0.000000E+0	0.000000E+0
2.987175E+1	1.623404E+0	-1.544000E+0	2.907620E+17	-1.496570E-18	-2.376326E-2	0.000000E+0	3.337786E-2	-1.813947E-3	0.000000E+0	0.000000E+0	0.000000E+0
3.011036E+1	1.642759E+0	-1.595000E+0	-2.649665E-18	4.664198E-18	-2.441660E-2	0.000000E+0	3.311260E-2	-1.806555E-3	0.000000E+0	0.000000E+0	0.000000E+0
2.623453E+1	1.512865E+0	-1.646000E+0	6.288344E-18	-3.929323E-18	-2.665726E-2	0.000000E+0	3.799136E-2	-2.190846E-3	0.000000E+0	0.000000E+0	0.000000E+0
2.113944E+1	1.335984E+0	-1.696000E+0	8.250878E-19	2.835790E+17	-2.730297E-2	0.000000E+0	4.711676E-2	-2.977715E-3	0.000000E+0	0.000000E+0	0.000000E+0
2.380676E+1	2.412652E+0	-1.747000E+0	4.508571E+17	-2.686618E+17	-3.285467E-2	0.000000E+0	4.157785E-2	-4.213631E-3	0.000000E+0	0.000000E+0	0.000000E+0
1.736455E+1	2.824677E+0	-1.797000E+0	2.517955E+17	3.793721E+16	-3.247229E-2	0.000000E+0	5.610401E-2	-9.126393E-3	0.000000E+0	0.000000E+0	0.000000E+0
1.594841E+1	3.734941E+0	-1.848000E+0	-6.194310E-18	5.176240E+17	-3.626147E-2	0.000000E+0	5.944211E-2	-1.392068E-2	0.000000E+0	0.000000E+0	0.000000E+0
1.640133E+1	3.336988E+0	-1.899000E+0	-5.749716E+17	1.371841E+17	-3.505015E-2	0.000000E+0	5.854709E-2	-1.191190E-2	0.000000E+0	0.000000E+0	0.000000E+0
1.784141E+1	3.613619E+0	-1.949000E+0	-4.691027E+17	6.689522E-18	-3.897879E-2	0.000000E+0	5.384068E-2	-1.090495E-2	0.000000E+0	0.000000E+0	0.000000E+0
2.413135E+1	2.771046E+0	-2.000000E+0	-3.567381E+17	-4.286482E-18	-3.443449E-2	0.000000E+0	4.090054E-2	-4.696682E-3	0.000000E+0	0.000000E+0	0.000000E+0
