Real / Ohm	Ximag / Ohm	V_DC / V	I_a c / A	V_ac / V	I_DC / A
1.460241E+1	-2.328628E+0	2.000000E+0	-9.275714E-19	-3.780148E-18	4.388423E-2	1.000000E+7	6.678352E-2	1.064988E-2	0.000000E+0	0.000000E+0	0.000000E+0
1.498078E+1	-2.349480E+0	1.949000E+0	-1.137863E-18	-4.188961E+17	4.314560E-2	0.000000E+0	6.514974E-2	1.021763E-2	0.000000E+0	0.000000E+0	0.000000E+0
1.517821E+1	-2.402372E+0	1.899000E+0	6.653843E-18	-4.395667E+17	4.123738E-2	0.000000E+0	6.427375E-2	1.017310E-2	0.000000E+0	0.000000E+0	0.000000E+0
1.566152E+1	-2.464225E+0	1.848000E+0	-3.848534E+17	-9.739225E-19	4.066525E-2	0.000000E+0	6.230822E-2	9.803740E-3	0.000000E+0	0.000000E+0	0.000000E+0
1.524698E+1	-2.451288E+0	1.797000E+0	2.587907E+17	-4.848260E-18	3.934798E-2	0.000000E+0	6.393421E-2	1.027883E-2	0.000000E+0	0.000000E+0	0.000000E+0
1.603201E+1	-2.393720E+0	1.747000E+0	-5.351627E-18	2.391872E+17	3.958174E-2	0.000000E+0	6.101500E-2	9.110075E-3	0.000000E+0	0.000000E+0	0.000000E+0
1.600537E+1	-2.385081E+0	1.696000E+0	3.390598E+17	1.295985E-19	3.502595E-2	0.000000E+0	6.112175E-2	9.108213E-3	0.000000E+0	0.000000E+0	0.000000E+0
1.636146E+1	-2.455053E+0	1.646000E+0	5.785012E-19	5.234687E+17	3.567494E-2	0.000000E+0	5.977342E-2	8.969060E-3	0.000000E+0	0.000000E+0	0.000000E+0
1.653872E+1	-2.552187E+0	1.595000E+0	-2.714796E-18	1.441508E+17	3.462732E-2	0.000000E+0	5.905780E-2	9.113557E-3	0.000000E+0	0.000000E+0	0.000000E+0
1.687909E+1	-2.611759E+0	1.544000E+0	-1.980656E+17	2.858813E+16	3.282281E-2	0.000000E+0	5.785960E-2	8.952813E-3	0.000000E+0	0.000000E+0	0.000000E+0
1.694334E+1	-2.566510E+0	1.494000E+0	2.915631E-18	5.325354E+16	3.140643E-2	0.000000E+0	5.769640E-2	8.739622E-3	0.000000E+0	0.000000E+0	0.000000E+0
1.682870E+1	-2.616903E+0	1.443000E+0	2.579781E+17	4.569569E-19	3.023726E-2	0.000000E+0	5.801933E-2	9.022144E-3	0.000000E+0	0.000000E+0	0.000000E+0
1.659524E+1	-2.669872E+0	1.392000E+0	5.241928E+17	-4.155966E-18	2.974633E-2	0.000000E+0	5.873793E-2	9.449864E-3	0.000000E+0	0.000000E+0	0.000000E+0
1.717462E+1	-2.608477E+0	1.342000E+0	-2.680825E+17	-5.132058E+17	2.848521E-2	0.000000E+0	5.691262E-2	8.643875E-3	0.000000E+0	0.000000E+0	0.000000E+0
1.716384E+1	-2.629546E+0	1.291000E+0	1.676928E-18	4.035830E-18	2.741818E-2	0.000000E+0	5.692591E-2	8.721201E-3	0.000000E+0	0.000000E+0	0.000000E+0
1.733990E+1	-2.690311E+0	1.241000E+0	1.138051E+17	1.810141E+17	2.585470E-2	0.000000E+0	5.631485E-2	8.737332E-3	0.000000E+0	0.000000E+0	0.000000E+0
1.812887E+1	-2.752181E+0	1.190000E+0	9.197504E+16	2.296609E-18	2.540566E-2	0.000000E+0	5.391799E-2	8.185401E-3	0.000000E+0	0.000000E+0	0.000000E+0
1.721486E+1	-2.424280E+0	1.139000E+0	-5.520479E-19	1.659667E-18	2.447142E-2	0.000000E+0	5.695974E-2	8.021347E-3	0.000000E+0	0.000000E+0	0.000000E+0
1.623921E+1	-2.627312E+0	1.089000E+0	5.318055E+17	-2.871880E+17	2.495493E-2	0.000000E+0	6.000860E-2	9.708681E-3	0.000000E+0	0.000000E+0	0.000000E+0
1.582170E+1	-2.757051E+0	1.038000E+0	4.333500E+17	8.421242E+16	2.244715E-2	0.000000E+0	6.134165E-2	1.068925E-2	0.000000E+0	0.000000E+0	0.000000E+0
1.638168E+1	-2.693891E+0	9.870000E-1	7.433461E+16	-3.421240E+17	2.235305E-2	0.000000E+0	5.943650E-2	9.774056E-3	0.000000E+0	0.000000E+0	0.000000E+0
1.631266E+1	-2.730264E+0	9.370000E-1	-2.798456E+17	-3.562291E+17	2.070429E-2	0.000000E+0	5.963162E-2	9.980596E-3	0.000000E+0	0.000000E+0	0.000000E+0
1.636593E+1	-2.748748E+0	8.860000E-1	3.883600E+17	-5.707470E+17	1.988956E-2	0.000000E+0	5.942619E-2	9.980956E-3	0.000000E+0	0.000000E+0	0.000000E+0
1.622168E+1	-2.741515E+0	8.350000E-1	-5.196819E+17	1.790907E+17	1.845379E-2	0.000000E+0	5.993406E-2	1.012904E-2	0.000000E+0	0.000000E+0	0.000000E+0
1.644699E+1	-2.808834E+0	7.850000E-1	-1.554791E+17	1.089529E+17	1.757724E-2	0.000000E+0	5.907831E-2	1.008946E-2	0.000000E+0	0.000000E+0	0.000000E+0
1.648745E+1	-2.786206E+0	7.340000E-1	2.547933E-18	-3.215913E-19	1.641931E-2	0.000000E+0	5.896821E-2	9.965009E-3	0.000000E+0	0.000000E+0	0.000000E+0
1.656524E+1	-2.798322E+0	6.840000E-1	-6.904543E-18	-8.377323E+16	1.535839E-2	0.000000E+0	5.869250E-2	9.914768E-3	0.000000E+0	0.000000E+0	0.000000E+0
2.009542E+1	-2.670171E+0	6.330000E-1	-4.524462E+17	2.055148E+17	1.403906E-2	0.000000E+0	4.889923E-2	6.497466E-3	0.000000E+0	0.000000E+0	0.000000E+0
1.868952E+1	-2.941007E+0	5.820000E-1	-7.975154E-19	6.323277E-18	1.196489E-2	0.000000E+0	5.221299E-2	8.216304E-3	0.000000E+0	0.000000E+0	0.000000E+0
1.958348E+1	-3.019924E+0	5.320000E-1	3.266052E+17	-3.632521E-18	1.164145E-2	0.000000E+0	4.987736E-2	7.691475E-3	0.000000E+0	0.000000E+0	0.000000E+0
1.938779E+1	-2.973948E+0	4.810000E-1	1.388541E-18	6.784146E-18	1.016330E-2	0.000000E+0	5.039314E-2	7.729946E-3	0.000000E+0	0.000000E+0	0.000000E+0
2.007077E+1	-2.955294E+0	4.300000E-1	4.766215E-20	4.558806E+17	9.063585E-3	0.000000E+0	4.876641E-2	7.180545E-3	0.000000E+0	0.000000E+0	0.000000E+0
1.982532E+1	-3.014783E+0	3.800000E-1	-3.849816E-18	-6.877525E-18	7.965380E-3	0.000000E+0	4.930050E-2	7.496994E-3	0.000000E+0	0.000000E+0	0.000000E+0
1.999603E+1	-3.036064E+0	3.290000E-1	-4.316265E+17	4.857998E-18	6.946363E-3	0.000000E+0	4.888301E-2	7.422071E-3	0.000000E+0	0.000000E+0	0.000000E+0
2.008161E+1	-3.024431E+0	2.780000E-1	4.155990E+17	-4.532139E-19	5.787919E-3	0.000000E+0	4.869234E-2	7.333407E-3	0.000000E+0	0.000000E+0	0.000000E+0
2.030970E+1	-3.033319E+0	2.280000E-1	-3.194978E-18	5.558819E-18	4.771429E-3	0.000000E+0	4.816321E-2	7.193330E-3	0.000000E+0	0.000000E+0	0.000000E+0
2.043578E+1	-3.016766E+0	1.770000E-1	-3.021231E-18	2.523250E+17	3.738113E-3	0.000000E+0	4.789015E-2	7.069629E-3	0.000000E+0	0.000000E+0	0.000000E+0
2.048484E+1	-3.045012E+0	1.270000E-1	4.697494E+17	-5.230656E+17	2.679744E-3	0.000000E+0	4.776126E-2	7.099572E-3	0.000000E+0	0.000000E+0	0.000000E+0
2.208638E+1	-3.111362E+0	7.600000E-2	-4.715168E+17	-5.436513E+17	1.575947E-3	0.000000E+0	4.439574E-2	6.254135E-3	0.000000E+0	0.000000E+0	0.000000E+0
2.128378E+1	-3.223575E+0	2.500000E-2	-3.093320E+17	4.406614E-18	5.186269E-4	0.000000E+0	4.593053E-2	6.956494E-3	0.000000E+0	0.000000E+0	0.000000E+0
2.090957E+1	-3.176350E+0	-2.500000E-2	-9.427510E-19	-9.422141E-19	-5.218675E-4	0.000000E+0	4.674626E-2	7.101173E-3	0.000000E+0	0.000000E+0	0.000000E+0
2.143689E+1	-2.993177E+0	-7.600000E-2	-4.716725E+17	-4.928293E+17	-1.571527E-3	0.000000E+0	4.575650E-2	6.388860E-3	0.000000E+0	0.000000E+0	0.000000E+0
2.240939E+1	-3.003680E+0	-1.270000E-1	-2.971689E+17	-4.901914E-18	-2.514446E-3	0.000000E+0	4.383659E-2	5.875711E-3	0.000000E+0	0.000000E+0	0.000000E+0
2.088134E+1	-3.002185E+0	-1.770000E-1	-1.478400E+17	2.700612E+17	-3.680068E-3	0.000000E+0	4.691978E-2	6.745824E-3	0.000000E+0	0.000000E+0	0.000000E+0
2.088800E+1	-2.981563E+0	-2.280000E-1	-2.726899E+17	1.903750E-18	-4.622476E-3	0.000000E+0	4.691842E-2	6.697158E-3	0.000000E+0	0.000000E+0	0.000000E+0
2.020498E+1	-2.894743E+0	-2.780000E-1	-1.696221E+17	-6.410840E-19	-5.828445E-3	0.000000E+0	4.849730E-2	6.948149E-3	0.000000E+0	0.000000E+0	0.000000E+0
2.043583E+1	-2.905976E+0	-3.290000E-1	6.411590E-18	-1.599031E-19	-6.975142E-3	0.000000E+0	4.796379E-2	6.820454E-3	0.000000E+0	0.000000E+0	0.000000E+0
1.966043E+1	-2.818482E+0	-3.800000E-1	-4.319920E+17	-4.172230E+17	-8.050850E-3	0.000000E+0	4.983931E-2	7.144869E-3	0.000000E+0	0.000000E+0	0.000000E+0
1.938672E+1	-2.808260E+0	-4.300000E-1	-5.506670E-18	3.318154E+17	-9.099007E-3	0.000000E+0	5.052161E-2	7.318299E-3	0.000000E+0	0.000000E+0	0.000000E+0
1.963761E+1	-2.843513E+0	-4.810000E-1	4.410889E+17	3.939340E-18	-1.022834E-2	0.000000E+0	4.987693E-2	7.222147E-3	0.000000E+0	0.000000E+0	0.000000E+0
1.977774E+1	-3.030972E+0	-5.320000E-1	3.271013E+17	1.849291E+17	-1.081375E-2	0.000000E+0	4.940164E-2	7.570885E-3	0.000000E+0	0.000000E+0	0.000000E+0
1.935856E+1	-2.684544E+0	-5.820000E-1	-4.775830E-18	6.138991E-18	-1.244975E-2	0.000000E+0	5.068208E-2	7.028327E-3	0.000000E+0	0.000000E+0	0.000000E+0
2.205561E+1	-2.214729E+0	-6.330000E-1	-2.208677E-18	1.807661E-18	-1.353567E-2	0.000000E+0	4.488733E-2	4.507391E-3	0.000000E+0	0.000000E+0	0.000000E+0
1.909003E+1	-2.834145E+0	-6.840000E-1	-7.957818E+16	-3.372665E-18	-1.441322E-2	0.000000E+0	5.125368E-2	7.609227E-3	0.000000E+0	0.000000E+0	0.000000E+0
1.873055E+1	-2.671247E+0	-7.340000E-1	2.088242E+17	-2.195880E+17	-1.539498E-2	0.000000E+0	5.232449E-2	7.462229E-3	0.000000E+0	0.000000E+0	0.000000E+0
1.841400E+1	-2.674850E+0	-7.850000E-1	5.232691E+17	-3.553127E+17	-1.671941E-2	0.000000E+0	5.318427E-2	7.725640E-3	0.000000E+0	0.000000E+0	0.000000E+0
2.014119E+1	-2.396109E+0	-8.350000E-1	-1.183523E-18	-5.342346E-18	-1.752803E-2	0.000000E+0	4.895663E-2	5.824155E-3	0.000000E+0	0.000000E+0	0.000000E+0
1.874293E+1	-2.628613E+0	-8.860000E-1	-5.203440E-18	3.843920E-18	-1.899189E-2	0.000000E+0	5.232429E-2	7.338251E-3	0.000000E+0	0.000000E+0	0.000000E+0
1.726683E+1	-2.533340E+0	-9.370000E-1	3.723455E-18	4.245176E+17	-2.009314E-2	0.000000E+0	5.669412E-2	8.317999E-3	0.000000E+0	0.000000E+0	0.000000E+0
1.689788E+1	-2.493365E+0	-9.870000E-1	1.311717E+15	5.157902E-18	-2.144261E-2	0.000000E+0	5.791800E-2	8.546085E-3	0.000000E+0	0.000000E+0	0.000000E+0
1.679512E+1	-2.587076E+0	-1.038000E+0	-4.475620E-18	-5.687704E-18	-2.279565E-2	0.000000E+0	5.816109E-2	8.958980E-3	0.000000E+0	0.000000E+0	0.000000E+0
1.804304E+1	-2.535160E+0	-1.089000E+0	-6.256276E-18	1.400744E+17	-2.351283E-2	0.000000E+0	5.435005E-2	7.636523E-3	0.000000E+0	0.000000E+0	0.000000E+0
1.838824E+1	-2.015707E+0	-1.139000E+0	2.653475E+17	2.403843E+17	-2.040930E-2	0.000000E+0	5.373686E-2	5.890600E-3	0.000000E+0	0.000000E+0	0.000000E+0
1.606020E+1	-2.492308E+0	-1.190000E+0	-3.335094E+16	-2.240669E+17	-2.598347E-2	0.000000E+0	6.080147E-2	9.435499E-3	0.000000E+0	0.000000E+0	0.000000E+0
1.990821E+1	-2.141639E+0	-1.241000E+0	8.607211E+16	1.700546E-17	-2.628849E-2	0.000000E+0	4.965589E-2	5.341765E-3	0.000000E+0	0.000000E+0	0.000000E+0
1.885533E+1	-2.286827E+0	-1.291000E+0	2.127762E-18	3.293656E+15	-2.631162E-2	0.000000E+0	5.226659E-2	6.339037E-3	0.000000E+0	0.000000E+0	0.000000E+0
1.867319E+1	-2.303678E+0	-1.342000E+0	8.036571E+16	-5.942611E-18	-2.777293E-2	0.000000E+0	5.274988E-2	6.507658E-3	0.000000E+0	0.000000E+0	0.000000E+0
1.539267E+1	-2.308656E+0	-1.392000E+0	-6.504745E+16	2.369911E+17	-2.947992E-2	0.000000E+0	6.353671E-2	9.529498E-3	0.000000E+0	0.000000E+0	0.000000E+0
1.852834E+1	-2.128323E+0	-1.443000E+0	5.725574E-18	6.181145E-18	-3.270373E-2	0.000000E+0	5.326851E-2	6.118875E-3	0.000000E+0	0.000000E+0	0.000000E+0
1.698629E+1	-2.144251E+0	-1.494000E+0	-2.052875E-18	3.493290E-18	-3.095615E-2	0.000000E+0	5.794761E-2	7.314971E-3	0.000000E+0	0.000000E+0	0.000000E+0
1.708410E+1	-2.202731E+0	-1.544000E+0	2.907620E+17	-1.496570E-18	-3.358041E-2	0.000000E+0	5.757679E-2	7.423639E-3	0.000000E+0	0.000000E+0	0.000000E+0
1.515517E+1	-2.489502E+0	-1.595000E+0	-2.649665E-18	4.664198E-18	-3.450443E-2	0.000000E+0	6.425036E-2	1.055425E-2	0.000000E+0	0.000000E+0	0.000000E+0
1.517478E+1	-2.090940E+0	-1.646000E+0	6.288344E-18	-3.929323E-18	-3.560822E-2	0.000000E+0	6.467096E-2	8.911041E-3	0.000000E+0	0.000000E+0	0.000000E+0
1.899981E+1	-1.181926E+0	-1.696000E+0	8.250878E-19	2.835790E+17	-3.689387E-2	0.000000E+0	5.242922E-2	3.261478E-3	0.000000E+0	0.000000E+0	0.000000E+0
1.588321E+1	-2.071155E+0	-1.747000E+0	4.508571E+17	-2.686618E+17	-3.651145E-2	0.000000E+0	6.190691E-2	8.072600E-3	0.000000E+0	0.000000E+0	0.000000E+0
1.602680E+1	-1.540584E+0	-1.797000E+0	2.517955E+17	3.793721E+16	-3.934205E-2	0.000000E+0	6.182422E-2	5.942884E-3	0.000000E+0	0.000000E+0	0.000000E+0
1.560183E+1	-1.678633E+0	-1.848000E+0	-6.194310E-18	5.176240E+17	-3.897239E-2	0.000000E+0	6.336157E-2	6.817202E-3	0.000000E+0	0.000000E+0	0.000000E+0
1.491736E+1	-1.594818E+0	-1.899000E+0	-5.749716E+17	1.371841E+17	-4.019928E-2	0.000000E+0	6.627844E-2	7.085842E-3	0.000000E+0	0.000000E+0	0.000000E+0
1.384881E+1	-1.768235E+0	-1.949000E+0	-4.691027E+17	6.689522E-18	-4.087664E-2	0.000000E+0	7.105007E-2	9.071771E-3	0.000000E+0	0.000000E+0	0.000000E+0
1.717190E+1	-1.119117E+0	-2.000000E+0	-3.567381E+17	-4.286482E-18	-4.382569E-2	0.000000E+0	5.798838E-2	3.779185E-3	0.000000E+0	0.000000E+0	0.000000E+0
