Real / Ohm	Ximag / Ohm	V_DC / V	I_a c / A	V_ac / V	I_DC / A
1.546216E+1	-4.669323E-1	-2.000000E+0	-3.567381E+17	-4.286482E-18	-3.934868E-2	1.000000E+7	6.461509E-2	1.951272E-3	0.000000E+0	0.000000E+0	0.000000E+0
1.421902E+1	-4.210072E-1	-1.949000E+0	-4.691027E+17	6.689522E-18	-3.810546E-2	0.000000E+0	7.026673E-2	2.080509E-3	0.000000E+0	0.000000E+0	0.000000E+0
1.707141E+1	-2.463779E-1	-1.899000E+0	-5.749716E+17	1.371841E+17	-3.696690E-2	0.000000E+0	5.856527E-2	8.452254E-4	0.000000E+0	0.000000E+0	0.000000E+0
1.754353E+1	-6.524067E-1	-1.848000E+0	-6.194310E-18	5.176240E+17	-3.581918E-2	0.000000E+0	5.692235E-2	2.116822E-3	0.000000E+0	0.000000E+0	0.000000E+0
1.864803E+1	-7.848558E-1	-1.797000E+0	2.517955E+17	3.793721E+16	-3.465666E-2	0.000000E+0	5.353014E-2	2.252970E-3	0.000000E+0	0.000000E+0	0.000000E+0
2.188588E+1	-4.923420E-1	-1.747000E+0	4.508571E+17	-2.686618E+17	-3.335875E-2	0.000000E+0	4.566845E-2	1.027352E-3	0.000000E+0	0.000000E+0	0.000000E+0
2.018336E+1	-7.534409E-1	-1.696000E+0	8.250878E-19	2.835790E+17	-2.998274E-2	0.000000E+0	4.947682E-2	1.846960E-3	0.000000E+0	0.000000E+0	0.000000E+0
2.151204E+1	-7.293625E-1	-1.646000E+0	6.288344E-18	-3.929323E-18	-3.014245E-2	0.000000E+0	4.643222E-2	1.574277E-3	0.000000E+0	0.000000E+0	0.000000E+0
2.301920E+1	-9.803457E-1	-1.595000E+0	-2.649665E-18	4.664198E-18	-2.939871E-2	0.000000E+0	4.336335E-2	1.846766E-3	0.000000E+0	0.000000E+0	0.000000E+0
2.374372E+1	-1.174734E+0	-1.544000E+0	2.907620E+17	-1.496570E-18	-2.800687E-2	0.000000E+0	4.201356E-2	2.078645E-3	0.000000E+0	0.000000E+0	0.000000E+0
2.411258E+1	-1.343719E+0	-1.494000E+0	-2.052875E-18	3.493290E-18	-2.687393E-2	0.000000E+0	4.134374E-2	2.303958E-3	0.000000E+0	0.000000E+0	0.000000E+0
2.394727E+1	-1.387227E+0	-1.443000E+0	5.725574E-18	6.181145E-18	-2.624409E-2	0.000000E+0	4.161875E-2	2.410908E-3	0.000000E+0	0.000000E+0	0.000000E+0
2.619184E+1	-1.279586E+0	-1.392000E+0	-6.504745E+16	2.369911E+17	-2.518268E-2	0.000000E+0	3.808892E-2	1.860810E-3	0.000000E+0	0.000000E+0	0.000000E+0
2.593816E+1	-1.480597E+0	-1.342000E+0	8.036571E+16	-5.942611E-18	-2.430868E-2	0.000000E+0	3.842802E-2	2.193541E-3	0.000000E+0	0.000000E+0	0.000000E+0
2.620336E+1	-1.704249E+0	-1.291000E+0	2.127762E-18	3.293656E+15	-2.408895E-2	0.000000E+0	3.800229E-2	2.471644E-3	0.000000E+0	0.000000E+0	0.000000E+0
2.644401E+1	-1.896905E+0	-1.241000E+0	8.607211E+16	1.700546E-17	-2.254080E-2	0.000000E+0	3.762216E-2	2.698746E-3	0.000000E+0	0.000000E+0	0.000000E+0
3.025045E+1	-1.714629E+0	-1.190000E+0	-3.335094E+16	-2.240669E+17	-2.164180E-2	0.000000E+0	3.295149E-2	1.867727E-3	0.000000E+0	0.000000E+0	0.000000E+0
2.822780E+1	-2.104227E+0	-1.139000E+0	2.653475E+17	2.403843E+17	-1.916518E-2	0.000000E+0	3.523030E-2	2.626225E-3	0.000000E+0	0.000000E+0	0.000000E+0
3.060579E+1	-2.265946E+0	-1.089000E+0	-6.256276E-18	1.400744E+17	-1.955471E-2	0.000000E+0	3.249544E-2	2.405849E-3	0.000000E+0	0.000000E+0	0.000000E+0
2.900895E+1	-2.560431E+0	-1.038000E+0	-4.475620E-18	-5.687704E-18	-1.898003E-2	0.000000E+0	3.420564E-2	3.019109E-3	0.000000E+0	0.000000E+0	0.000000E+0
2.880739E+1	-2.623128E+0	-9.870000E-1	1.311717E+15	5.157902E-18	-1.768675E-2	0.000000E+0	3.442786E-2	3.134914E-3	0.000000E+0	0.000000E+0	0.000000E+0
2.812008E+1	-2.447671E+0	-9.370000E-1	3.723455E-18	4.245176E+17	-1.683318E-2	0.000000E+0	3.529437E-2	3.072146E-3	0.000000E+0	0.000000E+0	0.000000E+0
2.853666E+1	-2.484581E+0	-8.860000E-1	-5.203440E-18	3.843920E-18	-1.617933E-2	0.000000E+0	3.477900E-2	3.028078E-3	0.000000E+0	0.000000E+0	0.000000E+0
3.048586E+1	-2.436419E+0	-8.350000E-1	-1.183523E-18	-5.342346E-18	-1.497850E-2	0.000000E+0	3.259391E-2	2.604894E-3	0.000000E+0	0.000000E+0	0.000000E+0
2.764897E+1	-2.672921E+0	-7.850000E-1	5.232691E+17	-3.553127E+17	-1.410756E-2	0.000000E+0	3.583283E-2	3.464083E-3	0.000000E+0	0.000000E+0	0.000000E+0
2.826197E+1	-2.701899E+0	-7.340000E-1	2.088242E+17	-2.195880E+17	-1.361459E-2	0.000000E+0	3.506277E-2	3.352069E-3	0.000000E+0	0.000000E+0	0.000000E+0
2.744638E+1	-2.929314E+0	-6.840000E-1	-7.957818E+16	-3.372665E-18	-1.237951E-2	0.000000E+0	3.602432E-2	3.844826E-3	0.000000E+0	0.000000E+0	0.000000E+0
3.051072E+1	-2.564493E+0	-6.330000E-1	-2.208677E-18	1.807661E-18	-1.172720E-2	0.000000E+0	3.254544E-2	2.735516E-3	0.000000E+0	0.000000E+0	0.000000E+0
2.859208E+1	-2.856288E+0	-5.820000E-1	-4.775830E-18	6.138991E-18	-9.785810E-3	0.000000E+0	3.462914E-2	3.459377E-3	0.000000E+0	0.000000E+0	0.000000E+0
2.977108E+1	-2.855855E+0	-5.320000E-1	3.271013E+17	1.849291E+17	-9.798942E-3	0.000000E+0	3.328337E-2	3.192779E-3	0.000000E+0	0.000000E+0	0.000000E+0
3.048355E+1	-3.147155E+0	-4.810000E-1	4.410889E+17	3.939340E-18	-8.566951E-3	0.000000E+0	3.245861E-2	3.351062E-3	0.000000E+0	0.000000E+0	0.000000E+0
2.969895E+1	-3.161345E+0	-4.300000E-1	-5.506670E-18	3.318154E+17	-7.628630E-3	0.000000E+0	3.329398E-2	3.544022E-3	0.000000E+0	0.000000E+0	0.000000E+0
2.894102E+1	-3.091321E+0	-3.800000E-1	-4.319920E+17	-4.172230E+17	-6.711730E-3	0.000000E+0	3.416325E-2	3.649131E-3	0.000000E+0	0.000000E+0	0.000000E+0
2.891548E+1	-3.087249E+0	-3.290000E-1	6.411590E-18	-1.599031E-19	-5.930200E-3	0.000000E+0	3.419376E-2	3.650801E-3	0.000000E+0	0.000000E+0	0.000000E+0
2.901599E+1	-3.042968E+0	-2.780000E-1	-1.696221E+17	-6.410840E-19	-4.879009E-3	0.000000E+0	3.408884E-2	3.574969E-3	0.000000E+0	0.000000E+0	0.000000E+0
2.705647E+1	-3.338319E+0	-2.280000E-1	-2.726899E+17	1.903750E-18	-4.257819E-3	0.000000E+0	3.640552E-2	4.491836E-3	0.000000E+0	0.000000E+0	0.000000E+0
2.740178E+1	-3.039453E+0	-1.770000E-1	-1.478400E+17	2.700612E+17	-3.265870E-3	0.000000E+0	3.605043E-2	3.998776E-3	0.000000E+0	0.000000E+0	0.000000E+0
2.709930E+1	-3.129781E+0	-1.270000E-1	-2.971689E+17	-4.901914E-18	-2.330075E-3	0.000000E+0	3.641559E-2	4.205748E-3	0.000000E+0	0.000000E+0	0.000000E+0
2.960509E+1	-2.899328E+0	-7.600000E-2	-4.716725E+17	-4.928293E+17	-1.392774E-3	0.000000E+0	3.345709E-2	3.276568E-3	0.000000E+0	0.000000E+0	0.000000E+0
2.891220E+1	-3.102018E+0	-2.500000E-2	-9.427510E-19	-9.422141E-19	-4.340230E-4	0.000000E+0	3.419386E-2	3.668692E-3	0.000000E+0	0.000000E+0	0.000000E+0
2.761102E+1	-2.928828E+0	2.500000E-2	-3.093320E+17	4.406614E-18	4.614258E-4	0.000000E+0	3.581445E-2	3.799003E-3	0.000000E+0	0.000000E+0	0.000000E+0
2.683136E+1	-3.113750E+0	7.600000E-2	-4.715168E+17	-5.436513E+17	1.428859E-3	0.000000E+0	3.677457E-2	4.267648E-3	0.000000E+0	0.000000E+0	0.000000E+0
2.726123E+1	-3.022381E+0	1.270000E-1	4.697494E+17	-5.230656E+17	2.366159E-3	0.000000E+0	3.623672E-2	4.017470E-3	0.000000E+0	0.000000E+0	0.000000E+0
2.726970E+1	-3.150160E+0	1.770000E-1	-3.021231E-18	2.523250E+17	3.269779E-3	0.000000E+0	3.618783E-2	4.180370E-3	0.000000E+0	0.000000E+0	0.000000E+0
2.782373E+1	-3.072451E+0	2.280000E-1	-3.194978E-18	5.558819E-18	4.171839E-3	0.000000E+0	3.550757E-2	3.920944E-3	0.000000E+0	0.000000E+0	0.000000E+0
2.718554E+1	-2.977885E+0	2.780000E-1	4.155990E+17	-4.532139E-19	5.001404E-3	0.000000E+0	3.634813E-2	3.981548E-3	0.000000E+0	0.000000E+0	0.000000E+0
2.557250E+1	-3.165907E+0	3.290000E-1	-4.316265E+17	4.857998E-18	6.067918E-3	0.000000E+0	3.851421E-2	4.768107E-3	0.000000E+0	0.000000E+0	0.000000E+0
2.541884E+1	-2.997176E+0	3.800000E-1	-3.849816E-18	-6.877525E-18	7.195207E-3	0.000000E+0	3.880144E-2	4.575139E-3	0.000000E+0	0.000000E+0	0.000000E+0
2.465537E+1	-3.035029E+0	4.300000E-1	4.766215E-20	4.558806E+17	8.084016E-3	0.000000E+0	3.995369E-2	4.918223E-3	0.000000E+0	0.000000E+0	0.000000E+0
2.710362E+1	-2.805775E+0	4.810000E-1	1.388541E-18	6.784146E-18	9.239906E-3	0.000000E+0	3.650424E-2	3.778931E-3	0.000000E+0	0.000000E+0	0.000000E+0
2.454432E+1	-3.307394E+0	5.320000E-1	3.266052E+17	-3.632521E-18	9.378945E-3	0.000000E+0	4.001601E-2	5.392234E-3	0.000000E+0	0.000000E+0	0.000000E+0
2.422382E+1	-2.913527E+0	5.820000E-1	-7.975154E-19	6.323277E-18	1.024120E-2	0.000000E+0	4.069301E-2	4.894364E-3	0.000000E+0	0.000000E+0	0.000000E+0
2.622378E+1	-3.005794E+0	6.330000E-1	-4.524462E+17	2.055148E+17	1.214121E-2	0.000000E+0	3.763883E-2	4.314198E-3	0.000000E+0	0.000000E+0	0.000000E+0
2.625009E+1	-2.944322E+0	6.840000E-1	-6.904543E-18	-8.377323E+16	1.266687E-2	0.000000E+0	3.762179E-2	4.219821E-3	0.000000E+0	0.000000E+0	0.000000E+0
2.568301E+1	-2.947891E+0	7.340000E-1	2.547933E-18	-3.215913E-19	1.353525E-2	0.000000E+0	3.842995E-2	4.410983E-3	0.000000E+0	0.000000E+0	0.000000E+0
2.599984E+1	-2.784007E+0	7.850000E-1	-1.554791E+17	1.089529E+17	1.460738E-2	0.000000E+0	3.802578E-2	4.071719E-3	0.000000E+0	0.000000E+0	0.000000E+0
2.582323E+1	-2.715623E+0	8.350000E-1	-5.196819E+17	1.790907E+17	1.523266E-2	0.000000E+0	3.830125E-2	4.027836E-3	0.000000E+0	0.000000E+0	0.000000E+0
2.340596E+1	-2.738884E+0	8.860000E-1	3.883600E+17	-5.707470E+17	1.689263E-2	0.000000E+0	4.214705E-2	4.931901E-3	0.000000E+0	0.000000E+0	0.000000E+0
2.309274E+1	-2.752657E+0	9.370000E-1	-2.798456E+17	-3.562291E+17	1.819050E-2	0.000000E+0	4.269699E-2	5.089485E-3	0.000000E+0	0.000000E+0	0.000000E+0
2.288828E+1	-2.589567E+0	9.870000E-1	7.433461E+16	-3.421240E+17	1.907625E-2	0.000000E+0	4.313829E-2	4.880642E-3	0.000000E+0	0.000000E+0	0.000000E+0
2.509289E+1	-2.226375E+0	1.038000E+0	4.333500E+17	8.421242E+16	2.023163E-2	0.000000E+0	3.954065E-2	3.508258E-3	0.000000E+0	0.000000E+0	0.000000E+0
2.255729E+1	-2.876098E+0	1.089000E+0	5.318055E+17	-2.871880E+17	1.961479E-2	0.000000E+0	4.362241E-2	5.561941E-3	0.000000E+0	0.000000E+0	0.000000E+0
2.236036E+1	-2.478711E+0	1.139000E+0	-5.520479E-19	1.659667E-18	2.102505E-2	0.000000E+0	4.417911E-2	4.897383E-3	0.000000E+0	0.000000E+0	0.000000E+0
2.309887E+1	-2.356229E+0	1.190000E+0	9.197504E+16	2.296609E-18	2.355121E-2	0.000000E+0	4.284633E-2	4.370594E-3	0.000000E+0	0.000000E+0	0.000000E+0
2.226799E+1	-2.293050E+0	1.241000E+0	1.138051E+17	1.810141E+17	2.361722E-2	0.000000E+0	4.443631E-2	4.575837E-3	0.000000E+0	0.000000E+0	0.000000E+0
2.243764E+1	-2.193095E+0	1.291000E+0	1.676928E-18	4.035830E-18	2.500398E-2	0.000000E+0	4.414622E-2	4.314930E-3	0.000000E+0	0.000000E+0	0.000000E+0
2.254788E+1	-2.125854E+0	1.342000E+0	-2.680825E+17	-5.132058E+17	2.496734E-2	0.000000E+0	4.395931E-2	4.144562E-3	0.000000E+0	0.000000E+0	0.000000E+0
2.220216E+1	-2.072316E+0	1.392000E+0	5.241928E+17	-4.155966E-18	2.557729E-2	0.000000E+0	4.465165E-2	4.167718E-3	0.000000E+0	0.000000E+0	0.000000E+0
1.850202E+1	-2.050200E+0	1.443000E+0	2.579781E+17	4.569569E-19	2.742674E-2	0.000000E+0	5.339256E-2	5.916404E-3	0.000000E+0	0.000000E+0	0.000000E+0
1.900124E+1	-1.977441E+0	1.494000E+0	2.915631E-18	5.325354E+16	2.984565E-2	0.000000E+0	5.206427E-2	5.418279E-3	0.000000E+0	0.000000E+0	0.000000E+0
1.890244E+1	-1.783747E+0	1.544000E+0	-1.980656E+17	2.858813E+16	3.082231E-2	0.000000E+0	5.243628E-2	4.948200E-3	0.000000E+0	0.000000E+0	0.000000E+0
1.895202E+1	-1.586026E+0	1.595000E+0	-2.714796E-18	1.441508E+17	3.152620E-2	0.000000E+0	5.239786E-2	4.384987E-3	0.000000E+0	0.000000E+0	0.000000E+0
1.698343E+1	-1.374310E+0	1.646000E+0	5.785012E-19	5.234687E+17	3.070712E-2	0.000000E+0	5.849787E-2	4.733685E-3	0.000000E+0	0.000000E+0	0.000000E+0
1.630495E+1	-1.826555E+0	1.696000E+0	3.390598E+17	1.295985E-19	3.277213E-2	0.000000E+0	6.057093E-2	6.785433E-3	0.000000E+0	0.000000E+0	0.000000E+0
1.851877E+1	-1.557483E+0	1.747000E+0	-5.351627E-18	2.391872E+17	3.458890E-2	0.000000E+0	5.362000E-2	4.509599E-3	0.000000E+0	0.000000E+0	0.000000E+0
1.642568E+1	-1.383985E+0	1.797000E+0	2.587907E+17	-4.848260E-18	3.567179E-2	0.000000E+0	6.045112E-2	5.093454E-3	0.000000E+0	0.000000E+0	0.000000E+0
1.581392E+1	-1.426269E+0	1.848000E+0	-3.848534E+17	-9.739225E-19	3.668569E-2	0.000000E+0	6.272520E-2	5.657231E-3	0.000000E+0	0.000000E+0	0.000000E+0
1.526625E+1	-1.310431E+0	1.899000E+0	6.653843E-18	-4.395667E+17	3.758928E-2	0.000000E+0	6.502485E-2	5.581632E-3	0.000000E+0	0.000000E+0	0.000000E+0
1.443479E+1	-1.129364E+0	1.949000E+0	-1.137863E-18	-4.188961E+17	3.884581E-2	0.000000E+0	6.885558E-2	5.387194E-3	0.000000E+0	0.000000E+0	0.000000E+0
1.206989E+1	-1.178929E+0	2.000000E+0	-9.275714E-19	-3.780148E-18	4.027136E-2	0.000000E+0	8.206783E-2	8.015993E-3	0.000000E+0	0.000000E+0	0.000000E+0
