Real / Ohm	Ximag / Ohm	V_DC / V	I_a c / A	V_ac / V	I_DC / A
2.793616E+1	-6.263103E-1	2.000000E+0	-9.275714E-19	-3.780148E-18	3.135668E-2	1.000000E+7	3.577792E-2	8.021173E-4	0.000000E+0	0.000000E+0	0.000000E+0
2.968658E+1	-7.493973E-1	1.949000E+0	-1.137863E-18	-4.188961E+17	2.997300E-2	0.000000E+0	3.366380E-2	8.497969E-4	0.000000E+0	0.000000E+0	0.000000E+0
2.588539E+1	-1.920314E+0	1.899000E+0	6.653843E-18	-4.395667E+17	2.985130E-2	0.000000E+0	3.842039E-2	2.850226E-3	0.000000E+0	0.000000E+0	0.000000E+0
2.034589E+1	-1.845590E+0	1.848000E+0	-3.848534E+17	-9.739225E-19	4.987208E-2	0.000000E+0	4.874885E-2	4.422042E-3	0.000000E+0	0.000000E+0	0.000000E+0
3.170864E+1	2.820478E+0	1.797000E+0	2.587907E+17	-4.848260E-18	2.721164E-2	0.000000E+0	3.128958E-2	-2.783203E-3	0.000000E+0	0.000000E+0	0.000000E+0
3.409618E+1	1.680986E+0	1.747000E+0	-5.351627E-18	2.391872E+17	2.203121E-2	0.000000E+0	2.925768E-2	-1.442442E-3	0.000000E+0	0.000000E+0	0.000000E+0
3.753705E+1	1.818245E+0	1.696000E+0	3.390598E+17	1.295985E-19	2.395754E-2	0.000000E+0	2.657799E-2	-1.287402E-3	0.000000E+0	0.000000E+0	0.000000E+0
3.879131E+1	1.087772E+0	1.646000E+0	5.785012E-19	5.234687E+17	2.018212E-2	0.000000E+0	2.575871E-2	-7.223166E-4	0.000000E+0	0.000000E+0	0.000000E+0
4.001948E+1	-6.714249E-1	1.595000E+0	-2.714796E-18	1.441508E+17	2.000682E-2	0.000000E+0	2.498080E-2	4.191142E-4	0.000000E+0	0.000000E+0	0.000000E+0
3.650033E+1	-8.352013E-1	1.544000E+0	-1.980656E+17	2.858813E+16	1.934327E-2	0.000000E+0	2.738268E-2	6.265709E-4	0.000000E+0	0.000000E+0	0.000000E+0
3.610449E+1	-9.255676E-1	1.494000E+0	2.915631E-18	5.325354E+16	2.155966E-2	0.000000E+0	2.767920E-2	7.095784E-4	0.000000E+0	0.000000E+0	0.000000E+0
3.920570E+1	-1.112892E+0	1.443000E+0	2.579781E+17	4.569569E-19	1.848192E-2	0.000000E+0	2.548596E-2	7.234438E-4	0.000000E+0	0.000000E+0	0.000000E+0
4.029087E+1	-1.010807E+0	1.392000E+0	5.241928E+17	-4.155966E-18	1.814472E-2	0.000000E+0	2.480391E-2	6.222741E-4	0.000000E+0	0.000000E+0	0.000000E+0
2.270818E+1	-4.089716E+0	1.342000E+0	-2.680825E+17	-5.132058E+17	1.686725E-2	0.000000E+0	4.265350E-2	7.681845E-3	0.000000E+0	0.000000E+0	0.000000E+0
2.936017E+1	-2.768097E-1	1.291000E+0	1.676928E-18	4.035830E-18	3.446055E-2	0.000000E+0	3.405672E-2	3.210891E-4	0.000000E+0	0.000000E+0	0.000000E+0
1.733920E+1	-5.344254E+0	1.241000E+0	1.138051E+17	1.810141E+17	2.412846E-2	0.000000E+0	5.266929E-2	1.623363E-2	0.000000E+0	0.000000E+0	0.000000E+0
5.132003E+1	3.967501E+0	1.190000E+0	9.197504E+16	2.296609E-18	2.811045E-2	0.000000E+0	1.936980E-2	-1.497460E-3	0.000000E+0	0.000000E+0	0.000000E+0
5.028434E+1	-8.436871E-1	1.139000E+0	-5.520479E-19	1.659667E-18	1.249596E-2	0.000000E+0	1.988131E-2	3.335751E-4	0.000000E+0	0.000000E+0	0.000000E+0
4.886177E+1	-2.652477E+0	1.089000E+0	5.318055E+17	-2.871880E+17	1.131910E-2	0.000000E+0	2.040576E-2	1.107734E-3	0.000000E+0	0.000000E+0	0.000000E+0
5.119169E+1	-2.464819E+0	1.038000E+0	4.333500E+17	8.421242E+16	1.238026E-2	0.000000E+0	1.948924E-2	9.383837E-4	0.000000E+0	0.000000E+0	0.000000E+0
4.736902E+1	1.276585E+0	9.870000E-1	7.433461E+16	-3.421240E+17	1.577441E-2	0.000000E+0	2.109552E-2	-5.685198E-4	0.000000E+0	0.000000E+0	0.000000E+0
1.780765E+1	-3.310119E+0	9.370000E-1	-2.798456E+17	-3.562291E+17	1.049746E-2	0.000000E+0	5.428015E-2	1.008969E-2	0.000000E+0	0.000000E+0	0.000000E+0
1.799390E+1	-2.676292E+0	8.860000E-1	3.883600E+17	-5.707470E+17	1.989416E-2	0.000000E+0	5.437160E-2	8.086868E-3	0.000000E+0	0.000000E+0	0.000000E+0
1.816871E+1	-2.539065E+0	8.350000E-1	-5.196819E+17	1.790907E+17	1.902580E-2	0.000000E+0	5.398535E-2	7.544417E-3	0.000000E+0	0.000000E+0	0.000000E+0
2.768589E+1	-7.443113E-1	7.850000E-1	-1.554791E+17	1.089529E+17	1.798531E-2	0.000000E+0	3.609340E-2	9.703398E-4	0.000000E+0	0.000000E+0	0.000000E+0
3.222234E+1	-2.334430E+0	7.340000E-1	2.547933E-18	-3.215913E-19	1.769612E-2	0.000000E+0	3.087233E-2	2.236625E-3	0.000000E+0	0.000000E+0	0.000000E+0
3.187131E+1	-3.315385E+0	6.840000E-1	-6.904543E-18	-8.377323E+16	1.437422E-2	0.000000E+0	3.104029E-2	3.228939E-3	0.000000E+0	0.000000E+0	0.000000E+0
6.207101E+1	1.735516E+0	6.330000E-1	-4.524462E+17	2.055148E+17	1.119995E-2	0.000000E+0	1.609800E-2	-4.501027E-4	0.000000E+0	0.000000E+0	0.000000E+0
4.931098E+1	-3.155256E+0	5.820000E-1	-7.975154E-19	6.323277E-18	5.955709E-3	0.000000E+0	2.019677E-2	1.292328E-3	0.000000E+0	0.000000E+0	0.000000E+0
5.429449E+1	-4.224138E+0	5.320000E-1	3.266052E+17	-3.632521E-18	6.080688E-3	0.000000E+0	1.830726E-2	1.424314E-3	0.000000E+0	0.000000E+0	0.000000E+0
6.165993E+1	-4.238575E+0	4.810000E-1	1.388541E-18	6.784146E-18	4.881386E-3	0.000000E+0	1.614171E-2	1.109600E-3	0.000000E+0	0.000000E+0	0.000000E+0
4.411884E+1	-2.594296E+0	4.300000E-1	4.766215E-20	4.558806E+17	6.164715E-3	0.000000E+0	2.258795E-2	1.328227E-3	0.000000E+0	0.000000E+0	0.000000E+0
2.571038E+1	-3.282840E+0	3.800000E-1	-3.849816E-18	-6.877525E-18	5.734536E-3	0.000000E+0	3.827085E-2	4.886628E-3	0.000000E+0	0.000000E+0	0.000000E+0
2.428765E+1	-2.401179E+0	3.290000E-1	-4.316265E+17	4.857998E-18	6.727774E-3	0.000000E+0	4.077465E-2	4.031153E-3	0.000000E+0	0.000000E+0	0.000000E+0
2.544535E+1	-2.566574E+0	2.780000E-1	4.155990E+17	-4.532139E-19	5.335929E-3	0.000000E+0	3.890410E-2	3.924106E-3	0.000000E+0	0.000000E+0	0.000000E+0
5.726431E+1	1.721708E+0	2.280000E-1	-3.194978E-18	5.558819E-18	4.353656E-3	0.000000E+0	1.744711E-2	-5.245647E-4	0.000000E+0	0.000000E+0	0.000000E+0
4.384095E+1	-4.517841E+0	1.770000E-1	-3.021231E-18	2.523250E+17	4.107366E-3	0.000000E+0	2.257004E-2	2.325859E-3	0.000000E+0	0.000000E+0	0.000000E+0
5.943810E+1	-2.026770E+0	1.270000E-1	4.697494E+17	-5.230656E+17	2.615903E-3	0.000000E+0	1.680469E-2	5.730202E-4	0.000000E+0	0.000000E+0	0.000000E+0
5.553077E+1	-2.225168E+0	7.600000E-2	-4.715168E+17	-5.436513E+17	9.799323E-4	0.000000E+0	1.797917E-2	7.204414E-4	0.000000E+0	0.000000E+0	0.000000E+0
5.041463E+1	-4.223289E+0	2.500000E-2	-3.093320E+17	4.406614E-18	3.250624E-4	0.000000E+0	1.969728E-2	1.650063E-3	0.000000E+0	0.000000E+0	0.000000E+0
5.248338E+1	-4.302629E+0	-2.500000E-2	-9.427510E-19	-9.422141E-19	-3.037882E-4	0.000000E+0	1.892645E-2	1.551605E-3	0.000000E+0	0.000000E+0	0.000000E+0
5.413605E+1	-3.455456E+0	-7.600000E-2	-4.716725E+17	-4.928293E+17	-9.586582E-4	0.000000E+0	1.839703E-2	1.174266E-3	0.000000E+0	0.000000E+0	0.000000E+0
5.551774E+1	5.248089E-1	-1.270000E-1	-2.971689E+17	-4.901914E-18	-1.592588E-3	0.000000E+0	1.801065E-2	-1.702546E-4	0.000000E+0	0.000000E+0	0.000000E+0
4.893248E+1	-4.706375E+0	-1.770000E-1	-1.478400E+17	2.700612E+17	-2.808261E-3	0.000000E+0	2.024900E-2	1.947570E-3	0.000000E+0	0.000000E+0	0.000000E+0
4.788525E+1	-3.140152E+0	-2.280000E-1	-2.726899E+17	1.903750E-18	-2.783868E-3	0.000000E+0	2.079384E-2	1.363589E-3	0.000000E+0	0.000000E+0	0.000000E+0
4.795644E+1	-2.603399E+0	-2.780000E-1	-1.696221E+17	-6.410840E-19	-3.563893E-3	0.000000E+0	2.079098E-2	1.128675E-3	0.000000E+0	0.000000E+0	0.000000E+0
5.751541E+1	1.699047E-1	-3.290000E-1	6.411590E-18	-1.599031E-19	-4.162584E-3	0.000000E+0	1.738649E-2	-5.136096E-5	0.000000E+0	0.000000E+0	0.000000E+0
3.202324E+1	-2.555017E+0	-3.800000E-1	-4.319920E+17	-4.172230E+17	-5.547789E-3	0.000000E+0	3.102979E-2	2.475753E-3	0.000000E+0	0.000000E+0	0.000000E+0
3.760612E+1	-1.800505E+0	-4.300000E-1	-5.506670E-18	3.318154E+17	-1.050758E-2	0.000000E+0	2.653060E-2	1.270232E-3	0.000000E+0	0.000000E+0	0.000000E+0
3.615845E+1	-6.291199E-1	-4.810000E-1	4.410889E+17	3.939340E-18	-1.029371E-2	0.000000E+0	2.764768E-2	4.810413E-4	0.000000E+0	0.000000E+0	0.000000E+0
2.811634E+1	-2.198339E+0	-5.320000E-1	3.271013E+17	1.849291E+17	-7.837759E-3	0.000000E+0	3.535040E-2	2.763950E-3	0.000000E+0	0.000000E+0	0.000000E+0
2.961134E+1	-2.201703E+0	-5.820000E-1	-4.775830E-18	6.138991E-18	-9.047303E-3	0.000000E+0	3.358517E-2	2.497171E-3	0.000000E+0	0.000000E+0	0.000000E+0
3.041991E+1	-1.669950E+0	-6.330000E-1	-2.208677E-18	1.807661E-18	-9.548444E-3	0.000000E+0	3.277444E-2	1.799206E-3	0.000000E+0	0.000000E+0	0.000000E+0
1.908404E+1	-2.055747E+0	-6.840000E-1	-7.957818E+16	-3.372665E-18	-1.034887E-2	0.000000E+0	5.179875E-2	5.579800E-3	0.000000E+0	0.000000E+0	0.000000E+0
2.153354E+1	-2.747100E+0	-7.340000E-1	2.088242E+17	-2.195880E+17	-1.558292E-2	0.000000E+0	4.569549E-2	5.829515E-3	0.000000E+0	0.000000E+0	0.000000E+0
2.326698E+1	-2.312043E+0	-7.850000E-1	5.232691E+17	-3.553127E+17	-1.561727E-2	0.000000E+0	4.255912E-2	4.229105E-3	0.000000E+0	0.000000E+0	0.000000E+0
2.289785E+1	-2.320501E+0	-8.350000E-1	-1.183523E-18	-5.342346E-18	-1.668074E-2	0.000000E+0	4.322826E-2	4.380814E-3	0.000000E+0	0.000000E+0	0.000000E+0
2.533076E+1	-1.124717E+0	-8.860000E-1	-5.203440E-18	3.843920E-18	-1.794797E-2	0.000000E+0	3.940002E-2	1.749409E-3	0.000000E+0	0.000000E+0	0.000000E+0
1.713949E+1	-1.978230E+0	-9.370000E-1	3.723455E-18	4.245176E+17	-1.856147E-2	0.000000E+0	5.757776E-2	6.645592E-3	0.000000E+0	0.000000E+0	0.000000E+0
2.414956E+1	-1.622814E+0	-9.870000E-1	1.311717E+15	5.157902E-18	-2.425875E-2	0.000000E+0	4.122248E-2	2.770088E-3	0.000000E+0	0.000000E+0	0.000000E+0
2.101320E+1	-2.118499E+0	-1.038000E+0	-4.475620E-18	-5.687704E-18	-2.465162E-2	0.000000E+0	4.711030E-2	4.749544E-3	0.000000E+0	0.000000E+0	0.000000E+0
1.925746E+1	-2.346016E+0	-1.089000E+0	-6.256276E-18	1.400744E+17	-2.212825E-2	0.000000E+0	5.116853E-2	6.233543E-3	0.000000E+0	0.000000E+0	0.000000E+0
1.999831E+1	-2.207655E+0	-1.139000E+0	2.653475E+17	2.403843E+17	-2.377600E-2	0.000000E+0	4.940219E-2	5.453610E-3	0.000000E+0	0.000000E+0	0.000000E+0
2.023365E+1	-2.059675E+0	-1.190000E+0	-3.335094E+16	-2.240669E+17	-2.523730E-2	0.000000E+0	4.891575E-2	4.979356E-3	0.000000E+0	0.000000E+0	0.000000E+0
1.793186E+1	-2.393678E+0	-1.241000E+0	8.607211E+16	1.700546E-17	-2.663425E-2	0.000000E+0	5.479036E-2	7.313825E-3	0.000000E+0	0.000000E+0	0.000000E+0
1.622748E+1	-2.135359E+0	-1.291000E+0	2.127762E-18	3.293656E+15	-2.905064E-2	0.000000E+0	6.057497E-2	7.971003E-3	0.000000E+0	0.000000E+0	0.000000E+0
1.696109E+1	-1.956974E+0	-1.342000E+0	8.036571E+16	-5.942611E-18	-3.058702E-2	0.000000E+0	5.818390E-2	6.713270E-3	0.000000E+0	0.000000E+0	0.000000E+0
1.764792E+1	-1.743491E+0	-1.392000E+0	-6.504745E+16	2.369911E+17	-3.129810E-2	0.000000E+0	5.611620E-2	5.543888E-3	0.000000E+0	0.000000E+0	0.000000E+0
1.730704E+1	-1.547701E+0	-1.443000E+0	5.725574E-18	6.181145E-18	-3.069709E-2	0.000000E+0	5.732155E-2	5.126043E-3	0.000000E+0	0.000000E+0	0.000000E+0
1.455989E+1	-1.669862E+0	-1.494000E+0	-2.052875E-18	3.493290E-18	-3.386320E-2	0.000000E+0	6.779015E-2	7.774798E-3	0.000000E+0	0.000000E+0	0.000000E+0
1.475349E+1	-1.933360E+0	-1.544000E+0	2.907620E+17	-1.496570E-18	-3.409011E-2	0.000000E+0	6.663626E-2	8.732298E-3	0.000000E+0	0.000000E+0	0.000000E+0
1.448055E+1	-9.695568E-1	-1.595000E+0	-2.649665E-18	4.664198E-18	-3.263876E-2	0.000000E+0	6.874994E-2	4.603207E-3	0.000000E+0	0.000000E+0	0.000000E+0
1.450152E+1	-1.068591E+0	-1.646000E+0	6.288344E-18	-3.929323E-18	-3.458627E-2	0.000000E+0	6.858587E-2	5.053970E-3	0.000000E+0	0.000000E+0	0.000000E+0
1.424554E+1	-1.590885E+0	-1.696000E+0	8.250878E-19	2.835790E+17	-3.464924E-2	0.000000E+0	6.933272E-2	7.742802E-3	0.000000E+0	0.000000E+0	0.000000E+0
1.386964E+1	-1.325164E+0	-1.747000E+0	4.508571E+17	-2.686618E+17	-3.796702E-2	0.000000E+0	7.144770E-2	6.826415E-3	0.000000E+0	0.000000E+0	0.000000E+0
1.299466E+1	-1.080707E+0	-1.797000E+0	2.517955E+17	3.793721E+16	-3.981804E-2	0.000000E+0	7.642609E-2	6.356011E-3	0.000000E+0	0.000000E+0	0.000000E+0
1.114840E+1	-1.118461E+0	-1.848000E+0	-6.194310E-18	5.176240E+17	-4.086003E-2	0.000000E+0	8.880514E-2	8.909358E-3	0.000000E+0	0.000000E+0	0.000000E+0
1.154349E+1	-1.182302E+0	-1.899000E+0	-5.749716E+17	1.371841E+17	-4.472429E-2	0.000000E+0	8.572960E-2	8.780557E-3	0.000000E+0	0.000000E+0	0.000000E+0
1.165370E+1	-8.862295E-1	-1.949000E+0	-4.691027E+17	6.689522E-18	-4.470401E-2	0.000000E+0	8.531626E-2	6.488050E-3	0.000000E+0	0.000000E+0	0.000000E+0
1.311216E+1	-1.302320E+0	-2.000000E+0	-3.567381E+17	-4.286482E-18	-4.697482E-2	0.000000E+0	7.552010E-2	7.500773E-3	0.000000E+0	0.000000E+0	0.000000E+0
