Real / Ohm	Ximag / Ohm	V_DC / V	I_a c / A	V_ac / V	I_DC / A
1.026870E+1	1.653962E-1	-2.000000E+0	-3.567381E+17	-4.286482E-18	-5.175469E-2	1.000000E+6	9.735805E-2	-1.568130E-3	0.000000E+0	0.000000E+0	0.000000E+0
1.106890E+1	1.620378E-1	-1.949000E+0	-4.691027E+17	6.689522E-18	-5.252320E-2	0.000000E+0	9.032386E-2	-1.322252E-3	0.000000E+0	0.000000E+0	0.000000E+0
1.075159E+1	3.608761E-1	-1.899000E+0	-5.749716E+17	1.371841E+17	-5.084788E-2	0.000000E+0	9.290483E-2	-3.118342E-3	0.000000E+0	0.000000E+0	0.000000E+0
1.076722E+1	1.479979E-1	-1.848000E+0	-6.194310E-18	5.176240E+17	-4.891722E-2	0.000000E+0	9.285694E-2	-1.276340E-3	0.000000E+0	0.000000E+0	0.000000E+0
1.050447E+1	9.821367E-2	-1.797000E+0	2.517955E+17	3.793721E+16	-4.815306E-2	0.000000E+0	9.518925E-2	-8.899911E-4	0.000000E+0	0.000000E+0	0.000000E+0
1.202592E+1	1.459246E-1	-1.747000E+0	4.508571E+17	-2.686618E+17	-4.603085E-2	0.000000E+0	8.314148E-2	-1.008853E-3	0.000000E+0	0.000000E+0	0.000000E+0
1.049888E+1	1.039367E-1	-1.696000E+0	8.250878E-19	2.835790E+17	-4.576566E-2	0.000000E+0	9.523892E-2	-9.428453E-4	0.000000E+0	0.000000E+0	0.000000E+0
1.101555E+1	-1.236601E-1	-1.646000E+0	6.288344E-18	-3.929323E-18	-4.448716E-2	0.000000E+0	9.076932E-2	1.018973E-3	0.000000E+0	0.000000E+0	0.000000E+0
1.066897E+1	2.073073E-1	-1.595000E+0	-2.649665E-18	4.664198E-18	-4.314180E-2	0.000000E+0	9.369439E-2	-1.820563E-3	0.000000E+0	0.000000E+0	0.000000E+0
1.070347E+1	1.635456E-1	-1.544000E+0	2.907620E+17	-1.496570E-18	-4.146139E-2	0.000000E+0	9.340584E-2	-1.427211E-3	0.000000E+0	0.000000E+0	0.000000E+0
1.080441E+1	-2.900944E-1	-1.494000E+0	-2.052875E-18	3.493290E-18	-3.803122E-2	0.000000E+0	9.248812E-2	2.483272E-3	0.000000E+0	0.000000E+0	0.000000E+0
1.086306E+1	-1.206589E-2	-1.443000E+0	5.725574E-18	6.181145E-18	-3.768329E-2	0.000000E+0	9.205498E-2	1.022479E-4	0.000000E+0	0.000000E+0	0.000000E+0
1.128549E+1	3.315468E-1	-1.392000E+0	-6.504745E+16	2.369911E+17	-3.741403E-2	0.000000E+0	8.853295E-2	-2.600934E-3	0.000000E+0	0.000000E+0	0.000000E+0
1.202044E+1	-5.560970E-2	-1.342000E+0	8.036571E+16	-5.942611E-18	-3.469835E-2	0.000000E+0	8.318985E-2	3.848580E-4	0.000000E+0	0.000000E+0	0.000000E+0
1.148849E+1	1.106071E-1	-1.291000E+0	2.127762E-18	3.293656E+15	-3.422224E-2	0.000000E+0	8.703557E-2	-8.379476E-4	0.000000E+0	0.000000E+0	0.000000E+0
1.142594E+1	7.761574E-2	-1.241000E+0	8.607211E+16	1.700546E-17	-3.269655E-2	0.000000E+0	8.751611E-2	-5.944918E-4	0.000000E+0	0.000000E+0	0.000000E+0
1.259510E+1	1.245642E-1	-1.190000E+0	-3.335094E+16	-2.240669E+17	-3.123014E-2	0.000000E+0	7.938819E-2	-7.851408E-4	0.000000E+0	0.000000E+0	0.000000E+0
1.082539E+1	2.731848E-2	-1.139000E+0	2.653475E+17	2.403843E+17	-3.068354E-2	0.000000E+0	9.237484E-2	-2.331131E-4	0.000000E+0	0.000000E+0	0.000000E+0
1.129931E+1	-5.404091E-2	-1.089000E+0	-6.256276E-18	1.400744E+17	-2.935142E-2	0.000000E+0	8.849895E-2	4.232616E-4	0.000000E+0	0.000000E+0	0.000000E+0
1.109221E+1	9.340382E-2	-1.038000E+0	-4.475620E-18	-5.687704E-18	-2.775734E-2	0.000000E+0	9.014697E-2	-7.590977E-4	0.000000E+0	0.000000E+0	0.000000E+0
1.104916E+1	1.090431E-1	-9.870000E-1	1.311717E+15	5.157902E-18	-2.636855E-2	0.000000E+0	9.049580E-2	-8.930944E-4	0.000000E+0	0.000000E+0	0.000000E+0
1.144915E+1	-2.585115E-1	-9.370000E-1	3.723455E-18	4.245176E+17	-2.359058E-2	0.000000E+0	8.729822E-2	1.971115E-3	0.000000E+0	0.000000E+0	0.000000E+0
1.158776E+1	-1.971207E-1	-8.860000E-1	-5.203440E-18	3.843920E-18	-2.315225E-2	0.000000E+0	8.627299E-2	1.467600E-3	0.000000E+0	0.000000E+0	0.000000E+0
1.225435E+1	1.080542E-1	-8.350000E-1	-1.183523E-18	-5.342346E-18	-2.230994E-2	0.000000E+0	8.159733E-2	-7.194942E-4	0.000000E+0	0.000000E+0	0.000000E+0
1.171685E+1	-9.361267E-3	-7.850000E-1	5.232691E+17	-3.553127E+17	-2.043646E-2	0.000000E+0	8.534712E-2	6.818873E-5	0.000000E+0	0.000000E+0	0.000000E+0
1.139077E+1	4.510880E-2	-7.340000E-1	2.088242E+17	-2.195880E+17	-1.953848E-2	0.000000E+0	8.778900E-2	-3.476549E-4	0.000000E+0	0.000000E+0	0.000000E+0
1.128959E+1	5.231762E-2	-6.840000E-1	-7.957818E+16	-3.372665E-18	-1.806132E-2	0.000000E+0	8.857527E-2	-4.104708E-4	0.000000E+0	0.000000E+0	0.000000E+0
1.215374E+1	1.477890E-1	-6.330000E-1	-2.208677E-18	1.807661E-18	-1.677979E-2	0.000000E+0	8.226704E-2	-1.000364E-3	0.000000E+0	0.000000E+0	0.000000E+0
1.103042E+1	-3.290367E-2	-5.820000E-1	-4.775830E-18	6.138991E-18	-1.560194E-2	0.000000E+0	9.065757E-2	2.704309E-4	0.000000E+0	0.000000E+0	0.000000E+0
1.116223E+1	-4.229927E-2	-5.320000E-1	3.271013E+17	1.849291E+17	-1.426574E-2	0.000000E+0	8.958655E-2	3.394882E-4	0.000000E+0	0.000000E+0	0.000000E+0
1.108884E+1	1.250439E-1	-4.810000E-1	4.410889E+17	3.939340E-18	-1.287951E-2	0.000000E+0	9.016929E-2	-1.016799E-3	0.000000E+0	0.000000E+0	0.000000E+0
1.126228E+1	1.772118E-1	-4.300000E-1	-5.506670E-18	3.318154E+17	-1.147745E-2	0.000000E+0	8.876999E-2	-1.396794E-3	0.000000E+0	0.000000E+0	0.000000E+0
1.144033E+1	-3.525534E-1	-3.800000E-1	-4.319920E+17	-4.172230E+17	-9.595791E-3	0.000000E+0	8.732713E-2	2.691135E-3	0.000000E+0	0.000000E+0	0.000000E+0
1.268417E+1	-2.201300E-1	-3.290000E-1	6.411590E-18	-1.599031E-19	-8.809667E-3	0.000000E+0	7.881469E-2	1.367805E-3	0.000000E+0	0.000000E+0	0.000000E+0
1.227468E+1	-9.200001E-2	-2.780000E-1	-1.696221E+17	-6.410840E-19	-7.345807E-3	0.000000E+0	8.146394E-2	6.105808E-4	0.000000E+0	0.000000E+0	0.000000E+0
1.193572E+1	8.368397E-2	-2.280000E-1	-2.726899E+17	1.903750E-18	-5.964659E-3	0.000000E+0	8.377801E-2	-5.873861E-4	0.000000E+0	0.000000E+0	0.000000E+0
1.223769E+1	-3.653622E-2	-1.770000E-1	-1.478400E+17	2.700612E+17	-4.601415E-3	0.000000E+0	8.171404E-2	2.439612E-4	0.000000E+0	0.000000E+0	0.000000E+0
1.175124E+1	3.664303E-2	-1.270000E-1	-2.971689E+17	-4.901914E-18	-3.281554E-3	0.000000E+0	8.509658E-2	-2.653504E-4	0.000000E+0	0.000000E+0	0.000000E+0
1.180000E+1	3.499508E-2	-7.600000E-2	-4.716725E+17	-4.928293E+17	-2.073059E-3	0.000000E+0	8.474502E-2	-2.513270E-4	0.000000E+0	0.000000E+0	0.000000E+0
1.075886E+1	-9.206867E-2	-2.500000E-2	-9.427510E-19	-9.422141E-19	-6.679347E-4	0.000000E+0	9.293984E-2	7.953303E-4	0.000000E+0	0.000000E+0	0.000000E+0
1.094648E+1	2.625980E-1	2.500000E-2	-3.093320E+17	4.406614E-18	6.749085E-4	0.000000E+0	9.130103E-2	-2.190244E-3	0.000000E+0	0.000000E+0	0.000000E+0
1.094192E+1	8.651733E-3	7.600000E-2	-4.715168E+17	-5.436513E+17	2.027428E-3	0.000000E+0	9.139158E-2	-7.226296E-5	0.000000E+0	0.000000E+0	0.000000E+0
1.108067E+1	1.964617E-1	1.270000E-1	4.697494E+17	-5.230656E+17	3.399354E-3	0.000000E+0	9.021889E-2	-1.599592E-3	0.000000E+0	0.000000E+0	0.000000E+0
1.131203E+1	-1.695538E-1	1.770000E-1	-3.021231E-18	2.523250E+17	4.771818E-3	0.000000E+0	8.838161E-2	1.324735E-3	0.000000E+0	0.000000E+0	0.000000E+0
1.270280E+1	1.916113E-1	2.280000E-1	-3.194978E-18	5.558819E-18	6.038025E-3	0.000000E+0	7.870489E-2	-1.187199E-3	0.000000E+0	0.000000E+0	0.000000E+0
1.201004E+1	4.192572E-1	2.780000E-1	4.155990E+17	-4.532139E-19	7.347161E-3	0.000000E+0	8.316233E-2	-2.903105E-3	0.000000E+0	0.000000E+0	0.000000E+0
1.164673E+1	-2.576981E-1	3.290000E-1	-4.316265E+17	4.857998E-18	8.404991E-3	0.000000E+0	8.581900E-2	1.898850E-3	0.000000E+0	0.000000E+0	0.000000E+0
1.194576E+1	3.719234E-2	3.800000E-1	-3.849816E-18	-6.877525E-18	9.875998E-3	0.000000E+0	8.371090E-2	-2.606284E-4	0.000000E+0	0.000000E+0	0.000000E+0
1.089448E+1	3.658962E-2	4.300000E-1	4.766215E-20	4.558806E+17	1.110393E-2	0.000000E+0	9.178857E-2	-3.082762E-4	0.000000E+0	0.000000E+0	0.000000E+0
1.166801E+1	-7.455921E-2	4.810000E-1	1.388541E-18	6.784146E-18	1.300701E-2	0.000000E+0	8.570092E-2	5.476335E-4	0.000000E+0	0.000000E+0	0.000000E+0
1.028752E+1	-9.894657E-2	5.320000E-1	3.266052E+17	-3.632521E-18	1.438200E-2	0.000000E+0	9.719617E-2	9.348441E-4	0.000000E+0	0.000000E+0	0.000000E+0
1.060386E+1	3.476367E-1	5.820000E-1	-7.975154E-19	6.323277E-18	1.582954E-2	0.000000E+0	9.420403E-2	-3.088383E-3	0.000000E+0	0.000000E+0	0.000000E+0
1.080652E+1	6.596327E-2	6.330000E-1	-4.524462E+17	2.055148E+17	1.698032E-2	0.000000E+0	9.253328E-2	-5.648255E-4	0.000000E+0	0.000000E+0	0.000000E+0
1.069798E+1	2.183156E-1	6.840000E-1	-6.904543E-18	-8.377323E+16	1.830424E-2	0.000000E+0	9.343668E-2	-1.906779E-3	0.000000E+0	0.000000E+0	0.000000E+0
1.123624E+1	-3.298035E-1	7.340000E-1	2.547933E-18	-3.215913E-19	1.960265E-2	0.000000E+0	8.892114E-2	2.609992E-3	0.000000E+0	0.000000E+0	0.000000E+0
1.107872E+1	-2.763176E-2	7.850000E-1	-1.554791E+17	1.089529E+17	2.114823E-2	0.000000E+0	9.026257E-2	2.251265E-4	0.000000E+0	0.000000E+0	0.000000E+0
1.164551E+1	5.215530E-1	8.350000E-1	-5.196819E+17	1.790907E+17	2.242876E-2	0.000000E+0	8.569811E-2	-3.838055E-3	0.000000E+0	0.000000E+0	0.000000E+0
1.215337E+1	-1.311903E-1	8.860000E-1	3.883600E+17	-5.707470E+17	2.271489E-2	0.000000E+0	8.227212E-2	8.880914E-4	0.000000E+0	0.000000E+0	0.000000E+0
1.217707E+1	5.069637E-2	9.370000E-1	-2.798456E+17	-3.562291E+17	2.411286E-2	0.000000E+0	8.212014E-2	-3.418879E-4	0.000000E+0	0.000000E+0	0.000000E+0
1.103275E+1	5.211639E-2	9.870000E-1	7.433461E+16	-3.421240E+17	2.555785E-2	0.000000E+0	9.063721E-2	-4.281511E-4	0.000000E+0	0.000000E+0	0.000000E+0
1.170906E+1	4.418659E-2	1.038000E+0	4.333500E+17	8.421242E+16	2.770301E-2	0.000000E+0	8.540274E-2	-3.222851E-4	0.000000E+0	0.000000E+0	0.000000E+0
1.049411E+1	-7.675219E-2	1.089000E+0	5.318055E+17	-2.871880E+17	2.931141E-2	0.000000E+0	9.528645E-2	6.969094E-4	0.000000E+0	0.000000E+0	0.000000E+0
1.073377E+1	2.433515E-1	1.139000E+0	-5.520479E-19	1.659667E-18	3.121349E-2	0.000000E+0	9.311605E-2	-2.111088E-3	0.000000E+0	0.000000E+0	0.000000E+0
1.121783E+1	2.235203E-1	1.190000E+0	9.197504E+16	2.296609E-18	3.184844E-2	0.000000E+0	8.910842E-2	-1.775525E-3	0.000000E+0	0.000000E+0	0.000000E+0
1.143914E+1	7.566547E-2	1.241000E+0	1.138051E+17	1.810141E+17	3.237767E-2	0.000000E+0	8.741533E-2	-5.782185E-4	0.000000E+0	0.000000E+0	0.000000E+0
1.214101E+1	-4.368229E-1	1.291000E+0	1.676928E-18	4.035830E-18	3.428589E-2	0.000000E+0	8.225899E-2	2.959606E-3	0.000000E+0	0.000000E+0	0.000000E+0
1.088805E+1	4.570103E-2	1.342000E+0	-2.680825E+17	-5.132058E+17	3.638457E-2	0.000000E+0	9.184219E-2	-3.854944E-4	0.000000E+0	0.000000E+0	0.000000E+0
1.053982E+1	2.067022E-1	1.392000E+0	5.241928E+17	-4.155966E-18	3.790464E-2	0.000000E+0	9.484180E-2	-1.859995E-3	0.000000E+0	0.000000E+0	0.000000E+0
1.139080E+1	7.014465E-2	1.443000E+0	2.579781E+17	4.569569E-19	3.778780E-2	0.000000E+0	8.778682E-2	-5.405920E-4	0.000000E+0	0.000000E+0	0.000000E+0
1.188056E+1	4.011154E-2	1.494000E+0	2.915631E-18	5.325354E+16	3.881193E-2	0.000000E+0	8.417016E-2	-2.841781E-4	0.000000E+0	0.000000E+0	0.000000E+0
1.173700E+1	9.308147E-2	1.544000E+0	-1.980656E+17	2.858813E+16	4.034067E-2	0.000000E+0	8.519529E-2	-6.756499E-4	0.000000E+0	0.000000E+0	0.000000E+0
1.156396E+1	4.873848E-2	1.595000E+0	-2.714796E-18	1.441508E+17	4.170545E-2	0.000000E+0	8.647403E-2	-3.644610E-4	0.000000E+0	0.000000E+0	0.000000E+0
1.030020E+1	1.281304E-1	1.646000E+0	5.785012E-19	5.234687E+17	4.422344E-2	0.000000E+0	9.707047E-2	-1.207518E-3	0.000000E+0	0.000000E+0	0.000000E+0
1.086640E+1	1.116676E-1	1.696000E+0	3.390598E+17	1.295985E-19	4.567149E-2	0.000000E+0	9.201708E-2	-9.456054E-4	0.000000E+0	0.000000E+0	0.000000E+0
1.094365E+1	7.625866E-2	1.747000E+0	-5.351627E-18	2.391872E+17	4.653678E-2	0.000000E+0	9.137275E-2	-6.367130E-4	0.000000E+0	0.000000E+0	0.000000E+0
1.052174E+1	1.590991E-1	1.797000E+0	2.587907E+17	-4.848260E-18	4.791742E-2	0.000000E+0	9.501959E-2	-1.436790E-3	0.000000E+0	0.000000E+0	0.000000E+0
1.146151E+1	-3.685713E-1	1.848000E+0	-3.848534E+17	-9.739225E-19	5.001611E-2	0.000000E+0	8.715841E-2	2.802780E-3	0.000000E+0	0.000000E+0	0.000000E+0
1.083091E+1	1.174011E-1	1.899000E+0	6.653843E-18	-4.395667E+17	5.068732E-2	0.000000E+0	9.231750E-2	-1.000671E-3	0.000000E+0	0.000000E+0	0.000000E+0
9.732056E+0	2.511253E-1	1.949000E+0	-1.137863E-18	-4.188961E+17	5.392137E-2	0.000000E+0	1.026848E-1	-2.649672E-3	0.000000E+0	0.000000E+0	0.000000E+0
1.155606E+1	1.659231E-1	2.000000E+0	-9.275714E-19	-3.780148E-18	5.092763E-2	0.000000E+0	8.651685E-2	-1.242218E-3	0.000000E+0	0.000000E+0	0.000000E+0
