Real / Ohm	Ximag / Ohm	V_DC / V	I_a c / A	V_ac / V	I_DC / A
1.565631E+1	-8.282025E-1	2.000000E+0	-9.275714E-19	-3.780148E-18	3.956555E-2	1.000000E+3	6.369378E-2	3.369334E-3	0.000000E+0	0.000000E+0	0.000000E+0
1.786651E+1	6.545713E-1	1.949000E+0	-1.137863E-18	-4.188961E+17	3.869975E-2	0.000000E+0	5.589561E-2	-2.047835E-3	0.000000E+0	0.000000E+0	0.000000E+0
5.533672E+1	-4.605913E-1	1.899000E+0	6.653843E-18	-4.395667E+17	3.856119E-2	0.000000E+0	1.806993E-2	1.504038E-4	0.000000E+0	0.000000E+0	0.000000E+0
5.242651E+1	4.703080E-1	1.848000E+0	-3.848534E+17	-9.739225E-19	2.172658E-2	0.000000E+0	1.907278E-2	-1.710982E-4	0.000000E+0	0.000000E+0	0.000000E+0
5.321399E+1	3.775438E-1	1.797000E+0	2.587907E+17	-4.848260E-18	1.895169E-2	0.000000E+0	1.879110E-2	-1.333195E-4	0.000000E+0	0.000000E+0	0.000000E+0
5.614697E+1	9.046590E-1	1.747000E+0	-5.351627E-18	2.391872E+17	1.840864E-2	0.000000E+0	1.780578E-2	-2.868927E-4	0.000000E+0	0.000000E+0	0.000000E+0
5.428824E+1	1.391075E+0	1.696000E+0	3.390598E+17	1.295985E-19	1.683753E-2	0.000000E+0	1.840811E-2	-4.716871E-4	0.000000E+0	0.000000E+0	0.000000E+0
5.512238E+1	1.184135E+0	1.646000E+0	5.785012E-19	5.234687E+17	1.683943E-2	0.000000E+0	1.813308E-2	-3.895336E-4	0.000000E+0	0.000000E+0	0.000000E+0
5.054354E+1	7.974214E+0	1.595000E+0	-2.714796E-18	1.441508E+17	1.553288E-2	0.000000E+0	1.930441E-2	-3.045642E-3	0.000000E+0	0.000000E+0	0.000000E+0
5.756706E+1	-4.160607E-1	1.544000E+0	-1.980656E+17	2.858813E+16	1.616350E-2	0.000000E+0	1.737014E-2	1.255411E-4	0.000000E+0	0.000000E+0	0.000000E+0
5.548473E+1	6.115690E-1	1.494000E+0	2.915631E-18	5.325354E+16	1.635691E-2	0.000000E+0	1.802079E-2	-1.986304E-4	0.000000E+0	0.000000E+0	0.000000E+0
5.506075E+1	8.108094E-1	1.443000E+0	2.579781E+17	4.569569E-19	1.533636E-2	0.000000E+0	1.815782E-2	-2.673870E-4	0.000000E+0	0.000000E+0	0.000000E+0
6.067489E+1	3.280544E-1	1.392000E+0	5.241928E+17	-4.155966E-18	1.470346E-2	0.000000E+0	1.648080E-2	-8.910769E-5	0.000000E+0	0.000000E+0	0.000000E+0
6.394352E+1	1.417057E+0	1.342000E+0	-2.680825E+17	-5.132058E+17	1.363079E-2	0.000000E+0	1.563112E-2	-3.464025E-4	0.000000E+0	0.000000E+0	0.000000E+0
6.184885E+1	-2.866833E-2	1.291000E+0	1.676928E-18	4.035830E-18	1.146264E-2	0.000000E+0	1.616845E-2	7.494438E-6	0.000000E+0	0.000000E+0	0.000000E+0
6.214740E+1	1.449668E-1	1.241000E+0	1.138051E+17	1.810141E+17	1.240835E-2	0.000000E+0	1.609069E-2	-3.753360E-5	0.000000E+0	0.000000E+0	0.000000E+0
6.409799E+1	1.265810E-1	1.190000E+0	9.197504E+16	2.296609E-18	1.192049E-2	0.000000E+0	1.560105E-2	-3.080903E-5	0.000000E+0	0.000000E+0	0.000000E+0
6.400246E+1	1.098614E-1	1.139000E+0	-5.520479E-19	1.659667E-18	1.126868E-2	0.000000E+0	1.562435E-2	-2.681949E-5	0.000000E+0	0.000000E+0	0.000000E+0
6.524925E+1	1.420463E-1	1.089000E+0	5.318055E+17	-2.871880E+17	1.103922E-2	0.000000E+0	1.532577E-2	-3.336390E-5	0.000000E+0	0.000000E+0	0.000000E+0
6.562662E+1	7.004255E-2	1.038000E+0	4.333500E+17	8.421242E+16	1.005545E-2	0.000000E+0	1.523770E-2	-1.626303E-5	0.000000E+0	0.000000E+0	0.000000E+0
6.223563E+1	3.394132E-1	9.870000E-1	7.433461E+16	-3.421240E+17	9.604353E-3	0.000000E+0	1.606749E-2	-8.762694E-5	0.000000E+0	0.000000E+0	0.000000E+0
6.421729E+1	7.026323E-1	9.370000E-1	-2.798456E+17	-3.562291E+17	9.317178E-3	0.000000E+0	1.557027E-2	-1.703618E-4	0.000000E+0	0.000000E+0	0.000000E+0
6.401462E+1	4.605772E-1	8.860000E-1	3.883600E+17	-5.707470E+17	8.761389E-3	0.000000E+0	1.562062E-2	-1.123884E-4	0.000000E+0	0.000000E+0	0.000000E+0
6.544905E+1	-7.497674E-2	8.350000E-1	-5.196819E+17	1.790907E+17	8.077407E-3	0.000000E+0	1.527904E-2	1.750327E-5	0.000000E+0	0.000000E+0	0.000000E+0
6.478000E+1	1.265347E+0	7.850000E-1	-1.554791E+17	1.089529E+17	7.319856E-3	0.000000E+0	1.543098E-2	-3.014131E-4	0.000000E+0	0.000000E+0	0.000000E+0
6.299138E+1	2.228065E-1	7.340000E-1	2.547933E-18	-3.215913E-19	7.424433E-3	0.000000E+0	1.587499E-2	-5.615135E-5	0.000000E+0	0.000000E+0	0.000000E+0
6.475844E+1	1.313813E-1	6.840000E-1	-6.904543E-18	-8.377323E+16	7.040219E-3	0.000000E+0	1.544194E-2	-3.132846E-5	0.000000E+0	0.000000E+0	0.000000E+0
6.616315E+1	3.426312E-1	6.330000E-1	-4.524462E+17	2.055148E+17	6.418035E-3	0.000000E+0	1.511375E-2	-7.826776E-5	0.000000E+0	0.000000E+0	0.000000E+0
6.882550E+1	-1.401023E-1	5.820000E-1	-7.975154E-19	6.323277E-18	5.353054E-3	0.000000E+0	1.452944E-2	2.957636E-5	0.000000E+0	0.000000E+0	0.000000E+0
7.007774E+1	1.525865E-2	5.320000E-1	3.266052E+17	-3.632521E-18	5.254847E-3	0.000000E+0	1.426987E-2	-3.107105E-6	0.000000E+0	0.000000E+0	0.000000E+0
8.471886E+1	5.961014E-1	4.810000E-1	1.388541E-18	6.784146E-18	4.746554E-3	0.000000E+0	1.180316E-2	-8.304977E-5	0.000000E+0	0.000000E+0	0.000000E+0
8.058279E+1	-3.254557E-2	4.300000E-1	4.766215E-20	4.558806E+17	3.757161E-3	0.000000E+0	1.240960E-2	5.011956E-6	0.000000E+0	0.000000E+0	0.000000E+0
8.253050E+1	6.015721E-2	3.800000E-1	-3.849816E-18	-6.877525E-18	3.372947E-3	0.000000E+0	1.211673E-2	-8.831989E-6	0.000000E+0	0.000000E+0	0.000000E+0
8.594357E+1	9.330034E-3	3.290000E-1	-4.316265E+17	4.857998E-18	2.901938E-3	0.000000E+0	1.163554E-2	-1.263154E-6	0.000000E+0	0.000000E+0	0.000000E+0
8.744354E+1	-2.895041E-2	2.780000E-1	4.155990E+17	-4.532139E-19	2.428886E-3	0.000000E+0	1.143595E-2	3.786162E-6	0.000000E+0	0.000000E+0	0.000000E+0
8.804076E+1	-4.748100E-2	2.280000E-1	-3.194978E-18	5.558819E-18	1.952742E-3	0.000000E+0	1.135837E-2	6.125650E-6	0.000000E+0	0.000000E+0	0.000000E+0
9.311237E+1	2.858873E-2	1.770000E-1	-3.021231E-18	2.523250E+17	1.471519E-3	0.000000E+0	1.073971E-2	-3.297464E-6	0.000000E+0	0.000000E+0	0.000000E+0
9.398415E+1	1.632483E-2	1.270000E-1	4.697494E+17	-5.230656E+17	1.055130E-3	0.000000E+0	1.064009E-2	-1.848159E-6	0.000000E+0	0.000000E+0	0.000000E+0
9.592590E+1	7.223055E-3	7.600000E-2	-4.715168E+17	-5.436513E+17	6.311075E-4	0.000000E+0	1.042471E-2	-7.849629E-7	0.000000E+0	0.000000E+0	0.000000E+0
9.661171E+1	1.888187E-2	2.500000E-2	-3.093320E+17	4.406614E-18	2.075958E-4	0.000000E+0	1.035071E-2	-2.022951E-6	0.000000E+0	0.000000E+0	0.000000E+0
9.719865E+1	2.950498E-2	-2.500000E-2	-9.427510E-19	-9.422141E-19	-2.077719E-4	0.000000E+0	1.028821E-2	-3.123020E-6	0.000000E+0	0.000000E+0	0.000000E+0
9.673041E+1	2.783297E-2	-7.600000E-2	-4.716725E+17	-4.928293E+17	-6.185157E-4	0.000000E+0	1.033801E-2	-2.974633E-6	0.000000E+0	0.000000E+0	0.000000E+0
1.021171E+2	-5.255765E-2	-1.270000E-1	-2.971689E+17	-4.901914E-18	-1.051731E-3	0.000000E+0	9.792677E-3	5.040097E-6	0.000000E+0	0.000000E+0	0.000000E+0
9.806403E+1	5.851728E-2	-1.770000E-1	-1.478400E+17	2.700612E+17	-1.436966E-3	0.000000E+0	1.019742E-2	-6.085055E-6	0.000000E+0	0.000000E+0	0.000000E+0
9.678389E+1	-4.169789E-2	-2.280000E-1	-2.726899E+17	1.903750E-18	-1.859967E-3	0.000000E+0	1.033230E-2	4.451515E-6	0.000000E+0	0.000000E+0	0.000000E+0
9.605377E+1	4.802662E-2	-2.780000E-1	-1.696221E+17	-6.410840E-19	-2.276357E-3	0.000000E+0	1.041083E-2	-5.205388E-6	0.000000E+0	0.000000E+0	0.000000E+0
9.605258E+1	7.423221E-2	-3.290000E-1	6.411590E-18	-1.599031E-19	-2.710594E-3	0.000000E+0	1.041096E-2	-8.045889E-6	0.000000E+0	0.000000E+0	0.000000E+0
9.215489E+1	8.111417E-3	-3.800000E-1	-4.319920E+17	-4.172230E+17	-3.166281E-3	0.000000E+0	1.085130E-2	-9.551244E-7	0.000000E+0	0.000000E+0	0.000000E+0
9.089815E+1	1.334119E-2	-4.300000E-1	-5.506670E-18	3.318154E+17	-3.575009E-3	0.000000E+0	1.100132E-2	-1.614673E-6	0.000000E+0	0.000000E+0	0.000000E+0
9.487279E+1	7.931075E-2	-4.810000E-1	4.410889E+17	3.939340E-18	-3.791678E-3	0.000000E+0	1.054042E-2	-8.811471E-6	0.000000E+0	0.000000E+0	0.000000E+0
9.214815E+1	2.983618E-2	-5.320000E-1	3.271013E+17	1.849291E+17	-4.287713E-3	0.000000E+0	1.085209E-2	-3.513743E-6	0.000000E+0	0.000000E+0	0.000000E+0
9.016911E+1	8.434559E-2	-5.820000E-1	-4.775830E-18	6.138991E-18	-4.723509E-3	0.000000E+0	1.109026E-2	-1.037400E-5	0.000000E+0	0.000000E+0	0.000000E+0
8.993506E+1	7.611727E-1	-6.330000E-1	-2.208677E-18	1.807661E-18	-5.146510E-3	0.000000E+0	1.111834E-2	-9.410096E-5	0.000000E+0	0.000000E+0	0.000000E+0
8.685178E+1	-9.926260E-3	-6.840000E-1	-7.957818E+16	-3.372665E-18	-5.690553E-3	0.000000E+0	1.151387E-2	1.315916E-6	0.000000E+0	0.000000E+0	0.000000E+0
8.486073E+1	7.316034E-2	-7.340000E-1	2.088242E+17	-2.195880E+17	-6.055870E-3	0.000000E+0	1.178400E-2	-1.015926E-5	0.000000E+0	0.000000E+0	0.000000E+0
8.885304E+1	-1.111299E-1	-7.850000E-1	5.232691E+17	-3.553127E+17	-6.536072E-3	0.000000E+0	1.125452E-2	1.407621E-5	0.000000E+0	0.000000E+0	0.000000E+0
8.736357E+1	6.935641E-2	-8.350000E-1	-1.183523E-18	-5.342346E-18	-6.829888E-3	0.000000E+0	1.144641E-2	-9.087106E-6	0.000000E+0	0.000000E+0	0.000000E+0
8.653741E+1	-3.552511E-3	-8.860000E-1	-5.203440E-18	3.843920E-18	-7.283532E-3	0.000000E+0	1.155570E-2	4.743814E-7	0.000000E+0	0.000000E+0	0.000000E+0
8.580693E+1	-7.817405E-2	-9.370000E-1	3.723455E-18	4.245176E+17	-7.744838E-3	0.000000E+0	1.165406E-2	1.061738E-5	0.000000E+0	0.000000E+0	0.000000E+0
8.473895E+1	2.077769E-2	-9.870000E-1	1.311717E+15	5.157902E-18	-8.248050E-3	0.000000E+0	1.180095E-2	-2.893551E-6	0.000000E+0	0.000000E+0	0.000000E+0
8.160704E+1	3.164105E+0	-1.038000E+0	-4.475620E-18	-5.687704E-18	-8.645516E-3	0.000000E+0	1.223545E-2	-4.743984E-4	0.000000E+0	0.000000E+0	0.000000E+0
8.562694E+1	7.812515E-2	-1.089000E+0	-6.256276E-18	1.400744E+17	-9.013869E-3	0.000000E+0	1.167856E-2	-1.065540E-5	0.000000E+0	0.000000E+0	0.000000E+0
8.592979E+1	2.424331E-2	-1.139000E+0	2.653475E+17	2.403843E+17	-9.460391E-3	0.000000E+0	1.163741E-2	-3.283253E-6	0.000000E+0	0.000000E+0	0.000000E+0
8.167807E+1	1.734948E+0	-1.190000E+0	-3.335094E+16	-2.240669E+17	-9.772053E-3	0.000000E+0	1.223767E-2	-2.599439E-4	0.000000E+0	0.000000E+0	0.000000E+0
5.326862E+1	2.796615E-2	-1.241000E+0	8.607211E+16	1.700546E-17	-1.142079E-2	0.000000E+0	1.877277E-2	-9.855750E-6	0.000000E+0	0.000000E+0	0.000000E+0
5.289260E+1	1.190802E-1	-1.291000E+0	2.127762E-18	3.293656E+15	-1.371205E-2	0.000000E+0	1.890614E-2	-4.256450E-5	0.000000E+0	0.000000E+0	0.000000E+0
3.204774E+1	6.822069E+0	-1.342000E+0	8.036571E+16	-5.942611E-18	-1.468510E-2	0.000000E+0	2.985077E-2	-6.354396E-3	0.000000E+0	0.000000E+0	0.000000E+0
5.381871E+1	9.571179E-1	-1.392000E+0	-6.504745E+16	2.369911E+17	-1.911885E-2	0.000000E+0	1.857502E-2	-3.303403E-4	0.000000E+0	0.000000E+0	0.000000E+0
4.854543E+1	9.333270E-1	-1.443000E+0	5.725574E-18	6.181145E-18	-1.312460E-2	0.000000E+0	2.059165E-2	-3.958919E-4	0.000000E+0	0.000000E+0	0.000000E+0
2.501244E+1	3.119863E+0	-1.494000E+0	-2.052875E-18	3.493290E-18	-1.309918E-2	0.000000E+0	3.936762E-2	-4.910419E-3	0.000000E+0	0.000000E+0	0.000000E+0
1.527682E+1	3.248798E-1	-1.544000E+0	2.907620E+17	-1.496570E-18	-2.418052E-2	0.000000E+0	6.542906E-2	-1.391427E-3	0.000000E+0	0.000000E+0	0.000000E+0
1.050448E+1	2.049109E+0	-1.595000E+0	-2.649665E-18	4.664198E-18	-2.272201E-2	0.000000E+0	9.170778E-2	-1.788944E-2	0.000000E+0	0.000000E+0	0.000000E+0
4.696495E+1	1.416988E+0	-1.646000E+0	6.288344E-18	-3.929323E-18	-1.308885E-2	0.000000E+0	2.127311E-2	-6.418348E-4	0.000000E+0	0.000000E+0	0.000000E+0
9.066753E+1	5.167994E+0	-1.696000E+0	8.250878E-19	2.835790E+17	-1.277746E-2	0.000000E+0	1.099359E-2	-6.266279E-4	0.000000E+0	0.000000E+0	0.000000E+0
1.233770E+2	7.315053E-1	-1.747000E+0	4.508571E+17	-2.686618E+17	-8.845001E-3	0.000000E+0	8.104953E-3	-4.805447E-5	0.000000E+0	0.000000E+0	0.000000E+0
1.217227E+2	1.474140E-1	-1.797000E+0	2.517955E+17	3.793721E+16	-8.675078E-3	0.000000E+0	8.215382E-3	-9.949355E-6	0.000000E+0	0.000000E+0	0.000000E+0
1.114106E+2	2.015071E-1	-1.848000E+0	-6.194310E-18	5.176240E+17	-8.629235E-3	0.000000E+0	8.975777E-3	-1.623439E-5	0.000000E+0	0.000000E+0	0.000000E+0
2.858881E+0	-4.765379E-1	-1.899000E+0	-5.749716E+17	1.371841E+17	-8.451112E-3	0.000000E+0	3.403313E-1	5.672875E-2	0.000000E+0	0.000000E+0	0.000000E+0
6.375601E+0	-1.302296E+0	-1.949000E+0	-4.691027E+17	6.689522E-18	-3.684192E-2	0.000000E+0	1.505659E-1	3.075496E-2	0.000000E+0	0.000000E+0	0.000000E+0
7.031033E+0	-5.126675E-1	-2.000000E+0	-3.567381E+17	-4.286482E-18	-3.552080E-2	0.000000E+0	1.414744E-1	1.031560E-2	0.000000E+0	0.000000E+0	0.000000E+0
