Real / Ohm	Ximag / Ohm	V_DC / V	I_a c / A	V_ac / V	I_DC / A
1.905317E+1	6.619778E-1	2.000000E+0	-9.275714E-19	-3.780148E-18	4.141386E-2	1.000000E+6	5.242143E-2	-1.821315E-3	0.000000E+0	0.000000E+0	0.000000E+0
1.887795E+1	5.221157E-1	1.949000E+0	-1.137863E-18	-4.188961E+17	4.111701E-2	0.000000E+0	5.293136E-2	-1.463946E-3	0.000000E+0	0.000000E+0	0.000000E+0
1.901507E+1	5.090742E-1	1.899000E+0	6.653843E-18	-4.395667E+17	3.942432E-2	0.000000E+0	5.255220E-2	-1.406935E-3	0.000000E+0	0.000000E+0	0.000000E+0
1.962840E+1	3.696423E-1	1.848000E+0	-3.848534E+17	-9.739225E-19	3.870509E-2	0.000000E+0	5.092853E-2	-9.590867E-4	0.000000E+0	0.000000E+0	0.000000E+0
1.966440E+1	3.125238E-1	1.797000E+0	2.587907E+17	-4.848260E-18	3.603184E-2	0.000000E+0	5.084048E-2	-8.080012E-4	0.000000E+0	0.000000E+0	0.000000E+0
1.988350E+1	4.613552E-1	1.747000E+0	-5.351627E-18	2.391872E+17	3.807663E-2	0.000000E+0	5.026589E-2	-1.166315E-3	0.000000E+0	0.000000E+0	0.000000E+0
2.018403E+1	3.331795E-1	1.696000E+0	3.390598E+17	1.295985E-19	3.482728E-2	0.000000E+0	4.953062E-2	-8.176062E-4	0.000000E+0	0.000000E+0	0.000000E+0
2.040309E+1	2.653551E-1	1.646000E+0	5.785012E-19	5.234687E+17	3.515706E-2	0.000000E+0	4.900390E-2	-6.373267E-4	0.000000E+0	0.000000E+0	0.000000E+0
2.111053E+1	5.671787E-1	1.595000E+0	-2.714796E-18	1.441508E+17	3.292865E-2	0.000000E+0	4.733556E-2	-1.271769E-3	0.000000E+0	0.000000E+0	0.000000E+0
2.144514E+1	5.439625E-1	1.544000E+0	-1.980656E+17	2.858813E+16	3.212669E-2	0.000000E+0	4.660063E-2	-1.182039E-3	0.000000E+0	0.000000E+0	0.000000E+0
2.165513E+1	2.324390E-1	1.494000E+0	2.915631E-18	5.325354E+16	2.941818E-2	0.000000E+0	4.617311E-2	-4.956069E-4	0.000000E+0	0.000000E+0	0.000000E+0
2.234452E+1	3.445263E-1	1.443000E+0	2.579781E+17	4.569569E-19	2.948547E-2	0.000000E+0	4.474307E-2	-6.898856E-4	0.000000E+0	0.000000E+0	0.000000E+0
2.184583E+1	3.582020E-1	1.392000E+0	5.241928E+17	-4.155966E-18	2.793479E-2	0.000000E+0	4.576302E-2	-7.503677E-4	0.000000E+0	0.000000E+0	0.000000E+0
2.202160E+1	2.081451E-1	1.342000E+0	-2.680825E+17	-5.132058E+17	2.762106E-2	0.000000E+0	4.540590E-2	-4.291703E-4	0.000000E+0	0.000000E+0	0.000000E+0
2.219542E+1	9.569359E-2	1.291000E+0	1.676928E-18	4.035830E-18	2.580480E-2	0.000000E+0	4.505350E-2	-1.942442E-4	0.000000E+0	0.000000E+0	0.000000E+0
2.198353E+1	9.112549E-2	1.241000E+0	1.138051E+17	1.810141E+17	2.571630E-2	0.000000E+0	4.548782E-2	-1.885548E-4	0.000000E+0	0.000000E+0	0.000000E+0
2.160313E+1	3.428459E-1	1.190000E+0	9.197504E+16	2.296609E-18	2.396592E-2	0.000000E+0	4.627793E-2	-7.344398E-4	0.000000E+0	0.000000E+0	0.000000E+0
2.228638E+1	2.910805E-2	1.139000E+0	-5.520479E-19	1.659667E-18	2.372423E-2	0.000000E+0	4.487038E-2	-5.860482E-5	0.000000E+0	0.000000E+0	0.000000E+0
2.231649E+1	1.165504E-1	1.089000E+0	5.318055E+17	-2.871880E+17	2.218629E-2	0.000000E+0	4.480869E-2	-2.340185E-4	0.000000E+0	0.000000E+0	0.000000E+0
2.297904E+1	4.799156E-1	1.038000E+0	4.333500E+17	8.421242E+16	2.146094E-2	0.000000E+0	4.349895E-2	-9.084724E-4	0.000000E+0	0.000000E+0	0.000000E+0
2.272789E+1	3.445339E-1	9.870000E-1	7.433461E+16	-3.421240E+17	1.865490E-2	0.000000E+0	4.398870E-2	-6.668282E-4	0.000000E+0	0.000000E+0	0.000000E+0
2.195363E+1	-2.599716E-3	9.370000E-1	-2.798456E+17	-3.562291E+17	1.929009E-2	0.000000E+0	4.555055E-2	5.394028E-6	0.000000E+0	0.000000E+0	0.000000E+0
2.328591E+1	2.658081E-2	8.860000E-1	3.883600E+17	-5.707470E+17	1.645698E-2	0.000000E+0	4.294437E-2	-4.902089E-5	0.000000E+0	0.000000E+0	0.000000E+0
2.352514E+1	3.621731E-1	8.350000E-1	-5.196819E+17	1.790907E+17	1.760241E-2	0.000000E+0	4.249764E-2	-6.542577E-4	0.000000E+0	0.000000E+0	0.000000E+0
2.370141E+1	-8.407593E-2	7.850000E-1	-1.554791E+17	1.089529E+17	1.522331E-2	0.000000E+0	4.219105E-2	1.496642E-4	0.000000E+0	0.000000E+0	0.000000E+0
2.379695E+1	7.199287E-2	7.340000E-1	2.547933E-18	-3.215913E-19	1.481563E-2	0.000000E+0	4.202181E-2	-1.271285E-4	0.000000E+0	0.000000E+0	0.000000E+0
2.264040E+1	-2.590275E-1	6.840000E-1	-6.904543E-18	-8.377323E+16	1.291304E-2	0.000000E+0	4.416305E-2	5.052669E-4	0.000000E+0	0.000000E+0	0.000000E+0
2.310722E+1	3.673267E-1	6.330000E-1	-4.524462E+17	2.055148E+17	1.374335E-2	0.000000E+0	4.326558E-2	-6.877766E-4	0.000000E+0	0.000000E+0	0.000000E+0
2.342184E+1	-1.839714E-1	5.820000E-1	-7.975154E-19	6.323277E-18	1.127746E-2	0.000000E+0	4.269256E-2	3.353370E-4	0.000000E+0	0.000000E+0	0.000000E+0
2.302148E+1	8.127785E-2	5.320000E-1	3.266052E+17	-3.632521E-18	1.107149E-2	0.000000E+0	4.343715E-2	-1.533558E-4	0.000000E+0	0.000000E+0	0.000000E+0
2.283877E+1	7.847404E-2	4.810000E-1	1.388541E-18	6.784146E-18	9.586688E-3	0.000000E+0	4.378468E-2	-1.504442E-4	0.000000E+0	0.000000E+0	0.000000E+0
2.327452E+1	1.290741E-1	4.300000E-1	4.766215E-20	4.558806E+17	8.196887E-3	0.000000E+0	4.296412E-2	-2.382672E-4	0.000000E+0	0.000000E+0	0.000000E+0
2.230891E+1	-5.486240E-1	3.800000E-1	-3.849816E-18	-6.877525E-18	7.081316E-3	0.000000E+0	4.479805E-2	1.101680E-3	0.000000E+0	0.000000E+0	0.000000E+0
2.325382E+1	3.281746E-1	3.290000E-1	-4.316265E+17	4.857998E-18	6.972921E-3	0.000000E+0	4.299512E-2	-6.067781E-4	0.000000E+0	0.000000E+0	0.000000E+0
2.455285E+1	1.039848E-1	2.780000E-1	4.155990E+17	-4.532139E-19	5.725611E-3	0.000000E+0	4.072774E-2	-1.724877E-4	0.000000E+0	0.000000E+0	0.000000E+0
2.453911E+1	7.495880E-4	2.280000E-1	-3.194978E-18	5.558819E-18	4.596250E-3	0.000000E+0	4.075127E-2	-1.244816E-6	0.000000E+0	0.000000E+0	0.000000E+0
2.465781E+1	2.619934E-2	1.770000E-1	-3.021231E-18	2.523250E+17	3.442915E-3	0.000000E+0	4.055506E-2	-4.309043E-5	0.000000E+0	0.000000E+0	0.000000E+0
2.517399E+1	-6.654930E-2	1.270000E-1	4.697494E+17	-5.230656E+17	2.497926E-3	0.000000E+0	3.972326E-2	1.050114E-4	0.000000E+0	0.000000E+0	0.000000E+0
2.434116E+1	5.753117E-1	7.600000E-2	-4.715168E+17	-5.436513E+17	1.533557E-3	0.000000E+0	4.105974E-2	-9.704611E-4	0.000000E+0	0.000000E+0	0.000000E+0
2.538731E+1	-1.101227E-1	2.500000E-2	-3.093320E+17	4.406614E-18	4.925800E-4	0.000000E+0	3.938902E-2	1.708580E-4	0.000000E+0	0.000000E+0	0.000000E+0
2.540165E+1	-1.991272E-2	-2.500000E-2	-9.427510E-19	-9.422141E-19	-5.055243E-4	0.000000E+0	3.936750E-2	3.086075E-5	0.000000E+0	0.000000E+0	0.000000E+0
2.497551E+1	3.449440E-2	-7.600000E-2	-4.716725E+17	-4.928293E+17	-1.503090E-3	0.000000E+0	4.003915E-2	-5.529922E-5	0.000000E+0	0.000000E+0	0.000000E+0
2.289062E+1	3.848171E-1	-1.270000E-1	-2.971689E+17	-4.901914E-18	-2.409237E-3	0.000000E+0	4.367367E-2	-7.342036E-4	0.000000E+0	0.000000E+0	0.000000E+0
2.286341E+1	-5.131645E-1	-1.770000E-1	-1.478400E+17	2.700612E+17	-3.407341E-3	0.000000E+0	4.371598E-2	9.811962E-4	0.000000E+0	0.000000E+0	0.000000E+0
2.418979E+1	3.153992E-1	-2.280000E-1	-2.726899E+17	1.903750E-18	-4.699595E-3	0.000000E+0	4.133273E-2	-5.389178E-4	0.000000E+0	0.000000E+0	0.000000E+0
2.278497E+1	-9.491158E-2	-2.780000E-1	-1.696221E+17	-6.410840E-19	-5.697699E-3	0.000000E+0	4.388782E-2	1.828162E-4	0.000000E+0	0.000000E+0	0.000000E+0
2.254954E+1	2.341843E-2	-3.290000E-1	6.411590E-18	-1.599031E-19	-6.721312E-3	0.000000E+0	4.434675E-2	-4.605555E-5	0.000000E+0	0.000000E+0	0.000000E+0
2.164353E+1	7.425117E-2	-3.800000E-1	-4.319920E+17	-4.172230E+17	-7.808767E-3	0.000000E+0	4.620264E-2	-1.585046E-4	0.000000E+0	0.000000E+0	0.000000E+0
2.204276E+1	-9.201050E-3	-4.300000E-1	-5.506670E-18	3.318154E+17	-8.533124E-3	0.000000E+0	4.536636E-2	1.893675E-5	0.000000E+0	0.000000E+0	0.000000E+0
2.172087E+1	4.507008E-1	-4.810000E-1	4.410889E+17	3.939340E-18	-1.027481E-2	0.000000E+0	4.601886E-2	-9.548759E-4	0.000000E+0	0.000000E+0	0.000000E+0
2.344508E+1	4.838943E-3	-5.320000E-1	3.271013E+17	1.849291E+17	-1.062683E-2	0.000000E+0	4.265287E-2	-8.803331E-6	0.000000E+0	0.000000E+0	0.000000E+0
2.275367E+1	7.256126E-2	-5.820000E-1	-4.775830E-18	6.138991E-18	-1.192677E-2	0.000000E+0	4.394851E-2	-1.401514E-4	0.000000E+0	0.000000E+0	0.000000E+0
2.234915E+1	1.427002E-1	-6.330000E-1	-2.208677E-18	1.807661E-18	-1.269604E-2	0.000000E+0	4.474261E-2	-2.856833E-4	0.000000E+0	0.000000E+0	0.000000E+0
2.060999E+1	-1.131239E-1	-6.840000E-1	-7.957818E+16	-3.372665E-18	-1.344539E-2	0.000000E+0	4.851870E-2	2.663089E-4	0.000000E+0	0.000000E+0	0.000000E+0
2.096297E+1	6.568623E-2	-7.340000E-1	2.088242E+17	-2.195880E+17	-1.446801E-2	0.000000E+0	4.770270E-2	-1.494736E-4	0.000000E+0	0.000000E+0	0.000000E+0
2.252657E+1	1.617565E-1	-7.850000E-1	5.232691E+17	-3.553127E+17	-1.713565E-2	0.000000E+0	4.438973E-2	-3.187493E-4	0.000000E+0	0.000000E+0	0.000000E+0
2.100105E+1	-1.535034E-2	-8.350000E-1	-1.183523E-18	-5.342346E-18	-1.705970E-2	0.000000E+0	4.761664E-2	3.480453E-5	0.000000E+0	0.000000E+0	0.000000E+0
2.076446E+1	1.210117E-2	-8.860000E-1	-5.203440E-18	3.843920E-18	-1.858280E-2	0.000000E+0	4.815919E-2	-2.806635E-5	0.000000E+0	0.000000E+0	0.000000E+0
2.056511E+1	1.655540E-1	-9.370000E-1	3.723455E-18	4.245176E+17	-1.949916E-2	0.000000E+0	4.862290E-2	-3.914258E-4	0.000000E+0	0.000000E+0	0.000000E+0
2.010689E+1	-6.273270E-3	-9.870000E-1	1.311717E+15	5.157902E-18	-2.056519E-2	0.000000E+0	4.973419E-2	1.551687E-5	0.000000E+0	0.000000E+0	0.000000E+0
1.968836E+1	1.632795E-1	-1.038000E+0	-4.475620E-18	-5.687704E-18	-2.176500E-2	0.000000E+0	5.078794E-2	-4.211945E-4	0.000000E+0	0.000000E+0	0.000000E+0
2.068035E+1	1.120615E-1	-1.089000E+0	-6.256276E-18	1.400744E+17	-2.304347E-2	0.000000E+0	4.835366E-2	-2.620161E-4	0.000000E+0	0.000000E+0	0.000000E+0
2.046664E+1	1.634455E-1	-1.139000E+0	2.653475E+17	2.403843E+17	-2.364832E-2	0.000000E+0	4.885688E-2	-3.901685E-4	0.000000E+0	0.000000E+0	0.000000E+0
2.043536E+1	2.300234E-1	-1.190000E+0	-3.335094E+16	-2.240669E+17	-2.495793E-2	0.000000E+0	4.892859E-2	-5.507473E-4	0.000000E+0	0.000000E+0	0.000000E+0
2.016337E+1	-3.499870E-1	-1.241000E+0	8.607211E+16	1.700546E-17	-2.607296E-2	0.000000E+0	4.957995E-2	8.605871E-4	0.000000E+0	0.000000E+0	0.000000E+0
2.004145E+1	3.331518E-1	-1.291000E+0	2.127762E-18	3.293656E+15	-2.681009E-2	0.000000E+0	4.988281E-2	-8.292088E-4	0.000000E+0	0.000000E+0	0.000000E+0
2.067271E+1	2.176542E-1	-1.342000E+0	8.036571E+16	-5.942611E-18	-2.773360E-2	0.000000E+0	4.836759E-2	-5.092419E-4	0.000000E+0	0.000000E+0	0.000000E+0
1.974792E+1	2.208681E-1	-1.392000E+0	-6.504745E+16	2.369911E+17	-2.942220E-2	0.000000E+0	5.063191E-2	-5.662862E-4	0.000000E+0	0.000000E+0	0.000000E+0
1.968797E+1	2.762203E-1	-1.443000E+0	5.725574E-18	6.181145E-18	-2.983601E-2	0.000000E+0	5.078244E-2	-7.124727E-4	0.000000E+0	0.000000E+0	0.000000E+0
1.937045E+1	3.727293E-1	-1.494000E+0	-2.052875E-18	3.493290E-18	-3.166811E-2	0.000000E+0	5.160592E-2	-9.930094E-4	0.000000E+0	0.000000E+0	0.000000E+0
1.938232E+1	3.817902E-1	-1.544000E+0	2.907620E+17	-1.496570E-18	-3.232964E-2	0.000000E+0	5.157340E-2	-1.015886E-3	0.000000E+0	0.000000E+0	0.000000E+0
1.847563E+1	3.498678E-1	-1.595000E+0	-2.649665E-18	4.664198E-18	-3.428073E-2	0.000000E+0	5.410595E-2	-1.024589E-3	0.000000E+0	0.000000E+0	0.000000E+0
1.917764E+1	3.782234E-1	-1.646000E+0	6.288344E-18	-3.929323E-18	-3.445347E-2	0.000000E+0	5.212379E-2	-1.027991E-3	0.000000E+0	0.000000E+0	0.000000E+0
1.857384E+1	4.660912E-1	-1.696000E+0	8.250878E-19	2.835790E+17	-3.721920E-2	0.000000E+0	5.380528E-2	-1.350188E-3	0.000000E+0	0.000000E+0	0.000000E+0
1.808801E+1	4.149170E-1	-1.747000E+0	4.508571E+17	-2.686618E+17	-3.695323E-2	0.000000E+0	5.525617E-2	-1.267509E-3	0.000000E+0	0.000000E+0	0.000000E+0
1.901759E+1	1.044083E-2	-1.797000E+0	2.517955E+17	3.793721E+16	-3.827258E-2	0.000000E+0	5.258288E-2	-2.886848E-5	0.000000E+0	0.000000E+0	0.000000E+0
1.832587E+1	5.569086E-1	-1.848000E+0	-6.194310E-18	5.176240E+17	-3.819456E-2	0.000000E+0	5.451732E-2	-1.656738E-3	0.000000E+0	0.000000E+0	0.000000E+0
1.807621E+1	5.222921E-1	-1.899000E+0	-5.749716E+17	1.371841E+17	-4.183871E-2	0.000000E+0	5.527518E-2	-1.597115E-3	0.000000E+0	0.000000E+0	0.000000E+0
1.773745E+1	5.126152E-1	-1.949000E+0	-4.691027E+17	6.689522E-18	-4.075561E-2	0.000000E+0	5.633084E-2	-1.627971E-3	0.000000E+0	0.000000E+0	0.000000E+0
1.744890E+1	6.472015E-1	-2.000000E+0	-3.567381E+17	-4.286482E-18	-4.411476E-2	0.000000E+0	5.723147E-2	-2.122787E-3	0.000000E+0	0.000000E+0	0.000000E+0
