Real / Ohm	Ximag / Ohm	V_DC / V	I_a c / A	V_ac / V	I_DC / A
1.401320E+1	1.621630E-1	-2.000000E+0	-3.567381E+17	-4.286482E-18	-4.713570E-2	1.000000E+5	7.135173E-2	-8.256937E-4	0.000000E+0	0.000000E+0	0.000000E+0
1.442682E+1	1.563498E-1	-1.949000E+0	-4.691027E+17	6.689522E-18	-4.561616E-2	0.000000E+0	6.930720E-2	-7.511127E-4	0.000000E+0	0.000000E+0	0.000000E+0
1.420099E+1	1.613138E-1	-1.899000E+0	-5.749716E+17	1.371841E+17	-4.455167E-2	0.000000E+0	7.040854E-2	-7.997942E-4	0.000000E+0	0.000000E+0	0.000000E+0
1.543940E+1	1.116332E-1	-1.848000E+0	-6.194310E-18	5.176240E+17	-4.320119E-2	0.000000E+0	6.476597E-2	-4.682846E-4	0.000000E+0	0.000000E+0	0.000000E+0
1.539743E+1	1.223284E-1	-1.797000E+0	2.517955E+17	3.793721E+16	-4.259536E-2	0.000000E+0	6.494180E-2	-5.159450E-4	0.000000E+0	0.000000E+0	0.000000E+0
1.484376E+1	8.975828E-2	-1.747000E+0	4.508571E+17	-2.686618E+17	-4.186895E-2	0.000000E+0	6.736591E-2	-4.073529E-4	0.000000E+0	0.000000E+0	0.000000E+0
1.485238E+1	1.142390E-1	-1.696000E+0	8.250878E-19	2.835790E+17	-3.898989E-2	0.000000E+0	6.732529E-2	-5.178412E-4	0.000000E+0	0.000000E+0	0.000000E+0
1.572898E+1	9.404457E-2	-1.646000E+0	6.288344E-18	-3.929323E-18	-4.086971E-2	0.000000E+0	6.357464E-2	-3.801168E-4	0.000000E+0	0.000000E+0	0.000000E+0
1.579559E+1	9.525740E-2	-1.595000E+0	-2.649665E-18	4.664198E-18	-3.749727E-2	0.000000E+0	6.330651E-2	-3.817783E-4	0.000000E+0	0.000000E+0	0.000000E+0
1.659680E+1	8.882439E-2	-1.544000E+0	2.907620E+17	-1.496570E-18	-3.707172E-2	0.000000E+0	6.025085E-2	-3.224565E-4	0.000000E+0	0.000000E+0	0.000000E+0
1.668410E+1	6.916213E-2	-1.494000E+0	-2.052875E-18	3.493290E-18	-3.549445E-2	0.000000E+0	5.993628E-2	-2.484593E-4	0.000000E+0	0.000000E+0	0.000000E+0
1.669830E+1	5.627108E-2	-1.443000E+0	5.725574E-18	6.181145E-18	-3.421395E-2	0.000000E+0	5.988566E-2	-2.018068E-4	0.000000E+0	0.000000E+0	0.000000E+0
1.697542E+1	4.997694E-2	-1.392000E+0	-6.504745E+16	2.369911E+17	-3.266583E-2	0.000000E+0	5.890819E-2	-1.734302E-4	0.000000E+0	0.000000E+0	0.000000E+0
1.599247E+1	6.642199E-2	-1.342000E+0	8.036571E+16	-5.942611E-18	-3.308293E-2	0.000000E+0	6.252835E-2	-2.597008E-4	0.000000E+0	0.000000E+0	0.000000E+0
1.684757E+1	3.471148E-2	-1.291000E+0	2.127762E-18	3.293656E+15	-3.111703E-2	0.000000E+0	5.935549E-2	-1.222916E-4	0.000000E+0	0.000000E+0	0.000000E+0
1.648430E+1	3.864264E-2	-1.241000E+0	8.607211E+16	1.700546E-17	-2.992434E-2	0.000000E+0	6.066345E-2	-1.422078E-4	0.000000E+0	0.000000E+0	0.000000E+0
1.596420E+1	2.858639E-4	-1.190000E+0	-3.335094E+16	-2.240669E+17	-2.883535E-2	0.000000E+0	6.264016E-2	-1.121670E-6	0.000000E+0	0.000000E+0	0.000000E+0
1.617395E+1	9.098887E-3	-1.139000E+0	2.653475E+17	2.403843E+17	-2.628927E-2	0.000000E+0	6.182780E-2	-3.478211E-5	0.000000E+0	0.000000E+0	0.000000E+0
1.621984E+1	4.393935E-3	-1.089000E+0	-6.256276E-18	1.400744E+17	-2.660730E-2	0.000000E+0	6.165288E-2	-1.670169E-5	0.000000E+0	0.000000E+0	0.000000E+0
1.569882E+1	2.052152E-2	-1.038000E+0	-4.475620E-18	-5.687704E-18	-2.531812E-2	0.000000E+0	6.369895E-2	-8.326735E-5	0.000000E+0	0.000000E+0	0.000000E+0
1.633107E+1	9.520650E-3	-9.870000E-1	1.311717E+15	5.157902E-18	-2.417295E-2	0.000000E+0	6.123295E-2	-3.569745E-5	0.000000E+0	0.000000E+0	0.000000E+0
1.563355E+1	4.209280E-4	-9.370000E-1	3.723455E-18	4.245176E+17	-2.298230E-2	0.000000E+0	6.396500E-2	-1.722236E-6	0.000000E+0	0.000000E+0	0.000000E+0
1.554963E+1	-6.983042E-3	-8.860000E-1	-5.203440E-18	3.843920E-18	-2.169924E-2	0.000000E+0	6.431020E-2	2.888048E-5	0.000000E+0	0.000000E+0	0.000000E+0
1.586355E+1	-8.472919E-3	-8.350000E-1	-1.183523E-18	-5.342346E-18	-2.018482E-2	0.000000E+0	6.303757E-2	3.366915E-5	0.000000E+0	0.000000E+0	0.000000E+0
1.479483E+1	8.718133E-3	-7.850000E-1	5.232691E+17	-3.553127E+17	-1.994770E-2	0.000000E+0	6.759116E-2	-3.982936E-5	0.000000E+0	0.000000E+0	0.000000E+0
1.488119E+1	-1.784444E-3	-7.340000E-1	2.088242E+17	-2.195880E+17	-1.824022E-2	0.000000E+0	6.719893E-2	8.058006E-6	0.000000E+0	0.000000E+0	0.000000E+0
1.514724E+1	-9.812593E-3	-6.840000E-1	-7.957818E+16	-3.372665E-18	-1.686265E-2	0.000000E+0	6.601860E-2	4.276777E-5	0.000000E+0	0.000000E+0	0.000000E+0
1.472258E+1	-3.928542E-2	-6.330000E-1	-2.208677E-18	1.807661E-18	-1.574813E-2	0.000000E+0	6.792239E-2	1.812427E-4	0.000000E+0	0.000000E+0	0.000000E+0
1.556455E+1	-4.210162E-2	-5.820000E-1	-4.775830E-18	6.138991E-18	-1.370919E-2	0.000000E+0	6.424809E-2	1.737891E-4	0.000000E+0	0.000000E+0	0.000000E+0
1.489078E+1	-2.115417E-2	-5.320000E-1	3.271013E+17	1.849291E+17	-1.311763E-2	0.000000E+0	6.715551E-2	9.540260E-5	0.000000E+0	0.000000E+0	0.000000E+0
1.411233E+1	2.201319E-3	-4.810000E-1	4.410889E+17	3.939340E-18	-1.188309E-2	0.000000E+0	7.086002E-2	-1.105314E-5	0.000000E+0	0.000000E+0	0.000000E+0
1.401880E+1	4.063845E-3	-4.300000E-1	-5.506670E-18	3.318154E+17	-1.087326E-2	0.000000E+0	7.133278E-2	-2.067833E-5	0.000000E+0	0.000000E+0	0.000000E+0
1.363389E+1	1.382470E-3	-3.800000E-1	-4.319920E+17	-4.172230E+17	-9.574851E-3	0.000000E+0	7.334664E-2	-7.437314E-6	0.000000E+0	0.000000E+0	0.000000E+0
1.352793E+1	-9.541512E-4	-3.290000E-1	6.411590E-18	-1.599031E-19	-8.267278E-3	0.000000E+0	7.392114E-2	5.213802E-6	0.000000E+0	0.000000E+0	0.000000E+0
1.362603E+1	9.753704E-4	-2.780000E-1	-1.696221E+17	-6.410840E-19	-7.166033E-3	0.000000E+0	7.338895E-2	-5.253284E-6	0.000000E+0	0.000000E+0	0.000000E+0
1.291525E+1	2.768517E-3	-2.280000E-1	-2.726899E+17	1.903750E-18	-5.932484E-3	0.000000E+0	7.742784E-2	-1.659746E-5	0.000000E+0	0.000000E+0	0.000000E+0
1.260335E+1	9.743214E-3	-1.770000E-1	-1.478400E+17	2.700612E+17	-4.561578E-3	0.000000E+0	7.934394E-2	-6.133805E-5	0.000000E+0	0.000000E+0	0.000000E+0
1.289935E+1	1.199460E-2	-1.270000E-1	-2.971689E+17	-4.901914E-18	-3.260614E-3	0.000000E+0	7.752322E-2	-7.208580E-5	0.000000E+0	0.000000E+0	0.000000E+0
1.295901E+1	-2.096784E-2	-7.600000E-2	-4.716725E+17	-4.928293E+17	-1.949464E-3	0.000000E+0	7.716619E-2	1.248559E-4	0.000000E+0	0.000000E+0	0.000000E+0
1.456103E+1	-3.772199E-2	-2.500000E-2	-9.427510E-19	-9.422141E-19	-6.127765E-4	0.000000E+0	6.867600E-2	1.779129E-4	0.000000E+0	0.000000E+0	0.000000E+0
1.408138E+1	-1.709235E-2	2.500000E-2	-3.093320E+17	4.406614E-18	6.233254E-4	0.000000E+0	7.101566E-2	8.620068E-5	0.000000E+0	0.000000E+0	0.000000E+0
1.339380E+1	-2.503514E-3	7.600000E-2	-4.715168E+17	-5.436513E+17	1.914558E-3	0.000000E+0	7.466141E-2	1.395540E-5	0.000000E+0	0.000000E+0	0.000000E+0
1.307899E+1	3.985047E-3	1.270000E-1	4.697494E+17	-5.230656E+17	3.205279E-3	0.000000E+0	7.645850E-2	-2.329619E-5	0.000000E+0	0.000000E+0	0.000000E+0
1.297934E+1	6.872416E-4	1.770000E-1	-3.021231E-18	2.523250E+17	4.460277E-3	0.000000E+0	7.704552E-2	-4.079474E-6	0.000000E+0	0.000000E+0	0.000000E+0
1.296750E+1	7.213354E-4	2.280000E-1	-3.194978E-18	5.558819E-18	5.749466E-3	0.000000E+0	7.711587E-2	-4.289678E-6	0.000000E+0	0.000000E+0	0.000000E+0
1.303189E+1	-7.177591E-3	2.780000E-1	4.155990E+17	-4.532139E-19	7.102524E-3	0.000000E+0	7.673482E-2	4.226334E-5	0.000000E+0	0.000000E+0	0.000000E+0
1.159747E+1	5.545020E-3	3.290000E-1	-4.316265E+17	4.857998E-18	8.319700E-3	0.000000E+0	8.622568E-2	-4.122650E-5	0.000000E+0	0.000000E+0	0.000000E+0
1.281608E+1	3.449082E-3	3.800000E-1	-3.849816E-18	-6.877525E-18	9.888766E-3	0.000000E+0	7.802697E-2	-2.099873E-5	0.000000E+0	0.000000E+0	0.000000E+0
1.312916E+1	-7.210255E-3	4.300000E-1	4.766215E-20	4.558806E+17	1.078728E-2	0.000000E+0	7.616631E-2	4.182892E-5	0.000000E+0	0.000000E+0	0.000000E+0
1.275654E+1	-5.832553E-3	4.810000E-1	1.388541E-18	6.784146E-18	1.235839E-2	0.000000E+0	7.839115E-2	3.584205E-5	0.000000E+0	0.000000E+0	0.000000E+0
1.337150E+1	-4.172122E-2	5.320000E-1	3.266052E+17	-3.632521E-18	1.310059E-2	0.000000E+0	7.478520E-2	2.333418E-4	0.000000E+0	0.000000E+0	0.000000E+0
1.259162E+1	-1.889813E-2	5.820000E-1	-7.975154E-19	6.323277E-18	1.444395E-2	0.000000E+0	7.941772E-2	1.191941E-4	0.000000E+0	0.000000E+0	0.000000E+0
1.302972E+1	1.172304E-3	6.330000E-1	-4.524462E+17	2.055148E+17	1.646756E-2	0.000000E+0	7.674762E-2	-6.905102E-6	0.000000E+0	0.000000E+0	0.000000E+0
1.337535E+1	-1.062775E-2	6.840000E-1	-6.904543E-18	-8.377323E+16	1.710966E-2	0.000000E+0	7.476435E-2	5.940606E-5	0.000000E+0	0.000000E+0	0.000000E+0
1.355131E+1	-1.099694E-2	7.340000E-1	2.547933E-18	-3.215913E-19	1.842850E-2	0.000000E+0	7.379356E-2	5.988375E-5	0.000000E+0	0.000000E+0	0.000000E+0
1.364517E+1	-1.609075E-2	7.850000E-1	-1.554791E+17	1.089529E+17	1.972331E-2	0.000000E+0	7.328590E-2	8.642070E-5	0.000000E+0	0.000000E+0	0.000000E+0
1.345972E+1	-2.354336E-2	8.350000E-1	-5.196819E+17	1.790907E+17	2.121681E-2	0.000000E+0	7.429552E-2	1.299556E-4	0.000000E+0	0.000000E+0	0.000000E+0
1.264949E+1	4.699230E-3	8.860000E-1	3.883600E+17	-5.707470E+17	2.236351E-2	0.000000E+0	7.905456E-2	-2.936842E-5	0.000000E+0	0.000000E+0	0.000000E+0
1.379722E+1	-1.426411E-2	9.370000E-1	-2.798456E+17	-3.562291E+17	2.415883E-2	0.000000E+0	7.247829E-2	7.493092E-5	0.000000E+0	0.000000E+0	0.000000E+0
1.388657E+1	-1.642454E-2	9.870000E-1	7.433461E+16	-3.421240E+17	2.477542E-2	0.000000E+0	7.201192E-2	8.517313E-5	0.000000E+0	0.000000E+0	0.000000E+0
1.410603E+1	-2.675176E-3	1.038000E+0	4.333500E+17	8.421242E+16	2.657482E-2	0.000000E+0	7.089167E-2	1.344444E-5	0.000000E+0	0.000000E+0	0.000000E+0
1.437377E+1	1.084471E-2	1.089000E+0	5.318055E+17	-2.871880E+17	2.691509E-2	0.000000E+0	6.957113E-2	-5.248997E-5	0.000000E+0	0.000000E+0	0.000000E+0
1.454552E+1	1.689792E-2	1.139000E+0	-5.520479E-19	1.659667E-18	2.718337E-2	0.000000E+0	6.874960E-2	-7.986825E-5	0.000000E+0	0.000000E+0	0.000000E+0
1.525274E+1	1.881063E-2	1.190000E+0	9.197504E+16	2.296609E-18	2.968706E-2	0.000000E+0	6.556189E-2	-8.085501E-5	0.000000E+0	0.000000E+0	0.000000E+0
1.521630E+1	2.047455E-2	1.241000E+0	1.138051E+17	1.810141E+17	3.024591E-2	0.000000E+0	6.571888E-2	-8.842915E-5	0.000000E+0	0.000000E+0	0.000000E+0
1.512086E+1	2.089143E-2	1.291000E+0	1.676928E-18	4.035830E-18	3.182521E-2	0.000000E+0	6.613368E-2	-9.137226E-5	0.000000E+0	0.000000E+0	0.000000E+0
1.476144E+1	2.162766E-2	1.342000E+0	-2.680825E+17	-5.132058E+17	3.325638E-2	0.000000E+0	6.774392E-2	-9.925472E-5	0.000000E+0	0.000000E+0	0.000000E+0
1.433956E+1	2.886641E-2	1.392000E+0	5.241928E+17	-4.155966E-18	3.509565E-2	0.000000E+0	6.973686E-2	-1.403846E-4	0.000000E+0	0.000000E+0	0.000000E+0
1.350477E+1	4.407334E-2	1.443000E+0	2.579781E+17	4.569569E-19	3.577810E-2	0.000000E+0	7.404712E-2	-2.416557E-4	0.000000E+0	0.000000E+0	0.000000E+0
1.440327E+1	2.942765E-2	1.494000E+0	2.915631E-18	5.325354E+16	3.808976E-2	0.000000E+0	6.942839E-2	-1.418507E-4	0.000000E+0	0.000000E+0	0.000000E+0
1.422445E+1	4.694724E-2	1.544000E+0	-1.980656E+17	2.858813E+16	3.890809E-2	0.000000E+0	7.030072E-2	-2.320248E-4	0.000000E+0	0.000000E+0	0.000000E+0
1.398003E+1	4.820156E-2	1.595000E+0	-2.714796E-18	1.441508E+17	3.969218E-2	0.000000E+0	7.152975E-2	-2.466265E-4	0.000000E+0	0.000000E+0	0.000000E+0
1.412341E+1	5.418611E-2	1.646000E+0	5.785012E-19	5.234687E+17	4.003141E-2	0.000000E+0	7.080339E-2	-2.716455E-4	0.000000E+0	0.000000E+0	0.000000E+0
1.331704E+1	8.912206E-2	1.696000E+0	3.390598E+17	1.295985E-19	4.112247E-2	0.000000E+0	7.508840E-2	-5.025165E-4	0.000000E+0	0.000000E+0	0.000000E+0
1.331414E+1	8.144379E-2	1.747000E+0	-5.351627E-18	2.391872E+17	4.398827E-2	0.000000E+0	7.510531E-2	-4.594259E-4	0.000000E+0	0.000000E+0	0.000000E+0
1.323266E+1	9.824979E-2	1.797000E+0	2.587907E+17	-4.848260E-18	4.450068E-2	0.000000E+0	7.556643E-2	-5.610653E-4	0.000000E+0	0.000000E+0	0.000000E+0
1.314801E+1	9.774375E-2	1.848000E+0	-3.848534E+17	-9.739225E-19	4.602633E-2	0.000000E+0	7.605293E-2	-5.653859E-4	0.000000E+0	0.000000E+0	0.000000E+0
1.292928E+1	1.173646E-1	1.899000E+0	6.653843E-18	-4.395667E+17	4.720673E-2	0.000000E+0	7.733745E-2	-7.020251E-4	0.000000E+0	0.000000E+0	0.000000E+0
1.284693E+1	1.091712E-1	1.949000E+0	-1.137863E-18	-4.188961E+17	4.744998E-2	0.000000E+0	7.783399E-2	-6.614210E-4	0.000000E+0	0.000000E+0	0.000000E+0
1.221460E+1	1.271422E-1	2.000000E+0	-9.275714E-19	-3.780148E-18	5.093069E-2	0.000000E+0	8.186037E-2	-8.520875E-4	0.000000E+0	0.000000E+0	0.000000E+0
