Real / Ohm	Ximag / Ohm	V_DC / V	I_a c / A	V_ac / V	I_DC / A
1.034745E+1	8.120698E-1	-2.000000E+0	-3.567381E+17	-4.286482E-18	-2.725064E-2	1.000000E+3	9.605058E-2	-7.538067E-3	0.000000E+0	0.000000E+0	0.000000E+0
4.257347E+0	6.720736E+0	-1.949000E+0	-4.691027E+17	6.689522E-18	-2.914735E-2	0.000000E+0	6.726379E-2	-1.061840E-1	0.000000E+0	0.000000E+0	0.000000E+0
1.488148E+1	-5.784681E-1	-1.899000E+0	-5.749716E+17	1.371841E+17	-3.477130E-2	0.000000E+0	6.709623E-2	2.608143E-3	0.000000E+0	0.000000E+0	0.000000E+0
1.688128E+1	-6.809386E-1	-1.848000E+0	-6.194310E-18	5.176240E+17	-3.172879E-2	0.000000E+0	5.914099E-2	2.385564E-3	0.000000E+0	0.000000E+0	0.000000E+0
1.759982E+1	-5.152594E-1	-1.797000E+0	2.517955E+17	3.793721E+16	-3.099067E-2	0.000000E+0	5.677010E-2	1.662024E-3	0.000000E+0	0.000000E+0	0.000000E+0
1.739072E+1	-1.112992E-1	-1.747000E+0	4.508571E+17	-2.686618E+17	-3.004364E-2	0.000000E+0	5.749958E-2	3.679926E-4	0.000000E+0	0.000000E+0	0.000000E+0
1.940540E+1	-1.164532E-1	-1.696000E+0	8.250878E-19	2.835790E+17	-2.853892E-2	0.000000E+0	5.153019E-2	3.092364E-4	0.000000E+0	0.000000E+0	0.000000E+0
2.082701E+1	-7.965560E-2	-1.646000E+0	6.288344E-18	-3.929323E-18	-2.743101E-2	0.000000E+0	4.801387E-2	1.836353E-4	0.000000E+0	0.000000E+0	0.000000E+0
1.935447E+1	6.083351E-2	-1.595000E+0	-2.649665E-18	4.664198E-18	-2.690280E-2	0.000000E+0	5.166714E-2	-1.623963E-4	0.000000E+0	0.000000E+0	0.000000E+0
2.020922E+1	-7.881078E-2	-1.544000E+0	2.907620E+17	-1.496570E-18	-2.607225E-2	0.000000E+0	4.948161E-2	1.929656E-4	0.000000E+0	0.000000E+0	0.000000E+0
2.120737E+1	-7.446494E-3	-1.494000E+0	-2.052875E-18	3.493290E-18	-2.536934E-2	0.000000E+0	4.715341E-2	1.655687E-5	0.000000E+0	0.000000E+0	0.000000E+0
2.130222E+1	-1.877787E-1	-1.443000E+0	5.725574E-18	6.181145E-18	-2.453572E-2	0.000000E+0	4.693982E-2	4.137737E-4	0.000000E+0	0.000000E+0	0.000000E+0
2.345014E+1	5.806539E-2	-1.392000E+0	-6.504745E+16	2.369911E+17	-2.324959E-2	0.000000E+0	4.264341E-2	-1.055902E-4	0.000000E+0	0.000000E+0	0.000000E+0
2.387492E+1	-2.228156E-2	-1.342000E+0	8.036571E+16	-5.942611E-18	-2.231686E-2	0.000000E+0	4.188492E-2	3.908961E-5	0.000000E+0	0.000000E+0	0.000000E+0
2.434550E+1	-6.090251E-2	-1.291000E+0	2.127762E-18	3.293656E+15	-2.002358E-2	0.000000E+0	4.107510E-2	1.027531E-4	0.000000E+0	0.000000E+0	0.000000E+0
2.548522E+1	-6.116290E-2	-1.241000E+0	8.607211E+16	1.700546E-17	-2.047338E-2	0.000000E+0	3.923820E-2	9.416918E-5	0.000000E+0	0.000000E+0	0.000000E+0
2.584896E+1	3.407241E-2	-1.190000E+0	-3.335094E+16	-2.240669E+17	-1.950901E-2	0.000000E+0	3.868621E-2	-5.099363E-5	0.000000E+0	0.000000E+0	0.000000E+0
2.674987E+1	2.846647E-3	-1.139000E+0	2.653475E+17	2.403843E+17	-1.832657E-2	0.000000E+0	3.738336E-2	-3.978233E-6	0.000000E+0	0.000000E+0	0.000000E+0
2.799327E+1	-2.480662E-2	-1.089000E+0	-6.256276E-18	1.400744E+17	-1.784532E-2	0.000000E+0	3.572284E-2	3.165629E-5	0.000000E+0	0.000000E+0	0.000000E+0
2.896004E+1	-5.118400E-3	-1.038000E+0	-4.475620E-18	-5.687704E-18	-1.640138E-2	0.000000E+0	3.453034E-2	6.102895E-6	0.000000E+0	0.000000E+0	0.000000E+0
2.957659E+1	-7.283171E-2	-9.870000E-1	1.311717E+15	5.157902E-18	-1.548859E-2	0.000000E+0	3.381032E-2	8.325718E-5	0.000000E+0	0.000000E+0	0.000000E+0
3.011619E+1	2.964073E-2	-9.370000E-1	3.723455E-18	4.245176E+17	-1.468609E-2	0.000000E+0	3.320470E-2	-3.268048E-5	0.000000E+0	0.000000E+0	0.000000E+0
3.135146E+1	-7.912815E-3	-8.860000E-1	-5.203440E-18	3.843920E-18	-1.363541E-2	0.000000E+0	3.189644E-2	8.050363E-6	0.000000E+0	0.000000E+0	0.000000E+0
3.254831E+1	-6.515607E-3	-8.350000E-1	-1.183523E-18	-5.342346E-18	-1.285592E-2	0.000000E+0	3.072356E-2	6.150324E-6	0.000000E+0	0.000000E+0	0.000000E+0
3.337699E+1	-2.642094E-2	-7.850000E-1	5.232691E+17	-3.553127E+17	-1.214689E-2	0.000000E+0	2.996074E-2	2.371667E-5	0.000000E+0	0.000000E+0	0.000000E+0
3.478403E+1	-8.197017E-2	-7.340000E-1	2.088242E+17	-2.195880E+17	-1.113707E-2	0.000000E+0	2.874867E-2	6.774756E-5	0.000000E+0	0.000000E+0	0.000000E+0
3.703056E+1	-2.172137E-2	-6.840000E-1	-7.957818E+16	-3.372665E-18	-1.029218E-2	0.000000E+0	2.700471E-2	1.584041E-5	0.000000E+0	0.000000E+0	0.000000E+0
3.738656E+1	7.562430E-2	-6.330000E-1	-2.208677E-18	1.807661E-18	-9.492265E-3	0.000000E+0	2.674747E-2	-5.410390E-5	0.000000E+0	0.000000E+0	0.000000E+0
3.741606E+1	5.564009E-2	-5.820000E-1	-4.775830E-18	6.138991E-18	-8.570798E-3	0.000000E+0	2.672643E-2	-3.974393E-5	0.000000E+0	0.000000E+0	0.000000E+0
3.841405E+1	-6.555408E-3	-5.320000E-1	3.271013E+17	1.849291E+17	-7.796901E-3	0.000000E+0	2.603214E-2	4.442419E-6	0.000000E+0	0.000000E+0	0.000000E+0
3.920473E+1	-2.140333E-2	-4.810000E-1	4.410889E+17	3.939340E-18	-7.047036E-3	0.000000E+0	2.550712E-2	1.392529E-5	0.000000E+0	0.000000E+0	0.000000E+0
4.092944E+1	4.781388E-3	-4.300000E-1	-5.506670E-18	3.318154E+17	-6.293085E-3	0.000000E+0	2.443229E-2	-2.854187E-6	0.000000E+0	0.000000E+0	0.000000E+0
4.214966E+1	-2.727811E-2	-3.800000E-1	-4.319920E+17	-4.172230E+17	-5.475777E-3	0.000000E+0	2.372497E-2	1.535416E-5	0.000000E+0	0.000000E+0	0.000000E+0
4.216640E+1	-1.033965E-1	-3.290000E-1	6.411590E-18	-1.599031E-19	-4.745320E-3	0.000000E+0	2.371542E-2	5.815274E-5	0.000000E+0	0.000000E+0	0.000000E+0
4.209661E+1	-6.996945E-3	-2.780000E-1	-1.696221E+17	-6.410840E-19	-3.960726E-3	0.000000E+0	2.375488E-2	3.948337E-6	0.000000E+0	0.000000E+0	0.000000E+0
4.317924E+1	5.311497E-3	-2.280000E-1	-2.726899E+17	1.903750E-18	-3.285399E-3	0.000000E+0	2.315928E-2	-2.848833E-6	0.000000E+0	0.000000E+0	0.000000E+0
4.361873E+1	-1.106728E-2	-1.770000E-1	-1.478400E+17	2.700612E+17	-2.528384E-3	0.000000E+0	2.292593E-2	5.816943E-6	0.000000E+0	0.000000E+0	0.000000E+0
4.472064E+1	1.044414E-2	-1.270000E-1	-2.971689E+17	-4.901914E-18	-1.787685E-3	0.000000E+0	2.236104E-2	-5.222238E-6	0.000000E+0	0.000000E+0	0.000000E+0
4.474297E+1	-5.108118E-4	-7.600000E-2	-4.716725E+17	-4.928293E+17	-1.094000E-3	0.000000E+0	2.234988E-2	2.551592E-7	0.000000E+0	0.000000E+0	0.000000E+0
4.481212E+1	1.816012E-2	-2.500000E-2	-9.427510E-19	-9.422141E-19	-3.497534E-4	0.000000E+0	2.231539E-2	-9.043315E-6	0.000000E+0	0.000000E+0	0.000000E+0
4.636038E+1	1.781514E-2	2.500000E-2	-3.093320E+17	4.406614E-18	3.541738E-4	0.000000E+0	2.157014E-2	-8.288868E-6	0.000000E+0	0.000000E+0	0.000000E+0
4.553751E+1	-1.792982E-3	7.600000E-2	-4.715168E+17	-5.436513E+17	1.070841E-3	0.000000E+0	2.195992E-2	8.646441E-7	0.000000E+0	0.000000E+0	0.000000E+0
4.484646E+1	8.849442E-3	1.270000E-1	4.697494E+17	-5.230656E+17	1.788530E-3	0.000000E+0	2.229830E-2	-4.400069E-6	0.000000E+0	0.000000E+0	0.000000E+0
4.429559E+1	2.926868E-2	1.770000E-1	-3.021231E-18	2.523250E+17	2.523100E-3	0.000000E+0	2.257560E-2	-1.491702E-5	0.000000E+0	0.000000E+0	0.000000E+0
4.373012E+1	-1.710936E-3	2.280000E-1	-3.194978E-18	5.558819E-18	3.247939E-3	0.000000E+0	2.286753E-2	8.946897E-7	0.000000E+0	0.000000E+0	0.000000E+0
4.423177E+1	-3.922802E-2	2.780000E-1	4.155990E+17	-4.532139E-19	3.960038E-3	0.000000E+0	2.260817E-2	2.005060E-5	0.000000E+0	0.000000E+0	0.000000E+0
4.208395E+1	1.721895E-2	3.290000E-1	-4.316265E+17	4.857998E-18	4.657808E-3	0.000000E+0	2.376202E-2	-9.722403E-6	0.000000E+0	0.000000E+0	0.000000E+0
4.040149E+1	6.162837E-3	3.800000E-1	-3.849816E-18	-6.877525E-18	5.505731E-3	0.000000E+0	2.475156E-2	-3.775599E-6	0.000000E+0	0.000000E+0	0.000000E+0
3.973872E+1	2.110825E-2	4.300000E-1	4.766215E-20	4.558806E+17	6.308739E-3	0.000000E+0	2.516437E-2	-1.336670E-5	0.000000E+0	0.000000E+0	0.000000E+0
3.881814E+1	9.487063E-3	4.810000E-1	1.388541E-18	6.784146E-18	7.146449E-3	0.000000E+0	2.576115E-2	-6.295965E-6	0.000000E+0	0.000000E+0	0.000000E+0
3.928448E+1	-7.967433E-2	5.320000E-1	3.266052E+17	-3.632521E-18	7.835537E-3	0.000000E+0	2.545524E-2	5.162673E-5	0.000000E+0	0.000000E+0	0.000000E+0
3.872666E+1	-1.057092E-2	5.820000E-1	-7.975154E-19	6.323277E-18	8.675314E-3	0.000000E+0	2.582200E-2	7.048435E-6	0.000000E+0	0.000000E+0	0.000000E+0
3.659046E+1	9.368561E-2	6.330000E-1	-4.524462E+17	2.055148E+17	9.326098E-3	0.000000E+0	2.732935E-2	-6.997361E-5	0.000000E+0	0.000000E+0	0.000000E+0
3.642477E+1	-1.660389E-1	6.840000E-1	-6.904543E-18	-8.377323E+16	1.029353E-2	0.000000E+0	2.745327E-2	1.251432E-4	0.000000E+0	0.000000E+0	0.000000E+0
3.544584E+1	-1.413824E-1	7.340000E-1	2.547933E-18	-3.215913E-19	1.131819E-2	0.000000E+0	2.821161E-2	1.125273E-4	0.000000E+0	0.000000E+0	0.000000E+0
3.355382E+1	2.869880E-1	7.850000E-1	-1.554791E+17	1.089529E+17	1.213701E-2	0.000000E+0	2.980069E-2	-2.548872E-4	0.000000E+0	0.000000E+0	0.000000E+0
3.293171E+1	-1.909091E-2	8.350000E-1	-5.196819E+17	1.790907E+17	1.330518E-2	0.000000E+0	3.036586E-2	1.760346E-5	0.000000E+0	0.000000E+0	0.000000E+0
3.177847E+1	2.685612E-2	8.860000E-1	3.883600E+17	-5.707470E+17	1.375321E-2	0.000000E+0	3.146782E-2	-2.659359E-5	0.000000E+0	0.000000E+0	0.000000E+0
3.040390E+1	-7.788466E-2	9.370000E-1	-2.798456E+17	-3.562291E+17	1.507202E-2	0.000000E+0	3.289030E-2	8.425399E-5	0.000000E+0	0.000000E+0	0.000000E+0
2.950497E+1	-1.805083E-1	9.870000E-1	7.433461E+16	-3.421240E+17	1.569168E-2	0.000000E+0	3.389133E-2	2.073436E-4	0.000000E+0	0.000000E+0	0.000000E+0
2.878274E+1	-1.322557E-1	1.038000E+0	4.333500E+17	8.421242E+16	1.756513E-2	0.000000E+0	3.474231E-2	1.596397E-4	0.000000E+0	0.000000E+0	0.000000E+0
2.840828E+1	-1.560198E-1	1.089000E+0	5.318055E+17	-2.871880E+17	1.852235E-2	0.000000E+0	3.519994E-2	1.933200E-4	0.000000E+0	0.000000E+0	0.000000E+0
2.822131E+1	-2.086044E-1	1.139000E+0	-5.520479E-19	1.659667E-18	1.971811E-2	0.000000E+0	3.543228E-2	2.619060E-4	0.000000E+0	0.000000E+0	0.000000E+0
2.699986E+1	-3.218102E-2	1.190000E+0	9.197504E+16	2.296609E-18	2.051853E-2	0.000000E+0	3.703718E-2	4.414446E-5	0.000000E+0	0.000000E+0	0.000000E+0
2.651237E+1	-2.389132E+0	1.241000E+0	1.138051E+17	1.810141E+17	2.165195E-2	0.000000E+0	3.741442E-2	3.371558E-3	0.000000E+0	0.000000E+0	0.000000E+0
2.665172E+1	-1.057497E+0	1.291000E+0	1.676928E-18	4.035830E-18	2.503616E-2	0.000000E+0	3.746205E-2	1.486433E-3	0.000000E+0	0.000000E+0	0.000000E+0
2.359369E+1	-1.363809E-1	1.342000E+0	-2.680825E+17	-5.132058E+17	2.662515E-2	0.000000E+0	4.238280E-2	2.449894E-4	0.000000E+0	0.000000E+0	0.000000E+0
2.466475E+1	-3.452643E-1	1.392000E+0	5.241928E+17	-4.155966E-18	2.812223E-2	0.000000E+0	4.053575E-2	5.674311E-4	0.000000E+0	0.000000E+0	0.000000E+0
2.083853E+1	-6.594211E-1	1.443000E+0	2.579781E+17	4.569569E-19	2.922092E-2	0.000000E+0	4.794002E-2	1.517029E-3	0.000000E+0	0.000000E+0	0.000000E+0
2.384875E+1	-3.119333E-1	1.494000E+0	2.915631E-18	5.325354E+16	3.136046E-2	0.000000E+0	4.192375E-2	5.483479E-4	0.000000E+0	0.000000E+0	0.000000E+0
2.579636E+1	-1.080852E+0	1.544000E+0	-1.980656E+17	2.858813E+16	3.204650E-2	0.000000E+0	3.869722E-2	1.621390E-3	0.000000E+0	0.000000E+0	0.000000E+0
2.641840E+1	-8.820814E-1	1.595000E+0	-2.714796E-18	1.441508E+17	3.090363E-2	0.000000E+0	3.781025E-2	1.262443E-3	0.000000E+0	0.000000E+0	0.000000E+0
2.631387E+1	-9.742351E-1	1.646000E+0	5.785012E-19	5.234687E+17	3.170354E-2	0.000000E+0	3.795075E-2	1.405075E-3	0.000000E+0	0.000000E+0	0.000000E+0
2.313955E+1	-7.558572E-1	1.696000E+0	3.390598E+17	1.295985E-19	3.266948E-2	0.000000E+0	4.316999E-2	1.410155E-3	0.000000E+0	0.000000E+0	0.000000E+0
2.026147E+1	-6.164560E-1	1.747000E+0	-5.351627E-18	2.391872E+17	3.465529E-2	0.000000E+0	4.930912E-2	1.500232E-3	0.000000E+0	0.000000E+0	0.000000E+0
2.149793E+1	-4.731448E-1	1.797000E+0	2.587907E+17	-4.848260E-18	3.550988E-2	0.000000E+0	4.649359E-2	1.023271E-3	0.000000E+0	0.000000E+0	0.000000E+0
2.002470E+1	-3.186989E-1	1.848000E+0	-3.848534E+17	-9.739225E-19	3.649876E-2	0.000000E+0	4.992568E-2	7.945817E-4	0.000000E+0	0.000000E+0	0.000000E+0
2.055412E+1	2.568713E-1	1.899000E+0	6.653843E-18	-4.395667E+17	3.664035E-2	0.000000E+0	4.864445E-2	-6.079250E-4	0.000000E+0	0.000000E+0	0.000000E+0
2.049850E+1	3.938621E-2	1.949000E+0	-1.137863E-18	-4.188961E+17	3.847502E-2	0.000000E+0	4.878388E-2	-9.373427E-5	0.000000E+0	0.000000E+0	0.000000E+0
1.894477E+1	1.231631E-1	2.000000E+0	-9.275714E-19	-3.780148E-18	3.853337E-2	0.000000E+0	5.278279E-2	-3.431497E-4	0.000000E+0	0.000000E+0	0.000000E+0
