Real / Ohm	Ximag / Ohm	V_DC / V	I_a c / A	V_ac / V	I_DC / A
1.250488E+1	1.493862E-2	2.000000E+0	-9.275714E-19	-3.780148E-18	5.236889E-2	1.000000E+4	7.996867E-2	-9.553243E-5	0.000000E+0	0.000000E+0	0.000000E+0
1.318415E+1	5.617741E-2	1.949000E+0	-1.137863E-18	-4.188961E+17	4.776663E-2	0.000000E+0	7.584727E-2	-3.231838E-4	0.000000E+0	0.000000E+0	0.000000E+0
1.343740E+1	2.604884E-2	1.899000E+0	6.653843E-18	-4.395667E+17	4.833595E-2	0.000000E+0	7.441888E-2	-1.442634E-4	0.000000E+0	0.000000E+0	0.000000E+0
1.390790E+1	-8.884981E-3	1.848000E+0	-3.848534E+17	-9.739225E-19	4.527862E-2	0.000000E+0	7.190155E-2	4.593389E-5	0.000000E+0	0.000000E+0	0.000000E+0
1.205173E+1	6.935179E-2	1.797000E+0	2.587907E+17	-4.848260E-18	4.702774E-2	0.000000E+0	8.297289E-2	-4.774683E-4	0.000000E+0	0.000000E+0	0.000000E+0
1.277838E+1	2.879219E-2	1.747000E+0	-5.351627E-18	2.391872E+17	4.414557E-2	0.000000E+0	7.825678E-2	-1.763278E-4	0.000000E+0	0.000000E+0	0.000000E+0
1.292749E+1	4.530369E-2	1.696000E+0	3.390598E+17	1.295985E-19	4.132728E-2	0.000000E+0	7.735359E-2	-2.710815E-4	0.000000E+0	0.000000E+0	0.000000E+0
1.245253E+1	1.329901E-1	1.646000E+0	5.785012E-19	5.234687E+17	4.162538E-2	0.000000E+0	8.029581E-2	-8.575404E-4	0.000000E+0	0.000000E+0	0.000000E+0
1.285516E+1	2.335956E-1	1.595000E+0	-2.714796E-18	1.441508E+17	4.175244E-2	0.000000E+0	7.776410E-2	-1.413079E-3	0.000000E+0	0.000000E+0	0.000000E+0
1.404442E+1	1.032280E-1	1.544000E+0	-1.980656E+17	2.858813E+16	4.052044E-2	0.000000E+0	7.119881E-2	-5.233189E-4	0.000000E+0	0.000000E+0	0.000000E+0
1.362971E+1	4.953955E-2	1.494000E+0	2.915631E-18	5.325354E+16	3.534973E-2	0.000000E+0	7.336816E-2	-2.666693E-4	0.000000E+0	0.000000E+0	0.000000E+0
1.477452E+1	2.781454E-2	1.443000E+0	2.579781E+17	4.569569E-19	3.624388E-2	0.000000E+0	6.768385E-2	-1.274218E-4	0.000000E+0	0.000000E+0	0.000000E+0
1.427011E+1	2.716807E-2	1.392000E+0	5.241928E+17	-4.155966E-18	3.540413E-2	0.000000E+0	7.007629E-2	-1.334144E-4	0.000000E+0	0.000000E+0	0.000000E+0
1.449350E+1	5.261821E-2	1.342000E+0	-2.680825E+17	-5.132058E+17	3.433555E-2	0.000000E+0	6.899554E-2	-2.504862E-4	0.000000E+0	0.000000E+0	0.000000E+0
1.356282E+1	7.328662E-2	1.291000E+0	1.676928E-18	4.035830E-18	3.281551E-2	0.000000E+0	7.372883E-2	-3.983933E-4	0.000000E+0	0.000000E+0	0.000000E+0
1.328001E+1	1.949920E-2	1.241000E+0	1.138051E+17	1.810141E+17	3.178217E-2	0.000000E+0	7.530099E-2	-1.105654E-4	0.000000E+0	0.000000E+0	0.000000E+0
1.371474E+1	3.230393E-3	1.190000E+0	9.197504E+16	2.296609E-18	3.007623E-2	0.000000E+0	7.291425E-2	-1.717434E-5	0.000000E+0	0.000000E+0	0.000000E+0
1.376832E+1	1.047121E-1	1.139000E+0	-5.520479E-19	1.659667E-18	2.844435E-2	0.000000E+0	7.262630E-2	-5.523443E-4	0.000000E+0	0.000000E+0	0.000000E+0
1.322603E+1	5.281261E-2	1.089000E+0	5.318055E+17	-2.871880E+17	1.645137E-2	0.000000E+0	7.560727E-2	-3.019060E-4	0.000000E+0	0.000000E+0	0.000000E+0
1.473977E+1	2.510567E-2	1.038000E+0	4.333500E+17	8.421242E+16	2.233326E-2	0.000000E+0	6.784347E-2	-1.155551E-4	0.000000E+0	0.000000E+0	0.000000E+0
1.392909E+1	8.671418E-3	9.870000E-1	7.433461E+16	-3.421240E+17	2.352516E-2	0.000000E+0	7.179217E-2	-4.469351E-5	0.000000E+0	0.000000E+0	0.000000E+0
1.408085E+1	2.369069E-2	9.370000E-1	-2.798456E+17	-3.562291E+17	2.355464E-2	0.000000E+0	7.101824E-2	-1.194865E-4	0.000000E+0	0.000000E+0	0.000000E+0
1.336840E+1	1.769334E-3	8.860000E-1	3.883600E+17	-5.707470E+17	2.221387E-2	0.000000E+0	7.480327E-2	-9.900359E-6	0.000000E+0	0.000000E+0	0.000000E+0
1.364894E+1	8.484870E-3	8.350000E-1	-5.196819E+17	1.790907E+17	2.106155E-2	0.000000E+0	7.326573E-2	-4.554568E-5	0.000000E+0	0.000000E+0	0.000000E+0
1.368059E+1	1.476133E-2	7.850000E-1	-1.554791E+17	1.089529E+17	1.937857E-2	0.000000E+0	7.309618E-2	-7.887063E-5	0.000000E+0	0.000000E+0	0.000000E+0
1.283648E+1	2.226189E-3	7.340000E-1	2.547933E-18	-3.215913E-19	1.877170E-2	0.000000E+0	7.790297E-2	-1.351046E-5	0.000000E+0	0.000000E+0	0.000000E+0
1.353890E+1	9.025708E-3	6.840000E-1	-6.904543E-18	-8.377323E+16	1.699372E-2	0.000000E+0	7.386121E-2	-4.923958E-5	0.000000E+0	0.000000E+0	0.000000E+0
1.432202E+1	2.300888E-3	6.330000E-1	-4.524462E+17	2.055148E+17	1.513201E-2	0.000000E+0	6.982255E-2	-1.121726E-5	0.000000E+0	0.000000E+0	0.000000E+0
1.565359E+1	-3.950447E-2	5.820000E-1	-7.975154E-19	6.323277E-18	1.402617E-2	0.000000E+0	6.388270E-2	1.612188E-4	0.000000E+0	0.000000E+0	0.000000E+0
1.330222E+1	8.789435E-3	5.320000E-1	3.266052E+17	-3.632521E-18	1.323798E-2	0.000000E+0	7.517539E-2	-4.967210E-5	0.000000E+0	0.000000E+0	0.000000E+0
1.417459E+1	5.297363E-5	4.810000E-1	1.388541E-18	6.784146E-18	1.156472E-2	0.000000E+0	7.054878E-2	-2.636566E-7	0.000000E+0	0.000000E+0	0.000000E+0
1.406828E+1	1.869828E-3	4.300000E-1	4.766215E-20	4.558806E+17	1.067543E-2	0.000000E+0	7.108189E-2	-9.447560E-6	0.000000E+0	0.000000E+0	0.000000E+0
1.453433E+1	-1.985416E-3	3.800000E-1	-3.849816E-18	-6.877525E-18	9.368848E-3	0.000000E+0	6.880262E-2	9.398563E-6	0.000000E+0	0.000000E+0	0.000000E+0
1.426346E+1	-1.151413E-4	3.290000E-1	-4.316265E+17	4.857998E-18	7.999988E-3	0.000000E+0	7.010922E-2	5.659543E-7	0.000000E+0	0.000000E+0	0.000000E+0
1.396062E+1	-1.030305E-2	2.780000E-1	4.155990E+17	-4.532139E-19	7.023873E-3	0.000000E+0	7.163002E-2	5.286353E-5	0.000000E+0	0.000000E+0	0.000000E+0
1.326887E+1	7.715836E-3	2.280000E-1	-3.194978E-18	5.558819E-18	5.643746E-3	0.000000E+0	7.536434E-2	-4.382430E-5	0.000000E+0	0.000000E+0	0.000000E+0
1.463127E+1	-1.165666E-2	1.770000E-1	-3.021231E-18	2.523250E+17	4.312167E-3	0.000000E+0	6.834672E-2	5.445149E-5	0.000000E+0	0.000000E+0	0.000000E+0
1.444790E+1	-4.475623E-3	1.270000E-1	4.697494E+17	-5.230656E+17	3.105177E-3	0.000000E+0	6.921420E-2	2.144095E-5	0.000000E+0	0.000000E+0	0.000000E+0
1.565750E+1	4.638579E-2	7.600000E-2	-4.715168E+17	-5.436513E+17	1.898214E-3	0.000000E+0	6.386660E-2	-1.892066E-4	0.000000E+0	0.000000E+0	0.000000E+0
1.369084E+1	-1.062149E-2	2.500000E-2	-3.093320E+17	4.406614E-18	6.417115E-4	0.000000E+0	7.304149E-2	5.666632E-5	0.000000E+0	0.000000E+0	0.000000E+0
1.369780E+1	-7.523149E-4	-2.500000E-2	-9.427510E-19	-9.422141E-19	-6.352484E-4	0.000000E+0	7.300442E-2	4.009572E-6	0.000000E+0	0.000000E+0	0.000000E+0
1.438887E+1	-6.267875E-4	-7.600000E-2	-4.716725E+17	-4.928293E+17	-1.873366E-3	0.000000E+0	6.949816E-2	3.027380E-6	0.000000E+0	0.000000E+0	0.000000E+0
1.441339E+1	5.379170E-3	-1.270000E-1	-2.971689E+17	-4.901914E-18	-3.149787E-3	0.000000E+0	6.937992E-2	-2.589303E-5	0.000000E+0	0.000000E+0	0.000000E+0
1.433535E+1	-4.800305E-3	-1.770000E-1	-1.478400E+17	2.700612E+17	-4.304173E-3	0.000000E+0	6.975762E-2	2.335889E-5	0.000000E+0	0.000000E+0	0.000000E+0
1.385672E+1	-9.716451E-4	-2.280000E-1	-2.726899E+17	1.903750E-18	-5.722576E-3	0.000000E+0	7.216715E-2	5.060423E-6	0.000000E+0	0.000000E+0	0.000000E+0
1.373670E+1	8.615956E-3	-2.780000E-1	-1.696221E+17	-6.410840E-19	-7.062355E-3	0.000000E+0	7.279766E-2	-4.566027E-5	0.000000E+0	0.000000E+0	0.000000E+0
1.425999E+1	6.591693E-3	-3.290000E-1	6.411590E-18	-1.599031E-19	-8.283110E-3	0.000000E+0	7.012626E-2	-3.241593E-5	0.000000E+0	0.000000E+0	0.000000E+0
1.403438E+1	2.934575E-3	-3.800000E-1	-4.319920E+17	-4.172230E+17	-9.346558E-3	0.000000E+0	7.125359E-2	-1.489906E-5	0.000000E+0	0.000000E+0	0.000000E+0
1.413446E+1	4.051447E-3	-4.300000E-1	-5.506670E-18	3.318154E+17	-1.059849E-2	0.000000E+0	7.074907E-2	-2.027924E-5	0.000000E+0	0.000000E+0	0.000000E+0
1.537905E+1	-8.310363E-3	-4.810000E-1	4.410889E+17	3.939340E-18	-1.133508E-2	0.000000E+0	6.502350E-2	3.513669E-5	0.000000E+0	0.000000E+0	0.000000E+0
1.309467E+1	3.389686E-3	-5.320000E-1	3.271013E+17	1.849291E+17	-1.373918E-2	0.000000E+0	7.636694E-2	-1.976835E-5	0.000000E+0	0.000000E+0	0.000000E+0
1.379760E+1	9.913236E-3	-5.820000E-1	-4.775830E-18	6.138991E-18	-1.462339E-2	0.000000E+0	7.247634E-2	-5.207246E-5	0.000000E+0	0.000000E+0	0.000000E+0
1.427463E+1	4.901469E-3	-6.330000E-1	-2.208677E-18	1.807661E-18	-1.544527E-2	0.000000E+0	7.005435E-2	-2.405451E-5	0.000000E+0	0.000000E+0	0.000000E+0
1.444646E+1	-1.002640E-3	-6.840000E-1	-7.957818E+16	-3.372665E-18	-1.693722E-2	0.000000E+0	6.922111E-2	4.804212E-6	0.000000E+0	0.000000E+0	0.000000E+0
1.418874E+1	-4.538238E-3	-7.340000E-1	2.088242E+17	-2.195880E+17	-1.823409E-2	0.000000E+0	7.047841E-2	2.254237E-5	0.000000E+0	0.000000E+0	0.000000E+0
1.400684E+1	3.260076E-4	-7.850000E-1	5.232691E+17	-3.553127E+17	-1.944616E-2	0.000000E+0	7.139369E-2	-1.661680E-6	0.000000E+0	0.000000E+0	0.000000E+0
1.336609E+1	2.340019E-3	-8.350000E-1	-1.183523E-18	-5.342346E-18	-2.093865E-2	0.000000E+0	7.481619E-2	-1.309817E-5	0.000000E+0	0.000000E+0	0.000000E+0
1.368594E+1	1.147151E-3	-8.860000E-1	-5.203440E-18	3.843920E-18	-2.109557E-2	0.000000E+0	7.306769E-2	-6.124510E-6	0.000000E+0	0.000000E+0	0.000000E+0
1.402412E+1	3.069162E-3	-9.370000E-1	3.723455E-18	4.245176E+17	-2.267127E-2	0.000000E+0	7.130572E-2	-1.560517E-5	0.000000E+0	0.000000E+0	0.000000E+0
1.499309E+1	2.228267E-1	-9.870000E-1	1.311717E+15	5.157902E-18	-2.427918E-2	0.000000E+0	6.668266E-2	-9.910351E-4	0.000000E+0	0.000000E+0	0.000000E+0
1.288844E+1	1.320501E-2	-1.038000E+0	-4.475620E-18	-5.687704E-18	-2.602802E-2	0.000000E+0	7.758883E-2	-7.949459E-5	0.000000E+0	0.000000E+0	0.000000E+0
1.333596E+1	2.417596E-2	-1.089000E+0	-6.256276E-18	1.400744E+17	-2.724775E-2	0.000000E+0	7.498498E-2	-1.359358E-4	0.000000E+0	0.000000E+0	0.000000E+0
1.461340E+1	1.422492E-2	-1.139000E+0	2.653475E+17	2.403843E+17	-2.783779E-2	0.000000E+0	6.843028E-2	-6.661114E-5	0.000000E+0	0.000000E+0	0.000000E+0
1.494947E+1	1.432490E-2	-1.190000E+0	-3.335094E+16	-2.240669E+17	-2.895793E-2	0.000000E+0	6.689194E-2	-6.409728E-5	0.000000E+0	0.000000E+0	0.000000E+0
1.348014E+1	9.177625E-3	-1.241000E+0	8.607211E+16	1.700546E-17	-3.092842E-2	0.000000E+0	7.418317E-2	-5.050581E-5	0.000000E+0	0.000000E+0	0.000000E+0
1.427402E+1	6.716996E-3	-1.291000E+0	2.127762E-18	3.293656E+15	-3.230242E-2	0.000000E+0	7.005733E-2	-3.296722E-5	0.000000E+0	0.000000E+0	0.000000E+0
1.247104E+1	5.854718E-2	-1.342000E+0	8.036571E+16	-5.942611E-18	-3.331633E-2	0.000000E+0	8.018401E-2	-3.764359E-4	0.000000E+0	0.000000E+0	0.000000E+0
1.366573E+1	6.596699E-3	-1.392000E+0	-6.504745E+16	2.369911E+17	-3.496613E-2	0.000000E+0	7.317573E-2	-3.532327E-5	0.000000E+0	0.000000E+0	0.000000E+0
1.305993E+1	2.652317E-3	-1.443000E+0	5.725574E-18	6.181145E-18	-3.548003E-2	0.000000E+0	7.657009E-2	-1.555048E-5	0.000000E+0	0.000000E+0	0.000000E+0
1.225037E+1	4.293511E-2	-1.494000E+0	-2.052875E-18	3.493290E-18	-3.787290E-2	0.000000E+0	8.162918E-2	-2.860941E-4	0.000000E+0	0.000000E+0	0.000000E+0
1.197247E+1	4.902685E-2	-1.544000E+0	2.907620E+17	-1.496570E-18	-3.485619E-2	0.000000E+0	8.352355E-2	-3.420261E-4	0.000000E+0	0.000000E+0	0.000000E+0
1.327139E+1	5.956551E-2	-1.595000E+0	-2.649665E-18	4.664198E-18	-3.928430E-2	0.000000E+0	7.534854E-2	-3.381842E-4	0.000000E+0	0.000000E+0	0.000000E+0
1.346091E+1	3.946929E-2	-1.646000E+0	6.288344E-18	-3.929323E-18	-4.150607E-2	0.000000E+0	7.428854E-2	-2.178245E-4	0.000000E+0	0.000000E+0	0.000000E+0
1.268723E+1	8.656368E-3	-1.696000E+0	8.250878E-19	2.835790E+17	-4.299498E-2	0.000000E+0	7.881937E-2	-5.377766E-5	0.000000E+0	0.000000E+0	0.000000E+0
1.266768E+1	2.045832E-2	-1.747000E+0	4.508571E+17	-2.686618E+17	-4.369020E-2	0.000000E+0	7.894085E-2	-1.274896E-4	0.000000E+0	0.000000E+0	0.000000E+0
1.317040E+1	3.043252E-2	-1.797000E+0	2.517955E+17	3.793721E+16	-4.499627E-2	0.000000E+0	7.592743E-2	-1.754437E-4	0.000000E+0	0.000000E+0	0.000000E+0
1.198534E+1	1.399541E-1	-1.848000E+0	-6.194310E-18	5.176240E+17	-4.481763E-2	0.000000E+0	8.342389E-2	-9.741497E-4	0.000000E+0	0.000000E+0	0.000000E+0
1.138416E+1	5.777415E-2	-1.899000E+0	-5.749716E+17	1.371841E+17	-4.808486E-2	0.000000E+0	8.783909E-2	-4.457798E-4	0.000000E+0	0.000000E+0	0.000000E+0
1.203503E+1	4.322507E-2	-1.949000E+0	-4.691027E+17	6.689522E-18	-4.704569E-2	0.000000E+0	8.308971E-2	-2.984254E-4	0.000000E+0	0.000000E+0	0.000000E+0
1.187458E+1	4.679827E-2	-2.000000E+0	-3.567381E+17	-4.286482E-18	-4.925214E-2	0.000000E+0	8.421220E-2	-3.318842E-4	0.000000E+0	0.000000E+0	0.000000E+0
