Real / Ohm	Ximag / Ohm	V_DC / V	I_a c / A	V_ac / V	I_DC / A
1.231149E+4	-6.912289E+4	-2.500000E+0	-3.567381E+17	-4.286482E-18	2.172776E-6	1.000000E+5	2.497489E-6	1.402216E-5	0.000000E+0	0.000000E+0	0.000000E+0
1.201548E+4	-6.975427E+4	-2.437000E+0	-4.691027E+17	6.689522E-18	1.961933E-6	0.000000E+0	2.398285E-6	1.392292E-5	0.000000E+0	0.000000E+0	0.000000E+0
1.169717E+4	-7.005720E+4	-2.373000E+0	-5.749716E+17	1.371841E+17	1.212771E-6	0.000000E+0	2.318643E-6	1.388692E-5	0.000000E+0	0.000000E+0	0.000000E+0
1.129321E+4	-7.050495E+4	-2.310000E+0	-6.194310E-18	5.176240E+17	4.912290E-7	0.000000E+0	2.215013E-6	1.382861E-5	0.000000E+0	0.000000E+0	0.000000E+0
1.091059E+4	-7.103648E+4	-2.247000E+0	2.517955E+17	3.793721E+16	1.812601E-6	0.000000E+0	2.112318E-6	1.375284E-5	0.000000E+0	0.000000E+0	0.000000E+0
1.054240E+4	-7.163128E+4	-2.184000E+0	4.508571E+17	-2.686618E+17	6.963091E-8	0.000000E+0	2.011071E-6	1.366440E-5	0.000000E+0	0.000000E+0	0.000000E+0
1.012619E+4	-7.229939E+4	-2.120000E+0	8.250878E-19	2.835790E+17	2.384812E-6	0.000000E+0	1.899940E-6	1.356527E-5	0.000000E+0	0.000000E+0	0.000000E+0
9.823145E+3	-7.300089E+4	-2.057000E+0	6.288344E-18	-3.929323E-18	1.152541E-6	0.000000E+0	1.810510E-6	1.345484E-5	0.000000E+0	0.000000E+0	0.000000E+0
9.455396E+3	-7.371103E+4	-1.994000E+0	-2.649665E-18	4.664198E-18	2.473920E-6	0.000000E+0	1.712090E-6	1.334687E-5	0.000000E+0	0.000000E+0	0.000000E+0
9.077373E+3	-7.449456E+4	-1.930000E+0	2.907620E+17	-1.496570E-18	7.032722E-7	0.000000E+0	1.611796E-6	1.322740E-5	0.000000E+0	0.000000E+0	0.000000E+0
8.726687E+3	-7.535397E+4	-1.867000E+0	-2.052875E-18	3.493290E-18	1.003209E-6	0.000000E+0	1.516531E-6	1.309507E-5	0.000000E+0	0.000000E+0	0.000000E+0
8.379141E+3	-7.615581E+4	-1.804000E+0	5.725574E-18	6.181145E-18	3.856723E-6	0.000000E+0	1.427472E-6	1.297392E-5	0.000000E+0	0.000000E+0	0.000000E+0
8.052873E+3	-7.698467E+4	-1.741000E+0	-6.504745E+16	2.369911E+17	-2.993511E-6	0.000000E+0	1.344052E-6	1.284901E-5	0.000000E+0	0.000000E+0	0.000000E+0
7.711164E+3	-7.789608E+4	-1.677000E+0	8.036571E+16	-5.942611E-18	-2.210523E-6	0.000000E+0	1.258501E-6	1.271303E-5	0.000000E+0	0.000000E+0	0.000000E+0
7.383093E+3	-7.870905E+4	-1.614000E+0	2.127762E-18	3.293656E+15	1.323206E-7	0.000000E+0	1.181366E-6	1.259420E-5	0.000000E+0	0.000000E+0	0.000000E+0
7.003262E+3	-7.955048E+4	-1.551000E+0	8.607211E+16	1.700546E-17	-1.610650E-6	0.000000E+0	1.098150E-6	1.247396E-5	0.000000E+0	0.000000E+0	0.000000E+0
6.679938E+3	-8.030747E+4	-1.487000E+0	-3.335094E+16	-2.240669E+17	1.725966E-6	0.000000E+0	1.028646E-6	1.236658E-5	0.000000E+0	0.000000E+0	0.000000E+0
6.313867E+3	-8.102186E+4	-1.424000E+0	2.653475E+17	2.403843E+17	-2.059925E-6	0.000000E+0	9.560082E-7	1.226785E-5	0.000000E+0	0.000000E+0	0.000000E+0
5.988533E+3	-8.163263E+4	-1.361000E+0	-6.256276E-18	1.400744E+17	1.815068E-6	0.000000E+0	8.938444E-7	1.218443E-5	0.000000E+0	0.000000E+0	0.000000E+0
5.658502E+3	-8.215963E+4	-1.297000E+0	-4.475620E-18	-5.687704E-18	2.087341E-6	0.000000E+0	8.343137E-7	1.211397E-5	0.000000E+0	0.000000E+0	0.000000E+0
5.260147E+3	-8.259905E+4	-1.234000E+0	1.311717E+15	5.157902E-18	3.443638E-7	0.000000E+0	7.678742E-7	1.205778E-5	0.000000E+0	0.000000E+0	0.000000E+0
4.967746E+3	-8.290897E+4	-1.171000E+0	3.723455E-18	4.245176E+17	6.442715E-7	0.000000E+0	7.201118E-7	1.201827E-5	0.000000E+0	0.000000E+0	0.000000E+0
4.644816E+3	-8.306123E+4	-1.108000E+0	-5.203440E-18	3.843920E-18	-1.098699E-6	0.000000E+0	6.711442E-7	1.200178E-5	0.000000E+0	0.000000E+0	0.000000E+0
4.355854E+3	-8.313589E+4	-1.044000E+0	-1.183523E-18	-5.342346E-18	-3.157184E-7	0.000000E+0	6.285005E-7	1.199557E-5	0.000000E+0	0.000000E+0	0.000000E+0
4.042549E+3	-8.306066E+4	-9.810000E-1	5.232691E+17	-3.553127E+17	2.027107E-6	0.000000E+0	5.845707E-7	1.201094E-5	0.000000E+0	0.000000E+0	0.000000E+0
3.728330E+3	-8.286970E+4	-9.180000E-1	2.088242E+17	-2.195880E+17	7.948438E-7	0.000000E+0	5.418070E-7	1.204276E-5	0.000000E+0	0.000000E+0	0.000000E+0
3.488156E+3	-8.257867E+4	-8.540000E-1	-7.957818E+16	-3.372665E-18	-9.757969E-7	0.000000E+0	5.106060E-7	1.208810E-5	0.000000E+0	0.000000E+0	0.000000E+0
3.215217E+3	-8.213497E+4	-7.910000E-1	-2.208677E-18	1.807661E-18	-6.758601E-7	0.000000E+0	4.758708E-7	1.215645E-5	0.000000E+0	0.000000E+0	0.000000E+0
2.965154E+3	-8.165273E+4	-7.280000E-1	-4.775830E-18	6.138991E-18	2.177676E-6	0.000000E+0	4.441539E-7	1.223086E-5	0.000000E+0	0.000000E+0	0.000000E+0
2.813807E+3	-8.105527E+4	-6.650000E-1	3.271013E+17	1.849291E+17	-2.118926E-6	0.000000E+0	4.277684E-7	1.232241E-5	0.000000E+0	0.000000E+0	0.000000E+0
2.622109E+3	-8.036958E+4	-6.010000E-1	4.410889E+17	3.939340E-18	5.303486E-6	0.000000E+0	4.055135E-7	1.242929E-5	0.000000E+0	0.000000E+0	0.000000E+0
2.452360E+3	-7.964291E+4	-5.380000E-1	-5.506670E-18	3.318154E+17	1.006883E-6	0.000000E+0	3.862588E-7	1.254415E-5	0.000000E+0	0.000000E+0	0.000000E+0
2.269104E+3	-7.885089E+4	-4.750000E-1	-4.319920E+17	-4.172230E+17	1.306791E-6	0.000000E+0	3.646546E-7	1.267167E-5	0.000000E+0	0.000000E+0	0.000000E+0
2.132036E+3	-7.799658E+4	-4.110000E-1	6.411590E-18	-1.599031E-19	1.068322E-6	0.000000E+0	3.502023E-7	1.281150E-5	0.000000E+0	0.000000E+0	0.000000E+0
2.035014E+3	-7.715767E+4	-3.480000E-1	-1.696221E+17	-6.410840E-19	8.575153E-7	0.000000E+0	3.415916E-7	1.295146E-5	0.000000E+0	0.000000E+0	0.000000E+0
1.901112E+3	-7.624917E+4	-2.850000E-1	-2.726899E+17	1.903750E-18	6.467399E-7	0.000000E+0	3.267891E-7	1.310675E-5	0.000000E+0	0.000000E+0	0.000000E+0
1.829853E+3	-7.535817E+4	-2.220000E-1	-1.478400E+17	2.700612E+17	-7.480776E-8	0.000000E+0	3.220324E-7	1.326214E-5	0.000000E+0	0.000000E+0	0.000000E+0
1.732688E+3	-7.441316E+4	-1.580000E-1	-2.971689E+17	-4.901914E-18	-8.239931E-7	0.000000E+0	3.127415E-7	1.343120E-5	0.000000E+0	0.000000E+0	0.000000E+0
1.656414E+3	-7.348028E+4	-9.500000E-2	-4.716725E+17	-4.928293E+17	1.008087E-6	0.000000E+0	3.066244E-7	1.360218E-5	0.000000E+0	0.000000E+0	0.000000E+0
1.589866E+3	-7.257069E+4	-3.200000E-2	-9.427510E-19	-9.422141E-19	2.865679E-7	0.000000E+0	3.017377E-7	1.377306E-5	0.000000E+0	0.000000E+0	0.000000E+0
1.542061E+3	-7.160798E+4	3.200000E-2	-3.093320E+17	4.406614E-18	2.091011E-6	0.000000E+0	3.005920E-7	1.395845E-5	0.000000E+0	0.000000E+0	0.000000E+0
1.511573E+3	-7.069634E+4	9.500000E-2	-4.715168E+17	-5.436513E+17	8.587490E-7	0.000000E+0	3.022990E-7	1.413854E-5	0.000000E+0	0.000000E+0	0.000000E+0
1.437486E+3	-6.977544E+4	1.580000E-1	4.697494E+17	-5.230656E+17	-3.948569E-6	0.000000E+0	2.951306E-7	1.432561E-5	0.000000E+0	0.000000E+0	0.000000E+0
1.397861E+3	-6.883400E+4	2.220000E-1	-3.021231E-18	2.523250E+17	-6.119844E-7	0.000000E+0	2.949028E-7	1.452172E-5	0.000000E+0	0.000000E+0	0.000000E+0
1.390153E+3	-6.792934E+4	2.850000E-1	-3.194978E-18	5.558819E-18	1.730839E-6	0.000000E+0	3.011383E-7	1.471502E-5	0.000000E+0	0.000000E+0	0.000000E+0
1.347721E+3	-6.704027E+4	3.480000E-1	4.155990E+17	-4.532139E-19	2.030778E-6	0.000000E+0	2.997457E-7	1.491038E-5	0.000000E+0	0.000000E+0	0.000000E+0
1.345045E+3	-6.613822E+4	4.110000E-1	-4.316265E+17	4.857998E-18	7.985145E-7	0.000000E+0	3.073635E-7	1.511360E-5	0.000000E+0	0.000000E+0	0.000000E+0
1.319753E+3	-6.520863E+4	4.750000E-1	-3.849816E-18	-6.877525E-18	-9.721261E-7	0.000000E+0	3.102449E-7	1.532911E-5	0.000000E+0	0.000000E+0	0.000000E+0
1.339797E+3	-6.432228E+4	5.380000E-1	4.766215E-20	4.558806E+17	3.492387E-7	0.000000E+0	3.236889E-7	1.553997E-5	0.000000E+0	0.000000E+0	0.000000E+0
1.319889E+3	-6.344117E+4	6.010000E-1	1.388541E-18	6.784146E-18	-2.925906E-6	0.000000E+0	3.277986E-7	1.575582E-5	0.000000E+0	0.000000E+0	0.000000E+0
1.328226E+3	-6.258291E+4	6.650000E-1	3.266052E+17	-3.632521E-18	-1.121465E-6	0.000000E+0	3.389728E-7	1.597161E-5	0.000000E+0	0.000000E+0	0.000000E+0
1.322212E+3	-6.176897E+4	7.280000E-1	-7.975154E-19	6.323277E-18	-1.843011E-6	0.000000E+0	3.463869E-7	1.618194E-5	0.000000E+0	0.000000E+0	0.000000E+0
1.370185E+3	-6.097275E+4	7.910000E-1	-4.524462E+17	2.055148E+17	-3.585988E-6	0.000000E+0	3.683735E-7	1.639249E-5	0.000000E+0	0.000000E+0	0.000000E+0
1.380415E+3	-6.020676E+4	8.540000E-1	-6.904543E-18	-8.377323E+16	-2.264624E-6	0.000000E+0	3.806194E-7	1.660070E-5	0.000000E+0	0.000000E+0	0.000000E+0
1.380106E+3	-5.946638E+4	9.180000E-1	2.547933E-18	-3.215913E-19	5.053516E-8	0.000000E+0	3.900637E-7	1.680717E-5	0.000000E+0	0.000000E+0	0.000000E+0
1.419351E+3	-5.877562E+4	9.810000E-1	-1.554791E+17	1.089529E+17	-2.203156E-6	0.000000E+0	4.106220E-7	1.700394E-5	0.000000E+0	0.000000E+0	0.000000E+0
1.419857E+3	-5.814052E+4	1.044000E+0	-5.196819E+17	1.790907E+17	-8.817879E-7	0.000000E+0	4.197859E-7	1.718946E-5	0.000000E+0	0.000000E+0	0.000000E+0
1.439594E+3	-5.755541E+4	1.108000E+0	3.883600E+17	-5.707470E+17	-2.652436E-6	0.000000E+0	4.343063E-7	1.736370E-5	0.000000E+0	0.000000E+0	0.000000E+0
1.452591E+3	-5.700771E+4	1.171000E+0	-2.798456E+17	-3.562291E+17	-8.203206E-7	0.000000E+0	4.466777E-7	1.753011E-5	0.000000E+0	0.000000E+0	0.000000E+0
1.477223E+3	-5.650823E+4	1.234000E+0	7.433461E+16	-3.421240E+17	-9.698851E-9	0.000000E+0	4.623022E-7	1.768445E-5	0.000000E+0	0.000000E+0	0.000000E+0
1.470051E+3	-5.604459E+4	1.297000E+0	4.333500E+17	8.421242E+16	-1.752676E-6	0.000000E+0	4.676989E-7	1.783067E-5	0.000000E+0	0.000000E+0	0.000000E+0
1.482077E+3	-5.562027E+4	1.361000E+0	5.318055E+17	-2.871880E+17	-4.034031E-6	0.000000E+0	4.787363E-7	1.796630E-5	0.000000E+0	0.000000E+0	0.000000E+0
1.491400E+3	-5.523422E+4	1.424000E+0	-5.520479E-19	1.659667E-18	-1.180495E-6	0.000000E+0	4.884962E-7	1.809153E-5	0.000000E+0	0.000000E+0	0.000000E+0
1.513120E+3	-5.490002E+4	1.487000E+0	9.197504E+16	2.296609E-18	-1.902015E-6	0.000000E+0	5.016474E-7	1.820110E-5	0.000000E+0	0.000000E+0	0.000000E+0
1.513884E+3	-5.460117E+4	1.551000E+0	1.138051E+17	1.810141E+17	1.434571E-6	0.000000E+0	5.074053E-7	1.830056E-5	0.000000E+0	0.000000E+0	0.000000E+0
1.543975E+3	-5.436477E+4	1.614000E+0	1.676928E-18	4.035830E-18	-2.351284E-6	0.000000E+0	5.219814E-7	1.837944E-5	0.000000E+0	0.000000E+0	0.000000E+0
1.564944E+3	-5.419466E+4	1.677000E+0	-2.680825E+17	-5.132058E+17	-1.029926E-6	0.000000E+0	5.323826E-7	1.843663E-5	0.000000E+0	0.000000E+0	0.000000E+0
1.559728E+3	-5.405123E+4	1.741000E+0	5.241928E+17	-4.155966E-18	-1.268396E-6	0.000000E+0	5.334285E-7	1.848557E-5	0.000000E+0	0.000000E+0	0.000000E+0
1.568844E+3	-5.396159E+4	1.804000E+0	2.579781E+17	4.569569E-19	-1.989916E-6	0.000000E+0	5.383235E-7	1.851605E-5	0.000000E+0	0.000000E+0	0.000000E+0
1.556546E+3	-5.389866E+4	1.867000E+0	2.915631E-18	5.325354E+16	1.885084E-6	0.000000E+0	5.353576E-7	1.853788E-5	0.000000E+0	0.000000E+0	0.000000E+0
1.562690E+3	-5.385688E+4	1.930000E+0	-1.980656E+17	2.858813E+16	-2.922236E-6	0.000000E+0	5.383007E-7	1.855211E-5	0.000000E+0	0.000000E+0	0.000000E+0
1.564978E+3	-5.384983E+4	1.994000E+0	-2.714796E-18	1.441508E+17	-2.649998E-6	0.000000E+0	5.392286E-7	1.855449E-5	0.000000E+0	0.000000E+0	0.000000E+0
1.570156E+3	-5.384942E+4	2.057000E+0	5.785012E-19	5.234687E+17	-3.371504E-6	0.000000E+0	5.410179E-7	1.855453E-5	0.000000E+0	0.000000E+0	0.000000E+0
1.561479E+3	-5.385248E+4	2.120000E+0	3.390598E+17	1.295985E-19	-3.582318E-6	0.000000E+0	5.379721E-7	1.855365E-5	0.000000E+0	0.000000E+0	0.000000E+0
1.542561E+3	-5.389288E+4	2.184000E+0	-5.351627E-18	2.391872E+17	-4.331509E-6	0.000000E+0	5.306692E-7	1.854014E-5	0.000000E+0	0.000000E+0	0.000000E+0
1.540913E+3	-5.393121E+4	2.247000E+0	2.587907E+17	-4.848260E-18	-4.565372E-7	0.000000E+0	5.293506E-7	1.852701E-5	0.000000E+0	0.000000E+0	0.000000E+0
1.541964E+3	-5.397649E+4	2.310000E+0	-3.848534E+17	-9.739225E-19	-2.199507E-6	0.000000E+0	5.288234E-7	1.851148E-5	0.000000E+0	0.000000E+0	0.000000E+0
1.528679E+3	-5.402642E+4	2.373000E+0	6.653843E-18	-4.395667E+17	-1.899563E-6	0.000000E+0	5.233068E-7	1.849466E-5	0.000000E+0	0.000000E+0	0.000000E+0
1.547149E+3	-5.405839E+4	2.437000E+0	-1.137863E-18	-4.188961E+17	-1.627326E-6	0.000000E+0	5.289935E-7	1.848338E-5	0.000000E+0	0.000000E+0	0.000000E+0
1.530559E+3	-5.411735E+4	2.500000E+0	-9.275714E-19	-3.780148E-18	2.247660E-6	0.000000E+0	5.221915E-7	1.846359E-5	0.000000E+0	0.000000E+0	0.000000E+0
