Real / Ohm	Ximag / Ohm	V_DC / V	I_a c / A	V_ac / V	I_DC / A
9.870337E+0	5.333412E-2	-2.000000E+0	-3.567381E+17	-4.286482E-18	-5.420718E-2	1.000000E+5	1.013107E-1	-5.474299E-4	0.000000E+0	0.000000E+0	0.000000E+0
1.076750E+1	2.419150E-2	-1.949000E+0	-4.691027E+17	6.689522E-18	-5.262586E-2	0.000000E+0	9.287160E-2	-2.086560E-4	0.000000E+0	0.000000E+0	0.000000E+0
1.081984E+1	3.784680E-2	-1.899000E+0	-5.749716E+17	1.371841E+17	-5.110937E-2	0.000000E+0	9.242168E-2	-3.232825E-4	0.000000E+0	0.000000E+0	0.000000E+0
1.060644E+1	4.734212E-2	-1.848000E+0	-6.194310E-18	5.176240E+17	-4.964909E-2	0.000000E+0	9.428046E-2	-4.208233E-4	0.000000E+0	0.000000E+0	0.000000E+0
1.150070E+1	5.223560E-2	-1.797000E+0	2.517955E+17	3.793721E+16	-4.554530E-2	0.000000E+0	8.694944E-2	-3.949200E-4	0.000000E+0	0.000000E+0	0.000000E+0
1.130567E+1	3.427958E-2	-1.747000E+0	4.508571E+17	-2.686618E+17	-4.596087E-2	0.000000E+0	8.845038E-2	-2.681877E-4	0.000000E+0	0.000000E+0	0.000000E+0
1.045891E+1	3.423119E-2	-1.696000E+0	8.250878E-19	2.835790E+17	-4.577333E-2	0.000000E+0	9.561123E-2	-3.129280E-4	0.000000E+0	0.000000E+0	0.000000E+0
1.079172E+1	3.786272E-2	-1.646000E+0	6.288344E-18	-3.929323E-18	-4.364192E-2	0.000000E+0	9.266249E-2	-3.251061E-4	0.000000E+0	0.000000E+0	0.000000E+0
1.100082E+1	3.084993E-2	-1.595000E+0	-2.649665E-18	4.664198E-18	-4.259379E-2	0.000000E+0	9.090160E-2	-2.549181E-4	0.000000E+0	0.000000E+0	0.000000E+0
1.095503E+1	2.395117E-2	-1.544000E+0	2.907620E+17	-1.496570E-18	-4.104771E-2	0.000000E+0	9.128183E-2	-1.995710E-4	0.000000E+0	0.000000E+0	0.000000E+0
1.107472E+1	1.395237E-2	-1.494000E+0	-2.052875E-18	3.493290E-18	-3.918393E-2	0.000000E+0	9.029559E-2	-1.137580E-4	0.000000E+0	0.000000E+0	0.000000E+0
1.044183E+1	2.879226E-2	-1.443000E+0	5.725574E-18	6.181145E-18	-3.899279E-2	0.000000E+0	9.576793E-2	-2.640701E-4	0.000000E+0	0.000000E+0	0.000000E+0
1.147501E+1	-1.247466E-2	-1.392000E+0	-6.504745E+16	2.369911E+17	-3.734968E-2	0.000000E+0	8.714579E-2	9.473753E-5	0.000000E+0	0.000000E+0	0.000000E+0
1.123948E+1	7.837534E-3	-1.342000E+0	8.036571E+16	-5.942611E-18	-3.609671E-2	0.000000E+0	8.897204E-2	-6.204214E-5	0.000000E+0	0.000000E+0	0.000000E+0
1.065629E+1	1.270062E-2	-1.291000E+0	2.127762E-18	3.293656E+15	-3.478199E-2	0.000000E+0	9.384116E-2	-1.118439E-4	0.000000E+0	0.000000E+0	0.000000E+0
1.145549E+1	-2.302527E-3	-1.241000E+0	8.607211E+16	1.700546E-17	-3.129921E-2	0.000000E+0	8.729439E-2	1.754597E-5	0.000000E+0	0.000000E+0	0.000000E+0
1.087184E+1	1.437449E-2	-1.190000E+0	-3.335094E+16	-2.240669E+17	-3.151820E-2	0.000000E+0	9.198059E-2	-1.216146E-4	0.000000E+0	0.000000E+0	0.000000E+0
1.105735E+1	8.224130E-3	-1.139000E+0	2.653475E+17	2.403843E+17	-3.056812E-2	0.000000E+0	9.043753E-2	-6.726476E-5	0.000000E+0	0.000000E+0	0.000000E+0
1.166913E+1	1.828969E-2	-1.089000E+0	-6.256276E-18	1.400744E+17	-2.858687E-2	0.000000E+0	8.569598E-2	-1.343162E-4	0.000000E+0	0.000000E+0	0.000000E+0
1.141708E+1	-4.138708E-3	-1.038000E+0	-4.475620E-18	-5.687704E-18	-2.714344E-2	0.000000E+0	8.758806E-2	3.175080E-5	0.000000E+0	0.000000E+0	0.000000E+0
1.106968E+1	-9.465218E-5	-9.870000E-1	1.311717E+15	5.157902E-18	-2.628377E-2	0.000000E+0	9.033685E-2	7.724324E-7	0.000000E+0	0.000000E+0	0.000000E+0
1.158891E+1	-8.441687E-3	-9.370000E-1	3.723455E-18	4.245176E+17	-2.424481E-2	0.000000E+0	8.628935E-2	6.285558E-5	0.000000E+0	0.000000E+0	0.000000E+0
1.066756E+1	-5.222082E-3	-8.860000E-1	-5.203440E-18	3.843920E-18	-2.395818E-2	0.000000E+0	9.374213E-2	4.588951E-5	0.000000E+0	0.000000E+0	0.000000E+0
1.122721E+1	-2.397060E-2	-8.350000E-1	-1.183523E-18	-5.342346E-18	-2.245550E-2	0.000000E+0	8.906892E-2	1.901662E-4	0.000000E+0	0.000000E+0	0.000000E+0
1.078413E+1	4.486144E-3	-7.850000E-1	5.232691E+17	-3.553127E+17	-2.122195E-2	0.000000E+0	9.272884E-2	-3.857473E-5	0.000000E+0	0.000000E+0	0.000000E+0
1.074160E+1	-9.872913E-3	-7.340000E-1	2.088242E+17	-2.195880E+17	-1.960028E-2	0.000000E+0	9.309592E-2	8.556714E-5	0.000000E+0	0.000000E+0	0.000000E+0
1.112387E+1	-2.770281E-2	-6.840000E-1	-7.957818E+16	-3.372665E-18	-1.712006E-2	0.000000E+0	8.989621E-2	2.238769E-4	0.000000E+0	0.000000E+0	0.000000E+0
1.066428E+1	3.010452E-3	-6.330000E-1	-2.208677E-18	1.807661E-18	-1.666130E-2	0.000000E+0	9.377097E-2	-2.647089E-5	0.000000E+0	0.000000E+0	0.000000E+0
1.144651E+1	-4.681826E-3	-5.820000E-1	-4.775830E-18	6.138991E-18	-1.566016E-2	0.000000E+0	8.736286E-2	3.573296E-5	0.000000E+0	0.000000E+0	0.000000E+0
1.132156E+1	5.635142E-3	-5.320000E-1	3.271013E+17	1.849291E+17	-1.414316E-2	0.000000E+0	8.832703E-2	-4.396350E-5	0.000000E+0	0.000000E+0	0.000000E+0
1.111917E+1	9.456873E-4	-4.810000E-1	4.410889E+17	3.939340E-18	-1.273599E-2	0.000000E+0	8.993477E-2	-7.648967E-6	0.000000E+0	0.000000E+0	0.000000E+0
1.101844E+1	8.286357E-3	-4.300000E-1	-5.506670E-18	3.318154E+17	-1.146315E-2	0.000000E+0	9.075690E-2	-6.825322E-5	0.000000E+0	0.000000E+0	0.000000E+0
1.206983E+1	-1.832366E-3	-3.800000E-1	-4.319920E+17	-4.172230E+17	-1.018517E-2	0.000000E+0	8.285121E-2	1.257795E-5	0.000000E+0	0.000000E+0	0.000000E+0
1.037514E+1	-3.062487E-4	-3.290000E-1	6.411590E-18	-1.599031E-19	-8.907726E-3	0.000000E+0	9.638424E-2	2.845027E-6	0.000000E+0	0.000000E+0	0.000000E+0
1.083569E+1	3.474474E-3	-2.780000E-1	-1.696221E+17	-6.410840E-19	-7.399433E-3	0.000000E+0	9.228761E-2	-2.959211E-5	0.000000E+0	0.000000E+0	0.000000E+0
1.108755E+1	-3.964901E-4	-2.280000E-1	-2.726899E+17	1.903750E-18	-6.156181E-3	0.000000E+0	9.019125E-2	3.225234E-6	0.000000E+0	0.000000E+0	0.000000E+0
1.072300E+1	-6.867647E-3	-1.770000E-1	-1.478400E+17	2.700612E+17	-4.748504E-3	0.000000E+0	9.325745E-2	5.972762E-5	0.000000E+0	0.000000E+0	0.000000E+0
1.088528E+1	-7.002950E-3	-1.270000E-1	-2.971689E+17	-4.901914E-18	-3.218735E-3	0.000000E+0	9.186714E-2	5.910193E-5	0.000000E+0	0.000000E+0	0.000000E+0
1.133822E+1	-1.218104E-2	-7.600000E-2	-4.716725E+17	-4.928293E+17	-2.047522E-3	0.000000E+0	8.819716E-2	9.475325E-5	0.000000E+0	0.000000E+0	0.000000E+0
1.157493E+1	-5.035758E-3	-2.500000E-2	-9.427510E-19	-9.422141E-19	-6.735526E-4	0.000000E+0	8.639359E-2	3.758617E-5	0.000000E+0	0.000000E+0	0.000000E+0
1.095744E+1	3.291130E-3	2.500000E-2	-3.093320E+17	4.406614E-18	6.662263E-4	0.000000E+0	9.126218E-2	-2.741112E-5	0.000000E+0	0.000000E+0	0.000000E+0
1.078532E+1	-5.797863E-3	7.600000E-2	-4.715168E+17	-5.436513E+17	2.023342E-3	0.000000E+0	9.271859E-2	4.984272E-5	0.000000E+0	0.000000E+0	0.000000E+0
1.063720E+1	9.358227E-3	1.270000E-1	4.697494E+17	-5.230656E+17	3.412122E-3	0.000000E+0	9.400963E-2	-8.270630E-5	0.000000E+0	0.000000E+0	0.000000E+0
1.136199E+1	-1.567876E-2	1.770000E-1	-3.021231E-18	2.523250E+17	4.807059E-3	0.000000E+0	8.801258E-2	1.214513E-4	0.000000E+0	0.000000E+0	0.000000E+0
1.030554E+1	-3.653705E-3	2.280000E-1	-3.194978E-18	5.558819E-18	6.232611E-3	0.000000E+0	9.703517E-2	3.440265E-5	0.000000E+0	0.000000E+0	0.000000E+0
1.017241E+1	5.544662E-3	2.780000E-1	4.155990E+17	-4.532139E-19	7.196497E-3	0.000000E+0	9.830509E-2	-5.358303E-5	0.000000E+0	0.000000E+0	0.000000E+0
1.057524E+1	-1.020253E-2	3.290000E-1	-4.316265E+17	4.857998E-18	8.949934E-3	0.000000E+0	9.456041E-2	9.122776E-5	0.000000E+0	0.000000E+0	0.000000E+0
1.025519E+1	1.242298E-2	3.800000E-1	-3.849816E-18	-6.877525E-18	1.027334E-2	0.000000E+0	9.751146E-2	-1.181239E-4	0.000000E+0	0.000000E+0	0.000000E+0
1.073510E+1	-7.510185E-3	4.300000E-1	4.766215E-20	4.558806E+17	1.111466E-2	0.000000E+0	9.315232E-2	6.516858E-5	0.000000E+0	0.000000E+0	0.000000E+0
1.112021E+1	-1.119435E-2	4.810000E-1	1.388541E-18	6.784146E-18	1.290844E-2	0.000000E+0	8.992627E-2	9.052582E-5	0.000000E+0	0.000000E+0	0.000000E+0
1.117423E+1	1.308584E-2	5.320000E-1	3.266052E+17	-3.632521E-18	1.404339E-2	0.000000E+0	8.949150E-2	-1.048011E-4	0.000000E+0	0.000000E+0	0.000000E+0
1.089095E+1	1.195431E-3	5.820000E-1	-7.975154E-19	6.323277E-18	1.535457E-2	0.000000E+0	9.181935E-2	-1.007843E-5	0.000000E+0	0.000000E+0	0.000000E+0
1.092361E+1	-1.011729E-2	6.330000E-1	-4.524462E+17	2.055148E+17	1.672905E-2	0.000000E+0	9.154475E-2	8.478743E-5	0.000000E+0	0.000000E+0	0.000000E+0
1.070630E+1	-9.660602E-3	6.840000E-1	-6.904543E-18	-8.377323E+16	1.828943E-2	0.000000E+0	9.340287E-2	8.428010E-5	0.000000E+0	0.000000E+0	0.000000E+0
1.114515E+1	-2.479219E-2	7.340000E-1	2.547933E-18	-3.215913E-19	1.966496E-2	0.000000E+0	8.972468E-2	1.995910E-4	0.000000E+0	0.000000E+0	0.000000E+0
1.033754E+1	-4.599452E-3	7.850000E-1	-1.554791E+17	1.089529E+17	2.120441E-2	0.000000E+0	9.673479E-2	4.303993E-5	0.000000E+0	0.000000E+0	0.000000E+0
1.045391E+1	-2.611279E-4	8.350000E-1	-5.196819E+17	1.790907E+17	2.202376E-2	0.000000E+0	9.565799E-2	2.389438E-6	0.000000E+0	0.000000E+0	0.000000E+0
1.105296E+1	-1.638770E-2	8.860000E-1	3.883600E+17	-5.707470E+17	2.377413E-2	0.000000E+0	9.047330E-2	1.341405E-4	0.000000E+0	0.000000E+0	0.000000E+0
1.088070E+1	2.389407E-2	9.370000E-1	-2.798456E+17	-3.562291E+17	2.510980E-2	0.000000E+0	9.190541E-2	-2.018247E-4	0.000000E+0	0.000000E+0	0.000000E+0
1.114817E+1	-1.953280E-2	9.870000E-1	7.433461E+16	-3.421240E+17	2.519881E-2	0.000000E+0	8.970055E-2	1.571651E-4	0.000000E+0	0.000000E+0	0.000000E+0
1.166594E+1	-3.888249E-3	1.038000E+0	4.333500E+17	8.421242E+16	2.687002E-2	0.000000E+0	8.571962E-2	2.857028E-5	0.000000E+0	0.000000E+0	0.000000E+0
1.175929E+1	1.061058E-2	1.089000E+0	5.318055E+17	-2.871880E+17	2.856830E-2	0.000000E+0	8.503908E-2	-7.673201E-5	0.000000E+0	0.000000E+0	0.000000E+0
1.157928E+1	9.266376E-3	1.139000E+0	-5.520479E-19	1.659667E-18	2.949439E-2	0.000000E+0	8.636110E-2	-6.911090E-5	0.000000E+0	0.000000E+0	0.000000E+0
1.168902E+1	-7.648468E-4	1.190000E+0	9.197504E+16	2.296609E-18	3.102822E-2	0.000000E+0	8.555037E-2	5.597811E-6	0.000000E+0	0.000000E+0	0.000000E+0
1.088648E+1	-7.973909E-3	1.241000E+0	1.138051E+17	1.810141E+17	3.311975E-2	0.000000E+0	9.185701E-2	6.728156E-5	0.000000E+0	0.000000E+0	0.000000E+0
1.104312E+1	-9.131193E-3	1.291000E+0	1.676928E-18	4.035830E-18	3.377517E-2	0.000000E+0	9.055406E-2	7.487617E-5	0.000000E+0	0.000000E+0	0.000000E+0
1.027254E+1	1.250488E-2	1.342000E+0	-2.680825E+17	-5.132058E+17	3.578191E-2	0.000000E+0	9.734676E-2	-1.185013E-4	0.000000E+0	0.000000E+0	0.000000E+0
1.162440E+1	-1.477385E-2	1.392000E+0	5.241928E+17	-4.155966E-18	3.787502E-2	0.000000E+0	8.602581E-2	1.093332E-4	0.000000E+0	0.000000E+0	0.000000E+0
1.117301E+1	-4.622340E-3	1.443000E+0	2.579781E+17	4.569569E-19	3.840373E-2	0.000000E+0	8.950138E-2	3.702725E-5	0.000000E+0	0.000000E+0	0.000000E+0
1.088960E+1	5.780673E-2	1.494000E+0	2.915631E-18	5.325354E+16	4.068781E-2	0.000000E+0	9.182815E-2	-4.874637E-4	0.000000E+0	0.000000E+0	0.000000E+0
1.079867E+1	3.635699E-2	1.544000E+0	-1.980656E+17	2.858813E+16	4.066549E-2	0.000000E+0	9.260295E-2	-3.117758E-4	0.000000E+0	0.000000E+0	0.000000E+0
1.106349E+1	1.797748E-2	1.595000E+0	-2.714796E-18	1.441508E+17	4.149554E-2	0.000000E+0	9.038715E-2	-1.468735E-4	0.000000E+0	0.000000E+0	0.000000E+0
1.249682E+1	2.328849E-2	1.646000E+0	5.785012E-19	5.234687E+17	4.406665E-2	0.000000E+0	8.002008E-2	-1.491217E-4	0.000000E+0	0.000000E+0	0.000000E+0
1.202861E+1	1.705611E-2	1.696000E+0	3.390598E+17	1.295985E-19	4.323636E-2	0.000000E+0	8.313496E-2	-1.178822E-4	0.000000E+0	0.000000E+0	0.000000E+0
1.147897E+1	2.059639E-2	1.747000E+0	-5.351627E-18	2.391872E+17	4.587028E-2	0.000000E+0	8.711555E-2	-1.563090E-4	0.000000E+0	0.000000E+0	0.000000E+0
1.081596E+1	2.654606E-2	1.797000E+0	2.587907E+17	-4.848260E-18	4.781221E-2	0.000000E+0	9.245541E-2	-2.269171E-4	0.000000E+0	0.000000E+0	0.000000E+0
1.100808E+1	1.332676E-2	1.848000E+0	-3.848534E+17	-9.739225E-19	4.800640E-2	0.000000E+0	9.084223E-2	-1.099767E-4	0.000000E+0	0.000000E+0	0.000000E+0
1.043139E+1	4.829299E-2	1.899000E+0	6.653843E-18	-4.395667E+17	5.075780E-2	0.000000E+0	9.586245E-2	-4.438032E-4	0.000000E+0	0.000000E+0	0.000000E+0
1.129374E+1	4.137301E-2	1.949000E+0	-1.137863E-18	-4.188961E+17	5.244844E-2	0.000000E+0	8.854344E-2	-3.243663E-4	0.000000E+0	0.000000E+0	0.000000E+0
1.107917E+1	3.446519E-2	2.000000E+0	-9.275714E-19	-3.780148E-18	5.263447E-2	0.000000E+0	9.025860E-2	-2.807773E-4	0.000000E+0	0.000000E+0	0.000000E+0
