Real / Ohm	Ximag / Ohm	V_DC / V	I_a c / A	V_ac / V	I_DC / A
1.027037E+1	2.503477E-1	2.000000E+0	-9.275714E-19	-3.780148E-18	5.406655E-2	1.000000E+4	9.730966E-2	-2.371993E-3	0.000000E+0	0.000000E+0	0.000000E+0
9.984068E+0	1.181099E+0	1.949000E+0	-1.137863E-18	-4.188961E+17	5.461290E-2	0.000000E+0	9.877724E-2	-1.168519E-2	0.000000E+0	0.000000E+0	0.000000E+0
1.900997E+1	3.948079E-1	1.899000E+0	6.653843E-18	-4.395667E+17	5.237424E-2	0.000000E+0	5.258130E-2	-1.092033E-3	0.000000E+0	0.000000E+0	0.000000E+0
1.149216E+1	8.800521E-1	1.848000E+0	-3.848534E+17	-9.739225E-19	4.803296E-2	0.000000E+0	8.650854E-2	-6.624692E-3	0.000000E+0	0.000000E+0	0.000000E+0
1.253939E+1	1.450395E+0	1.797000E+0	2.587907E+17	-4.848260E-18	3.458496E-2	0.000000E+0	7.869583E-2	-9.102520E-3	0.000000E+0	0.000000E+0	0.000000E+0
1.618131E+1	1.221160E+0	1.747000E+0	-5.351627E-18	2.391872E+17	4.345813E-2	0.000000E+0	6.144972E-2	-4.637445E-3	0.000000E+0	0.000000E+0	0.000000E+0
2.234051E+1	2.289959E-1	1.696000E+0	3.390598E+17	1.295985E-19	3.012250E-2	0.000000E+0	4.475703E-2	-4.587710E-4	0.000000E+0	0.000000E+0	0.000000E+0
1.110237E+1	1.331421E+0	1.646000E+0	5.785012E-19	5.234687E+17	2.913614E-2	0.000000E+0	8.879388E-2	-1.064836E-2	0.000000E+0	0.000000E+0	0.000000E+0
2.268666E+1	5.306979E-1	1.595000E+0	-2.714796E-18	1.441508E+17	2.791028E-2	0.000000E+0	4.405466E-2	-1.030549E-3	0.000000E+0	0.000000E+0	0.000000E+0
2.434711E+1	2.108361E-1	1.544000E+0	-1.980656E+17	2.858813E+16	2.698217E-2	0.000000E+0	4.106956E-2	-3.556457E-4	0.000000E+0	0.000000E+0	0.000000E+0
2.381488E+1	1.355243E-1	1.494000E+0	2.915631E-18	5.325354E+16	2.448764E-2	0.000000E+0	4.198919E-2	-2.389496E-4	0.000000E+0	0.000000E+0	0.000000E+0
2.340271E+1	6.412095E-2	1.443000E+0	2.579781E+17	4.569569E-19	2.305800E-2	0.000000E+0	4.272977E-2	-1.170751E-4	0.000000E+0	0.000000E+0	0.000000E+0
2.368856E+1	8.591129E-2	1.392000E+0	5.241928E+17	-4.155966E-18	2.364777E-2	0.000000E+0	4.221391E-2	-1.530972E-4	0.000000E+0	0.000000E+0	0.000000E+0
2.493992E+1	1.964004E-1	1.342000E+0	-2.680825E+17	-5.132058E+17	2.244997E-2	0.000000E+0	4.009387E-2	-3.157369E-4	0.000000E+0	0.000000E+0	0.000000E+0
2.483200E+1	1.659803E-1	1.291000E+0	1.676928E-18	4.035830E-18	2.053310E-2	0.000000E+0	4.026882E-2	-2.691620E-4	0.000000E+0	0.000000E+0	0.000000E+0
2.604838E+1	1.768290E-1	1.241000E+0	1.138051E+17	1.810141E+17	1.967443E-2	0.000000E+0	3.838833E-2	-2.605986E-4	0.000000E+0	0.000000E+0	0.000000E+0
2.737707E+1	4.858202E-2	1.190000E+0	9.197504E+16	2.296609E-18	1.868657E-2	0.000000E+0	3.652680E-2	-6.481869E-5	0.000000E+0	0.000000E+0	0.000000E+0
2.701796E+1	1.140415E-1	1.139000E+0	-5.520479E-19	1.659667E-18	1.777991E-2	0.000000E+0	3.701176E-2	-1.562248E-4	0.000000E+0	0.000000E+0	0.000000E+0
2.758795E+1	9.761413E-1	1.089000E+0	5.318055E+17	-2.871880E+17	1.797077E-2	0.000000E+0	3.620239E-2	-1.280945E-3	0.000000E+0	0.000000E+0	0.000000E+0
2.730392E+1	8.394533E-2	1.038000E+0	4.333500E+17	8.421242E+16	1.958403E-2	0.000000E+0	3.662443E-2	-1.126010E-4	0.000000E+0	0.000000E+0	0.000000E+0
2.247030E+1	1.663010E-1	9.870000E-1	7.433461E+16	-3.421240E+17	1.581016E-2	0.000000E+0	4.450075E-2	-3.293467E-4	0.000000E+0	0.000000E+0	0.000000E+0
2.958010E+1	7.446307E-2	9.370000E-1	-2.798456E+17	-3.562291E+17	1.431104E-2	0.000000E+0	3.380630E-2	-8.510183E-5	0.000000E+0	0.000000E+0	0.000000E+0
2.963730E+1	2.795285E-2	8.860000E-1	3.883600E+17	-5.707470E+17	1.309233E-2	0.000000E+0	3.374124E-2	-3.182354E-5	0.000000E+0	0.000000E+0	0.000000E+0
2.721561E+1	2.619382E-1	8.350000E-1	-5.196819E+17	1.790907E+17	1.284706E-2	0.000000E+0	3.674022E-2	-3.536083E-4	0.000000E+0	0.000000E+0	0.000000E+0
3.250396E+1	1.294177E-1	7.850000E-1	-1.554791E+17	1.089529E+17	1.130299E-2	0.000000E+0	3.076499E-2	-1.224938E-4	0.000000E+0	0.000000E+0	0.000000E+0
2.341127E+1	-1.334597E-1	7.340000E-1	2.547933E-18	-3.215913E-19	1.694433E-2	0.000000E+0	4.271308E-2	2.434928E-4	0.000000E+0	0.000000E+0	0.000000E+0
1.980272E+1	8.511084E-2	6.840000E-1	-6.904543E-18	-8.377323E+16	1.046412E-2	0.000000E+0	5.049718E-2	-2.170337E-4	0.000000E+0	0.000000E+0	0.000000E+0
1.948424E+1	4.492818E-2	6.330000E-1	-4.524462E+17	2.055148E+17	1.386337E-2	0.000000E+0	5.132326E-2	-1.183449E-4	0.000000E+0	0.000000E+0	0.000000E+0
2.921745E+1	6.126471E-1	5.820000E-1	-7.975154E-19	6.323277E-18	1.215999E-2	0.000000E+0	3.421108E-2	-7.173562E-4	0.000000E+0	0.000000E+0	0.000000E+0
3.815467E+1	7.486737E-2	5.320000E-1	3.266052E+17	-3.632521E-18	7.622565E-3	0.000000E+0	2.620901E-2	-5.142751E-5	0.000000E+0	0.000000E+0	0.000000E+0
4.034186E+1	4.388171E-2	4.810000E-1	1.388541E-18	6.784146E-18	6.292517E-3	0.000000E+0	2.478812E-2	-2.696319E-5	0.000000E+0	0.000000E+0	0.000000E+0
4.265813E+1	1.870602E-2	4.300000E-1	4.766215E-20	4.558806E+17	5.957361E-3	0.000000E+0	2.344219E-2	-1.027963E-5	0.000000E+0	0.000000E+0	0.000000E+0
4.306380E+1	2.621749E-2	3.800000E-1	-3.849816E-18	-6.877525E-18	5.198276E-3	0.000000E+0	2.322135E-2	-1.413729E-5	0.000000E+0	0.000000E+0	0.000000E+0
4.292800E+1	7.514626E-3	3.290000E-1	-4.316265E+17	4.857998E-18	4.512251E-3	0.000000E+0	2.329482E-2	-4.077801E-6	0.000000E+0	0.000000E+0	0.000000E+0
4.584741E+1	4.252344E-3	2.780000E-1	4.155990E+17	-4.532139E-19	3.754727E-3	0.000000E+0	2.181148E-2	-2.023013E-6	0.000000E+0	0.000000E+0	0.000000E+0
4.557779E+1	-3.127518E-2	2.280000E-1	-3.194978E-18	5.558819E-18	3.075825E-3	0.000000E+0	2.194050E-2	1.505543E-5	0.000000E+0	0.000000E+0	0.000000E+0
4.543057E+1	-1.826456E-2	1.770000E-1	-3.021231E-18	2.523250E+17	2.377033E-3	0.000000E+0	2.201161E-2	8.849379E-6	0.000000E+0	0.000000E+0	0.000000E+0
4.567909E+1	-1.131147E-2	1.270000E-1	4.697494E+17	-5.230656E+17	1.777294E-3	0.000000E+0	2.189185E-2	5.421059E-6	0.000000E+0	0.000000E+0	0.000000E+0
5.033052E+1	2.359191E-2	7.600000E-2	-4.715168E+17	-5.436513E+17	1.053476E-3	0.000000E+0	1.986866E-2	-9.313227E-6	0.000000E+0	0.000000E+0	0.000000E+0
4.866680E+1	-1.512194E-2	2.500000E-2	-3.093320E+17	4.406614E-18	3.368091E-4	0.000000E+0	2.054789E-2	6.384720E-6	0.000000E+0	0.000000E+0	0.000000E+0
5.060265E+1	5.420566E-3	-2.500000E-2	-9.427510E-19	-9.422141E-19	-3.334102E-4	0.000000E+0	1.976181E-2	-2.116889E-6	0.000000E+0	0.000000E+0	0.000000E+0
4.993195E+1	-1.060554E-2	-7.600000E-2	-4.716725E+17	-4.928293E+17	-1.020456E-3	0.000000E+0	2.002726E-2	4.253787E-6	0.000000E+0	0.000000E+0	0.000000E+0
5.299108E+1	-1.327747E-2	-1.270000E-1	-2.971689E+17	-4.901914E-18	-1.679412E-3	0.000000E+0	1.887110E-2	4.728352E-6	0.000000E+0	0.000000E+0	0.000000E+0
4.824673E+1	-1.366895E-2	-1.770000E-1	-1.478400E+17	2.700612E+17	-2.287322E-3	0.000000E+0	2.072679E-2	5.872180E-6	0.000000E+0	0.000000E+0	0.000000E+0
4.683952E+1	-2.290994E-3	-2.280000E-1	-2.726899E+17	1.903750E-18	-3.028505E-3	0.000000E+0	2.134949E-2	1.044237E-6	0.000000E+0	0.000000E+0	0.000000E+0
4.531621E+1	-4.959375E-3	-2.780000E-1	-1.696221E+17	-6.410840E-19	-3.838663E-3	0.000000E+0	2.206716E-2	2.415015E-6	0.000000E+0	0.000000E+0	0.000000E+0
4.551014E+1	7.867932E-3	-3.290000E-1	6.411590E-18	-1.599031E-19	-4.438374E-3	0.000000E+0	2.197312E-2	-3.798781E-6	0.000000E+0	0.000000E+0	0.000000E+0
4.266325E+1	-5.521685E-3	-3.800000E-1	-4.319920E+17	-4.172230E+17	-5.083540E-3	0.000000E+0	2.343938E-2	3.033638E-6	0.000000E+0	0.000000E+0	0.000000E+0
4.137579E+1	-3.714859E-3	-4.300000E-1	-5.506670E-18	3.318154E+17	-5.999419E-3	0.000000E+0	2.416872E-2	2.169950E-6	0.000000E+0	0.000000E+0	0.000000E+0
4.093667E+1	2.416900E-2	-4.810000E-1	4.410889E+17	3.939340E-18	-6.760519E-3	0.000000E+0	2.442797E-2	-1.442227E-5	0.000000E+0	0.000000E+0	0.000000E+0
4.016665E+1	-3.838727E-2	-5.320000E-1	3.271013E+17	1.849291E+17	-7.247360E-3	0.000000E+0	2.489625E-2	2.379335E-5	0.000000E+0	0.000000E+0	0.000000E+0
3.952313E+1	-2.335650E-2	-5.820000E-1	-4.775830E-18	6.138991E-18	-7.923709E-3	0.000000E+0	2.530163E-2	1.495219E-5	0.000000E+0	0.000000E+0	0.000000E+0
3.812051E+1	5.291441E-2	-6.330000E-1	-2.208677E-18	1.807661E-18	-8.831898E-3	0.000000E+0	2.623255E-2	-3.641294E-5	0.000000E+0	0.000000E+0	0.000000E+0
3.677928E+1	2.408385E-2	-6.840000E-1	-7.957818E+16	-3.372665E-18	-9.750813E-3	0.000000E+0	2.718921E-2	-1.780407E-5	0.000000E+0	0.000000E+0	0.000000E+0
3.402512E+1	1.035386E-2	-7.340000E-1	2.088242E+17	-2.195880E+17	-1.061868E-2	0.000000E+0	2.939005E-2	-8.943405E-6	0.000000E+0	0.000000E+0	0.000000E+0
3.438387E+1	1.028415E-1	-7.850000E-1	5.232691E+17	-3.553127E+17	-1.155854E-2	0.000000E+0	2.908314E-2	-8.698713E-5	0.000000E+0	0.000000E+0	0.000000E+0
3.149259E+1	7.052749E-3	-8.350000E-1	-1.183523E-18	-5.342346E-18	-1.266236E-2	0.000000E+0	3.175350E-2	-7.111180E-6	0.000000E+0	0.000000E+0	0.000000E+0
2.928903E+1	4.629195E-4	-8.860000E-1	-5.203440E-18	3.843920E-18	-1.310120E-2	0.000000E+0	3.414248E-2	-5.396293E-7	0.000000E+0	0.000000E+0	0.000000E+0
2.807959E+1	1.578102E-2	-9.370000E-1	3.723455E-18	4.245176E+17	-1.489192E-2	0.000000E+0	3.561304E-2	-2.001490E-5	0.000000E+0	0.000000E+0	0.000000E+0
2.813662E+1	2.050566E-1	-9.870000E-1	1.311717E+15	5.157902E-18	-1.585835E-2	0.000000E+0	3.553898E-2	-2.590042E-4	0.000000E+0	0.000000E+0	0.000000E+0
3.164817E+1	7.291773E-2	-1.038000E+0	-4.475620E-18	-5.687704E-18	-1.539321E-2	0.000000E+0	3.159724E-2	-7.280038E-5	0.000000E+0	0.000000E+0	0.000000E+0
2.771708E+1	7.465944E-2	-1.089000E+0	-6.256276E-18	1.400744E+17	-1.786779E-2	0.000000E+0	3.607857E-2	-9.718218E-5	0.000000E+0	0.000000E+0	0.000000E+0
2.678278E+1	1.304045E-1	-1.139000E+0	2.653475E+17	2.403843E+17	-1.770093E-2	0.000000E+0	3.733654E-2	-1.817904E-4	0.000000E+0	0.000000E+0	0.000000E+0
2.717919E+1	1.007975E-1	-1.190000E+0	-3.335094E+16	-2.240669E+17	-1.845846E-2	0.000000E+0	3.679235E-2	-1.364491E-4	0.000000E+0	0.000000E+0	0.000000E+0
2.463543E+1	9.269588E-2	-1.241000E+0	8.607211E+16	1.700546E-17	-1.964295E-2	0.000000E+0	4.059137E-2	-1.527334E-4	0.000000E+0	0.000000E+0	0.000000E+0
2.422443E+1	1.103427E-1	-1.291000E+0	2.127762E-18	3.293656E+15	-2.216454E-2	0.000000E+0	4.127978E-2	-1.880301E-4	0.000000E+0	0.000000E+0	0.000000E+0
2.300973E+1	9.037466E-2	-1.342000E+0	8.036571E+16	-5.942611E-18	-2.189602E-2	0.000000E+0	4.345921E-2	-1.706935E-4	0.000000E+0	0.000000E+0	0.000000E+0
1.174786E+1	-3.276482E-3	-1.392000E+0	-6.504745E+16	2.369911E+17	-2.351977E-2	0.000000E+0	8.512188E-2	2.374052E-5	0.000000E+0	0.000000E+0	0.000000E+0
2.186145E+1	6.557332E-2	-1.443000E+0	5.725574E-18	6.181145E-18	-2.535236E-2	0.000000E+0	4.574221E-2	-1.372035E-4	0.000000E+0	0.000000E+0	0.000000E+0
1.654617E+1	-2.804714E-1	-1.494000E+0	-2.052875E-18	3.493290E-18	-2.655115E-2	0.000000E+0	6.041959E-2	1.024162E-3	0.000000E+0	0.000000E+0	0.000000E+0
1.192342E+1	3.558282E-1	-1.544000E+0	2.907620E+17	-1.496570E-18	-4.163402E-2	0.000000E+0	8.379393E-2	-2.500645E-3	0.000000E+0	0.000000E+0	0.000000E+0
9.389427E+0	1.546152E-1	-1.595000E+0	-2.649665E-18	4.664198E-18	-4.451208E-2	0.000000E+0	1.064739E-1	-1.753300E-3	0.000000E+0	0.000000E+0	0.000000E+0
9.534706E+0	8.590050E-2	-1.646000E+0	6.288344E-18	-3.929323E-18	-4.587429E-2	0.000000E+0	1.048715E-1	-9.448129E-4	0.000000E+0	0.000000E+0	0.000000E+0
8.987675E+0	5.779200E-2	-1.696000E+0	8.250878E-19	2.835790E+17	-4.795105E-2	0.000000E+0	1.112589E-1	-7.154101E-4	0.000000E+0	0.000000E+0	0.000000E+0
8.751547E+0	5.016953E-3	-1.747000E+0	4.508571E+17	-2.686618E+17	-5.003237E-2	0.000000E+0	1.142655E-1	-6.550436E-5	0.000000E+0	0.000000E+0	0.000000E+0
8.683907E+0	1.207880E-2	-1.797000E+0	2.517955E+17	3.793721E+16	-5.189463E-2	0.000000E+0	1.151553E-1	-1.601742E-4	0.000000E+0	0.000000E+0	0.000000E+0
9.012318E+0	7.875165E-2	-1.848000E+0	-6.194310E-18	5.176240E+17	-5.282324E-2	0.000000E+0	1.109508E-1	-9.695127E-4	0.000000E+0	0.000000E+0	0.000000E+0
9.603914E+0	6.874704E-2	-1.899000E+0	-5.749716E+17	1.371841E+17	-5.369517E-2	0.000000E+0	1.041189E-1	-7.453070E-4	0.000000E+0	0.000000E+0	0.000000E+0
9.035551E+0	1.106219E-1	-1.949000E+0	-4.691027E+17	6.689522E-18	-5.448847E-2	0.000000E+0	1.106574E-1	-1.354774E-3	0.000000E+0	0.000000E+0	0.000000E+0
8.768541E+0	7.231280E-3	-2.000000E+0	-3.567381E+17	-4.286482E-18	-5.710657E-2	0.000000E+0	1.140440E-1	-9.405031E-5	0.000000E+0	0.000000E+0	0.000000E+0
