Real / Ohm	Ximag / Ohm	V_DC / V	I_a c / A	V_ac / V	I_DC / A
1.524110E+3	-5.477590E+4	2.500000E+0	-9.275714E-19	-3.780148E-18	-2.859568E-6	1.000000E+5	5.075761E-7	1.824208E-5	0.000000E+0	0.000000E+0	0.000000E+0
1.668534E+3	-5.472409E+4	2.437000E+0	-1.137863E-18	-4.188961E+17	-2.138040E-6	0.000000E+0	5.566400E-7	1.825652E-5	0.000000E+0	0.000000E+0	0.000000E+0
1.734980E+3	-5.470107E+4	2.373000E+0	6.653843E-18	-4.395667E+17	-8.781062E-7	0.000000E+0	5.792501E-7	1.826281E-5	0.000000E+0	0.000000E+0	0.000000E+0
1.811959E+3	-5.480264E+4	2.310000E+0	-3.848534E+17	-9.739225E-19	-6.673072E-7	0.000000E+0	6.026580E-7	1.822737E-5	0.000000E+0	0.000000E+0	0.000000E+0
1.772208E+3	-5.498643E+4	2.247000E+0	2.587907E+17	-4.848260E-18	-4.565372E-7	0.000000E+0	5.855348E-7	1.816743E-5	0.000000E+0	0.000000E+0	0.000000E+0
1.785071E+3	-5.521834E+4	2.184000E+0	-5.351627E-18	2.391872E+17	-2.288623E-6	0.000000E+0	5.848374E-7	1.809102E-5	0.000000E+0	0.000000E+0	0.000000E+0
1.773555E+3	-5.549870E+4	2.120000E+0	3.390598E+17	1.295985E-19	-1.028689E-6	0.000000E+0	5.752223E-7	1.800006E-5	0.000000E+0	0.000000E+0	0.000000E+0
1.796141E+3	-5.579795E+4	2.057000E+0	5.785012E-19	5.234687E+17	-5.414418E-6	0.000000E+0	5.763073E-7	1.790325E-5	0.000000E+0	0.000000E+0	0.000000E+0
1.789511E+3	-5.610721E+4	1.994000E+0	-2.714796E-18	1.441508E+17	-1.628541E-6	0.000000E+0	5.678785E-7	1.780491E-5	0.000000E+0	0.000000E+0	0.000000E+0
1.772038E+3	-5.644146E+4	1.930000E+0	-1.980656E+17	2.858813E+16	-4.965150E-6	0.000000E+0	5.557106E-7	1.770003E-5	0.000000E+0	0.000000E+0	0.000000E+0
1.752304E+3	-5.678511E+4	1.867000E+0	2.915631E-18	5.325354E+16	-1.578301E-7	0.000000E+0	5.429091E-7	1.759350E-5	0.000000E+0	0.000000E+0	0.000000E+0
1.738471E+3	-5.714820E+4	1.804000E+0	2.579781E+17	4.569569E-19	-9.684591E-7	0.000000E+0	5.318151E-7	1.748219E-5	0.000000E+0	0.000000E+0	0.000000E+0
1.736027E+3	-5.751563E+4	1.741000E+0	5.241928E+17	-4.155966E-18	-1.268396E-6	0.000000E+0	5.243113E-7	1.737075E-5	0.000000E+0	0.000000E+0	0.000000E+0
1.730522E+3	-5.791066E+4	1.677000E+0	-2.680825E+17	-5.132058E+17	-2.051383E-6	0.000000E+0	5.155520E-7	1.725257E-5	0.000000E+0	0.000000E+0	0.000000E+0
1.707085E+3	-5.831036E+4	1.614000E+0	1.676928E-18	4.035830E-18	7.130584E-7	0.000000E+0	5.016394E-7	1.713493E-5	0.000000E+0	0.000000E+0	0.000000E+0
1.701231E+3	-5.874853E+4	1.551000E+0	1.138051E+17	1.810141E+17	-9.759970E-8	0.000000E+0	4.924989E-7	1.700744E-5	0.000000E+0	0.000000E+0	0.000000E+0
1.678074E+3	-5.918713E+4	1.487000E+0	9.197504E+16	2.296609E-18	-1.391301E-6	0.000000E+0	4.786385E-7	1.688199E-5	0.000000E+0	0.000000E+0	0.000000E+0
1.667126E+3	-5.962984E+4	1.424000E+0	-5.520479E-19	1.659667E-18	-1.590379E-7	0.000000E+0	4.684916E-7	1.675703E-5	0.000000E+0	0.000000E+0	0.000000E+0
1.653424E+3	-6.010535E+4	1.361000E+0	5.318055E+17	-2.871880E+17	-9.696887E-7	0.000000E+0	4.573298E-7	1.662487E-5	0.000000E+0	0.000000E+0	0.000000E+0
1.628294E+3	-6.059860E+4	1.297000E+0	4.333500E+17	8.421242E+16	2.902379E-7	0.000000E+0	4.430923E-7	1.649013E-5	0.000000E+0	0.000000E+0	0.000000E+0
1.623781E+3	-6.110342E+4	1.234000E+0	7.433461E+16	-3.421240E+17	-3.074041E-6	0.000000E+0	4.346001E-7	1.635415E-5	0.000000E+0	0.000000E+0	0.000000E+0
1.597358E+3	-6.161573E+4	1.171000E+0	-2.798456E+17	-3.562291E+17	2.244022E-6	0.000000E+0	4.204625E-7	1.621872E-5	0.000000E+0	0.000000E+0	0.000000E+0
1.597620E+3	-6.215393E+4	1.108000E+0	3.883600E+17	-5.707470E+17	-2.652436E-6	0.000000E+0	4.132848E-7	1.607846E-5	0.000000E+0	0.000000E+0	0.000000E+0
1.603893E+3	-6.270627E+4	1.044000E+0	-5.196819E+17	1.790907E+17	-8.817879E-7	0.000000E+0	4.076331E-7	1.593694E-5	0.000000E+0	0.000000E+0	0.000000E+0
1.557287E+3	-6.326893E+4	9.810000E-1	-1.554791E+17	1.089529E+17	-2.713870E-6	0.000000E+0	3.887986E-7	1.579598E-5	0.000000E+0	0.000000E+0	0.000000E+0
1.552678E+3	-6.386711E+4	9.180000E-1	2.547933E-18	-3.215913E-19	5.053516E-8	0.000000E+0	3.804261E-7	1.564826E-5	0.000000E+0	0.000000E+0	0.000000E+0
1.584307E+3	-6.446035E+4	8.540000E-1	-6.904543E-18	-8.377323E+16	-7.324525E-7	0.000000E+0	3.810586E-7	1.550405E-5	0.000000E+0	0.000000E+0	0.000000E+0
1.567113E+3	-6.507773E+4	7.910000E-1	-4.524462E+17	2.055148E+17	-1.090302E-8	0.000000E+0	3.698143E-7	1.535733E-5	0.000000E+0	0.000000E+0	0.000000E+0
1.595395E+3	-6.570970E+4	7.280000E-1	-7.975154E-19	6.323277E-18	2.242788E-6	0.000000E+0	3.692779E-7	1.520949E-5	0.000000E+0	0.000000E+0	0.000000E+0
1.587957E+3	-6.637588E+4	6.650000E-1	3.266052E+17	-3.632521E-18	-1.121465E-6	0.000000E+0	3.602215E-7	1.505710E-5	0.000000E+0	0.000000E+0	0.000000E+0
1.622876E+3	-6.705831E+4	6.010000E-1	1.388541E-18	6.784146E-18	-3.722780E-7	0.000000E+0	3.606831E-7	1.490367E-5	0.000000E+0	0.000000E+0	0.000000E+0
1.644205E+3	-6.777994E+4	5.380000E-1	4.766215E-20	4.558806E+17	-1.182932E-6	0.000000E+0	3.576829E-7	1.474495E-5	0.000000E+0	0.000000E+0	0.000000E+0
1.713725E+3	-6.848120E+4	4.750000E-1	-3.849816E-18	-6.877525E-18	-4.614121E-7	0.000000E+0	3.651964E-7	1.459341E-5	0.000000E+0	0.000000E+0	0.000000E+0
1.789584E+3	-6.926430E+4	4.110000E-1	-4.316265E+17	4.857998E-18	1.819972E-6	0.000000E+0	3.727721E-7	1.442782E-5	0.000000E+0	0.000000E+0	0.000000E+0
1.841998E+3	-7.003902E+4	3.480000E-1	4.155990E+17	-4.532139E-19	-1.213630E-8	0.000000E+0	3.752397E-7	1.426789E-5	0.000000E+0	0.000000E+0	0.000000E+0
1.918748E+3	-7.087448E+4	2.850000E-1	-3.194978E-18	5.558819E-18	-1.844217E-6	0.000000E+0	3.816981E-7	1.409912E-5	0.000000E+0	0.000000E+0	0.000000E+0
2.049108E+3	-7.170088E+4	2.220000E-1	-3.021231E-18	2.523250E+17	1.430930E-6	0.000000E+0	3.982551E-7	1.393545E-5	0.000000E+0	0.000000E+0	0.000000E+0
2.140213E+3	-7.259494E+4	1.580000E-1	4.697494E+17	-5.230656E+17	-8.842271E-7	0.000000E+0	4.057579E-7	1.376310E-5	0.000000E+0	0.000000E+0	0.000000E+0
2.283600E+3	-7.349948E+4	9.500000E-2	-4.715168E+17	-5.436513E+17	3.412377E-6	0.000000E+0	4.223111E-7	1.359242E-5	0.000000E+0	0.000000E+0	0.000000E+0
2.418940E+3	-7.440331E+4	3.200000E-2	-3.093320E+17	4.406614E-18	4.809704E-8	0.000000E+0	4.364975E-7	1.342607E-5	0.000000E+0	0.000000E+0	0.000000E+0
2.635314E+3	-7.532995E+4	-3.200000E-2	-9.427510E-19	-9.422141E-19	-2.267061E-6	0.000000E+0	4.638375E-7	1.325871E-5	0.000000E+0	0.000000E+0	0.000000E+0
2.853380E+3	-7.623127E+4	-9.500000E-2	-4.716725E+17	-4.928293E+17	-1.034798E-6	0.000000E+0	4.903264E-7	1.309962E-5	0.000000E+0	0.000000E+0	0.000000E+0
3.126086E+3	-7.712966E+4	-1.580000E-1	-2.971689E+17	-4.901914E-18	-1.334707E-6	0.000000E+0	5.246205E-7	1.294392E-5	0.000000E+0	0.000000E+0	0.000000E+0
3.375329E+3	-7.799111E+4	-2.220000E-1	-1.478400E+17	2.700612E+17	-1.606979E-6	0.000000E+0	5.538769E-7	1.279800E-5	0.000000E+0	0.000000E+0	0.000000E+0
3.738581E+3	-7.875516E+4	-2.850000E-1	-2.726899E+17	1.903750E-18	1.359967E-7	0.000000E+0	6.014107E-7	1.266903E-5	0.000000E+0	0.000000E+0	0.000000E+0
4.041185E+3	-7.944647E+4	-3.480000E-1	-1.696221E+17	-6.410840E-19	-3.228255E-6	0.000000E+0	6.386123E-7	1.255461E-5	0.000000E+0	0.000000E+0	0.000000E+0
4.493387E+3	-7.997980E+4	-4.110000E-1	6.411590E-18	-1.599031E-19	-1.485278E-6	0.000000E+0	7.002362E-7	1.246382E-5	0.000000E+0	0.000000E+0	0.000000E+0
4.923182E+3	-8.035308E+4	-4.750000E-1	-4.319920E+17	-4.172230E+17	-1.246808E-6	0.000000E+0	7.596501E-7	1.239853E-5	0.000000E+0	0.000000E+0	0.000000E+0
5.367117E+3	-8.046428E+4	-5.380000E-1	-5.506670E-18	3.318154E+17	1.006883E-6	0.000000E+0	8.252905E-7	1.237283E-5	0.000000E+0	0.000000E+0	0.000000E+0
5.876777E+3	-8.046236E+4	-6.010000E-1	4.410889E+17	3.939340E-18	2.239143E-6	0.000000E+0	9.029072E-7	1.236223E-5	0.000000E+0	0.000000E+0	0.000000E+0
6.405387E+3	-8.021636E+4	-6.650000E-1	3.271013E+17	1.849291E+17	9.454161E-7	0.000000E+0	9.891430E-7	1.238730E-5	0.000000E+0	0.000000E+0	0.000000E+0
6.901020E+3	-7.985527E+4	-7.280000E-1	-4.775830E-18	6.138991E-18	-3.759524E-7	0.000000E+0	1.074174E-6	1.242983E-5	0.000000E+0	0.000000E+0	0.000000E+0
7.390453E+3	-7.936111E+4	-7.910000E-1	-2.208677E-18	1.807661E-18	2.388482E-6	0.000000E+0	1.163337E-6	1.249230E-5	0.000000E+0	0.000000E+0	0.000000E+0
7.880682E+3	-7.873917E+4	-8.540000E-1	-7.957818E+16	-3.372665E-18	1.067117E-6	0.000000E+0	1.258500E-6	1.257420E-5	0.000000E+0	0.000000E+0	0.000000E+0
8.377199E+3	-7.803400E+4	-9.180000E-1	2.088242E+17	-2.195880E+17	7.948438E-7	0.000000E+0	1.360049E-6	1.266892E-5	0.000000E+0	0.000000E+0	0.000000E+0
8.811055E+3	-7.729702E+4	-9.810000E-1	5.232691E+17	-3.553127E+17	1.005650E-6	0.000000E+0	1.455780E-6	1.277117E-5	0.000000E+0	0.000000E+0	0.000000E+0
9.193707E+3	-7.657194E+4	-1.044000E+0	-1.183523E-18	-5.342346E-18	-8.264324E-7	0.000000E+0	1.545736E-6	1.287402E-5	0.000000E+0	0.000000E+0	0.000000E+0
9.615773E+3	-7.580748E+4	-1.108000E+0	-5.203440E-18	3.843920E-18	-1.609413E-6	0.000000E+0	1.646752E-6	1.298243E-5	0.000000E+0	0.000000E+0	0.000000E+0
9.929883E+3	-7.506936E+4	-1.171000E+0	3.723455E-18	4.245176E+17	-8.878997E-7	0.000000E+0	1.731752E-6	1.309194E-5	0.000000E+0	0.000000E+0	0.000000E+0
1.028644E+4	-7.433527E+4	-1.234000E+0	1.311717E+15	5.157902E-18	8.550778E-7	0.000000E+0	1.826576E-6	1.319980E-5	0.000000E+0	0.000000E+0	0.000000E+0
1.056711E+4	-7.362691E+4	-1.297000E+0	-4.475620E-18	-5.687704E-18	2.087341E-6	0.000000E+0	1.909977E-6	1.330787E-5	0.000000E+0	0.000000E+0	0.000000E+0
1.087293E+4	-7.289239E+4	-1.361000E+0	-6.256276E-18	1.400744E+17	-1.249275E-6	0.000000E+0	2.001820E-6	1.342025E-5	0.000000E+0	0.000000E+0	0.000000E+0
1.111561E+4	-7.220759E+4	-1.424000E+0	2.653475E+17	2.403843E+17	4.937028E-7	0.000000E+0	2.082553E-6	1.352837E-5	0.000000E+0	0.000000E+0	0.000000E+0
1.132023E+4	-7.157681E+4	-1.487000E+0	-3.335094E+16	-2.240669E+17	7.044800E-7	0.000000E+0	2.155665E-6	1.363008E-5	0.000000E+0	0.000000E+0	0.000000E+0
1.150549E+4	-7.092948E+4	-1.551000E+0	8.607211E+16	1.700546E-17	1.964407E-6	0.000000E+0	2.228292E-6	1.373706E-5	0.000000E+0	0.000000E+0	0.000000E+0
1.168037E+4	-7.034802E+4	-1.614000E+0	2.127762E-18	3.293656E+15	-3.783935E-7	0.000000E+0	2.296900E-6	1.383367E-5	0.000000E+0	0.000000E+0	0.000000E+0
1.179877E+4	-6.978948E+4	-1.677000E+0	8.036571E+16	-5.942611E-18	8.538191E-7	0.000000E+0	2.355146E-6	1.393064E-5	0.000000E+0	0.000000E+0	0.000000E+0
1.191490E+4	-6.923230E+4	-1.741000E+0	-6.504745E+16	2.369911E+17	5.816037E-7	0.000000E+0	2.414329E-6	1.402862E-5	0.000000E+0	0.000000E+0	0.000000E+0
1.202207E+4	-6.876120E+4	-1.804000E+0	5.725574E-18	6.181145E-18	2.816669E-7	0.000000E+0	2.467264E-6	1.411171E-5	0.000000E+0	0.000000E+0	0.000000E+0
1.211137E+4	-6.829363E+4	-1.867000E+0	-2.052875E-18	3.493290E-18	3.046065E-6	0.000000E+0	2.517587E-6	1.419618E-5	0.000000E+0	0.000000E+0	0.000000E+0
1.221363E+4	-6.789450E+4	-1.930000E+0	2.907620E+17	-1.496570E-18	2.235414E-6	0.000000E+0	2.566516E-6	1.426704E-5	0.000000E+0	0.000000E+0	0.000000E+0
1.224027E+4	-6.747253E+4	-1.994000E+0	-2.649665E-18	4.664198E-18	-7.970812E-8	0.000000E+0	2.603002E-6	1.434863E-5	0.000000E+0	0.000000E+0	0.000000E+0
1.232730E+4	-6.711561E+4	-2.057000E+0	6.288344E-18	-3.929323E-18	6.418268E-7	0.000000E+0	2.647350E-6	1.441342E-5	0.000000E+0	0.000000E+0	0.000000E+0
1.235444E+4	-6.680339E+4	-2.120000E+0	8.250878E-19	2.835790E+17	8.526113E-7	0.000000E+0	2.676830E-6	1.447425E-5	0.000000E+0	0.000000E+0	0.000000E+0
1.236482E+4	-6.651247E+4	-2.184000E+0	4.508571E+17	-2.686618E+17	1.601831E-6	0.000000E+0	2.701631E-6	1.453254E-5	0.000000E+0	0.000000E+0	0.000000E+0
1.239701E+4	-6.628041E+4	-2.247000E+0	2.517955E+17	3.793721E+16	2.804591E-7	0.000000E+0	2.726548E-6	1.457744E-5	0.000000E+0	0.000000E+0	0.000000E+0
1.239784E+4	-6.606825E+4	-2.310000E+0	-6.194310E-18	5.176240E+17	1.001943E-6	0.000000E+0	2.743662E-6	1.462101E-5	0.000000E+0	0.000000E+0	0.000000E+0
1.242738E+4	-6.590094E+4	-2.373000E+0	-5.749716E+17	1.371841E+17	7.020572E-7	0.000000E+0	2.763253E-6	1.465321E-5	0.000000E+0	0.000000E+0	0.000000E+0
1.241337E+4	-6.573353E+4	-2.437000E+0	-4.691027E+17	6.689522E-18	-8.092320E-8	0.000000E+0	2.773944E-6	1.468909E-5	0.000000E+0	0.000000E+0	0.000000E+0
1.238151E+4	-6.559372E+4	-2.500000E+0	-3.567381E+17	-4.286482E-18	-1.402281E-6	0.000000E+0	2.778716E-6	1.472085E-5	0.000000E+0	0.000000E+0	0.000000E+0
