Real / Ohm	Ximag / Ohm	V_DC / V	I_a c / A	V_ac / V	I_DC / A
5.765955E+1	-1.771208E+0	2.000000E+0	-9.275714E-19	-3.780148E-18	1.937815E-2	1.000000E+7	1.732683E-2	5.322522E-4	0.000000E+0	0.000000E+0	0.000000E+0
5.749047E+1	-1.711168E+0	1.949000E+0	-1.137863E-18	-4.188961E+17	1.890254E-2	0.000000E+0	1.737879E-2	5.172689E-4	0.000000E+0	0.000000E+0	0.000000E+0
5.710361E+1	-2.251017E+0	1.899000E+0	6.653843E-18	-4.395667E+17	1.817512E-2	0.000000E+0	1.748486E-2	6.892508E-4	0.000000E+0	0.000000E+0	0.000000E+0
6.057807E+1	-2.076981E+0	1.848000E+0	-3.848534E+17	-9.739225E-19	1.793598E-2	0.000000E+0	1.648824E-2	5.653162E-4	0.000000E+0	0.000000E+0	0.000000E+0
6.033025E+1	-2.169319E+0	1.797000E+0	2.587907E+17	-4.848260E-18	1.759521E-2	0.000000E+0	1.655403E-2	5.952399E-4	0.000000E+0	0.000000E+0	0.000000E+0
5.791984E+1	-2.504745E+0	1.747000E+0	-5.351627E-18	2.391872E+17	1.627024E-2	0.000000E+0	1.723301E-2	7.452421E-4	0.000000E+0	0.000000E+0	0.000000E+0
5.679480E+1	5.478020E-1	1.696000E+0	3.390598E+17	1.295985E-19	1.619402E-2	0.000000E+0	1.760561E-2	-1.698111E-4	0.000000E+0	0.000000E+0	0.000000E+0
3.258038E+1	-2.868117E+0	1.646000E+0	5.785012E-19	5.234687E+17	1.511778E-2	0.000000E+0	3.045729E-2	2.681217E-3	0.000000E+0	0.000000E+0	0.000000E+0
6.513596E+1	-1.980455E+0	1.595000E+0	-2.714796E-18	1.441508E+17	1.504411E-2	0.000000E+0	1.533832E-2	4.663608E-4	0.000000E+0	0.000000E+0	0.000000E+0
6.290505E+1	-1.985872E+0	1.544000E+0	-1.980656E+17	2.858813E+16	1.368700E-2	0.000000E+0	1.588115E-2	5.013576E-4	0.000000E+0	0.000000E+0	0.000000E+0
6.634128E+1	-2.505781E+0	1.494000E+0	2.915631E-18	5.325354E+16	1.369042E-2	0.000000E+0	1.505210E-2	5.685338E-4	0.000000E+0	0.000000E+0	0.000000E+0
6.635182E+1	-2.607098E+0	1.443000E+0	2.579781E+17	4.569569E-19	1.246354E-2	0.000000E+0	1.504794E-2	5.912644E-4	0.000000E+0	0.000000E+0	0.000000E+0
6.926974E+1	-2.027763E+0	1.392000E+0	5.241928E+17	-4.155966E-18	1.246393E-2	0.000000E+0	1.442396E-2	4.222387E-4	0.000000E+0	0.000000E+0	0.000000E+0
6.780185E+1	-2.770552E+0	1.342000E+0	-2.680825E+17	-5.132058E+17	1.132384E-2	0.000000E+0	1.472427E-2	6.016704E-4	0.000000E+0	0.000000E+0	0.000000E+0
7.480995E+1	4.812080E+0	1.291000E+0	1.676928E-18	4.035830E-18	1.119860E-2	0.000000E+0	1.331213E-2	-8.562900E-4	0.000000E+0	0.000000E+0	0.000000E+0
7.407491E+1	-3.051895E+0	1.241000E+0	1.138051E+17	1.810141E+17	1.022654E-2	0.000000E+0	1.347697E-2	5.552528E-4	0.000000E+0	0.000000E+0	0.000000E+0
7.332501E+1	-3.513348E+0	1.190000E+0	9.197504E+16	2.296609E-18	9.959819E-3	0.000000E+0	1.360667E-2	6.519601E-4	0.000000E+0	0.000000E+0	0.000000E+0
7.156874E+1	1.285324E-1	1.139000E+0	-5.520479E-19	1.659667E-18	9.467360E-3	0.000000E+0	1.397254E-2	-2.509369E-5	0.000000E+0	0.000000E+0	0.000000E+0
2.474818E+1	-5.090179E+0	1.089000E+0	5.318055E+17	-2.871880E+17	1.544217E-2	0.000000E+0	3.876702E-2	7.973559E-3	0.000000E+0	0.000000E+0	0.000000E+0
7.711551E+1	-1.181808E+0	1.038000E+0	4.333500E+17	8.421242E+16	1.453348E-2	0.000000E+0	1.296452E-2	1.986833E-4	0.000000E+0	0.000000E+0	0.000000E+0
7.562141E+1	-3.505604E+0	9.870000E-1	7.433461E+16	-3.421240E+17	8.112017E-3	0.000000E+0	1.319541E-2	6.117036E-4	0.000000E+0	0.000000E+0	0.000000E+0
8.215038E+1	-4.152950E+0	9.370000E-1	-2.798456E+17	-3.562291E+17	7.701758E-3	0.000000E+0	1.214177E-2	6.138031E-4	0.000000E+0	0.000000E+0	0.000000E+0
8.248160E+1	-4.171040E+0	8.860000E-1	3.883600E+17	-5.707470E+17	7.282843E-3	0.000000E+0	1.209299E-2	6.115346E-4	0.000000E+0	0.000000E+0	0.000000E+0
8.366541E+1	-4.546993E+0	8.350000E-1	-5.196819E+17	1.790907E+17	6.631037E-3	0.000000E+0	1.191717E-2	6.476667E-4	0.000000E+0	0.000000E+0	0.000000E+0
8.533446E+1	-4.548717E+0	7.850000E-1	-1.554791E+17	1.089529E+17	6.339265E-3	0.000000E+0	1.168539E-2	6.228849E-4	0.000000E+0	0.000000E+0	0.000000E+0
8.988051E+1	-5.136612E+0	7.340000E-1	2.547933E-18	-3.215913E-19	5.656816E-3	0.000000E+0	1.108966E-2	6.337670E-4	0.000000E+0	0.000000E+0	0.000000E+0
8.934428E+1	-5.361359E+0	6.840000E-1	-6.904543E-18	-8.377323E+16	5.331336E-3	0.000000E+0	1.115250E-2	6.692376E-4	0.000000E+0	0.000000E+0	0.000000E+0
8.880211E+1	-5.918224E+0	6.330000E-1	-4.524462E+17	2.055148E+17	4.875137E-3	0.000000E+0	1.121120E-2	7.471712E-4	0.000000E+0	0.000000E+0	0.000000E+0
8.060388E+1	-4.190060E+0	5.820000E-1	-7.975154E-19	6.323277E-18	4.444475E-3	0.000000E+0	1.237292E-2	6.431857E-4	0.000000E+0	0.000000E+0	0.000000E+0
4.725451E+1	-7.143808E+0	5.320000E-1	3.266052E+17	-3.632521E-18	4.122571E-3	0.000000E+0	2.068916E-2	3.127731E-3	0.000000E+0	0.000000E+0	0.000000E+0
9.402760E+1	-3.069000E-1	4.810000E-1	1.388541E-18	6.784146E-18	5.509066E-3	0.000000E+0	1.063506E-2	3.471215E-5	0.000000E+0	0.000000E+0	0.000000E+0
9.518759E+1	-6.412823E+0	4.300000E-1	4.766215E-20	4.558806E+17	3.300062E-3	0.000000E+0	1.045810E-2	7.045663E-4	0.000000E+0	0.000000E+0	0.000000E+0
1.002737E+2	-6.737812E+0	3.800000E-1	-3.849816E-18	-6.877525E-18	2.866820E-3	0.000000E+0	9.927880E-3	6.670960E-4	0.000000E+0	0.000000E+0	0.000000E+0
1.010710E+2	-7.209122E+0	3.290000E-1	-4.316265E+17	4.857998E-18	2.499488E-3	0.000000E+0	9.843953E-3	7.021426E-4	0.000000E+0	0.000000E+0	0.000000E+0
1.025358E+2	-7.670830E+0	2.780000E-1	4.155990E+17	-4.532139E-19	2.060143E-3	0.000000E+0	9.698412E-3	7.255502E-4	0.000000E+0	0.000000E+0	0.000000E+0
1.047197E+2	-7.777519E+0	2.280000E-1	-3.194978E-18	5.558819E-18	1.713723E-3	0.000000E+0	9.496916E-3	7.053348E-4	0.000000E+0	0.000000E+0	0.000000E+0
1.084200E+2	-8.230793E+0	1.770000E-1	-3.021231E-18	2.523250E+17	1.339241E-3	0.000000E+0	9.170539E-3	6.961890E-4	0.000000E+0	0.000000E+0	0.000000E+0
1.080757E+2	-8.430702E+0	1.270000E-1	4.697494E+17	-5.230656E+17	9.228522E-4	0.000000E+0	9.196810E-3	7.174190E-4	0.000000E+0	0.000000E+0	0.000000E+0
1.079885E+2	-8.874741E+0	7.600000E-2	-4.715168E+17	-5.436513E+17	5.560310E-4	0.000000E+0	9.198122E-3	7.559226E-4	0.000000E+0	0.000000E+0	0.000000E+0
9.131439E+1	-9.679245E+0	2.500000E-2	-3.093320E+17	4.406614E-18	1.897205E-4	0.000000E+0	1.082950E-2	1.147917E-3	0.000000E+0	0.000000E+0	0.000000E+0
7.200223E+1	-1.278359E+1	-2.500000E-2	-9.427510E-19	-9.422141E-19	-1.812143E-4	0.000000E+0	1.346405E-2	2.390465E-3	0.000000E+0	0.000000E+0	0.000000E+0
1.072115E+2	-3.111248E+0	-7.600000E-2	-4.716725E+17	-4.928293E+17	-7.737760E-4	0.000000E+0	9.319509E-3	2.704496E-4	0.000000E+0	0.000000E+0	0.000000E+0
1.053853E+2	-7.810181E+0	-1.270000E-1	-2.971689E+17	-4.901914E-18	-9.189429E-4	0.000000E+0	9.437157E-3	6.993945E-4	0.000000E+0	0.000000E+0	0.000000E+0
1.052316E+2	-5.858715E+0	-1.770000E-1	-1.478400E+17	2.700612E+17	-1.297028E-3	0.000000E+0	9.473484E-3	5.274314E-4	0.000000E+0	0.000000E+0	0.000000E+0
1.057094E+2	-7.375675E+0	-2.280000E-1	-2.726899E+17	1.903750E-18	-1.698068E-3	0.000000E+0	9.414066E-3	6.568488E-4	0.000000E+0	0.000000E+0	0.000000E+0
1.045143E+2	-7.029800E+0	-2.780000E-1	-1.696221E+17	-6.410840E-19	-2.035805E-3	0.000000E+0	9.524977E-3	6.406652E-4	0.000000E+0	0.000000E+0	0.000000E+0
1.041195E+2	-6.854118E+0	-3.290000E-1	6.411590E-18	-1.599031E-19	-2.408245E-3	0.000000E+0	9.562908E-3	6.295199E-4	0.000000E+0	0.000000E+0	0.000000E+0
1.047454E+2	-6.689320E+0	-3.800000E-1	-4.319920E+17	-4.172230E+17	-2.864443E-3	0.000000E+0	9.508180E-3	6.072177E-4	0.000000E+0	0.000000E+0	0.000000E+0
1.029812E+2	-6.444675E+0	-4.300000E-1	-5.506670E-18	3.318154E+17	-3.136297E-3	0.000000E+0	9.672628E-3	6.053236E-4	0.000000E+0	0.000000E+0	0.000000E+0
1.000667E+2	-6.279430E+0	-4.810000E-1	4.410889E+17	3.939340E-18	-3.555723E-3	0.000000E+0	9.954136E-3	6.246464E-4	0.000000E+0	0.000000E+0	0.000000E+0
7.406616E+1	-6.378723E+0	-5.320000E-1	3.271013E+17	1.849291E+17	-4.099255E-3	0.000000E+0	1.340204E-2	1.154210E-3	0.000000E+0	0.000000E+0	0.000000E+0
4.973670E+1	-4.905703E+0	-5.820000E-1	-4.775830E-18	6.138991E-18	-4.668862E-3	0.000000E+0	1.991216E-2	1.964005E-3	0.000000E+0	0.000000E+0	0.000000E+0
9.216609E+1	-3.143974E+0	-6.330000E-1	-2.208677E-18	1.807661E-18	-7.350286E-3	0.000000E+0	1.083737E-2	3.696848E-4	0.000000E+0	0.000000E+0	0.000000E+0
9.085609E+1	-4.532894E+0	-6.840000E-1	-7.957818E+16	-3.372665E-18	-5.214558E-3	0.000000E+0	1.097909E-2	5.477568E-4	0.000000E+0	0.000000E+0	0.000000E+0
9.246057E+1	7.892609E-2	-7.340000E-1	2.088242E+17	-2.195880E+17	-5.726963E-3	0.000000E+0	1.081541E-2	-9.232241E-6	0.000000E+0	0.000000E+0	0.000000E+0
8.991324E+1	-3.991467E+0	-7.850000E-1	5.232691E+17	-3.553127E+17	-6.172947E-3	0.000000E+0	1.109996E-2	4.927541E-4	0.000000E+0	0.000000E+0	0.000000E+0
8.727715E+1	-3.674484E+0	-8.350000E-1	-1.183523E-18	-5.342346E-18	-6.633770E-3	0.000000E+0	1.143748E-2	4.815331E-4	0.000000E+0	0.000000E+0	0.000000E+0
6.962013E+1	-2.906071E+0	-8.860000E-1	-5.203440E-18	3.843920E-18	-7.138486E-3	0.000000E+0	1.433868E-2	5.985225E-4	0.000000E+0	0.000000E+0	0.000000E+0
2.656346E+1	-3.761595E+0	-9.370000E-1	3.723455E-18	4.245176E+17	-1.000735E-2	0.000000E+0	3.690564E-2	5.226129E-3	0.000000E+0	0.000000E+0	0.000000E+0
6.240074E+1	-2.839809E+0	-9.870000E-1	1.311717E+15	5.157902E-18	-1.960554E-2	0.000000E+0	1.599233E-2	7.277984E-4	0.000000E+0	0.000000E+0	0.000000E+0
6.204004E+1	-3.105326E+0	-1.038000E+0	-4.475620E-18	-5.687704E-18	-1.164755E-2	0.000000E+0	1.607834E-2	8.047785E-4	0.000000E+0	0.000000E+0	0.000000E+0
2.871148E+1	-6.522496E+0	-1.089000E+0	-6.256276E-18	1.400744E+17	-1.248475E-2	0.000000E+0	3.312002E-2	7.524000E-3	0.000000E+0	0.000000E+0	0.000000E+0
2.126189E+1	-3.447802E+0	-1.139000E+0	2.653475E+17	2.403843E+17	-1.301248E-2	0.000000E+0	4.582745E-2	7.431324E-3	0.000000E+0	0.000000E+0	0.000000E+0
5.826849E+1	-1.099930E+0	-1.190000E+0	-3.335094E+16	-2.240669E+17	-2.518674E-2	0.000000E+0	1.715582E-2	3.238492E-4	0.000000E+0	0.000000E+0	0.000000E+0
5.555597E+1	-3.002930E+0	-1.241000E+0	8.607211E+16	1.700546E-17	-1.430026E-2	0.000000E+0	1.794743E-2	9.701005E-4	0.000000E+0	0.000000E+0	0.000000E+0
3.523686E+1	-1.862049E-1	-1.291000E+0	2.127762E-18	3.293656E+15	-1.513442E-2	0.000000E+0	2.837858E-2	1.499632E-4	0.000000E+0	0.000000E+0	0.000000E+0
5.684192E+1	-2.710560E+0	-1.342000E+0	8.036571E+16	-5.942611E-18	-1.563147E-2	0.000000E+0	1.755274E-2	8.370186E-4	0.000000E+0	0.000000E+0	0.000000E+0
5.740583E+1	-2.648096E+0	-1.392000E+0	-6.504745E+16	2.369911E+17	-1.606829E-2	0.000000E+0	1.738284E-2	8.018600E-4	0.000000E+0	0.000000E+0	0.000000E+0
5.352349E+1	-1.921268E+0	-1.443000E+0	5.725574E-18	6.181145E-18	-1.638200E-2	0.000000E+0	1.865934E-2	6.697919E-4	0.000000E+0	0.000000E+0	0.000000E+0
1.905493E+1	-3.495127E+0	-1.494000E+0	-2.052875E-18	3.493290E-18	-1.799346E-2	0.000000E+0	5.077168E-2	9.312733E-3	0.000000E+0	0.000000E+0	0.000000E+0
1.805576E+1	-4.278825E+0	-1.544000E+0	2.907620E+17	-1.496570E-18	-3.273720E-2	0.000000E+0	5.243907E-2	1.242693E-2	0.000000E+0	0.000000E+0	0.000000E+0
2.027720E+1	-1.066567E+0	-1.595000E+0	-2.649665E-18	4.664198E-18	-3.329350E-2	0.000000E+0	4.918041E-2	2.586856E-3	0.000000E+0	0.000000E+0	0.000000E+0
3.727085E+1	-3.609629E+0	-1.646000E+0	6.288344E-18	-3.929323E-18	-3.330435E-2	0.000000E+0	2.658130E-2	2.574361E-3	0.000000E+0	0.000000E+0	0.000000E+0
5.166292E+1	2.219982E-1	-1.696000E+0	8.250878E-19	2.835790E+17	-1.895416E-2	0.000000E+0	1.935588E-2	-8.317322E-5	0.000000E+0	0.000000E+0	0.000000E+0
5.800517E+1	2.876593E+0	-1.747000E+0	4.508571E+17	-2.686618E+17	-3.600482E-2	0.000000E+0	1.719755E-2	-8.528610E-4	0.000000E+0	0.000000E+0	0.000000E+0
5.313410E+1	-2.707937E+0	-1.797000E+0	2.517955E+17	3.793721E+16	-2.079661E-2	0.000000E+0	1.877155E-2	9.566770E-4	0.000000E+0	0.000000E+0	0.000000E+0
5.841427E+1	7.590599E-1	-1.848000E+0	-6.194310E-18	5.176240E+17	-2.203166E-2	0.000000E+0	1.711621E-2	-2.224154E-4	0.000000E+0	0.000000E+0	0.000000E+0
5.651695E+1	-2.206959E+0	-1.899000E+0	-5.749716E+17	1.371841E+17	-2.222841E-2	0.000000E+0	1.766687E-2	6.898824E-4	0.000000E+0	0.000000E+0	0.000000E+0
5.646646E+1	-2.046532E+0	-1.949000E+0	-4.691027E+17	6.689522E-18	-2.245379E-2	0.000000E+0	1.768640E-2	6.410137E-4	0.000000E+0	0.000000E+0	0.000000E+0
5.397321E+1	6.734447E-1	-2.000000E+0	-3.567381E+17	-4.286482E-18	-2.318272E-2	0.000000E+0	1.852483E-2	-2.311415E-4	0.000000E+0	0.000000E+0	0.000000E+0
