Real / Ohm	Ximag / Ohm	V_DC / V	I_a c / A	V_ac / V	I_DC / A
2.008593E+1	7.594109E-3	2.000000E+0	-9.275714E-19	-3.780148E-18	4.355533E-2	1.000000E+6	4.978609E-2	-1.882317E-5	0.000000E+0	0.000000E+0	0.000000E+0
2.024333E+1	4.161835E-3	1.949000E+0	-1.137863E-18	-4.188961E+17	4.442445E-2	0.000000E+0	4.939899E-2	-1.015596E-5	0.000000E+0	0.000000E+0	0.000000E+0
2.066548E+1	-1.302767E-1	1.899000E+0	6.653843E-18	-4.395667E+17	4.265056E-2	0.000000E+0	4.838795E-2	3.050412E-4	0.000000E+0	0.000000E+0	0.000000E+0
2.069609E+1	-1.680603E-1	1.848000E+0	-3.848534E+17	-9.739225E-19	4.182919E-2	0.000000E+0	4.831512E-2	3.923376E-4	0.000000E+0	0.000000E+0	0.000000E+0
2.070853E+1	-1.642075E-1	1.797000E+0	2.587907E+17	-4.848260E-18	4.044808E-2	0.000000E+0	4.828624E-2	3.828839E-4	0.000000E+0	0.000000E+0	0.000000E+0
2.064028E+1	-1.756268E-1	1.747000E+0	-5.351627E-18	2.391872E+17	3.981258E-2	0.000000E+0	4.844545E-2	4.122192E-4	0.000000E+0	0.000000E+0	0.000000E+0
2.051139E+1	-1.949730E-1	1.696000E+0	3.390598E+17	1.295985E-19	3.842432E-2	0.000000E+0	4.874900E-2	4.633883E-4	0.000000E+0	0.000000E+0	0.000000E+0
2.036234E+1	-1.845169E-1	1.646000E+0	5.785012E-19	5.234687E+17	3.748903E-2	0.000000E+0	4.910624E-2	4.449847E-4	0.000000E+0	0.000000E+0	0.000000E+0
2.027990E+1	-1.604252E-1	1.595000E+0	-2.714796E-18	1.441508E+17	3.608902E-2	0.000000E+0	4.930682E-2	3.900442E-4	0.000000E+0	0.000000E+0	0.000000E+0
2.015805E+1	-1.848745E-1	1.544000E+0	-1.980656E+17	2.858813E+16	3.520942E-2	0.000000E+0	4.960380E-2	4.549288E-4	0.000000E+0	0.000000E+0	0.000000E+0
2.002742E+1	-1.705265E-1	1.494000E+0	2.915631E-18	5.325354E+16	3.393809E-2	0.000000E+0	4.992792E-2	4.251189E-4	0.000000E+0	0.000000E+0	0.000000E+0
1.989933E+1	-1.623478E-1	1.443000E+0	2.579781E+17	4.569569E-19	3.319179E-2	0.000000E+0	5.024960E-2	4.099592E-4	0.000000E+0	0.000000E+0	0.000000E+0
1.977026E+1	-2.728024E-1	1.392000E+0	5.241928E+17	-4.155966E-18	3.131783E-2	0.000000E+0	5.057140E-2	6.978157E-4	0.000000E+0	0.000000E+0	0.000000E+0
1.939092E+1	-1.293993E-1	1.342000E+0	-2.680825E+17	-5.132058E+17	3.114812E-2	0.000000E+0	5.156823E-2	3.441246E-4	0.000000E+0	0.000000E+0	0.000000E+0
1.925114E+1	-1.274757E-1	1.291000E+0	1.676928E-18	4.035830E-18	2.940949E-2	0.000000E+0	5.194270E-2	3.439501E-4	0.000000E+0	0.000000E+0	0.000000E+0
1.907460E+1	-1.262608E-1	1.241000E+0	1.138051E+17	1.810141E+17	2.853039E-2	0.000000E+0	5.242344E-2	3.470073E-4	0.000000E+0	0.000000E+0	0.000000E+0
1.888153E+1	-1.130524E-1	1.190000E+0	9.197504E+16	2.296609E-18	2.723201E-2	0.000000E+0	5.295991E-2	3.170953E-4	0.000000E+0	0.000000E+0	0.000000E+0
1.869421E+1	-1.187725E-1	1.139000E+0	-5.520479E-19	1.659667E-18	2.631565E-2	0.000000E+0	5.349034E-2	3.398475E-4	0.000000E+0	0.000000E+0	0.000000E+0
1.842632E+1	-1.237478E-1	1.089000E+0	5.318055E+17	-2.871880E+17	2.497076E-2	0.000000E+0	5.426775E-2	3.644523E-4	0.000000E+0	0.000000E+0	0.000000E+0
1.824860E+1	-7.513618E-2	1.038000E+0	4.333500E+17	8.421242E+16	2.432304E-2	0.000000E+0	5.479780E-2	2.256226E-4	0.000000E+0	0.000000E+0	0.000000E+0
1.819339E+1	-8.677578E-2	9.870000E-1	7.433461E+16	-3.421240E+17	2.268911E-2	0.000000E+0	5.496377E-2	2.621570E-4	0.000000E+0	0.000000E+0	0.000000E+0
1.803646E+1	-9.231758E-2	9.370000E-1	-2.798456E+17	-3.562291E+17	2.172063E-2	0.000000E+0	5.544180E-2	2.837726E-4	0.000000E+0	0.000000E+0	0.000000E+0
1.785448E+1	-7.493496E-2	8.860000E-1	3.883600E+17	-5.707470E+17	2.044880E-2	0.000000E+0	5.600737E-2	2.350620E-4	0.000000E+0	0.000000E+0	0.000000E+0
1.772213E+1	-1.260958E-1	8.350000E-1	-5.196819E+17	1.790907E+17	1.952529E-2	0.000000E+0	5.642377E-2	4.014642E-4	0.000000E+0	0.000000E+0	0.000000E+0
1.738557E+1	-4.933834E-2	7.850000E-1	-1.554791E+17	1.089529E+17	1.810431E-2	0.000000E+0	5.751850E-2	1.632312E-4	0.000000E+0	0.000000E+0	0.000000E+0
1.734686E+1	-5.174446E-2	7.340000E-1	2.547933E-18	-3.215913E-19	1.717211E-2	0.000000E+0	5.764681E-2	1.719564E-4	0.000000E+0	0.000000E+0	0.000000E+0
1.720675E+1	-5.471420E-2	6.840000E-1	-6.904543E-18	-8.377323E+16	1.585992E-2	0.000000E+0	5.811614E-2	1.847983E-4	0.000000E+0	0.000000E+0	0.000000E+0
1.705521E+1	-3.225422E-2	6.330000E-1	-4.524462E+17	2.055148E+17	1.480311E-2	0.000000E+0	5.863290E-2	1.108845E-4	0.000000E+0	0.000000E+0	0.000000E+0
1.692602E+1	-4.240608E-2	5.820000E-1	-7.975154E-19	6.323277E-18	1.357163E-2	0.000000E+0	5.908026E-2	1.480184E-4	0.000000E+0	0.000000E+0	0.000000E+0
1.674791E+1	-6.073952E-2	5.320000E-1	3.266052E+17	-3.632521E-18	1.248466E-2	0.000000E+0	5.970816E-2	2.165431E-4	0.000000E+0	0.000000E+0	0.000000E+0
1.651910E+1	2.266407E-2	4.810000E-1	1.388541E-18	6.784146E-18	1.108618E-2	0.000000E+0	6.053587E-2	-8.305472E-5	0.000000E+0	0.000000E+0	0.000000E+0
1.665998E+1	-6.789207E-3	4.300000E-1	4.766215E-20	4.558806E+17	1.014326E-2	0.000000E+0	6.002407E-2	2.446076E-5	0.000000E+0	0.000000E+0	0.000000E+0
1.649908E+1	-9.069443E-4	3.800000E-1	-3.849816E-18	-6.877525E-18	8.896429E-3	0.000000E+0	6.060944E-2	3.331664E-6	0.000000E+0	0.000000E+0	0.000000E+0
1.640780E+1	-2.791023E-2	3.290000E-1	-4.316265E+17	4.857998E-18	7.726240E-3	0.000000E+0	6.094645E-2	1.036720E-4	0.000000E+0	0.000000E+0	0.000000E+0
1.634551E+1	1.152134E-2	2.780000E-1	4.155990E+17	-4.532139E-19	6.462586E-3	0.000000E+0	6.117885E-2	-4.312269E-5	0.000000E+0	0.000000E+0	0.000000E+0
1.641027E+1	1.420212E-2	2.280000E-1	-3.194978E-18	5.558819E-18	5.358251E-3	0.000000E+0	6.093740E-2	-5.273773E-5	0.000000E+0	0.000000E+0	0.000000E+0
1.638401E+1	1.848125E-2	1.770000E-1	-3.021231E-18	2.523250E+17	4.128306E-3	0.000000E+0	6.103504E-2	-6.884785E-5	0.000000E+0	0.000000E+0	0.000000E+0
1.640196E+1	9.348869E-3	1.270000E-1	4.697494E+17	-5.230656E+17	2.965749E-3	0.000000E+0	6.096830E-2	-3.475101E-5	0.000000E+0	0.000000E+0	0.000000E+0
1.633673E+1	1.202869E-2	7.600000E-2	-4.715168E+17	-5.436513E+17	1.780237E-3	0.000000E+0	6.121173E-2	-4.507003E-5	0.000000E+0	0.000000E+0	0.000000E+0
1.633265E+1	-8.009911E-3	2.500000E-2	-3.093320E+17	4.406614E-18	5.865532E-4	0.000000E+0	6.122704E-2	3.002716E-5	0.000000E+0	0.000000E+0	0.000000E+0
1.628630E+1	-7.591248E-3	-2.500000E-2	-9.427510E-19	-9.422141E-19	-6.015406E-4	0.000000E+0	6.140129E-2	2.861991E-5	0.000000E+0	0.000000E+0	0.000000E+0
1.622359E+1	4.571724E-2	-7.600000E-2	-4.716725E+17	-4.928293E+17	-1.815143E-3	0.000000E+0	6.163815E-2	-1.736931E-4	0.000000E+0	0.000000E+0	0.000000E+0
1.646844E+1	1.011181E-2	-1.270000E-1	-2.971689E+17	-4.901914E-18	-2.983802E-3	0.000000E+0	6.072218E-2	-3.728411E-5	0.000000E+0	0.000000E+0	0.000000E+0
1.642499E+1	8.676529E-3	-1.770000E-1	-1.478400E+17	2.700612E+17	-4.139720E-3	0.000000E+0	6.088282E-2	-3.216145E-5	0.000000E+0	0.000000E+0	0.000000E+0
1.639849E+1	-2.696037E-2	-2.280000E-1	-2.726899E+17	1.903750E-18	-5.347193E-3	0.000000E+0	6.098106E-2	1.002575E-4	0.000000E+0	0.000000E+0	0.000000E+0
1.647599E+1	-1.516438E-2	-2.780000E-1	-1.696221E+17	-6.410840E-19	-6.466340E-3	0.000000E+0	6.069433E-2	5.586261E-5	0.000000E+0	0.000000E+0	0.000000E+0
1.649343E+1	1.894379E-2	-3.290000E-1	6.411590E-18	-1.599031E-19	-7.797410E-3	0.000000E+0	6.063012E-2	-6.963769E-5	0.000000E+0	0.000000E+0	0.000000E+0
1.656129E+1	2.334595E-2	-3.800000E-1	-4.319920E+17	-4.172230E+17	-8.824088E-3	0.000000E+0	6.038165E-2	-8.511819E-5	0.000000E+0	0.000000E+0	0.000000E+0
1.667516E+1	-2.479553E-4	-4.300000E-1	-5.506670E-18	3.318154E+17	-1.006428E-2	0.000000E+0	5.996944E-2	8.917300E-7	0.000000E+0	0.000000E+0	0.000000E+0
1.671085E+1	2.061844E-3	-4.810000E-1	4.410889E+17	3.939340E-18	-1.122272E-2	0.000000E+0	5.984136E-2	-7.383439E-6	0.000000E+0	0.000000E+0	0.000000E+0
1.678250E+1	-1.895237E-2	-5.320000E-1	3.271013E+17	1.849291E+17	-1.241385E-2	0.000000E+0	5.958580E-2	6.728987E-5	0.000000E+0	0.000000E+0	0.000000E+0
1.673369E+1	-2.309704E-2	-5.820000E-1	-4.775830E-18	6.138991E-18	-1.355598E-2	0.000000E+0	5.975957E-2	8.248445E-5	0.000000E+0	0.000000E+0	0.000000E+0
1.675907E+1	-1.103306E-2	-6.330000E-1	-2.208677E-18	1.807661E-18	-1.450962E-2	0.000000E+0	5.966916E-2	3.928221E-5	0.000000E+0	0.000000E+0	0.000000E+0
1.698867E+1	-1.224041E-2	-6.840000E-1	-7.957818E+16	-3.372665E-18	-1.608226E-2	0.000000E+0	5.886273E-2	4.241085E-5	0.000000E+0	0.000000E+0	0.000000E+0
1.703925E+1	-1.619625E-2	-7.340000E-1	2.088242E+17	-2.195880E+17	-1.719630E-2	0.000000E+0	5.868798E-2	5.578445E-5	0.000000E+0	0.000000E+0	0.000000E+0
1.709634E+1	-4.544449E-2	-7.850000E-1	5.232691E+17	-3.553127E+17	-1.828580E-2	0.000000E+0	5.849164E-2	1.554790E-4	0.000000E+0	0.000000E+0	0.000000E+0
1.709253E+1	-1.523685E-2	-8.350000E-1	-1.183523E-18	-5.342346E-18	-1.952905E-2	0.000000E+0	5.850504E-2	5.215334E-5	0.000000E+0	0.000000E+0	0.000000E+0
1.707518E+1	-4.556179E-2	-8.860000E-1	-5.203440E-18	3.843920E-18	-2.048831E-2	0.000000E+0	5.856412E-2	1.562669E-4	0.000000E+0	0.000000E+0	0.000000E+0
1.724228E+1	-1.803780E-2	-9.370000E-1	3.723455E-18	4.245176E+17	-2.193532E-2	0.000000E+0	5.799691E-2	6.067275E-5	0.000000E+0	0.000000E+0	0.000000E+0
1.737426E+1	-4.726028E-2	-9.870000E-1	1.311717E+15	5.157902E-18	-2.293035E-2	0.000000E+0	5.755598E-2	1.565599E-4	0.000000E+0	0.000000E+0	0.000000E+0
1.750354E+1	-3.535366E-2	-1.038000E+0	-4.475620E-18	-5.687704E-18	-2.428135E-2	0.000000E+0	5.713107E-2	1.153934E-4	0.000000E+0	0.000000E+0	0.000000E+0
1.763067E+1	-5.322266E-2	-1.089000E+0	-6.256276E-18	1.400744E+17	-2.537646E-2	0.000000E+0	5.671883E-2	1.712202E-4	0.000000E+0	0.000000E+0	0.000000E+0
1.770135E+1	-2.888870E-2	-1.139000E+0	2.653475E+17	2.403843E+17	-2.661971E-2	0.000000E+0	5.649272E-2	9.219642E-5	0.000000E+0	0.000000E+0	0.000000E+0
1.774170E+1	-2.417278E-2	-1.190000E+0	-3.335094E+16	-2.240669E+17	-2.751717E-2	0.000000E+0	5.636428E-2	7.679542E-5	0.000000E+0	0.000000E+0	0.000000E+0
1.799967E+1	-1.901436E-2	-1.241000E+0	8.607211E+16	1.700546E-17	-2.857092E-2	0.000000E+0	5.555651E-2	5.868838E-5	0.000000E+0	0.000000E+0	0.000000E+0
1.806010E+1	-1.768112E-2	-1.291000E+0	2.127762E-18	3.293656E+15	-2.985146E-2	0.000000E+0	5.537063E-2	5.420871E-5	0.000000E+0	0.000000E+0	0.000000E+0
1.805608E+1	-3.181362E-2	-1.342000E+0	8.036571E+16	-5.942611E-18	-3.110387E-2	0.000000E+0	5.538283E-2	9.758090E-5	0.000000E+0	0.000000E+0	0.000000E+0
1.824825E+1	5.681133E-2	-1.392000E+0	-6.504745E+16	2.369911E+17	-3.184304E-2	0.000000E+0	5.479924E-2	-1.706036E-4	0.000000E+0	0.000000E+0	0.000000E+0
1.791488E+1	1.366234E-2	-1.443000E+0	5.725574E-18	6.181145E-18	-3.370424E-2	0.000000E+0	5.581949E-2	-4.256935E-5	0.000000E+0	0.000000E+0	0.000000E+0
1.802679E+1	2.933979E-2	-1.494000E+0	-2.052875E-18	3.493290E-18	-3.439844E-2	0.000000E+0	5.547285E-2	-9.028572E-5	0.000000E+0	0.000000E+0	0.000000E+0
1.806934E+1	3.246593E-2	-1.544000E+0	2.907620E+17	-1.496570E-18	-3.552729E-2	0.000000E+0	5.534219E-2	-9.943559E-5	0.000000E+0	0.000000E+0	0.000000E+0
1.801438E+1	7.442379E-2	-1.595000E+0	-2.649665E-18	4.664198E-18	-3.676490E-2	0.000000E+0	5.551026E-2	-2.293326E-4	0.000000E+0	0.000000E+0	0.000000E+0
1.793233E+1	8.202934E-2	-1.646000E+0	6.288344E-18	-3.929323E-18	-3.799586E-2	0.000000E+0	5.576403E-2	-2.550860E-4	0.000000E+0	0.000000E+0	0.000000E+0
1.786134E+1	1.231842E-1	-1.696000E+0	8.250878E-19	2.835790E+17	-3.885250E-2	0.000000E+0	5.598418E-2	-3.861058E-4	0.000000E+0	0.000000E+0	0.000000E+0
1.764098E+1	1.694126E-1	-1.747000E+0	4.508571E+17	-2.686618E+17	-4.076222E-2	0.000000E+0	5.668097E-2	-5.443275E-4	0.000000E+0	0.000000E+0	0.000000E+0
1.754053E+1	2.447720E-1	-1.797000E+0	2.517955E+17	3.793721E+16	-4.154939E-2	0.000000E+0	5.699972E-2	-7.954113E-4	0.000000E+0	0.000000E+0	0.000000E+0
1.744444E+1	2.267742E-1	-1.848000E+0	-6.194310E-18	5.176240E+17	-4.259700E-2	0.000000E+0	5.731517E-2	-7.450856E-4	0.000000E+0	0.000000E+0	0.000000E+0
1.725943E+1	2.688017E-1	-1.899000E+0	-5.749716E+17	1.371841E+17	-4.368548E-2	0.000000E+0	5.792529E-2	-9.021397E-4	0.000000E+0	0.000000E+0	0.000000E+0
1.717993E+1	4.771891E-1	-1.949000E+0	-4.691027E+17	6.689522E-18	-4.531229E-2	0.000000E+0	5.816258E-2	-1.615522E-3	0.000000E+0	0.000000E+0	0.000000E+0
1.663930E+1	3.711958E-1	-2.000000E+0	-3.567381E+17	-4.286482E-18	-4.578075E-2	0.000000E+0	6.006879E-2	-1.340037E-3	0.000000E+0	0.000000E+0	0.000000E+0
