Real / Ohm	Ximag / Ohm	V_DC / V	I_a c / A	V_ac / V	I_DC / A
2.172744E+1	-1.193823E+0	-2.000000E+0	-3.567381E+17	-4.286482E-18	-3.387219E-2	1.000000E+7	4.588622E-2	2.521237E-3	0.000000E+0	0.000000E+0	0.000000E+0
1.871129E+1	-1.882273E+0	-1.949000E+0	-4.691027E+17	6.689522E-18	-4.249921E-2	0.000000E+0	5.290827E-2	5.322338E-3	0.000000E+0	0.000000E+0	0.000000E+0
1.889330E+1	-2.004380E+0	-1.899000E+0	-5.749716E+17	1.371841E+17	-4.061041E-2	0.000000E+0	5.233973E-2	5.552694E-3	0.000000E+0	0.000000E+0	0.000000E+0
2.008654E+1	-1.545938E+0	-1.848000E+0	-6.194310E-18	5.176240E+17	-3.957964E-2	0.000000E+0	4.949142E-2	3.809052E-3	0.000000E+0	0.000000E+0	0.000000E+0
2.163300E+1	-2.378216E+0	-1.797000E+0	2.517955E+17	3.793721E+16	-3.861426E-2	0.000000E+0	4.567368E-2	5.021119E-3	0.000000E+0	0.000000E+0	0.000000E+0
2.947683E+1	8.995056E-3	-1.747000E+0	4.508571E+17	-2.686618E+17	-3.641697E-2	0.000000E+0	3.392495E-2	-1.035243E-5	0.000000E+0	0.000000E+0	0.000000E+0
3.093367E+1	-6.826963E-1	-1.696000E+0	8.250878E-19	2.835790E+17	-2.700369E-2	0.000000E+0	3.231150E-2	7.131045E-4	0.000000E+0	0.000000E+0	0.000000E+0
3.546251E+1	-1.236098E+0	-1.646000E+0	6.288344E-18	-3.929323E-18	-2.564756E-2	0.000000E+0	2.816457E-2	9.817177E-4	0.000000E+0	0.000000E+0	0.000000E+0
3.487805E+1	-1.775450E+0	-1.595000E+0	-2.649665E-18	4.664198E-18	-2.382160E-2	0.000000E+0	2.859722E-2	1.455728E-3	0.000000E+0	0.000000E+0	0.000000E+0
3.910651E+1	-6.198788E-1	-1.544000E+0	2.907620E+17	-1.496570E-18	-2.339707E-2	0.000000E+0	2.556477E-2	4.052281E-4	0.000000E+0	0.000000E+0	0.000000E+0
2.411977E+1	-2.949049E+0	-1.494000E+0	-2.052875E-18	3.493290E-18	-2.209610E-2	0.000000E+0	4.084910E-2	4.994492E-3	0.000000E+0	0.000000E+0	0.000000E+0
3.714656E+1	-1.434839E+0	-1.443000E+0	5.725574E-18	6.181145E-18	-2.178700E-2	0.000000E+0	2.688029E-2	1.038290E-3	0.000000E+0	0.000000E+0	0.000000E+0
3.523033E+1	-1.461152E+0	-1.392000E+0	-6.504745E+16	2.369911E+17	-1.710404E-2	0.000000E+0	2.833589E-2	1.175210E-3	0.000000E+0	0.000000E+0	0.000000E+0
3.631569E+1	-1.767666E+0	-1.342000E+0	8.036571E+16	-5.942611E-18	-2.013811E-2	0.000000E+0	2.747122E-2	1.337162E-3	0.000000E+0	0.000000E+0	0.000000E+0
2.459925E+1	-2.211000E+0	-1.291000E+0	2.127762E-18	3.293656E+15	-1.850827E-2	0.000000E+0	4.032587E-2	3.624521E-3	0.000000E+0	0.000000E+0	0.000000E+0
3.416602E+1	-1.058142E+0	-1.241000E+0	8.607211E+16	1.700546E-17	-2.910156E-2	0.000000E+0	2.924080E-2	9.056050E-4	0.000000E+0	0.000000E+0	0.000000E+0
3.903101E+1	-1.306881E+0	-1.190000E+0	-3.335094E+16	-2.240669E+17	-1.484610E-2	0.000000E+0	2.559196E-2	8.568994E-4	0.000000E+0	0.000000E+0	0.000000E+0
4.011657E+1	-2.886436E+0	-1.139000E+0	2.653475E+17	2.403843E+17	-1.594404E-2	0.000000E+0	2.479897E-2	1.784316E-3	0.000000E+0	0.000000E+0	0.000000E+0
4.164738E+1	-2.375853E+0	-1.089000E+0	-6.256276E-18	1.400744E+17	-1.485196E-2	0.000000E+0	2.393323E-2	1.365316E-3	0.000000E+0	0.000000E+0	0.000000E+0
4.184116E+1	-2.734444E+0	-1.038000E+0	-4.475620E-18	-5.687704E-18	-1.482783E-2	0.000000E+0	2.379827E-2	1.555287E-3	0.000000E+0	0.000000E+0	0.000000E+0
4.068505E+1	-2.895937E+0	-9.870000E-1	1.311717E+15	5.157902E-18	-1.303303E-2	0.000000E+0	2.445515E-2	1.740703E-3	0.000000E+0	0.000000E+0	0.000000E+0
3.640562E+1	-2.626280E+0	-9.370000E-1	3.723455E-18	4.245176E+17	-1.276679E-2	0.000000E+0	2.732608E-2	1.971287E-3	0.000000E+0	0.000000E+0	0.000000E+0
4.627077E+1	-1.896826E+0	-8.860000E-1	-5.203440E-18	3.843920E-18	-1.123654E-2	0.000000E+0	2.157566E-2	8.844735E-4	0.000000E+0	0.000000E+0	0.000000E+0
4.295300E+1	-3.013256E+0	-8.350000E-1	-1.183523E-18	-5.342346E-18	-1.233805E-2	0.000000E+0	2.316725E-2	1.625238E-3	0.000000E+0	0.000000E+0	0.000000E+0
4.245910E+1	-3.024261E+0	-7.850000E-1	5.232691E+17	-3.553127E+17	-1.029501E-2	0.000000E+0	2.343319E-2	1.669091E-3	0.000000E+0	0.000000E+0	0.000000E+0
2.968538E+1	-5.137945E+0	-7.340000E-1	2.088242E+17	-2.195880E+17	-1.071981E-2	0.000000E+0	3.270683E-2	5.660897E-3	0.000000E+0	0.000000E+0	0.000000E+0
3.561200E+1	-1.390604E+0	-6.840000E-1	-7.957818E+16	-3.372665E-18	-1.489228E-2	0.000000E+0	2.803767E-2	1.094836E-3	0.000000E+0	0.000000E+0	0.000000E+0
3.903249E+1	-2.915445E+0	-6.330000E-1	-2.208677E-18	1.807661E-18	-9.137822E-3	0.000000E+0	2.547754E-2	1.902988E-3	0.000000E+0	0.000000E+0	0.000000E+0
4.132650E+1	-3.089771E+0	-5.820000E-1	-4.775830E-18	6.138991E-18	-7.083056E-3	0.000000E+0	2.406304E-2	1.799071E-3	0.000000E+0	0.000000E+0	0.000000E+0
4.250432E+1	-3.154840E+0	-5.320000E-1	3.271013E+17	1.849291E+17	-8.055840E-3	0.000000E+0	2.339812E-2	1.736701E-3	0.000000E+0	0.000000E+0	0.000000E+0
4.047544E+1	-3.639437E+0	-4.810000E-1	4.410889E+17	3.939340E-18	-5.765118E-3	0.000000E+0	2.450819E-2	2.203707E-3	0.000000E+0	0.000000E+0	0.000000E+0
4.533357E+1	-2.936251E+0	-4.300000E-1	-5.506670E-18	3.318154E+17	-6.487671E-3	0.000000E+0	2.196656E-2	1.422772E-3	0.000000E+0	0.000000E+0	0.000000E+0
3.645032E+1	-4.276587E+0	-3.800000E-1	-4.319920E+17	-4.172230E+17	-4.595288E-3	0.000000E+0	2.706208E-2	3.175098E-3	0.000000E+0	0.000000E+0	0.000000E+0
4.535867E+1	-2.082731E+0	-3.290000E-1	6.411590E-18	-1.599031E-19	-5.260641E-3	0.000000E+0	2.200012E-2	1.010178E-3	0.000000E+0	0.000000E+0	0.000000E+0
4.433647E+1	-3.237101E+0	-2.780000E-1	-1.696221E+17	-6.410840E-19	-3.501074E-3	0.000000E+0	2.243520E-2	1.638042E-3	0.000000E+0	0.000000E+0	0.000000E+0
4.693314E+1	-3.186766E+0	-2.280000E-1	-2.726899E+17	1.903750E-18	-3.440148E-3	0.000000E+0	2.120912E-2	1.440102E-3	0.000000E+0	0.000000E+0	0.000000E+0
4.006583E+1	-3.942438E+0	-1.770000E-1	-1.478400E+17	2.700612E+17	-2.287833E-3	0.000000E+0	2.471958E-2	2.432382E-3	0.000000E+0	0.000000E+0	0.000000E+0
3.960617E+1	-6.362534E-1	-1.270000E-1	-2.971689E+17	-4.901914E-18	-2.691667E-3	0.000000E+0	2.524208E-2	4.055014E-4	0.000000E+0	0.000000E+0	0.000000E+0
3.793320E+1	-5.074732E+0	-7.600000E-2	-4.716725E+17	-4.928293E+17	-9.688727E-4	0.000000E+0	2.589862E-2	3.464736E-3	0.000000E+0	0.000000E+0	0.000000E+0
5.058493E+1	-2.778837E+0	-2.500000E-2	-9.427510E-19	-9.422141E-19	-3.553714E-4	0.000000E+0	1.970926E-2	1.082710E-3	0.000000E+0	0.000000E+0	0.000000E+0
4.477029E+1	-3.571402E+0	2.500000E-2	-3.093320E+17	4.406614E-18	3.276161E-4	0.000000E+0	2.219500E-2	1.770533E-3	0.000000E+0	0.000000E+0	0.000000E+0
4.339094E+1	-3.700327E+0	7.600000E-2	-4.715168E+17	-5.436513E+17	1.179626E-3	0.000000E+0	2.287989E-2	1.951170E-3	0.000000E+0	0.000000E+0	0.000000E+0
4.680701E+1	-3.186064E+0	1.270000E-1	4.697494E+17	-5.230656E+17	1.940215E-3	0.000000E+0	2.126579E-2	1.447522E-3	0.000000E+0	0.000000E+0	0.000000E+0
3.995349E+1	-4.757912E+0	1.770000E-1	-3.021231E-18	2.523250E+17	2.825960E-3	0.000000E+0	2.467911E-2	2.938944E-3	0.000000E+0	0.000000E+0	0.000000E+0
3.786758E+1	-1.744152E+0	2.280000E-1	-3.194978E-18	5.558819E-18	3.130472E-3	0.000000E+0	2.635191E-2	1.213749E-3	0.000000E+0	0.000000E+0	0.000000E+0
3.755697E+1	-3.174557E+0	2.780000E-1	4.155990E+17	-4.532139E-19	3.676075E-3	0.000000E+0	2.643733E-2	2.234653E-3	0.000000E+0	0.000000E+0	0.000000E+0
3.702403E+1	-2.923464E+0	3.290000E-1	-4.316265E+17	4.857998E-18	4.603671E-3	0.000000E+0	2.684213E-2	2.119488E-3	0.000000E+0	0.000000E+0	0.000000E+0
3.272255E+1	-3.553887E+0	3.800000E-1	-3.849816E-18	-6.877525E-18	6.391838E-3	0.000000E+0	3.020370E-2	3.280323E-3	0.000000E+0	0.000000E+0	0.000000E+0
3.820802E+1	3.527641E-2	4.300000E-1	4.766215E-20	4.558806E+17	6.839382E-3	0.000000E+0	2.617249E-2	-2.416434E-5	0.000000E+0	0.000000E+0	0.000000E+0
3.209924E+1	-5.309898E+0	4.810000E-1	1.388541E-18	6.784146E-18	7.327756E-3	0.000000E+0	3.032360E-2	5.016170E-3	0.000000E+0	0.000000E+0	0.000000E+0
4.024290E+1	-2.782915E+0	5.320000E-1	3.266052E+17	-3.632521E-18	6.631249E-3	0.000000E+0	2.473084E-2	1.710210E-3	0.000000E+0	0.000000E+0	0.000000E+0
3.924110E+1	-2.997635E+0	5.820000E-1	-7.975154E-19	6.323277E-18	9.526692E-3	0.000000E+0	2.533564E-2	1.935394E-3	0.000000E+0	0.000000E+0	0.000000E+0
3.965297E+1	-3.345026E+0	6.330000E-1	-4.524462E+17	2.055148E+17	8.000258E-3	0.000000E+0	2.504060E-2	2.112363E-3	0.000000E+0	0.000000E+0	0.000000E+0
4.319754E+1	-2.869934E+0	6.840000E-1	-6.904543E-18	-8.377323E+16	1.078996E-2	0.000000E+0	2.304774E-2	1.531233E-3	0.000000E+0	0.000000E+0	0.000000E+0
3.328520E+1	-3.659913E+0	7.340000E-1	2.547933E-18	-3.215913E-19	1.037284E-2	0.000000E+0	2.968449E-2	3.263992E-3	0.000000E+0	0.000000E+0	0.000000E+0
4.144487E+1	-1.152067E+0	7.850000E-1	-1.554791E+17	1.089529E+17	1.121004E-2	0.000000E+0	2.410981E-2	6.701943E-4	0.000000E+0	0.000000E+0	0.000000E+0
3.761441E+1	-3.057497E+0	8.350000E-1	-5.196819E+17	1.790907E+17	1.092674E-2	0.000000E+0	2.641105E-2	2.146829E-3	0.000000E+0	0.000000E+0	0.000000E+0
4.087687E+1	-2.400190E+0	8.860000E-1	3.883600E+17	-5.707470E+17	1.309948E-2	0.000000E+0	2.437966E-2	1.431514E-3	0.000000E+0	0.000000E+0	0.000000E+0
3.159785E+1	-3.692078E+0	9.370000E-1	-2.798456E+17	-3.562291E+17	1.334424E-2	0.000000E+0	3.122146E-2	3.648098E-3	0.000000E+0	0.000000E+0	0.000000E+0
3.633884E+1	2.140102E-1	9.870000E-1	7.433461E+16	-3.421240E+17	1.723457E-2	0.000000E+0	2.751781E-2	-1.620605E-4	0.000000E+0	0.000000E+0	0.000000E+0
3.271828E+1	-2.262424E+0	1.038000E+0	4.333500E+17	8.421242E+16	1.790272E-2	0.000000E+0	3.041851E-2	2.103398E-3	0.000000E+0	0.000000E+0	0.000000E+0
4.046593E+1	-2.064550E+0	1.089000E+0	5.318055E+17	-2.871880E+17	1.647894E-2	0.000000E+0	2.464799E-2	1.257527E-3	0.000000E+0	0.000000E+0	0.000000E+0
3.532557E+1	-2.626646E+0	1.139000E+0	-5.520479E-19	1.659667E-18	1.531566E-2	0.000000E+0	2.815246E-2	2.093287E-3	0.000000E+0	0.000000E+0	0.000000E+0
4.163197E+1	-1.870548E+0	1.190000E+0	9.197504E+16	2.296609E-18	1.595777E-2	0.000000E+0	2.397161E-2	1.077058E-3	0.000000E+0	0.000000E+0	0.000000E+0
4.036772E+1	-3.069643E+0	1.241000E+0	1.138051E+17	1.810141E+17	1.896605E-2	0.000000E+0	2.462985E-2	1.872904E-3	0.000000E+0	0.000000E+0	0.000000E+0
2.983997E+1	-3.690198E+0	1.291000E+0	1.676928E-18	4.035830E-18	1.993709E-2	0.000000E+0	3.300731E-2	4.081891E-3	0.000000E+0	0.000000E+0	0.000000E+0
2.648764E+1	-2.324226E+0	1.342000E+0	-2.680825E+17	-5.132058E+17	2.410115E-2	0.000000E+0	3.746499E-2	3.287462E-3	0.000000E+0	0.000000E+0	0.000000E+0
2.849085E+1	-2.685727E+0	1.392000E+0	5.241928E+17	-4.155966E-18	2.205738E-2	0.000000E+0	3.478984E-2	3.279510E-3	0.000000E+0	0.000000E+0	0.000000E+0
3.080832E+1	-2.158518E+0	1.443000E+0	2.579781E+17	4.569569E-19	2.521428E-2	0.000000E+0	3.230021E-2	2.263044E-3	0.000000E+0	0.000000E+0	0.000000E+0
3.258502E+1	-1.076005E+0	1.494000E+0	2.915631E-18	5.325354E+16	2.568989E-2	0.000000E+0	3.065552E-2	1.012290E-3	0.000000E+0	0.000000E+0	0.000000E+0
2.977375E+1	-8.458138E-1	1.544000E+0	-1.980656E+17	2.858813E+16	2.713998E-2	0.000000E+0	3.355955E-2	9.533609E-4	0.000000E+0	0.000000E+0	0.000000E+0
2.771485E+1	-1.439165E+0	1.595000E+0	-2.714796E-18	1.441508E+17	2.991487E-2	0.000000E+0	3.598471E-2	1.868599E-3	0.000000E+0	0.000000E+0	0.000000E+0
3.492841E+1	-1.478355E+0	1.646000E+0	5.785012E-19	5.234687E+17	2.707332E-2	0.000000E+0	2.857879E-2	1.209606E-3	0.000000E+0	0.000000E+0	0.000000E+0
3.072146E+1	-1.899337E+0	1.696000E+0	3.390598E+17	1.295985E-19	2.175070E-2	0.000000E+0	3.242659E-2	2.004756E-3	0.000000E+0	0.000000E+0	0.000000E+0
3.132578E+1	-2.049606E+0	1.747000E+0	-5.351627E-18	2.391872E+17	2.388106E-2	0.000000E+0	3.178651E-2	2.079751E-3	0.000000E+0	0.000000E+0	0.000000E+0
3.309401E+1	-1.582747E+0	1.797000E+0	2.587907E+17	-4.848260E-18	2.655178E-2	0.000000E+0	3.014799E-2	1.441851E-3	0.000000E+0	0.000000E+0	0.000000E+0
2.986740E+1	-3.002236E+0	1.848000E+0	-3.848534E+17	-9.739225E-19	2.920665E-2	0.000000E+0	3.314641E-2	3.331838E-3	0.000000E+0	0.000000E+0	0.000000E+0
3.054956E+1	-1.172523E-1	1.899000E+0	6.653843E-18	-4.395667E+17	3.276038E-2	0.000000E+0	3.273321E-2	1.256334E-4	0.000000E+0	0.000000E+0	0.000000E+0
3.889780E+1	-3.304520E-1	1.949000E+0	-1.137863E-18	-4.188961E+17	3.045309E-2	0.000000E+0	2.570654E-2	2.183871E-4	0.000000E+0	0.000000E+0	0.000000E+0
3.906162E+1	-2.109470E-1	2.000000E+0	-9.275714E-19	-3.780148E-18	2.481889E-2	0.000000E+0	2.559983E-2	1.382484E-4	0.000000E+0	0.000000E+0	0.000000E+0
