Real / Ohm	Ximag / Ohm	V_DC / V	I_a c / A	V_ac / V	I_DC / A
3.873090E+3	-6.264180E+4	-3.000000E+0	-3.567381E+17	-4.286482E-18	1.194916E-6	1.000000E+5	9.832683E-7	1.590299E-5	0.000000E+0	0.000000E+0	0.000000E+0
3.877582E+3	-6.214452E+4	-2.924000E+0	-1.808722E+17	6.906363E-18	6.244227E-7	0.000000E+0	1.000156E-6	1.602912E-5	0.000000E+0	0.000000E+0	0.000000E+0
3.903229E+3	-6.140998E+4	-2.848000E+0	-5.704680E+17	6.513754E+16	2.096902E-6	0.000000E+0	1.030849E-6	1.621848E-5	0.000000E+0	0.000000E+0	0.000000E+0
3.918109E+3	-6.077649E+4	-2.772000E+0	-6.194311E-18	6.447522E-18	5.049806E-7	0.000000E+0	1.056341E-6	1.638563E-5	0.000000E+0	0.000000E+0	0.000000E+0
3.912439E+3	-6.028522E+4	-2.696000E+0	2.517955E+17	3.793721E+16	-6.551272E-8	0.000000E+0	1.072014E-6	1.651824E-5	0.000000E+0	0.000000E+0	0.000000E+0
3.899012E+3	-5.988355E+4	-2.620000E+0	4.553607E+17	-2.686618E+17	2.939094E-6	0.000000E+0	1.082685E-6	1.662858E-5	0.000000E+0	0.000000E+0	0.000000E+0
3.868281E+3	-5.958959E+4	-2.544000E+0	8.250878E-19	2.832976E+17	3.257446E-7	0.000000E+0	1.084803E-6	1.671103E-5	0.000000E+0	0.000000E+0	0.000000E+0
3.844860E+3	-5.937933E+4	-2.468000E+0	6.288337E-18	-3.928899E-18	1.798166E-6	0.000000E+0	1.085908E-6	1.677056E-5	0.000000E+0	0.000000E+0	0.000000E+0
3.791352E+3	-5.914170E+4	-2.392000E+0	4.285629E-18	4.664198E-18	1.227716E-6	0.000000E+0	1.079507E-6	1.683934E-5	0.000000E+0	0.000000E+0	0.000000E+0
3.773682E+3	-5.897213E+4	-2.316000E+0	2.907620E+17	-1.496570E-18	-3.641908E-7	0.000000E+0	1.080680E-6	1.688801E-5	0.000000E+0	0.000000E+0	0.000000E+0
3.733587E+3	-5.884011E+4	-2.241000E+0	-2.052875E-18	3.493290E-18	2.668079E-6	0.000000E+0	1.074074E-6	1.692706E-5	0.000000E+0	0.000000E+0	0.000000E+0
3.692661E+3	-5.869197E+4	-2.165000E+0	5.291893E-18	5.135446E+17	1.586886E-6	0.000000E+0	1.067742E-6	1.697093E-5	0.000000E+0	0.000000E+0	0.000000E+0
3.638901E+3	-5.856274E+4	-2.089000E+0	-6.504745E+16	2.369911E+17	2.548579E-6	0.000000E+0	1.056949E-6	1.701003E-5	0.000000E+0	0.000000E+0	0.000000E+0
3.605565E+3	-5.848608E+4	-2.013000E+0	-4.960952E+17	1.188143E+17	1.978144E-6	0.000000E+0	1.050076E-6	1.703335E-5	0.000000E+0	0.000000E+0	0.000000E+0
3.585691E+3	-5.839351E+4	-1.937000E+0	2.127762E-18	3.276064E+15	2.429086E-6	0.000000E+0	1.047633E-6	1.706086E-5	0.000000E+0	0.000000E+0	0.000000E+0
3.543989E+3	-5.829189E+4	-1.861000E+0	8.607252E+16	1.699529E-17	2.369357E-6	0.000000E+0	1.039139E-6	1.709187E-5	0.000000E+0	0.000000E+0	0.000000E+0
3.509849E+3	-5.821591E+4	-1.785000E+0	-4.013414E-19	-2.240669E+17	5.884685E-6	0.000000E+0	1.031880E-6	1.711522E-5	0.000000E+0	0.000000E+0	0.000000E+0
3.473597E+3	-5.809602E+4	-1.709000E+0	2.698511E+17	2.405250E+17	2.069937E-7	0.000000E+0	1.025503E-6	1.715157E-5	0.000000E+0	0.000000E+0	0.000000E+0
3.419127E+3	-5.801313E+4	-1.633000E+0	-6.256277E-18	1.398985E+17	1.679415E-6	0.000000E+0	1.012411E-6	1.717781E-5	0.000000E+0	0.000000E+0	0.000000E+0
3.388609E+3	-5.790991E+4	-1.557000E+0	-1.016338E-18	-5.687757E-18	4.684029E-6	0.000000E+0	1.007004E-6	1.720928E-5	0.000000E+0	0.000000E+0	0.000000E+0
3.338753E+3	-5.781275E+4	-1.481000E+0	1.311717E+15	5.157902E-18	2.581393E-6	0.000000E+0	9.956140E-7	1.723972E-5	0.000000E+0	0.000000E+0	0.000000E+0
3.328857E+3	-5.771709E+4	-1.405000E+0	3.716679E-18	4.245176E+17	1.500186E-6	0.000000E+0	9.959649E-7	1.726845E-5	0.000000E+0	0.000000E+0	0.000000E+0
3.270661E+3	-5.760648E+4	-1.329000E+0	-5.203440E-18	-3.094974E-18	-6.024493E-7	0.000000E+0	9.824154E-7	1.730338E-5	0.000000E+0	0.000000E+0	0.000000E+0
3.233826E+3	-5.747367E+4	-1.253000E+0	-1.291944E-18	-5.342346E-18	8.700226E-7	0.000000E+0	9.759016E-7	1.734436E-5	0.000000E+0	0.000000E+0	0.000000E+0
3.182828E+3	-5.735713E+4	-1.177000E+0	-5.319417E+16	-3.192840E+17	2.342473E-6	0.000000E+0	9.645019E-7	1.738110E-5	0.000000E+0	0.000000E+0	0.000000E+0
3.141258E+3	-5.721678E+4	-1.101000E+0	2.088264E+17	-2.195880E+17	7.505441E-7	0.000000E+0	9.566426E-7	1.742487E-5	0.000000E+0	0.000000E+0	0.000000E+0
3.109270E+3	-5.704258E+4	-1.025000E+0	-7.957818E+16	-3.386218E-18	6.907940E-7	0.000000E+0	9.527341E-7	1.747883E-5	0.000000E+0	0.000000E+0	0.000000E+0
3.092643E+3	-5.689940E+4	-9.490000E-1	-1.829207E-18	1.490663E+17	1.203298E-7	0.000000E+0	9.524305E-7	1.752311E-5	0.000000E+0	0.000000E+0	0.000000E+0
3.044292E+3	-5.672102E+4	-8.730000E-1	-1.333488E-18	6.132215E-18	1.082033E-6	0.000000E+0	9.435154E-7	1.757951E-5	0.000000E+0	0.000000E+0	0.000000E+0
2.985831E+3	-5.653268E+4	-7.970000E-1	1.829862E+17	1.850698E+17	1.533022E-6	0.000000E+0	9.316575E-7	1.763968E-5	0.000000E+0	0.000000E+0	0.000000E+0
2.970284E+3	-5.631959E+4	-7.220000E-1	4.410889E+17	3.940187E-18	1.500968E-6	0.000000E+0	9.338405E-7	1.770656E-5	0.000000E+0	0.000000E+0	0.000000E+0
2.933675E+3	-5.611346E+4	-6.460000E-1	-5.506723E-18	3.318154E+17	1.441214E-6	0.000000E+0	9.291642E-7	1.777246E-5	0.000000E+0	0.000000E+0	0.000000E+0
2.895239E+3	-5.587255E+4	-5.700000E-1	-5.761072E+17	-4.172230E+17	1.381490E-6	0.000000E+0	9.249598E-7	1.784995E-5	0.000000E+0	0.000000E+0	0.000000E+0
2.880403E+3	-5.562812E+4	-4.940000E-1	6.411590E-18	-1.599031E-19	2.853909E-6	0.000000E+0	9.283284E-7	1.792845E-5	0.000000E+0	0.000000E+0	0.000000E+0
2.843183E+3	-5.539281E+4	-4.180000E-1	-1.696573E+17	-6.427781E-19	1.772727E-6	0.000000E+0	9.241774E-7	1.800545E-5	0.000000E+0	0.000000E+0	0.000000E+0
2.805011E+3	-5.509634E+4	-3.420000E-1	-2.725480E+17	1.903750E-18	1.202261E-6	0.000000E+0	9.216475E-7	1.810310E-5	0.000000E+0	0.000000E+0	0.000000E+0
2.767434E+3	-5.479971E+4	-2.660000E-1	-1.478400E+17	2.700590E+17	4.717593E-6	0.000000E+0	9.192096E-7	1.820185E-5	0.000000E+0	0.000000E+0	0.000000E+0
2.749620E+3	-5.451381E+4	-1.900000E-1	-2.971689E+17	-4.956124E-18	5.720422E-7	0.000000E+0	9.229031E-7	1.829743E-5	0.000000E+0	0.000000E+0	0.000000E+0
2.717698E+3	-5.417198E+4	-1.140000E-1	-4.717429E+17	-4.909997E+17	5.123184E-7	0.000000E+0	9.237620E-7	1.841338E-5	0.000000E+0	0.000000E+0	0.000000E+0
2.704208E+3	-5.383979E+4	-3.800000E-2	-9.427576E-19	-9.426377E-19	-1.079606E-6	0.000000E+0	9.305488E-7	1.852689E-5	0.000000E+0	0.000000E+0	0.000000E+0
2.661655E+3	-5.348973E+4	3.800000E-2	-3.138356E+17	4.406614E-18	-1.179008E-7	0.000000E+0	9.279764E-7	1.864900E-5	0.000000E+0	0.000000E+0	0.000000E+0
2.649150E+3	-5.312448E+4	1.140000E-1	-4.715167E+17	-4.040397E+17	1.354547E-6	0.000000E+0	9.363507E-7	1.877702E-5	0.000000E+0	0.000000E+0	0.000000E+0
2.643982E+3	-5.275366E+4	1.900000E-1	-1.067113E+17	-5.230656E+17	2.826964E-6	0.000000E+0	9.476844E-7	1.890853E-5	0.000000E+0	0.000000E+0	0.000000E+0
2.606114E+3	-5.237095E+4	2.660000E-1	-3.021231E-18	1.442034E+17	2.136148E-7	0.000000E+0	9.478473E-7	1.904739E-5	0.000000E+0	0.000000E+0	0.000000E+0
2.605023E+3	-5.196337E+4	3.420000E-1	-3.411812E-18	5.558819E-18	1.686032E-6	0.000000E+0	9.623362E-7	1.919608E-5	0.000000E+0	0.000000E+0	0.000000E+0
2.593191E+3	-5.153041E+4	4.180000E-1	4.155979E+17	-3.766913E+16	2.647737E-6	0.000000E+0	9.741119E-7	1.935700E-5	0.000000E+0	0.000000E+0	0.000000E+0
2.580762E+3	-5.109842E+4	4.940000E-1	-4.316353E+17	3.990636E-18	1.055841E-6	0.000000E+0	9.858858E-7	1.952028E-5	0.000000E+0	0.000000E+0	0.000000E+0
2.562551E+3	-5.063893E+4	5.700000E-1	-3.849816E-18	-6.877737E-18	-1.046796E-6	0.000000E+0	9.967649E-7	1.969721E-5	0.000000E+0	0.000000E+0	0.000000E+0
2.546394E+3	-5.017594E+4	6.460000E-1	4.766215E-20	4.558806E+17	4.256217E-7	0.000000E+0	1.008829E-6	1.987867E-5	0.000000E+0	0.000000E+0	0.000000E+0
2.533125E+3	-4.967985E+4	7.220000E-1	1.388541E-18	6.784133E-18	-6.555601E-7	0.000000E+0	1.023690E-6	2.007669E-5	0.000000E+0	0.000000E+0	0.000000E+0
2.516495E+3	-4.920767E+4	7.970000E-1	3.266052E+17	-3.632098E-18	-6.876435E-7	0.000000E+0	1.036564E-6	2.026902E-5	0.000000E+0	0.000000E+0	0.000000E+0
2.499422E+3	-4.868257E+4	8.730000E-1	-7.975154E-19	6.323277E-18	7.848030E-7	0.000000E+0	1.051839E-6	2.048723E-5	0.000000E+0	0.000000E+0	0.000000E+0
2.504910E+3	-4.817423E+4	9.490000E-1	-4.524459E+17	2.055852E+17	7.250492E-7	0.000000E+0	1.076440E-6	2.070201E-5	0.000000E+0	0.000000E+0	0.000000E+0
2.486801E+3	-4.765323E+4	1.025000E+0	-6.904543E-18	-8.377323E+16	-8.668430E-7	0.000000E+0	1.092132E-6	2.092794E-5	0.000000E+0	0.000000E+0	0.000000E+0
2.470579E+3	-4.712402E+4	1.101000E+0	2.547933E-18	-2.657602E+16	2.648492E-6	0.000000E+0	1.109486E-6	2.116243E-5	0.000000E+0	0.000000E+0	0.000000E+0
2.465912E+3	-4.662084E+4	1.177000E+0	-1.554791E+17	1.089529E+17	3.510650E-8	0.000000E+0	1.131368E-6	2.138979E-5	0.000000E+0	0.000000E+0	0.000000E+0
2.439111E+3	-4.611736E+4	1.253000E+0	-5.196819E+17	2.162502E-18	2.528985E-6	0.000000E+0	1.143641E-6	2.162332E-5	0.000000E+0	0.000000E+0	0.000000E+0
2.434595E+3	-4.564377E+4	1.329000E+0	3.884304E+17	-5.707470E+17	4.001427E-6	0.000000E+0	1.165279E-6	2.184664E-5	0.000000E+0	0.000000E+0	0.000000E+0
2.422606E+3	-4.523369E+4	1.405000E+0	-2.820974E+17	-3.573572E+17	1.388078E-6	0.000000E+0	1.180633E-6	2.204418E-5	0.000000E+0	0.000000E+0	0.000000E+0
2.423212E+3	-4.509904E+4	1.481000E+0	7.433461E+16	-3.421240E+17	3.371213E-6	0.000000E+0	1.187968E-6	2.210959E-5	0.000000E+0	0.000000E+0	0.000000E+0
2.395436E+3	-4.552809E+4	1.557000E+0	5.229813E-18	8.421242E+16	-1.285021E-6	0.000000E+0	1.152458E-6	2.190383E-5	0.000000E+0	0.000000E+0	0.000000E+0
2.355914E+3	-4.617362E+4	1.633000E+0	5.364322E+17	-2.871878E+17	2.230307E-6	0.000000E+0	1.102154E-6	2.160115E-5	0.000000E+0	0.000000E+0	0.000000E+0
2.313664E+3	-4.674133E+4	1.709000E+0	6.373293E-18	1.659667E-18	6.383852E-7	0.000000E+0	1.056417E-6	2.134205E-5	0.000000E+0	0.000000E+0	0.000000E+0
2.291949E+3	-4.724124E+4	1.785000E+0	9.225665E+16	2.295762E-18	5.786351E-7	0.000000E+0	1.024569E-6	2.111824E-5	0.000000E+0	0.000000E+0	0.000000E+0
2.283690E+3	-4.764899E+4	1.861000E+0	1.137875E+17	1.878399E+17	1.540335E-6	0.000000E+0	1.003537E-6	2.093871E-5	0.000000E+0	0.000000E+0	0.000000E+0
2.256315E+3	-4.797891E+4	1.937000E+0	1.676928E-18	4.035830E-18	1.480606E-6	0.000000E+0	9.780016E-7	2.079650E-5	0.000000E+0	0.000000E+0	0.000000E+0
2.230301E+3	-4.824362E+4	2.013000E+0	-2.680828E+17	-5.132058E+17	9.101495E-7	0.000000E+0	9.562171E-7	2.068392E-5	0.000000E+0	0.000000E+0	0.000000E+0
2.219087E+3	-4.844663E+4	2.089000E+0	5.241928E+17	-4.155966E-18	3.396854E-7	0.000000E+0	9.434892E-7	2.059805E-5	0.000000E+0	0.000000E+0	0.000000E+0
2.208662E+3	-4.860292E+4	2.165000E+0	2.579781E+17	4.569561E-19	-2.273679E-6	0.000000E+0	9.330579E-7	2.053249E-5	0.000000E+0	0.000000E+0	0.000000E+0
2.199463E+3	-4.869622E+4	2.241000E+0	2.915631E-18	5.325299E+16	7.309282E-7	0.000000E+0	9.256378E-7	2.049367E-5	0.000000E+0	0.000000E+0	0.000000E+0
2.220505E+3	-4.878495E+4	2.316000E+0	-1.980651E+17	2.858813E+16	1.720284E-6	0.000000E+0	9.310676E-7	2.045575E-5	0.000000E+0	0.000000E+0	0.000000E+0
2.216560E+3	-4.885449E+4	2.392000E+0	-2.769006E-18	3.559669E+13	1.149834E-6	0.000000E+0	9.267817E-7	2.042690E-5	0.000000E+0	0.000000E+0	0.000000E+0
2.227092E+3	-4.885657E+4	2.468000E+0	6.327113E-19	5.234687E+17	-4.420726E-7	0.000000E+0	9.310880E-7	2.042563E-5	0.000000E+0	0.000000E+0	0.000000E+0
2.250982E+3	-4.888508E+4	2.544000E+0	3.389541E+17	1.295985E-19	-1.523280E-6	0.000000E+0	9.399387E-7	2.041286E-5	0.000000E+0	0.000000E+0	0.000000E+0
2.268152E+3	-4.888308E+4	2.620000E+0	-5.351624E-18	2.346837E+17	1.992055E-6	0.000000E+0	9.471550E-7	2.041303E-5	0.000000E+0	0.000000E+0	0.000000E+0
2.289915E+3	-4.886524E+4	2.696000E+0	2.587203E+17	-3.980899E-18	-3.685651E-6	0.000000E+0	9.569001E-7	2.041960E-5	0.000000E+0	0.000000E+0	0.000000E+0
2.302472E+3	-4.887177E+4	2.772000E+0	-3.127958E+17	-9.739241E-19	8.511415E-7	0.000000E+0	9.618677E-7	2.041639E-5	0.000000E+0	0.000000E+0	0.000000E+0
2.368951E+3	-4.883544E+4	2.848000E+0	6.653843E-18	-4.395667E+17	7.913914E-7	0.000000E+0	9.909805E-7	2.042886E-5	0.000000E+0	0.000000E+0	0.000000E+0
2.434261E+3	-4.881466E+4	2.924000E+0	-1.137863E-18	-4.188939E+17	2.209272E-7	0.000000E+0	1.019032E-6	2.043483E-5	0.000000E+0	0.000000E+0	0.000000E+0
2.532119E+3	-4.875803E+4	3.000000E+0	-9.275714E-19	-3.780148E-18	6.719201E-7	0.000000E+0	1.062239E-6	2.045428E-5	0.000000E+0	0.000000E+0	0.000000E+0
