Real / Ohm	Ximag / Ohm	V_DC / V	I_a c / A	V_ac / V	I_DC / A
4.448543E+3	-5.891687E+4	-3.000000E+0	-3.567381E+17	-4.286482E-18	3.237830E-6	1.000000E+5	1.274294E-6	1.687685E-5	0.000000E+0	0.000000E+0	0.000000E+0
4.421426E+3	-5.806930E+4	-2.924000E+0	-1.808722E+17	6.906363E-18	5.220965E-6	0.000000E+0	1.303643E-6	1.712154E-5	0.000000E+0	0.000000E+0	0.000000E+0
4.429321E+3	-5.701934E+4	-2.848000E+0	-5.704680E+17	6.513754E+16	5.647016E-7	0.000000E+0	1.354191E-6	1.743271E-5	0.000000E+0	0.000000E+0	0.000000E+0
4.377805E+3	-5.609588E+4	-2.772000E+0	-6.194311E-18	6.447522E-18	2.547837E-6	0.000000E+0	1.382794E-6	1.771871E-5	0.000000E+0	0.000000E+0	0.000000E+0
4.333807E+3	-5.538559E+4	-2.696000E+0	2.517955E+17	3.793721E+16	2.488116E-6	0.000000E+0	1.404187E-6	1.794536E-5	0.000000E+0	0.000000E+0	0.000000E+0
4.271465E+3	-5.479125E+4	-2.620000E+0	4.553607E+17	-2.686618E+17	4.471294E-6	0.000000E+0	1.414239E-6	1.814084E-5	0.000000E+0	0.000000E+0	0.000000E+0
4.230865E+3	-5.430384E+4	-2.544000E+0	8.250878E-19	2.832976E+17	3.257446E-7	0.000000E+0	1.426067E-6	1.830380E-5	0.000000E+0	0.000000E+0	0.000000E+0
4.176457E+3	-5.387186E+4	-2.468000E+0	6.288337E-18	-3.928899E-18	2.308880E-6	0.000000E+0	1.430480E-6	1.845167E-5	0.000000E+0	0.000000E+0	0.000000E+0
4.094816E+3	-5.352060E+4	-2.392000E+0	4.285629E-18	4.664198E-18	2.249144E-6	0.000000E+0	1.421208E-6	1.857566E-5	0.000000E+0	0.000000E+0	0.000000E+0
4.029631E+3	-5.316798E+4	-2.316000E+0	2.907620E+17	-1.496570E-18	1.167951E-6	0.000000E+0	1.417351E-6	1.870089E-5	0.000000E+0	0.000000E+0	0.000000E+0
3.974426E+3	-5.289242E+4	-2.241000E+0	-2.052875E-18	3.493290E-18	3.178793E-6	0.000000E+0	1.412675E-6	1.880015E-5	0.000000E+0	0.000000E+0	0.000000E+0
3.938433E+3	-5.260888E+4	-2.165000E+0	5.291893E-18	5.135446E+17	4.140515E-6	0.000000E+0	1.415071E-6	1.890226E-5	0.000000E+0	0.000000E+0	0.000000E+0
3.877522E+3	-5.234138E+4	-2.089000E+0	-6.504745E+16	2.369911E+17	2.548579E-6	0.000000E+0	1.407625E-6	1.900106E-5	0.000000E+0	0.000000E+0	0.000000E+0
3.814411E+3	-5.211193E+4	-2.013000E+0	-4.960952E+17	1.188143E+17	1.467371E-6	0.000000E+0	1.397116E-6	1.908720E-5	0.000000E+0	0.000000E+0	0.000000E+0
3.780987E+3	-5.190037E+4	-1.937000E+0	2.127762E-18	3.276064E+15	2.939858E-6	0.000000E+0	1.396257E-6	1.916597E-5	0.000000E+0	0.000000E+0	0.000000E+0
3.736752E+3	-5.166322E+4	-1.861000E+0	8.607252E+16	1.699529E-17	3.390844E-6	0.000000E+0	1.392725E-6	1.925540E-5	0.000000E+0	0.000000E+0	0.000000E+0
3.677027E+3	-5.145912E+4	-1.785000E+0	-4.013414E-19	-2.240669E+17	-2.439992E-7	0.000000E+0	1.381530E-6	1.933418E-5	0.000000E+0	0.000000E+0	0.000000E+0
3.644051E+3	-5.124508E+4	-1.709000E+0	2.698511E+17	2.405250E+17	1.739136E-6	0.000000E+0	1.380669E-6	1.941589E-5	0.000000E+0	0.000000E+0	0.000000E+0
3.577955E+3	-5.103287E+4	-1.633000E+0	-6.256277E-18	1.398985E+17	2.700843E-6	0.000000E+0	1.367116E-6	1.949936E-5	0.000000E+0	0.000000E+0	0.000000E+0
3.547066E+3	-5.084137E+4	-1.557000E+0	-1.016338E-18	-5.687757E-18	3.662601E-6	0.000000E+0	1.365608E-6	1.957375E-5	0.000000E+0	0.000000E+0	0.000000E+0
3.499192E+3	-5.064265E+4	-1.481000E+0	1.311717E+15	5.157902E-18	4.113535E-6	0.000000E+0	1.357896E-6	1.965238E-5	0.000000E+0	0.000000E+0	0.000000E+0
3.450964E+3	-5.045871E+4	-1.405000E+0	3.716679E-18	4.245176E+17	1.500186E-6	0.000000E+0	1.349092E-6	1.972592E-5	0.000000E+0	0.000000E+0	0.000000E+0
3.438851E+3	-5.026170E+4	-1.329000E+0	-5.203440E-18	-3.094974E-18	1.440465E-6	0.000000E+0	1.354911E-6	1.980316E-5	0.000000E+0	0.000000E+0	0.000000E+0
3.367375E+3	-5.006507E+4	-1.253000E+0	-1.291944E-18	-5.342346E-18	1.891451E-6	0.000000E+0	1.337401E-6	1.988405E-5	0.000000E+0	0.000000E+0	0.000000E+0
3.348598E+3	-4.985858E+4	-1.177000E+0	-5.319417E+16	-3.192840E+17	1.831730E-6	0.000000E+0	1.341000E-6	1.996666E-5	0.000000E+0	0.000000E+0	0.000000E+0
3.296329E+3	-4.962941E+4	-1.101000E+0	2.088264E+17	-2.195880E+17	7.505441E-7	0.000000E+0	1.332419E-6	2.006085E-5	0.000000E+0	0.000000E+0	0.000000E+0
3.255413E+3	-4.943524E+4	-1.025000E+0	-7.957818E+16	-3.386218E-18	2.222965E-6	0.000000E+0	1.326336E-6	2.014114E-5	0.000000E+0	0.000000E+0	0.000000E+0
3.221804E+3	-4.922085E+4	-9.490000E-1	-1.829207E-18	1.490663E+17	4.716872E-6	0.000000E+0	1.324171E-6	2.022992E-5	0.000000E+0	0.000000E+0	0.000000E+0
3.178461E+3	-4.898382E+4	-8.730000E-1	-1.333488E-18	6.132215E-18	3.124947E-6	0.000000E+0	1.319128E-6	2.032931E-5	0.000000E+0	0.000000E+0	0.000000E+0
3.150938E+3	-4.876556E+4	-7.970000E-1	1.829862E+17	1.850698E+17	3.575937E-6	0.000000E+0	1.319484E-6	2.042102E-5	0.000000E+0	0.000000E+0	0.000000E+0
3.127289E+3	-4.851799E+4	-7.220000E-1	4.410889E+17	3.940187E-18	4.795111E-7	0.000000E+0	1.323006E-6	2.052564E-5	0.000000E+0	0.000000E+0	0.000000E+0
3.098211E+3	-4.828530E+4	-6.460000E-1	-5.506723E-18	3.318154E+17	2.462672E-6	0.000000E+0	1.323417E-6	2.062532E-5	0.000000E+0	0.000000E+0	0.000000E+0
3.062534E+3	-4.800733E+4	-5.700000E-1	-5.761072E+17	-4.172230E+17	2.402918E-6	0.000000E+0	1.323433E-6	2.074573E-5	0.000000E+0	0.000000E+0	0.000000E+0
3.044595E+3	-4.775189E+4	-4.940000E-1	6.411590E-18	-1.599031E-19	2.853909E-6	0.000000E+0	1.329801E-6	2.085679E-5	0.000000E+0	0.000000E+0	0.000000E+0
3.010067E+3	-4.747773E+4	-4.180000E-1	-1.696573E+17	-6.427781E-19	7.512699E-7	0.000000E+0	1.330008E-6	2.097818E-5	0.000000E+0	0.000000E+0	0.000000E+0
2.985681E+3	-4.719356E+4	-3.420000E-1	-2.725480E+17	1.903750E-18	1.712975E-6	0.000000E+0	1.335190E-6	2.110486E-5	0.000000E+0	0.000000E+0	0.000000E+0
2.954126E+3	-4.689465E+4	-2.660000E-1	-1.478400E+17	2.700590E+17	1.142507E-6	0.000000E+0	1.338019E-6	2.124011E-5	0.000000E+0	0.000000E+0	0.000000E+0
2.932599E+3	-4.657387E+4	-1.900000E-1	-2.971689E+17	-4.956124E-18	1.082785E-6	0.000000E+0	1.346634E-6	2.138647E-5	0.000000E+0	0.000000E+0	0.000000E+0
2.903856E+3	-4.626909E+4	-1.140000E-1	-4.717429E+17	-4.909997E+17	2.044490E-6	0.000000E+0	1.351095E-6	2.152791E-5	0.000000E+0	0.000000E+0	0.000000E+0
2.899949E+3	-4.593025E+4	-3.800000E-2	-9.427576E-19	-9.426377E-19	-5.688914E-7	0.000000E+0	1.369194E-6	2.168570E-5	0.000000E+0	0.000000E+0	0.000000E+0
2.864129E+3	-4.557923E+4	3.800000E-2	-3.138356E+17	4.406614E-18	-1.179008E-7	0.000000E+0	1.373242E-6	2.185353E-5	0.000000E+0	0.000000E+0	0.000000E+0
2.845860E+3	-4.521880E+4	1.140000E-1	-4.715167E+17	-4.040397E+17	2.375975E-6	0.000000E+0	1.386305E-6	2.202745E-5	0.000000E+0	0.000000E+0	0.000000E+0
2.826512E+3	-4.484710E+4	1.900000E-1	-1.067113E+17	-5.230656E+17	-1.769548E-6	0.000000E+0	1.399782E-6	2.220976E-5	0.000000E+0	0.000000E+0	0.000000E+0
2.806287E+3	-4.446248E+4	2.660000E-1	-3.021231E-18	1.442034E+17	1.235072E-6	0.000000E+0	1.413898E-6	2.240163E-5	0.000000E+0	0.000000E+0	0.000000E+0
2.784829E+3	-4.405118E+4	3.420000E-1	-3.411812E-18	5.558819E-18	-8.675670E-7	0.000000E+0	1.429392E-6	2.261050E-5	0.000000E+0	0.000000E+0	0.000000E+0
2.778258E+3	-4.364759E+4	4.180000E-1	4.155979E+17	-3.766913E+16	1.115566E-6	0.000000E+0	1.452433E-6	2.281832E-5	0.000000E+0	0.000000E+0	0.000000E+0
2.744982E+3	-4.320263E+4	4.940000E-1	-4.316353E+17	3.990636E-18	2.077297E-6	0.000000E+0	1.464770E-6	2.305367E-5	0.000000E+0	0.000000E+0	0.000000E+0
2.733696E+3	-4.274708E+4	5.700000E-1	-3.849816E-18	-6.877737E-18	4.060432E-6	0.000000E+0	1.489926E-6	2.329813E-5	0.000000E+0	0.000000E+0	0.000000E+0
2.718611E+3	-4.227776E+4	6.460000E-1	4.766215E-20	4.558806E+17	1.957793E-6	0.000000E+0	1.514715E-6	2.355570E-5	0.000000E+0	0.000000E+0	0.000000E+0
2.697125E+3	-4.178132E+4	7.220000E-1	1.388541E-18	6.784133E-18	8.766110E-7	0.000000E+0	1.538618E-6	2.383482E-5	0.000000E+0	0.000000E+0	0.000000E+0
2.667649E+3	-4.128535E+4	7.970000E-1	3.266052E+17	-3.632098E-18	1.865985E-6	0.000000E+0	1.558574E-6	2.412096E-5	0.000000E+0	0.000000E+0	0.000000E+0
2.647986E+3	-4.076478E+4	8.730000E-1	-7.975154E-19	6.323277E-18	7.848030E-7	0.000000E+0	1.586780E-6	2.442791E-5	0.000000E+0	0.000000E+0	0.000000E+0
2.620357E+3	-4.023199E+4	9.490000E-1	-4.524459E+17	2.055852E+17	1.235792E-6	0.000000E+0	1.612052E-6	2.475085E-5	0.000000E+0	0.000000E+0	0.000000E+0
2.599474E+3	-3.970399E+4	1.025000E+0	-6.904543E-18	-8.377323E+16	1.545850E-7	0.000000E+0	1.641949E-6	2.507888E-5	0.000000E+0	0.000000E+0	0.000000E+0
2.559196E+3	-3.921801E+4	1.101000E+0	2.547933E-18	-2.657602E+16	-4.158792E-7	0.000000E+0	1.656865E-6	2.539037E-5	0.000000E+0	0.000000E+0	0.000000E+0
2.526944E+3	-3.877038E+4	1.177000E+0	-1.554791E+17	1.089529E+17	5.458496E-7	0.000000E+0	1.673996E-6	2.568378E-5	0.000000E+0	0.000000E+0	0.000000E+0
2.494286E+3	-3.838944E+4	1.253000E+0	-5.196819E+17	2.162502E-18	3.039728E-6	0.000000E+0	1.685362E-6	2.593933E-5	0.000000E+0	0.000000E+0	0.000000E+0
2.456775E+3	-3.809096E+4	1.329000E+0	3.884304E+17	-5.707470E+17	-5.950860E-7	0.000000E+0	1.686237E-6	2.614419E-5	0.000000E+0	0.000000E+0	0.000000E+0
2.430726E+3	-3.812353E+4	1.405000E+0	-2.820974E+17	-3.573572E+17	1.898792E-6	0.000000E+0	1.665666E-6	2.612432E-5	0.000000E+0	0.000000E+0	0.000000E+0
2.374242E+3	-3.865655E+4	1.481000E+0	7.433461E+16	-3.421240E+17	3.068708E-7	0.000000E+0	1.582864E-6	2.577162E-5	0.000000E+0	0.000000E+0	0.000000E+0
2.345293E+3	-3.918638E+4	1.557000E+0	5.229813E-18	8.421242E+16	-7.743074E-7	0.000000E+0	1.521857E-6	2.542799E-5	0.000000E+0	0.000000E+0	0.000000E+0
2.322703E+3	-3.964823E+4	1.633000E+0	5.364322E+17	-2.871878E+17	1.208849E-6	0.000000E+0	1.472510E-6	2.513554E-5	0.000000E+0	0.000000E+0	0.000000E+0
2.302046E+3	-4.010931E+4	1.709000E+0	6.373293E-18	1.659667E-18	1.149099E-6	0.000000E+0	1.426249E-6	2.485001E-5	0.000000E+0	0.000000E+0	0.000000E+0
2.273413E+3	-4.056808E+4	1.785000E+0	9.225665E+16	2.295762E-18	-1.974964E-6	0.000000E+0	1.377044E-6	2.457275E-5	0.000000E+0	0.000000E+0	0.000000E+0
2.260370E+3	-4.098345E+4	1.861000E+0	1.137875E+17	1.878399E+17	3.072535E-6	0.000000E+0	1.341663E-6	2.432610E-5	0.000000E+0	0.000000E+0	0.000000E+0
2.248856E+3	-4.132103E+4	1.937000E+0	1.676928E-18	4.035830E-18	1.991320E-6	0.000000E+0	1.313212E-6	2.412928E-5	0.000000E+0	0.000000E+0	0.000000E+0
2.220643E+3	-4.159693E+4	2.013000E+0	-2.680828E+17	-5.132058E+17	1.420864E-6	0.000000E+0	1.279736E-6	2.397192E-5	0.000000E+0	0.000000E+0	0.000000E+0
2.231022E+3	-4.179814E+4	2.089000E+0	5.241928E+17	-4.155966E-18	2.382571E-6	0.000000E+0	1.273369E-6	2.385654E-5	0.000000E+0	0.000000E+0	0.000000E+0
2.223869E+3	-4.197200E+4	2.165000E+0	2.579781E+17	4.569561E-19	7.906638E-7	0.000000E+0	1.258845E-6	2.375871E-5	0.000000E+0	0.000000E+0	0.000000E+0
2.223289E+3	-4.208991E+4	2.241000E+0	2.915631E-18	5.325299E+16	2.202141E-7	0.000000E+0	1.251497E-6	2.369256E-5	0.000000E+0	0.000000E+0	0.000000E+0
2.225441E+3	-4.219884E+4	2.316000E+0	-1.980651E+17	2.858813E+16	1.720284E-6	0.000000E+0	1.246261E-6	2.363161E-5	0.000000E+0	0.000000E+0	0.000000E+0
2.214467E+3	-4.227170E+4	2.392000E+0	-2.769006E-18	3.559669E+13	-3.823370E-7	0.000000E+0	1.235889E-6	2.359174E-5	0.000000E+0	0.000000E+0	0.000000E+0
2.216209E+3	-4.233127E+4	2.468000E+0	6.327113E-19	5.234687E+17	2.622270E-6	0.000000E+0	1.233387E-6	2.355863E-5	0.000000E+0	0.000000E+0	0.000000E+0
2.220578E+3	-4.238854E+4	2.544000E+0	3.389541E+17	1.295985E-19	2.051805E-6	0.000000E+0	1.232477E-6	2.352672E-5	0.000000E+0	0.000000E+0	0.000000E+0
2.245559E+3	-4.240378E+4	2.620000E+0	-5.351624E-18	2.346837E+17	-5.615439E-7	0.000000E+0	1.245372E-6	2.351685E-5	0.000000E+0	0.000000E+0	0.000000E+0
2.248091E+3	-4.243773E+4	2.696000E+0	2.587203E+17	-3.980899E-18	4.001486E-7	0.000000E+0	1.244780E-6	2.349800E-5	0.000000E+0	0.000000E+0	0.000000E+0
2.273913E+3	-4.243193E+4	2.772000E+0	-3.127958E+17	-9.739241E-19	-1.191773E-6	0.000000E+0	1.259340E-6	2.349967E-5	0.000000E+0	0.000000E+0	0.000000E+0
2.303644E+3	-4.243795E+4	2.848000E+0	6.653843E-18	-4.395667E+17	1.302105E-6	0.000000E+0	1.275348E-6	2.349459E-5	0.000000E+0	0.000000E+0	0.000000E+0
2.334278E+3	-4.242213E+4	2.924000E+0	-1.137863E-18	-4.188939E+17	1.753098E-6	0.000000E+0	1.293167E-6	2.350145E-5	0.000000E+0	0.000000E+0	0.000000E+0
2.369727E+3	-4.239256E+4	3.000000E+0	-9.275714E-19	-3.780148E-18	6.719201E-7	0.000000E+0	1.314511E-6	2.351556E-5	0.000000E+0	0.000000E+0	0.000000E+0
