Real / Ohm	Ximag / Ohm	V_DC / V	I_a c / A	V_ac / V	I_DC / A
4.201521E+0	-8.106285E-2	3.000000E+0	-9.275714E-19	-3.780148E-18	8.740449E-2	1.000000E+3	2.379205E-1	4.590364E-3	0.000000E+0	0.000000E+0	0.000000E+0
1.907412E+0	4.705065E-1	2.924000E+0	-1.137863E-18	-4.188939E+17	8.140966E-2	0.000000E+0	4.941998E-1	-1.219056E-1	0.000000E+0	0.000000E+0	0.000000E+0
-3.416460E-2	1.737315E+0	2.848000E+0	6.653843E-18	-4.395667E+17	6.909412E-2	0.000000E+0	-1.131491E-2	-5.753783E-1	0.000000E+0	0.000000E+0	0.000000E+0
4.224579E+0	2.440846E-2	2.772000E+0	-3.127958E+17	-9.739241E-19	6.462483E-2	0.000000E+0	2.367021E-1	-1.367600E-3	0.000000E+0	0.000000E+0	0.000000E+0
3.221208E+0	3.178388E-1	2.696000E+0	2.587203E+17	-3.980899E-18	7.095379E-2	0.000000E+0	3.074492E-1	-3.033623E-2	0.000000E+0	0.000000E+0	0.000000E+0
7.132939E+0	-5.661812E-1	2.620000E+0	-5.351624E-18	2.346837E+17	6.736805E-2	0.000000E+0	1.393169E-1	1.105836E-2	0.000000E+0	0.000000E+0	0.000000E+0
8.079454E+0	-1.257525E+0	2.544000E+0	3.389541E+17	1.295985E-19	6.984971E-2	0.000000E+0	1.208433E-1	1.880863E-2	0.000000E+0	0.000000E+0	0.000000E+0
8.120222E+0	-6.306605E-1	2.468000E+0	6.327113E-19	5.234687E+17	6.448410E-2	0.000000E+0	1.224110E-1	9.507100E-3	0.000000E+0	0.000000E+0	0.000000E+0
7.414467E+0	-2.559823E-1	2.392000E+0	-2.769006E-18	3.559669E+13	6.061646E-2	0.000000E+0	1.347109E-1	4.650854E-3	0.000000E+0	0.000000E+0	0.000000E+0
8.259743E+0	-3.557945E-1	2.316000E+0	-1.980651E+17	2.858813E+16	6.031979E-2	0.000000E+0	1.208449E-1	5.205483E-3	0.000000E+0	0.000000E+0	0.000000E+0
8.367048E+0	-3.029215E-1	2.241000E+0	2.915631E-18	5.325299E+16	5.557111E-2	0.000000E+0	1.193600E-1	4.321323E-3	0.000000E+0	0.000000E+0	0.000000E+0
8.740049E+0	-1.771547E-1	2.165000E+0	2.579781E+17	4.569561E-19	5.540518E-2	0.000000E+0	1.143688E-1	2.318177E-3	0.000000E+0	0.000000E+0	0.000000E+0
8.965605E+0	-2.274300E-1	2.089000E+0	5.241928E+17	-4.155966E-18	5.304059E-2	0.000000E+0	1.114656E-1	2.827543E-3	0.000000E+0	0.000000E+0	0.000000E+0
9.324528E+0	-1.647376E-1	2.013000E+0	-2.680828E+17	-5.132058E+17	4.984811E-2	0.000000E+0	1.072106E-1	1.894103E-3	0.000000E+0	0.000000E+0	0.000000E+0
9.677345E+0	-1.731946E-1	1.937000E+0	1.676928E-18	4.035830E-18	4.737882E-2	0.000000E+0	1.033010E-1	1.848770E-3	0.000000E+0	0.000000E+0	0.000000E+0
9.951635E+0	-2.243847E-1	1.861000E+0	1.137875E+17	1.878399E+17	4.533394E-2	0.000000E+0	1.004349E-1	2.264559E-3	0.000000E+0	0.000000E+0	0.000000E+0
1.021578E+1	-1.977305E-1	1.785000E+0	9.225665E+16	2.295762E-18	4.330999E-2	0.000000E+0	9.785112E-2	1.893947E-3	0.000000E+0	0.000000E+0	0.000000E+0
1.053010E+1	-1.818053E-1	1.709000E+0	6.373293E-18	1.659667E-18	4.132385E-2	0.000000E+0	9.493756E-2	1.639125E-3	0.000000E+0	0.000000E+0	0.000000E+0
1.083669E+1	-1.817719E-1	1.633000E+0	5.364322E+17	-2.871878E+17	3.939388E-2	0.000000E+0	9.225314E-2	1.547431E-3	0.000000E+0	0.000000E+0	0.000000E+0
1.112116E+1	-1.717832E-1	1.557000E+0	5.229813E-18	8.421242E+16	3.746238E-2	0.000000E+0	8.989723E-2	1.388599E-3	0.000000E+0	0.000000E+0	0.000000E+0
1.139381E+1	-9.102891E-2	1.481000E+0	7.433461E+16	-3.421240E+17	3.555641E-2	0.000000E+0	8.776135E-2	7.011544E-4	0.000000E+0	0.000000E+0	0.000000E+0
1.167270E+1	-6.668507E-2	1.405000E+0	-2.820974E+17	-3.573572E+17	3.362236E-2	0.000000E+0	8.566719E-2	4.894088E-4	0.000000E+0	0.000000E+0	0.000000E+0
1.194718E+1	-2.417711E-2	1.329000E+0	3.884304E+17	-5.707470E+17	3.171181E-2	0.000000E+0	8.370142E-2	1.693838E-4	0.000000E+0	0.000000E+0	0.000000E+0
1.226746E+1	-3.267344E-2	1.253000E+0	-5.196819E+17	2.162502E-18	2.980432E-2	0.000000E+0	8.151589E-2	2.171113E-4	0.000000E+0	0.000000E+0	0.000000E+0
1.257590E+1	-1.362680E-2	1.177000E+0	-1.554791E+17	1.089529E+17	2.792644E-2	0.000000E+0	7.951708E-2	8.616189E-5	0.000000E+0	0.000000E+0	0.000000E+0
1.287745E+1	7.083683E-3	1.101000E+0	2.547933E-18	-2.657602E+16	2.603120E-2	0.000000E+0	7.765510E-2	-4.271685E-5	0.000000E+0	0.000000E+0	0.000000E+0
1.320455E+1	-4.118277E-3	1.025000E+0	-6.904543E-18	-8.377323E+16	2.416150E-2	0.000000E+0	7.573146E-2	2.361937E-5	0.000000E+0	0.000000E+0	0.000000E+0
1.357222E+1	-3.878862E-3	9.490000E-1	-4.524459E+17	2.055852E+17	2.229640E-2	0.000000E+0	7.367991E-2	2.105729E-5	0.000000E+0	0.000000E+0	0.000000E+0
1.390028E+1	5.240791E-3	8.730000E-1	-7.975154E-19	6.323277E-18	2.043691E-2	0.000000E+0	7.194099E-2	-2.712375E-5	0.000000E+0	0.000000E+0	0.000000E+0
1.424779E+1	1.021052E-3	7.970000E-1	3.266052E+17	-3.632098E-18	1.859836E-2	0.000000E+0	7.018632E-2	-5.029825E-6	0.000000E+0	0.000000E+0	0.000000E+0
1.458560E+1	-3.281759E-3	7.220000E-1	1.388541E-18	6.784133E-18	1.679502E-2	0.000000E+0	6.856077E-2	1.542617E-5	0.000000E+0	0.000000E+0	0.000000E+0
1.490840E+1	-3.657008E-3	6.460000E-1	4.766215E-20	4.558806E+17	1.498456E-2	0.000000E+0	6.707628E-2	1.645371E-5	0.000000E+0	0.000000E+0	0.000000E+0
1.521767E+1	-4.007593E-3	5.700000E-1	-3.849816E-18	-6.877737E-18	1.318585E-2	0.000000E+0	6.571308E-2	1.730562E-5	0.000000E+0	0.000000E+0	0.000000E+0
1.551965E+1	-1.795148E-3	4.940000E-1	-4.316353E+17	3.990636E-18	1.139940E-2	0.000000E+0	6.443444E-2	7.453091E-6	0.000000E+0	0.000000E+0	0.000000E+0
1.578000E+1	-6.705351E-3	4.180000E-1	4.155979E+17	-3.766913E+16	9.625204E-3	0.000000E+0	6.337134E-2	2.692821E-5	0.000000E+0	0.000000E+0	0.000000E+0
1.601241E+1	-6.294232E-4	3.420000E-1	-3.411812E-18	5.558819E-18	7.864797E-3	0.000000E+0	6.245156E-2	2.454875E-6	0.000000E+0	0.000000E+0	0.000000E+0
1.620068E+1	-8.249260E-3	2.660000E-1	-3.021231E-18	1.442034E+17	6.105922E-3	0.000000E+0	6.172579E-2	3.143029E-5	0.000000E+0	0.000000E+0	0.000000E+0
1.634114E+1	-1.209049E-2	1.900000E-1	-1.067113E+17	-5.230656E+17	4.359304E-3	0.000000E+0	6.119521E-2	4.527714E-5	0.000000E+0	0.000000E+0	0.000000E+0
1.643553E+1	-2.583623E-3	1.140000E-1	-4.715167E+17	-4.040397E+17	2.614220E-3	0.000000E+0	6.084379E-2	9.564488E-6	0.000000E+0	0.000000E+0	0.000000E+0
1.647089E+1	-4.404966E-3	3.800000E-2	-3.138356E+17	4.406614E-18	8.737313E-4	0.000000E+0	6.071317E-2	1.623710E-5	0.000000E+0	0.000000E+0	0.000000E+0
1.643901E+1	-7.851169E-3	-3.800000E-2	-9.427576E-19	-9.426377E-19	-8.728863E-4	0.000000E+0	6.083090E-2	2.905246E-5	0.000000E+0	0.000000E+0	0.000000E+0
1.635371E+1	-6.339058E-3	-1.140000E-1	-4.717429E+17	-4.909997E+17	-2.615418E-3	0.000000E+0	6.114820E-2	2.370239E-5	0.000000E+0	0.000000E+0	0.000000E+0
1.622075E+1	-6.220087E-3	-1.900000E-1	-2.971689E+17	-4.956124E-18	-4.366633E-3	0.000000E+0	6.164942E-2	2.364038E-5	0.000000E+0	0.000000E+0	0.000000E+0
1.603149E+1	-6.133970E-3	-2.660000E-1	-1.478400E+17	2.700590E+17	-6.115294E-3	0.000000E+0	6.237722E-2	2.386678E-5	0.000000E+0	0.000000E+0	0.000000E+0
1.580050E+1	-4.701745E-3	-3.420000E-1	-2.725480E+17	1.903750E-18	-7.884385E-3	0.000000E+0	6.328913E-2	1.883291E-5	0.000000E+0	0.000000E+0	0.000000E+0
1.553708E+1	-4.261155E-3	-4.180000E-1	-1.696573E+17	-6.427781E-19	-9.657560E-3	0.000000E+0	6.436215E-2	1.765178E-5	0.000000E+0	0.000000E+0	0.000000E+0
1.526061E+1	-2.826398E-3	-4.940000E-1	6.411590E-18	-1.599031E-19	-1.144146E-2	0.000000E+0	6.552818E-2	1.213639E-5	0.000000E+0	0.000000E+0	0.000000E+0
1.494728E+1	2.716560E-3	-5.700000E-1	-5.761072E+17	-4.172230E+17	-1.324579E-2	0.000000E+0	6.690180E-2	-1.215892E-5	0.000000E+0	0.000000E+0	0.000000E+0
1.460066E+1	2.405589E-3	-6.460000E-1	-5.506723E-18	3.318154E+17	-1.507208E-2	0.000000E+0	6.849005E-2	-1.128435E-5	0.000000E+0	0.000000E+0	0.000000E+0
1.416722E+1	2.384728E-2	-7.220000E-1	4.410889E+17	3.940187E-18	-1.691216E-2	0.000000E+0	7.058528E-2	-1.188142E-4	0.000000E+0	0.000000E+0	0.000000E+0
1.389751E+1	2.011853E-2	-7.970000E-1	1.829862E+17	1.850698E+17	-1.877321E-2	0.000000E+0	7.195519E-2	-1.041649E-4	0.000000E+0	0.000000E+0	0.000000E+0
1.313336E+1	2.209463E-2	-8.730000E-1	-1.333488E-18	6.132215E-18	-2.065517E-2	0.000000E+0	7.614176E-2	-1.280955E-4	0.000000E+0	0.000000E+0	0.000000E+0
1.265583E+1	3.542356E-1	-9.490000E-1	-1.829207E-18	1.490663E+17	-2.299985E-2	0.000000E+0	7.895311E-2	-2.209891E-3	0.000000E+0	0.000000E+0	0.000000E+0
1.139069E+1	-2.129174E-1	-1.025000E+0	-7.957818E+16	-3.386218E-18	-2.735371E-2	0.000000E+0	8.776033E-2	1.640436E-3	0.000000E+0	0.000000E+0	0.000000E+0
1.151417E+1	-2.750399E-3	-1.101000E+0	2.088264E+17	-2.195880E+17	-2.787050E-2	0.000000E+0	8.684950E-2	2.074581E-5	0.000000E+0	0.000000E+0	0.000000E+0
1.157698E+1	1.097191E-2	-1.177000E+0	-5.319417E+16	-3.192840E+17	-2.983367E-2	0.000000E+0	8.637824E-2	-8.186368E-5	0.000000E+0	0.000000E+0	0.000000E+0
1.172606E+1	1.704161E-2	-1.253000E+0	-1.291944E-18	-5.342346E-18	-3.200419E-2	0.000000E+0	8.527996E-2	-1.239383E-4	0.000000E+0	0.000000E+0	0.000000E+0
1.137261E+1	-6.855819E-4	-1.329000E+0	-5.203440E-18	-3.094974E-18	-3.392956E-2	0.000000E+0	8.793056E-2	5.300771E-6	0.000000E+0	0.000000E+0	0.000000E+0
1.103120E+1	-1.003788E-3	-1.405000E+0	3.716679E-18	4.245176E+17	-3.607301E-2	0.000000E+0	9.065197E-2	8.248908E-6	0.000000E+0	0.000000E+0	0.000000E+0
1.073607E+1	-1.120031E-2	-1.481000E+0	1.311717E+15	5.157902E-18	-3.788500E-2	0.000000E+0	9.314385E-2	9.717150E-5	0.000000E+0	0.000000E+0	0.000000E+0
1.046736E+1	-4.505938E-3	-1.557000E+0	-1.016338E-18	-5.687757E-18	-3.987728E-2	0.000000E+0	9.553506E-2	4.112546E-5	0.000000E+0	0.000000E+0	0.000000E+0
9.973656E+0	-3.253559E-2	-1.633000E+0	-6.256277E-18	1.398985E+17	-4.344310E-2	0.000000E+0	1.002631E-1	3.270735E-4	0.000000E+0	0.000000E+0	0.000000E+0
9.831608E+0	3.158459E-4	-1.709000E+0	2.698511E+17	2.405250E+17	-4.500534E-2	0.000000E+0	1.017128E-1	-3.267579E-6	0.000000E+0	0.000000E+0	0.000000E+0
9.550068E+0	2.678629E-2	-1.785000E+0	-4.013414E-19	-2.240669E+17	-4.732040E-2	0.000000E+0	1.047105E-1	-2.936948E-4	0.000000E+0	0.000000E+0	0.000000E+0
9.105774E+0	5.930246E-2	-1.861000E+0	8.607252E+16	1.699529E-17	-4.935966E-2	0.000000E+0	1.098158E-1	-7.151886E-4	0.000000E+0	0.000000E+0	0.000000E+0
8.842617E+0	2.939691E-2	-1.937000E+0	2.127762E-18	3.276064E+15	-5.132691E-2	0.000000E+0	1.130874E-1	-3.759545E-4	0.000000E+0	0.000000E+0	0.000000E+0
8.532686E+0	3.680422E-2	-2.013000E+0	-4.960952E+17	1.188143E+17	-5.326505E-2	0.000000E+0	1.171942E-1	-5.054963E-4	0.000000E+0	0.000000E+0	0.000000E+0
8.173452E+0	1.865856E-2	-2.089000E+0	-6.504745E+16	2.369911E+17	-5.539113E-2	0.000000E+0	1.223467E-1	-2.792961E-4	0.000000E+0	0.000000E+0	0.000000E+0
7.913534E+0	1.638922E-2	-2.165000E+0	5.291893E-18	5.135446E+17	-5.744316E-2	0.000000E+0	1.263653E-1	-2.617071E-4	0.000000E+0	0.000000E+0	0.000000E+0
7.704862E+0	2.699647E-2	-2.241000E+0	-2.052875E-18	3.493290E-18	-5.963667E-2	0.000000E+0	1.297866E-1	-4.547492E-4	0.000000E+0	0.000000E+0	0.000000E+0
7.490624E+0	-1.850156E-2	-2.316000E+0	2.907620E+17	-1.496570E-18	-6.153959E-2	0.000000E+0	1.334994E-1	3.297385E-4	0.000000E+0	0.000000E+0	0.000000E+0
7.178288E+0	3.905848E-2	-2.392000E+0	4.285629E-18	4.664198E-18	-6.345272E-2	0.000000E+0	1.393049E-1	-7.579852E-4	0.000000E+0	0.000000E+0	0.000000E+0
6.784498E+0	5.855682E-2	-2.468000E+0	6.288337E-18	-3.928899E-18	-6.547104E-2	0.000000E+0	1.473839E-1	-1.272066E-3	0.000000E+0	0.000000E+0	0.000000E+0
6.529518E+0	5.366775E-2	-2.544000E+0	8.250878E-19	2.832976E+17	-6.753635E-2	0.000000E+0	1.531403E-1	-1.258699E-3	0.000000E+0	0.000000E+0	0.000000E+0
6.237816E+0	3.143811E-2	-2.620000E+0	4.553607E+17	-2.686618E+17	-6.922117E-2	0.000000E+0	1.603084E-1	-8.079422E-4	0.000000E+0	0.000000E+0	0.000000E+0
5.852916E+0	2.283711E-2	-2.696000E+0	2.517955E+17	3.793721E+16	-7.140803E-2	0.000000E+0	1.708524E-1	-6.666378E-4	0.000000E+0	0.000000E+0	0.000000E+0
5.275029E+0	4.001126E-2	-2.772000E+0	-6.194311E-18	6.447522E-18	-7.379408E-2	0.000000E+0	1.895615E-1	-1.437830E-3	0.000000E+0	0.000000E+0	0.000000E+0
5.257921E+0	1.028873E-1	-2.848000E+0	-5.704680E+17	6.513754E+16	-7.609943E-2	0.000000E+0	1.901164E-1	-3.720209E-3	0.000000E+0	0.000000E+0	0.000000E+0
5.503398E+0	4.636707E-2	-2.924000E+0	-1.808722E+17	6.906363E-18	-7.921633E-2	0.000000E+0	1.816930E-1	-1.530795E-3	0.000000E+0	0.000000E+0	0.000000E+0
6.816058E+0	2.582413E-2	-3.000000E+0	-3.567381E+17	-4.286482E-18	-8.169788E-2	0.000000E+0	1.467103E-1	-5.558440E-4	0.000000E+0	0.000000E+0	0.000000E+0
