Real / Ohm	Ximag / Ohm	V_DC / V	I_a c / A	V_ac / V	I_DC / A
1.251583E+6	-1.355317E+7	-3.000000E+0	-3.567381E+17	-4.286482E-18	5.791400E-6	1.000000E+3	6.756006E-9	7.315959E-8	0.000000E+0	0.000000E+0	0.000000E+0
1.086380E+6	-1.437503E+7	-2.924000E+0	-1.808722E+17	6.906363E-18	1.645909E-6	0.000000E+0	5.227462E-9	6.917001E-8	0.000000E+0	0.000000E+0	0.000000E+0
1.247336E+6	-1.417998E+7	-2.848000E+0	-5.704680E+17	6.513754E+16	2.607616E-6	0.000000E+0	6.155803E-9	6.998047E-8	0.000000E+0	0.000000E+0	0.000000E+0
1.107453E+6	-1.429388E+7	-2.772000E+0	-6.194311E-18	6.447522E-18	4.080037E-6	0.000000E+0	5.387979E-9	6.954256E-8	0.000000E+0	0.000000E+0	0.000000E+0
8.182836E+5	-1.446654E+7	-2.696000E+0	2.517955E+17	3.793721E+16	1.977402E-6	0.000000E+0	3.897510E-9	6.890457E-8	0.000000E+0	0.000000E+0	0.000000E+0
1.128325E+6	-1.444879E+7	-2.620000E+0	4.553607E+17	-2.686618E+17	-1.252483E-7	0.000000E+0	5.371936E-9	6.879045E-8	0.000000E+0	0.000000E+0	0.000000E+0
1.271095E+6	-1.447432E+7	-2.544000E+0	8.250878E-19	2.832976E+17	2.368659E-6	0.000000E+0	6.020677E-9	6.855915E-8	0.000000E+0	0.000000E+0	0.000000E+0
1.036302E+6	-1.454903E+7	-2.468000E+0	6.288337E-18	-3.928899E-18	1.798166E-6	0.000000E+0	4.871026E-9	6.838615E-8	0.000000E+0	0.000000E+0	0.000000E+0
9.572771E+5	-1.426218E+7	-2.392000E+0	4.285629E-18	4.664198E-18	2.759858E-6	0.000000E+0	4.685044E-9	6.980105E-8	0.000000E+0	0.000000E+0	0.000000E+0
8.890990E+5	-1.473452E+7	-2.316000E+0	2.907620E+17	-1.496570E-18	1.465232E-7	0.000000E+0	4.080372E-9	6.762162E-8	0.000000E+0	0.000000E+0	0.000000E+0
1.042386E+6	-1.419836E+7	-2.241000E+0	-2.052875E-18	3.493290E-18	2.668079E-6	0.000000E+0	5.143014E-9	7.005309E-8	0.000000E+0	0.000000E+0	0.000000E+0
1.586534E+6	-1.426832E+7	-2.165000E+0	5.291893E-18	5.135446E+17	2.608314E-6	0.000000E+0	7.697808E-9	6.922940E-8	0.000000E+0	0.000000E+0	0.000000E+0
9.406019E+5	-1.442825E+7	-2.089000E+0	-6.504745E+16	2.369911E+17	2.037865E-6	0.000000E+0	4.499215E-9	6.901516E-8	0.000000E+0	0.000000E+0	0.000000E+0
1.003814E+6	-1.445816E+7	-2.013000E+0	-4.960952E+17	1.188143E+17	9.566575E-7	0.000000E+0	4.779019E-9	6.883329E-8	0.000000E+0	0.000000E+0	0.000000E+0
1.285417E+6	-1.458384E+7	-1.937000E+0	2.127762E-18	3.276064E+15	3.450572E-6	0.000000E+0	5.997074E-9	6.804047E-8	0.000000E+0	0.000000E+0	0.000000E+0
8.955204E+5	-1.499801E+7	-1.861000E+0	8.607252E+16	1.699529E-17	1.347929E-6	0.000000E+0	3.967004E-9	6.643865E-8	0.000000E+0	0.000000E+0	0.000000E+0
8.627705E+5	-1.440389E+7	-1.785000E+0	-4.013414E-19	-2.240669E+17	3.841771E-6	0.000000E+0	4.143624E-9	6.917749E-8	0.000000E+0	0.000000E+0	0.000000E+0
1.265924E+6	-1.467752E+7	-1.709000E+0	2.698511E+17	2.405250E+17	2.249908E-6	0.000000E+0	5.832887E-9	6.762832E-8	0.000000E+0	0.000000E+0	0.000000E+0
1.165917E+6	-1.484179E+7	-1.633000E+0	-6.256277E-18	1.398985E+17	2.700843E-6	0.000000E+0	5.260454E-9	6.696408E-8	0.000000E+0	0.000000E+0	0.000000E+0
9.372934E+5	-1.437761E+7	-1.557000E+0	-1.016338E-18	-5.687757E-18	1.619686E-6	0.000000E+0	4.515027E-9	6.925825E-8	0.000000E+0	0.000000E+0	0.000000E+0
8.279124E+5	-1.467213E+7	-1.481000E+0	1.311717E+15	5.157902E-18	5.384791E-7	0.000000E+0	3.833694E-9	6.794010E-8	0.000000E+0	0.000000E+0	0.000000E+0
1.133726E+6	-1.463204E+7	-1.405000E+0	3.716679E-18	4.245176E+17	4.053814E-6	0.000000E+0	5.263794E-9	6.793532E-8	0.000000E+0	0.000000E+0	0.000000E+0
9.488089E+5	-1.482051E+7	-1.329000E+0	-5.203440E-18	-3.094974E-18	9.297510E-7	0.000000E+0	4.302056E-9	6.719864E-8	0.000000E+0	0.000000E+0	0.000000E+0
1.027042E+6	-1.497001E+7	-1.253000E+0	-1.291944E-18	-5.342346E-18	2.402194E-6	0.000000E+0	4.561468E-9	6.648728E-8	0.000000E+0	0.000000E+0	0.000000E+0
1.208184E+6	-1.470727E+7	-1.177000E+0	-5.319417E+16	-3.192840E+17	3.874644E-6	0.000000E+0	5.548147E-9	6.753781E-8	0.000000E+0	0.000000E+0	0.000000E+0
1.182565E+6	-1.537108E+7	-1.101000E+0	2.088264E+17	-2.195880E+17	1.772001E-6	0.000000E+0	4.975690E-9	6.467444E-8	0.000000E+0	0.000000E+0	0.000000E+0
1.482604E+6	-1.526144E+7	-1.025000E+0	-7.957818E+16	-3.386218E-18	1.800800E-7	0.000000E+0	6.306010E-9	6.491201E-8	0.000000E+0	0.000000E+0	0.000000E+0
7.202259E+5	-1.494619E+7	-9.490000E-1	-1.829207E-18	1.490663E+17	2.163244E-6	0.000000E+0	3.216625E-9	6.675168E-8	0.000000E+0	0.000000E+0	0.000000E+0
1.132884E+6	-1.524109E+7	-8.730000E-1	-1.333488E-18	6.132215E-18	-1.471566E-6	0.000000E+0	4.850209E-9	6.525158E-8	0.000000E+0	0.000000E+0	0.000000E+0
1.061727E+6	-1.488529E+7	-7.970000E-1	1.829862E+17	1.850698E+17	2.043766E-6	0.000000E+0	4.767540E-9	6.684036E-8	0.000000E+0	0.000000E+0	0.000000E+0
9.697156E+5	-1.483225E+7	-7.220000E-1	4.410889E+17	3.940187E-18	3.543853E-6	0.000000E+0	4.389125E-9	6.713370E-8	0.000000E+0	0.000000E+0	0.000000E+0
8.811165E+5	-1.484408E+7	-6.460000E-1	-5.506723E-18	3.318154E+17	4.197573E-7	0.000000E+0	3.984733E-9	6.713040E-8	0.000000E+0	0.000000E+0	0.000000E+0
1.110619E+6	-1.473073E+7	-5.700000E-1	-5.761072E+17	-4.172230E+17	-1.507105E-7	0.000000E+0	5.089263E-9	6.750159E-8	0.000000E+0	0.000000E+0	0.000000E+0
1.129206E+6	-1.525723E+7	-4.940000E-1	6.411590E-18	-1.599031E-19	5.918251E-6	0.000000E+0	4.824467E-9	6.518563E-8	0.000000E+0	0.000000E+0	0.000000E+0
4.234633E+5	-1.499774E+7	-4.180000E-1	-1.696573E+17	-6.427781E-19	2.794155E-6	0.000000E+0	1.881127E-9	6.662360E-8	0.000000E+0	0.000000E+0	0.000000E+0
5.490262E+5	-1.498599E+7	-3.420000E-1	-2.725480E+17	1.903750E-18	3.245146E-6	0.000000E+0	2.441404E-9	6.663955E-8	0.000000E+0	0.000000E+0	0.000000E+0
1.032716E+6	-1.481717E+7	-2.660000E-1	-1.478400E+17	2.700590E+17	3.185422E-6	0.000000E+0	4.681077E-9	6.716301E-8	0.000000E+0	0.000000E+0	0.000000E+0
7.714597E+5	-1.505426E+7	-1.900000E-1	-2.971689E+17	-4.956124E-18	5.679299E-6	0.000000E+0	3.395122E-9	6.625240E-8	0.000000E+0	0.000000E+0	0.000000E+0
6.680852E+5	-1.449265E+7	-1.140000E-1	-4.717429E+17	-4.909997E+17	1.533746E-6	0.000000E+0	3.174054E-9	6.885418E-8	0.000000E+0	0.000000E+0	0.000000E+0
8.255289E+5	-1.487030E+7	-3.800000E-2	-9.427576E-19	-9.426377E-19	9.632797E-7	0.000000E+0	3.721829E-9	6.704152E-8	0.000000E+0	0.000000E+0	0.000000E+0
9.772991E+5	-1.504183E+7	3.800000E-2	-3.138356E+17	4.406614E-18	-1.650072E-6	0.000000E+0	4.301270E-9	6.620181E-8	0.000000E+0	0.000000E+0	0.000000E+0
9.339225E+5	-1.454383E+7	1.140000E-1	-4.715167E+17	-4.040397E+17	8.438037E-7	0.000000E+0	4.397098E-9	6.847532E-8	0.000000E+0	0.000000E+0	0.000000E+0
1.110439E+6	-1.499617E+7	1.900000E-1	-1.067113E+17	-5.230656E+17	2.733368E-7	0.000000E+0	4.910879E-9	6.632005E-8	0.000000E+0	0.000000E+0	0.000000E+0
8.886284E+5	-1.447557E+7	2.660000E-1	-3.021231E-18	1.442034E+17	3.277957E-6	0.000000E+0	4.224889E-9	6.882255E-8	0.000000E+0	0.000000E+0	0.000000E+0
1.099833E+6	-1.390292E+7	3.420000E-1	-3.411812E-18	5.558819E-18	1.686032E-6	0.000000E+0	5.654645E-9	7.148001E-8	0.000000E+0	0.000000E+0	0.000000E+0
3.898496E+5	-1.408133E+7	4.180000E-1	4.155979E+17	-3.766913E+16	2.137023E-6	0.000000E+0	1.964613E-9	7.096163E-8	0.000000E+0	0.000000E+0	0.000000E+0
8.338820E+5	-1.359011E+7	4.940000E-1	-4.316353E+17	3.990636E-18	1.566556E-6	0.000000E+0	4.498074E-9	7.330692E-8	0.000000E+0	0.000000E+0	0.000000E+0
8.837356E+5	-1.346728E+7	5.700000E-1	-3.849816E-18	-6.877737E-18	2.017547E-6	0.000000E+0	4.851728E-9	7.393567E-8	0.000000E+0	0.000000E+0	0.000000E+0
7.774729E+5	-1.336694E+7	6.460000E-1	4.766215E-20	4.558806E+17	4.256217E-7	0.000000E+0	4.336651E-9	7.455920E-8	0.000000E+0	0.000000E+0	0.000000E+0
7.404695E+5	-1.336886E+7	7.220000E-1	1.388541E-18	6.784133E-18	8.766110E-7	0.000000E+0	4.130362E-9	7.457192E-8	0.000000E+0	0.000000E+0	0.000000E+0
7.040726E+5	-1.316049E+7	7.970000E-1	3.266052E+17	-3.632098E-18	2.887442E-6	0.000000E+0	4.053518E-9	7.576815E-8	0.000000E+0	0.000000E+0	0.000000E+0
7.308149E+5	-1.300382E+7	8.730000E-1	-7.975154E-19	6.323277E-18	1.806260E-6	0.000000E+0	4.308201E-9	7.665836E-8	0.000000E+0	0.000000E+0	0.000000E+0
5.435672E+5	-1.256542E+7	9.490000E-1	-4.524459E+17	2.055852E+17	-2.963789E-7	0.000000E+0	3.436270E-9	7.943484E-8	0.000000E+0	0.000000E+0	0.000000E+0
5.069502E+5	-1.244160E+7	1.025000E+0	-6.904543E-18	-8.377323E+16	1.545850E-7	0.000000E+0	3.269583E-9	8.024229E-8	0.000000E+0	0.000000E+0	0.000000E+0
4.474189E+5	-1.253300E+7	1.101000E+0	2.547933E-18	-2.657602E+16	2.137749E-6	0.000000E+0	2.844796E-9	7.968780E-8	0.000000E+0	0.000000E+0	0.000000E+0
9.127189E+5	-1.230511E+7	1.177000E+0	-1.554791E+17	1.089529E+17	5.458496E-7	0.000000E+0	5.994917E-9	8.082238E-8	0.000000E+0	0.000000E+0	0.000000E+0
7.587321E+5	-1.218468E+7	1.253000E+0	-5.196819E+17	2.162502E-18	-2.461456E-8	0.000000E+0	5.090723E-9	8.175328E-8	0.000000E+0	0.000000E+0	0.000000E+0
7.300574E+5	-1.192468E+7	1.329000E+0	3.884304E+17	-5.707470E+17	1.958513E-6	0.000000E+0	5.114919E-9	8.354655E-8	0.000000E+0	0.000000E+0	0.000000E+0
1.042480E+6	-1.181015E+7	1.405000E+0	-2.820974E+17	-3.573572E+17	1.388078E-6	0.000000E+0	7.416281E-9	8.401830E-8	0.000000E+0	0.000000E+0	0.000000E+0
1.086822E+6	-1.160809E+7	1.481000E+0	7.433461E+16	-3.421240E+17	1.839042E-6	0.000000E+0	7.995516E-9	8.539823E-8	0.000000E+0	0.000000E+0	0.000000E+0
9.374821E+5	-1.182877E+7	1.557000E+0	5.229813E-18	8.421242E+16	-1.285021E-6	0.000000E+0	6.658316E-9	8.401194E-8	0.000000E+0	0.000000E+0	0.000000E+0
9.042356E+5	-1.199263E+7	1.633000E+0	5.364322E+17	-2.871878E+17	1.208849E-6	0.000000E+0	6.251594E-9	8.291318E-8	0.000000E+0	0.000000E+0	0.000000E+0
7.924071E+5	-1.205680E+7	1.709000E+0	6.373293E-18	1.659667E-18	6.383852E-7	0.000000E+0	5.427656E-9	8.258403E-8	0.000000E+0	0.000000E+0	0.000000E+0
1.220438E+6	-1.218121E+7	1.785000E+0	9.225665E+16	2.295762E-18	1.600092E-6	0.000000E+0	8.143238E-9	8.127778E-8	0.000000E+0	0.000000E+0	0.000000E+0
9.717329E+5	-1.227558E+7	1.861000E+0	1.137875E+17	1.878399E+17	5.189067E-7	0.000000E+0	6.408405E-9	8.095526E-8	0.000000E+0	0.000000E+0	0.000000E+0
1.107208E+6	-1.223580E+7	1.937000E+0	1.676928E-18	4.035830E-18	9.698924E-7	0.000000E+0	7.335383E-9	8.106362E-8	0.000000E+0	0.000000E+0	0.000000E+0
1.136810E+6	-1.226392E+7	2.013000E+0	-2.680828E+17	-5.132058E+17	-1.132736E-6	0.000000E+0	7.493998E-9	8.084534E-8	0.000000E+0	0.000000E+0	0.000000E+0
1.168990E+6	-1.241776E+7	2.089000E+0	5.241928E+17	-4.155966E-18	8.503994E-7	0.000000E+0	7.514368E-9	7.982243E-8	0.000000E+0	0.000000E+0	0.000000E+0
1.448780E+6	-1.230000E+7	2.165000E+0	2.579781E+17	4.569561E-19	-7.415074E-7	0.000000E+0	9.445138E-9	8.018830E-8	0.000000E+0	0.000000E+0	0.000000E+0
1.927866E+6	-1.236003E+7	2.241000E+0	2.915631E-18	5.325299E+16	-1.822700E-6	0.000000E+0	1.231966E-8	7.898438E-8	0.000000E+0	0.000000E+0	0.000000E+0
1.731891E+6	-1.195053E+7	2.316000E+0	-1.980651E+17	2.858813E+16	-3.226014E-7	0.000000E+0	1.187735E-8	8.195701E-8	0.000000E+0	0.000000E+0	0.000000E+0
2.204012E+6	-1.191267E+7	2.392000E+0	-2.769006E-18	3.559669E+13	1.284061E-7	0.000000E+0	1.501684E-8	8.116591E-8	0.000000E+0	0.000000E+0	0.000000E+0
2.671099E+6	-1.169151E+7	2.468000E+0	6.327113E-19	5.234687E+17	-3.506415E-6	0.000000E+0	1.857172E-8	8.128917E-8	0.000000E+0	0.000000E+0	0.000000E+0
2.866785E+6	-1.122543E+7	2.544000E+0	3.389541E+17	1.295985E-19	2.051805E-6	0.000000E+0	2.135746E-8	8.362911E-8	0.000000E+0	0.000000E+0	0.000000E+0
3.308927E+6	-1.123616E+7	2.620000E+0	-5.351624E-18	2.346837E+17	3.013512E-6	0.000000E+0	2.411749E-8	8.189604E-8	0.000000E+0	0.000000E+0	0.000000E+0
3.778458E+6	-1.080514E+7	2.696000E+0	2.587203E+17	-3.980899E-18	9.108626E-7	0.000000E+0	2.883707E-8	8.246449E-8	0.000000E+0	0.000000E+0	0.000000E+0
4.462715E+6	-1.012798E+7	2.772000E+0	-3.127958E+17	-9.739241E-19	1.872570E-6	0.000000E+0	3.643276E-8	8.268292E-8	0.000000E+0	0.000000E+0	0.000000E+0
4.560366E+6	-9.607476E+6	2.848000E+0	6.653843E-18	-4.395667E+17	1.812848E-6	0.000000E+0	4.032135E-8	8.494634E-8	0.000000E+0	0.000000E+0	0.000000E+0
5.154075E+6	-8.861236E+6	2.924000E+0	-1.137863E-18	-4.188939E+17	-2.897868E-7	0.000000E+0	4.904626E-8	8.432366E-8	0.000000E+0	0.000000E+0	0.000000E+0
5.478202E+6	-7.511440E+6	3.000000E+0	-9.275714E-19	-3.780148E-18	1.611770E-7	0.000000E+0	6.338133E-8	8.690535E-8	0.000000E+0	0.000000E+0	0.000000E+0
