Real / Ohm	Ximag / Ohm	V_DC / V	I_a c / A	V_ac / V	I_DC / A
4.108193E+0	5.238812E-1	3.000000E+0	-9.275714E-19	-3.780148E-18	8.001125E-2	1.000000E+5	2.395210E-1	-3.054398E-2	0.000000E+0	0.000000E+0	0.000000E+0
4.550771E+0	5.724461E-1	2.924000E+0	-1.137863E-18	-4.188939E+17	7.740201E-2	0.000000E+0	2.163201E-1	-2.721112E-2	0.000000E+0	0.000000E+0	0.000000E+0
4.208326E+0	6.925337E-1	2.848000E+0	6.653843E-18	-4.395667E+17	7.448992E-2	0.000000E+0	2.313588E-1	-3.807304E-2	0.000000E+0	0.000000E+0	0.000000E+0
7.404884E+0	-1.097566E-2	2.772000E+0	-3.127958E+17	-9.739241E-19	6.918049E-2	0.000000E+0	1.350457E-1	2.001673E-4	0.000000E+0	0.000000E+0	0.000000E+0
7.327779E+0	-2.742690E-2	2.696000E+0	2.587203E+17	-3.980899E-18	7.787409E-2	0.000000E+0	1.364651E-1	5.107706E-4	0.000000E+0	0.000000E+0	0.000000E+0
7.298329E+0	-2.853489E-2	2.620000E+0	-5.351624E-18	2.346837E+17	7.567242E-2	0.000000E+0	1.370156E-1	5.357013E-4	0.000000E+0	0.000000E+0	0.000000E+0
7.405055E+0	-2.163786E-2	2.544000E+0	3.389541E+17	1.295985E-19	7.349885E-2	0.000000E+0	1.350417E-1	3.945972E-4	0.000000E+0	0.000000E+0	0.000000E+0
7.341247E+0	-3.919089E-2	2.468000E+0	6.327113E-19	5.234687E+17	7.137479E-2	0.000000E+0	1.362128E-1	7.271652E-4	0.000000E+0	0.000000E+0	0.000000E+0
7.444335E+0	-2.503234E-2	2.392000E+0	-2.769006E-18	3.559669E+13	6.936055E-2	0.000000E+0	1.343288E-1	4.516944E-4	0.000000E+0	0.000000E+0	0.000000E+0
7.412216E+0	-4.355818E-2	2.316000E+0	-1.980651E+17	2.858813E+16	6.692548E-2	0.000000E+0	1.349078E-1	7.927908E-4	0.000000E+0	0.000000E+0	0.000000E+0
7.105139E+0	-3.720450E-2	2.241000E+0	2.915631E-18	5.325299E+16	6.490254E-2	0.000000E+0	1.407393E-1	7.369507E-4	0.000000E+0	0.000000E+0	0.000000E+0
7.693887E+0	-3.309447E-2	2.165000E+0	2.579781E+17	4.569561E-19	6.284080E-2	0.000000E+0	1.299709E-1	5.590566E-4	0.000000E+0	0.000000E+0	0.000000E+0
7.612623E+0	-2.522653E-2	2.089000E+0	5.241928E+17	-4.155966E-18	6.010850E-2	0.000000E+0	1.313593E-1	4.352954E-4	0.000000E+0	0.000000E+0	0.000000E+0
7.659457E+0	-2.446109E-2	2.013000E+0	-2.680828E+17	-5.132058E+17	5.800132E-2	0.000000E+0	1.305562E-1	4.169418E-4	0.000000E+0	0.000000E+0	0.000000E+0
7.676771E+0	-2.151030E-2	1.937000E+0	1.676928E-18	4.035830E-18	5.577666E-2	0.000000E+0	1.302621E-1	3.649941E-4	0.000000E+0	0.000000E+0	0.000000E+0
7.675715E+0	-2.049387E-2	1.861000E+0	1.137875E+17	1.878399E+17	5.357651E-2	0.000000E+0	1.302801E-1	3.478429E-4	0.000000E+0	0.000000E+0	0.000000E+0
7.664532E+0	-1.808465E-2	1.785000E+0	9.225665E+16	2.295762E-18	5.139221E-2	0.000000E+0	1.304704E-1	3.078480E-4	0.000000E+0	0.000000E+0	0.000000E+0
7.650889E+0	-1.656258E-2	1.709000E+0	6.373293E-18	1.659667E-18	4.922015E-2	0.000000E+0	1.307032E-1	2.829451E-4	0.000000E+0	0.000000E+0	0.000000E+0
7.638800E+0	-1.498687E-2	1.633000E+0	5.364322E+17	-2.871878E+17	4.704453E-2	0.000000E+0	1.309101E-1	2.568378E-4	0.000000E+0	0.000000E+0	0.000000E+0
7.625565E+0	-1.380658E-2	1.557000E+0	5.229813E-18	8.421242E+16	4.486124E-2	0.000000E+0	1.311374E-1	2.374328E-4	0.000000E+0	0.000000E+0	0.000000E+0
7.616308E+0	-1.095611E-2	1.481000E+0	7.433461E+16	-3.421240E+17	4.268204E-2	0.000000E+0	1.312969E-1	1.888715E-4	0.000000E+0	0.000000E+0	0.000000E+0
7.606791E+0	-9.912670E-3	1.405000E+0	-2.820974E+17	-3.573572E+17	4.049518E-2	0.000000E+0	1.314613E-1	1.713117E-4	0.000000E+0	0.000000E+0	0.000000E+0
7.599106E+0	-1.052147E-2	1.329000E+0	3.884304E+17	-5.707470E+17	3.831190E-2	0.000000E+0	1.315942E-1	1.822009E-4	0.000000E+0	0.000000E+0	0.000000E+0
7.589037E+0	-7.457018E-3	1.253000E+0	-5.196819E+17	2.162502E-18	3.612657E-2	0.000000E+0	1.317689E-1	1.294766E-4	0.000000E+0	0.000000E+0	0.000000E+0
7.579000E+0	-7.408500E-3	1.177000E+0	-1.554791E+17	1.089529E+17	3.394328E-2	0.000000E+0	1.319434E-1	1.289752E-4	0.000000E+0	0.000000E+0	0.000000E+0
7.569500E+0	-6.238282E-3	1.101000E+0	2.547933E-18	-2.657602E+16	3.175744E-2	0.000000E+0	1.321090E-1	1.088755E-4	0.000000E+0	0.000000E+0	0.000000E+0
7.557721E+0	-6.299615E-3	1.025000E+0	-6.904543E-18	-8.377323E+16	2.957314E-2	0.000000E+0	1.323149E-1	1.102889E-4	0.000000E+0	0.000000E+0	0.000000E+0
7.544806E+0	-5.096734E-3	9.490000E-1	-4.524459E+17	2.055852E+17	2.738117E-2	0.000000E+0	1.325415E-1	8.953557E-5	0.000000E+0	0.000000E+0	0.000000E+0
7.533384E+0	-4.819155E-3	8.730000E-1	-7.975154E-19	6.323277E-18	2.519584E-2	0.000000E+0	1.327424E-1	8.491619E-5	0.000000E+0	0.000000E+0	0.000000E+0
7.519797E+0	-3.668249E-3	7.970000E-1	3.266052E+17	-3.632098E-18	2.301459E-2	0.000000E+0	1.329823E-1	6.487038E-5	0.000000E+0	0.000000E+0	0.000000E+0
7.507106E+0	-2.712250E-3	7.220000E-1	1.388541E-18	6.784133E-18	2.085171E-2	0.000000E+0	1.332071E-1	4.812653E-5	0.000000E+0	0.000000E+0	0.000000E+0
7.494840E+0	-2.589703E-3	6.460000E-1	4.766215E-20	4.558806E+17	1.865565E-2	0.000000E+0	1.334251E-1	4.610257E-5	0.000000E+0	0.000000E+0	0.000000E+0
7.479303E+0	-9.847283E-4	5.700000E-1	-3.849816E-18	-6.877737E-18	1.646776E-2	0.000000E+0	1.337023E-1	1.760330E-5	0.000000E+0	0.000000E+0	0.000000E+0
7.465700E+0	-1.429081E-3	4.940000E-1	-4.316353E+17	3.990636E-18	1.427171E-2	0.000000E+0	1.339459E-1	2.563987E-5	0.000000E+0	0.000000E+0	0.000000E+0
7.452178E+0	-6.166101E-4	4.180000E-1	4.155979E+17	-3.766913E+16	1.208281E-2	0.000000E+0	1.341890E-1	1.110310E-5	0.000000E+0	0.000000E+0	0.000000E+0
7.437249E+0	-1.111031E-4	3.420000E-1	-3.411812E-18	5.558819E-18	9.884201E-3	0.000000E+0	1.344583E-1	2.008637E-6	0.000000E+0	0.000000E+0	0.000000E+0
7.423364E+0	-5.772114E-4	2.660000E-1	-3.021231E-18	1.442034E+17	7.689168E-3	0.000000E+0	1.347098E-1	1.047450E-5	0.000000E+0	0.000000E+0	0.000000E+0
7.408424E+0	1.300156E-3	1.900000E-1	-1.067113E+17	-5.230656E+17	5.496687E-3	0.000000E+0	1.349815E-1	-2.368884E-5	0.000000E+0	0.000000E+0	0.000000E+0
7.394086E+0	6.819963E-4	1.140000E-1	-4.715167E+17	-4.040397E+17	3.298080E-3	0.000000E+0	1.352432E-1	-1.247421E-5	0.000000E+0	0.000000E+0	0.000000E+0
7.379430E+0	3.548443E-3	3.800000E-2	-3.138356E+17	4.406614E-18	1.097939E-3	0.000000E+0	1.355118E-1	-6.516165E-5	0.000000E+0	0.000000E+0	0.000000E+0
7.364010E+0	2.725720E-3	-3.800000E-2	-9.427576E-19	-9.426377E-19	-1.114970E-3	0.000000E+0	1.357956E-1	-5.026347E-5	0.000000E+0	0.000000E+0	0.000000E+0
7.348677E+0	2.244651E-3	-1.140000E-1	-4.717429E+17	-4.909997E+17	-3.314600E-3	0.000000E+0	1.360789E-1	-4.156526E-5	0.000000E+0	0.000000E+0	0.000000E+0
7.334034E+0	4.570425E-3	-1.900000E-1	-2.971689E+17	-4.956124E-18	-5.514741E-3	0.000000E+0	1.363506E-1	-8.497097E-5	0.000000E+0	0.000000E+0	0.000000E+0
7.320203E+0	3.585935E-3	-2.660000E-1	-1.478400E+17	2.700590E+17	-7.717437E-3	0.000000E+0	1.366082E-1	-6.692002E-5	0.000000E+0	0.000000E+0	0.000000E+0
7.303661E+0	4.966259E-3	-3.420000E-1	-2.725480E+17	1.903750E-18	-9.921154E-3	0.000000E+0	1.369176E-1	-9.309963E-5	0.000000E+0	0.000000E+0	0.000000E+0
7.290645E+0	4.333198E-3	-4.180000E-1	-1.696573E+17	-6.427781E-19	-1.212793E-2	0.000000E+0	1.371620E-1	-8.152231E-5	0.000000E+0	0.000000E+0	0.000000E+0
7.276377E+0	4.320204E-3	-4.940000E-1	6.411590E-18	-1.599031E-19	-1.433063E-2	0.000000E+0	1.374310E-1	-8.159691E-5	0.000000E+0	0.000000E+0	0.000000E+0
7.262579E+0	5.675077E-3	-5.700000E-1	-5.761072E+17	-4.172230E+17	-1.653741E-2	0.000000E+0	1.376920E-1	-1.075944E-4	0.000000E+0	0.000000E+0	0.000000E+0
7.248966E+0	5.291283E-3	-6.460000E-1	-5.506723E-18	3.318154E+17	-1.874470E-2	0.000000E+0	1.379506E-1	-1.006952E-4	0.000000E+0	0.000000E+0	0.000000E+0
7.227874E+0	5.338609E-3	-7.220000E-1	4.410889E+17	3.940187E-18	-2.094994E-2	0.000000E+0	1.383532E-1	-1.021896E-4	0.000000E+0	0.000000E+0	0.000000E+0
7.210637E+0	7.564664E-3	-7.970000E-1	1.829862E+17	1.850698E+17	-2.314450E-2	0.000000E+0	1.386838E-1	-1.454929E-4	0.000000E+0	0.000000E+0	0.000000E+0
7.190041E+0	6.544471E-3	-8.730000E-1	-1.333488E-18	6.132215E-18	-2.535588E-2	0.000000E+0	1.390812E-1	-1.265935E-4	0.000000E+0	0.000000E+0	0.000000E+0
7.173645E+0	6.769240E-3	-9.490000E-1	-1.829207E-18	1.490663E+17	-2.756827E-2	0.000000E+0	1.393990E-1	-1.315406E-4	0.000000E+0	0.000000E+0	0.000000E+0
7.144397E+0	7.057965E-3	-1.025000E+0	-7.957818E+16	-3.386218E-18	-2.979957E-2	0.000000E+0	1.399697E-1	-1.382764E-4	0.000000E+0	0.000000E+0	0.000000E+0
7.145771E+0	8.092880E-3	-1.101000E+0	2.088264E+17	-2.195880E+17	-3.200993E-2	0.000000E+0	1.399427E-1	-1.584909E-4	0.000000E+0	0.000000E+0	0.000000E+0
7.148407E+0	7.813156E-3	-1.177000E+0	-5.319417E+16	-3.192840E+17	-3.423306E-2	0.000000E+0	1.398911E-1	-1.529000E-4	0.000000E+0	0.000000E+0	0.000000E+0
7.142267E+0	7.261157E-3	-1.253000E+0	-1.291944E-18	-5.342346E-18	-3.643320E-2	0.000000E+0	1.400114E-1	-1.423420E-4	0.000000E+0	0.000000E+0	0.000000E+0
7.130606E+0	6.723642E-3	-1.329000E+0	-5.203440E-18	-3.094974E-18	-3.863232E-2	0.000000E+0	1.402404E-1	-1.322365E-4	0.000000E+0	0.000000E+0	0.000000E+0
7.110515E+0	2.440512E-3	-1.405000E+0	3.716679E-18	4.245176E+17	-4.085339E-2	0.000000E+0	1.406368E-1	-4.827016E-5	0.000000E+0	0.000000E+0	0.000000E+0
7.057820E+0	4.864872E-3	-1.481000E+0	1.311717E+15	5.157902E-18	-4.322514E-2	0.000000E+0	1.416867E-1	-9.766300E-5	0.000000E+0	0.000000E+0	0.000000E+0
7.054922E+0	6.320477E-3	-1.557000E+0	-1.016338E-18	-5.687757E-18	-4.540179E-2	0.000000E+0	1.417449E-1	-1.269887E-4	0.000000E+0	0.000000E+0	0.000000E+0
6.990118E+0	4.743934E-3	-1.633000E+0	-6.256277E-18	1.398985E+17	-4.759886E-2	0.000000E+0	1.430590E-1	-9.708886E-5	0.000000E+0	0.000000E+0	0.000000E+0
6.976146E+0	5.108118E-3	-1.709000E+0	2.698511E+17	2.405250E+17	-4.992107E-2	0.000000E+0	1.433455E-1	-1.049614E-4	0.000000E+0	0.000000E+0	0.000000E+0
7.032108E+0	2.301037E-3	-1.785000E+0	-4.013414E-19	-2.240669E+17	-5.224020E-2	0.000000E+0	1.422049E-1	-4.653208E-5	0.000000E+0	0.000000E+0	0.000000E+0
7.016224E+0	5.112171E-3	-1.861000E+0	8.607252E+16	1.699529E-17	-5.435250E-2	0.000000E+0	1.425267E-1	-1.038480E-4	0.000000E+0	0.000000E+0	0.000000E+0
6.934299E+0	-3.568172E-3	-1.937000E+0	2.127762E-18	3.276064E+15	-5.660474E-2	0.000000E+0	1.442106E-1	7.420626E-5	0.000000E+0	0.000000E+0	0.000000E+0
6.788295E+0	-9.029806E-3	-2.013000E+0	-4.960952E+17	1.188143E+17	-5.945707E-2	0.000000E+0	1.473121E-1	1.959549E-4	0.000000E+0	0.000000E+0	0.000000E+0
6.711290E+0	-1.641530E-2	-2.089000E+0	-6.504745E+16	2.369911E+17	-6.152034E-2	0.000000E+0	1.490018E-1	3.644469E-4	0.000000E+0	0.000000E+0	0.000000E+0
6.639894E+0	-1.904577E-2	-2.165000E+0	5.291893E-18	5.135446E+17	-6.446207E-2	0.000000E+0	1.506036E-1	4.319890E-4	0.000000E+0	0.000000E+0	0.000000E+0
6.658730E+0	-2.132750E-2	-2.241000E+0	-2.052875E-18	3.493290E-18	-6.676589E-2	0.000000E+0	1.501772E-1	4.810084E-4	0.000000E+0	0.000000E+0	0.000000E+0
6.697023E+0	-3.067237E-2	-2.316000E+0	2.907620E+17	-1.496570E-18	-6.902528E-2	0.000000E+0	1.493169E-1	6.838717E-4	0.000000E+0	0.000000E+0	0.000000E+0
6.648551E+0	-3.525007E-2	-2.392000E+0	4.285629E-18	4.664198E-18	-7.131837E-2	0.000000E+0	1.504045E-1	7.974322E-4	0.000000E+0	0.000000E+0	0.000000E+0
6.640747E+0	-3.274196E-2	-2.468000E+0	6.288337E-18	-3.928899E-18	-7.365540E-2	0.000000E+0	1.505818E-1	7.424381E-4	0.000000E+0	0.000000E+0	0.000000E+0
6.641809E+0	-4.189146E-2	-2.544000E+0	8.250878E-19	2.832976E+17	-7.601795E-2	0.000000E+0	1.505554E-1	9.495885E-4	0.000000E+0	0.000000E+0	0.000000E+0
6.692354E+0	-3.984874E-2	-2.620000E+0	4.553607E+17	-2.686618E+17	-7.821605E-2	0.000000E+0	1.494190E-1	8.896955E-4	0.000000E+0	0.000000E+0	0.000000E+0
6.633986E+0	-3.742272E-2	-2.696000E+0	2.517955E+17	3.793721E+16	-8.063222E-2	0.000000E+0	1.507341E-1	8.503005E-4	0.000000E+0	0.000000E+0	0.000000E+0
6.592031E+0	-4.614520E-2	-2.772000E+0	-6.194311E-18	6.447522E-18	-8.268835E-2	0.000000E+0	1.516909E-1	1.061859E-3	0.000000E+0	0.000000E+0	0.000000E+0
6.418720E+0	-4.649496E-2	-2.848000E+0	-5.704680E+17	6.513754E+16	-8.616376E-2	0.000000E+0	1.557861E-1	1.128460E-3	0.000000E+0	0.000000E+0	0.000000E+0
6.611433E+0	-4.099649E-2	-2.924000E+0	-1.808722E+17	6.906363E-18	-8.836493E-2	0.000000E+0	1.512473E-1	9.378616E-4	0.000000E+0	0.000000E+0	0.000000E+0
6.526491E+0	-4.994160E-2	-3.000000E+0	-3.567381E+17	-4.286482E-18	-8.981635E-2	0.000000E+0	1.532127E-1	1.172405E-3	0.000000E+0	0.000000E+0	0.000000E+0
