Real / Ohm	Ximag / Ohm	V_DC / V	I_a c / A	V_ac / V	I_DC / A
1.898051E+3	-1.402530E+5	-2.500000E+0	-3.567381E+17	-4.283094E-18	-8.915667E-7	1.000000E+6	9.647261E-8	7.128667E-6	0.000000E+0	0.000000E+0	0.000000E+0
2.308461E+3	-1.345892E+5	-2.462000E+0	-4.691027E+17	6.689522E-18	1.121458E-6	0.000000E+0	1.274015E-7	7.427831E-6	0.000000E+0	0.000000E+0	0.000000E+0
1.997414E+3	-1.305828E+5	-2.424000E+0	-5.704680E+17	1.371951E+17	1.602268E-6	0.000000E+0	1.171101E-7	7.656185E-6	0.000000E+0	0.000000E+0	0.000000E+0
2.096949E+3	-1.272457E+5	-2.386000E+0	-6.627991E-18	5.176248E+17	5.509501E-7	0.000000E+0	1.294743E-7	7.856678E-6	0.000000E+0	0.000000E+0	0.000000E+0
2.226215E+3	-1.240005E+5	-2.348000E+0	2.517955E+17	3.793721E+16	5.211332E-7	0.000000E+0	1.447372E-7	8.061885E-6	0.000000E+0	0.000000E+0	0.000000E+0
2.057953E+3	-1.208368E+5	-2.310000E+0	4.508571E+17	-2.686618E+17	3.555571E-6	0.000000E+0	1.409000E-7	8.273225E-6	0.000000E+0	0.000000E+0	0.000000E+0
2.170336E+3	-1.175154E+5	-2.272000E+0	8.250878E-19	2.835790E+17	-5.600887E-7	0.000000E+0	1.571047E-7	8.506622E-6	0.000000E+0	0.000000E+0	0.000000E+0
2.331539E+3	-1.141720E+5	-2.234000E+0	6.234127E-18	-3.929322E-18	-1.100692E-6	0.000000E+0	1.787897E-7	8.755064E-6	0.000000E+0	0.000000E+0	0.000000E+0
2.324918E+3	-1.104334E+5	-2.196000E+0	-2.654959E-18	4.664198E-18	-1.090957E-7	0.000000E+0	1.905524E-7	9.051220E-6	0.000000E+0	0.000000E+0	0.000000E+0
2.425000E+3	-1.067366E+5	-2.158000E+0	2.907620E+17	-1.496570E-18	-6.496994E-7	0.000000E+0	2.127458E-7	9.364024E-6	0.000000E+0	0.000000E+0	0.000000E+0
2.378680E+3	-1.028514E+5	-2.120000E+0	-2.052875E-18	3.493290E-18	1.874098E-6	0.000000E+0	2.247416E-7	9.717567E-6	0.000000E+0	0.000000E+0	0.000000E+0
2.494539E+3	-9.854036E+4	-2.082000E+0	5.725574E-18	5.135446E+17	3.887108E-6	0.000000E+0	2.567342E-7	1.014163E-5	0.000000E+0	0.000000E+0	0.000000E+0
2.671039E+3	-9.397778E+4	-2.044000E+0	-6.504745E+16	2.369919E+17	-7.393246E-7	0.000000E+0	3.021894E-7	1.063222E-5	0.000000E+0	0.000000E+0	0.000000E+0
2.771227E+3	-8.977595E+4	-2.006000E+0	-4.960950E+17	9.965210E-19	-2.584275E-7	0.000000E+0	3.435093E-7	1.112824E-5	0.000000E+0	0.000000E+0	0.000000E+0
2.813285E+3	-8.781489E+4	-1.968000E+0	2.127762E-18	9.311133E+1	2.223969E-7	0.000000E+0	3.644449E-7	1.137591E-5	0.000000E+0	0.000000E+0	0.000000E+0
2.861273E+3	-8.690405E+4	-1.930000E+0	8.610729E+16	4.249670E-18	7.032722E-7	0.000000E+0	3.784502E-7	1.149448E-5	0.000000E+0	0.000000E+0	0.000000E+0
2.842285E+3	-8.575664E+4	-1.892000E+0	-3.870907E-18	-2.240669E+17	3.227011E-6	0.000000E+0	3.860604E-7	1.164811E-5	0.000000E+0	0.000000E+0	0.000000E+0
2.905453E+3	-8.463519E+4	-1.854000E+0	2.698511E+17	-3.360764E+17	2.686407E-6	0.000000E+0	4.051356E-7	1.180151E-5	0.000000E+0	0.000000E+0	0.000000E+0
2.846668E+3	-8.308152E+4	-1.816000E+0	-6.256276E-18	1.218838E+17	1.029475E-7	0.000000E+0	4.119252E-7	1.202226E-5	0.000000E+0	0.000000E+0	0.000000E+0
2.901465E+3	-8.160714E+4	-1.778000E+0	-1.006173E-18	-5.687810E-18	5.837646E-7	0.000000E+0	4.351233E-7	1.223836E-5	0.000000E+0	0.000000E+0	0.000000E+0
2.962246E+3	-8.038069E+4	-1.741000E+0	1.311717E+15	5.049482E-18	1.603032E-6	0.000000E+0	4.578553E-7	1.242393E-5	0.000000E+0	0.000000E+0	0.000000E+0
2.981023E+3	-7.938619E+4	-1.703000E+0	3.716679E-18	4.245176E+17	-4.697213E-7	0.000000E+0	4.723495E-7	1.257891E-5	0.000000E+0	0.000000E+0	0.000000E+0
2.975066E+3	-7.837542E+4	-1.665000E+0	-5.203440E-18	3.830367E-18	-1.010318E-6	0.000000E+0	4.836281E-7	1.274074E-5	0.000000E+0	0.000000E+0	0.000000E+0
2.934184E+3	-7.740033E+4	-1.627000E+0	-1.183523E-18	-5.342346E-18	4.919857E-7	0.000000E+0	4.890779E-7	1.290130E-5	0.000000E+0	0.000000E+0	0.000000E+0
3.044805E+3	-7.637728E+4	-1.589000E+0	-5.319197E+16	-3.192840E+17	4.547925E-6	0.000000E+0	5.211245E-7	1.307212E-5	0.000000E+0	0.000000E+0	0.000000E+0
3.019754E+3	-7.532064E+4	-1.551000E+0	2.088264E+17	-2.195880E+17	-1.099936E-6	0.000000E+0	5.314300E-7	1.325527E-5	0.000000E+0	0.000000E+0	0.000000E+0
3.018461E+3	-7.415488E+4	-1.513000E+0	-7.957818E+16	-3.372652E-18	9.130890E-7	0.000000E+0	5.480083E-7	1.346298E-5	0.000000E+0	0.000000E+0	0.000000E+0
2.953852E+3	-7.273744E+4	-1.475000E+0	-1.773302E-18	1.794108E-18	3.724781E-7	0.000000E+0	5.573873E-7	1.372544E-5	0.000000E+0	0.000000E+0	0.000000E+0
2.970691E+3	-7.114039E+4	-1.437000E+0	-1.306383E-18	6.138991E-18	-6.788323E-7	0.000000E+0	5.859605E-7	1.403224E-5	0.000000E+0	0.000000E+0	0.000000E+0
2.802334E+3	-6.928056E+4	-1.399000E+0	1.829862E+17	1.860550E+17	-1.979570E-7	0.000000E+0	5.828907E-7	1.441049E-5	0.000000E+0	0.000000E+0	0.000000E+0
2.631064E+3	-6.702900E+4	-1.361000E+0	4.410889E+17	3.940187E-18	1.304354E-6	0.000000E+0	5.847057E-7	1.489596E-5	0.000000E+0	0.000000E+0	0.000000E+0
2.308918E+3	-6.422184E+4	-1.323000E+0	-5.506723E-18	3.318154E+17	-2.577362E-7	0.000000E+0	5.590904E-7	1.555093E-5	0.000000E+0	0.000000E+0	0.000000E+0
1.913904E+3	-6.087489E+4	-1.285000E+0	-4.319920E+17	-4.172230E+17	-7.982890E-7	0.000000E+0	5.159584E-7	1.641091E-5	0.000000E+0	0.000000E+0	0.000000E+0
1.512590E+3	-5.655564E+4	-1.247000E+0	6.306558E-18	-1.599031E-19	1.725457E-6	0.000000E+0	4.725620E-7	1.766906E-5	0.000000E+0	0.000000E+0	0.000000E+0
1.160172E+3	-5.092444E+4	-1.209000E+0	-2.041751E-18	-6.427516E-19	2.206332E-6	0.000000E+0	4.471410E-7	1.962675E-5	0.000000E+0	0.000000E+0	0.000000E+0
8.413828E+2	-4.394801E+4	-1.171000E+0	-2.815563E+17	1.903750E-18	2.176472E-6	0.000000E+0	4.354678E-7	2.274582E-5	0.000000E+0	0.000000E+0	0.000000E+0
6.279883E+2	-3.654713E+4	-1.133000E+0	-1.478444E+17	2.700591E+17	1.125154E-6	0.000000E+0	4.700205E-7	2.735385E-5	0.000000E+0	0.000000E+0	0.000000E+0
4.784551E+2	-2.982118E+4	-1.095000E+0	-2.949171E+17	-4.956124E-18	1.095264E-6	0.000000E+0	5.378730E-7	3.352458E-5	0.000000E+0	0.000000E+0	0.000000E+0
3.908311E+2	-2.450034E+4	-1.057000E+0	-4.717429E+17	-4.911393E+17	5.546826E-7	0.000000E+0	6.509302E-7	4.080538E-5	0.000000E+0	0.000000E+0	0.000000E+0
3.158105E+2	-2.029495E+4	-1.019000E+0	-9.427576E-19	-9.426377E-19	1.408625E-8	0.000000E+0	7.665587E-7	4.926141E-5	0.000000E+0	0.000000E+0	0.000000E+0
2.729839E+2	-1.735577E+4	-9.810000E-1	-3.093320E+17	4.406614E-18	1.005650E-6	0.000000E+0	9.060284E-7	5.760348E-5	0.000000E+0	0.000000E+0	0.000000E+0
2.304336E+2	-1.532835E+4	-9.430000E-1	-4.715168E+17	-4.040397E+17	1.997247E-6	0.000000E+0	9.805209E-7	6.522385E-5	0.000000E+0	0.000000E+0	0.000000E+0
2.005356E+2	-1.392951E+4	-9.050000E-1	4.697494E+17	-5.230656E+17	2.478097E-6	0.000000E+0	1.033308E-6	7.177516E-5	0.000000E+0	0.000000E+0	0.000000E+0
1.799512E+2	-1.292426E+4	-8.670000E-1	-3.021231E-18	1.442034E+17	2.958950E-6	0.000000E+0	1.077108E-6	7.735887E-5	0.000000E+0	0.000000E+0	0.000000E+0
1.638540E+2	-1.215874E+4	-8.290000E-1	-3.411601E-18	5.558819E-18	-3.199624E-6	0.000000E+0	1.108156E-6	8.223043E-5	0.000000E+0	0.000000E+0	0.000000E+0
1.519209E+2	-1.154861E+4	-7.910000E-1	4.155990E+17	-1.817843E+17	8.563111E-7	0.000000E+0	1.138893E-6	8.657553E-5	0.000000E+0	0.000000E+0	0.000000E+0
1.301084E+2	-1.104667E+4	-7.530000E-1	-5.577361E+17	4.857998E-18	8.264506E-7	0.000000E+0	1.066062E-6	9.051246E-5	0.000000E+0	0.000000E+0	0.000000E+0
1.202554E+2	-1.061168E+4	-7.150000E-1	-3.849816E-18	-6.874137E-18	-2.248707E-7	0.000000E+0	1.067777E-6	9.422369E-5	0.000000E+0	0.000000E+0	0.000000E+0
1.153242E+2	-1.023062E+4	-6.770000E-1	4.766215E-20	4.558806E+17	-2.808360E-6	0.000000E+0	1.101695E-6	9.773337E-5	0.000000E+0	0.000000E+0	0.000000E+0
1.061807E+2	-9.884961E+3	-6.390000E-1	1.388541E-18	6.784126E-18	-2.846245E-7	0.000000E+0	1.086540E-6	1.011521E-4	0.000000E+0	0.000000E+0	0.000000E+0
1.012744E+2	-9.569572E+3	-6.010000E-1	3.266052E+17	-3.794914E-19	-2.868113E-6	0.000000E+0	1.105773E-6	1.044862E-4	0.000000E+0	0.000000E+0	0.000000E+0
9.866748E+1	-9.276277E+3	-5.630000E-1	-7.907392E-19	6.323277E-18	6.770824E-7	0.000000E+0	1.146509E-6	1.077897E-4	0.000000E+0	0.000000E+0	0.000000E+0
9.258179E+1	-9.004477E+3	-5.250000E-1	-4.524484E+17	2.055147E+17	1.365079E-7	0.000000E+0	1.141728E-6	1.110441E-4	0.000000E+0	0.000000E+0	0.000000E+0
8.816626E+1	-8.757166E+3	-4.870000E-1	-6.904437E-18	-8.375564E+16	6.173595E-7	0.000000E+0	1.149559E-6	1.141806E-4	0.000000E+0	0.000000E+0	0.000000E+0
8.892749E+1	-8.527174E+3	-4.490000E-1	2.547933E-18	-2.658042E+16	-1.966129E-6	0.000000E+0	1.222865E-6	1.172594E-4	0.000000E+0	0.000000E+0	0.000000E+0
8.468726E+1	-8.319783E+3	-4.110000E-1	-1.554615E+17	1.089529E+17	-1.485278E-6	0.000000E+0	1.223345E-6	1.201830E-4	0.000000E+0	0.000000E+0	0.000000E+0
8.564697E+1	-8.129965E+3	-3.730000E-1	-5.196808E+17	2.162502E-18	-4.937119E-7	0.000000E+0	1.295646E-6	1.229881E-4	0.000000E+0	0.000000E+0	0.000000E+0
8.120410E+1	-7.959329E+3	-3.350000E-1	3.883601E+17	-5.707470E+17	-1.286026E-8	0.000000E+0	1.281681E-6	1.256257E-4	0.000000E+0	0.000000E+0	0.000000E+0
8.066699E+1	-7.803250E+3	-2.970000E-1	-2.820974E+17	-3.562291E+17	2.000163E-6	0.000000E+0	1.324642E-6	1.281380E-4	0.000000E+0	0.000000E+0	0.000000E+0
8.186230E+1	-7.660854E+3	-2.590000E-1	7.433461E+16	-3.421229E+17	-7.258313E-8	0.000000E+0	1.394697E-6	1.305188E-4	0.000000E+0	0.000000E+0	0.000000E+0
7.996265E+1	-7.534782E+3	-2.220000E-1	5.229813E-18	8.421242E+16	1.968107E-6	0.000000E+0	1.408306E-6	1.327029E-4	0.000000E+0	0.000000E+0	0.000000E+0
8.002686E+1	-7.413622E+3	-1.840000E-1	5.319462E+17	-2.871880E+17	9.167870E-7	0.000000E+0	1.455876E-6	1.348711E-4	0.000000E+0	0.000000E+0	0.000000E+0
8.005640E+1	-7.301745E+3	-1.460000E-1	-4.035047E-18	1.659667E-18	1.397640E-6	0.000000E+0	1.501380E-6	1.369371E-4	0.000000E+0	0.000000E+0	0.000000E+0
7.658228E+1	-7.197123E+3	-1.080000E-1	9.211592E+16	2.295762E-18	8.570346E-7	0.000000E+0	1.478296E-6	1.389287E-4	0.000000E+0	0.000000E+0	0.000000E+0
7.560376E+1	-7.098207E+3	-7.000000E-2	4.020179E+17	1.922731E+17	-1.215742E-6	0.000000E+0	1.500365E-6	1.408647E-4	0.000000E+0	0.000000E+0	0.000000E+0
7.798096E+1	-7.005855E+3	-3.200000E-2	1.731139E-18	4.035830E-18	-1.245603E-6	0.000000E+0	1.588592E-6	1.427201E-4	0.000000E+0	0.000000E+0	0.000000E+0
7.721875E+1	-6.917529E+3	6.000000E-3	-2.680828E+17	-5.132047E+17	1.788877E-6	0.000000E+0	1.613491E-6	1.445423E-4	0.000000E+0	0.000000E+0	0.000000E+0
7.866016E+1	-6.835942E+3	4.400000E-2	5.241939E+17	-4.155966E-18	-1.305356E-6	0.000000E+0	1.683064E-6	1.462663E-4	0.000000E+0	0.000000E+0	0.000000E+0
7.818115E+1	-6.756115E+3	8.200000E-2	2.579781E+17	4.569569E-19	-1.845931E-6	0.000000E+0	1.712576E-6	1.479942E-4	0.000000E+0	0.000000E+0	0.000000E+0
7.949463E+1	-6.682115E+3	1.200000E-1	2.915631E-18	5.325299E+16	6.778055E-7	0.000000E+0	1.780117E-6	1.496320E-4	0.000000E+0	0.000000E+0	0.000000E+0
7.944189E+1	-6.612391E+3	1.580000E-1	-1.980651E+17	1.958093E+16	-3.735131E-7	0.000000E+0	1.816644E-6	1.512094E-4	0.000000E+0	0.000000E+0	0.000000E+0
8.090601E+1	-6.546206E+3	1.960000E-1	-2.769006E-18	5.985466E+14	2.150254E-6	0.000000E+0	1.887709E-6	1.527369E-4	0.000000E+0	0.000000E+0	0.000000E+0
8.291577E+1	-6.483817E+3	2.340000E-1	6.327113E-19	3.793536E+17	1.609647E-6	0.000000E+0	1.971990E-6	1.542049E-4	0.000000E+0	0.000000E+0	0.000000E+0
8.474194E+1	-6.424767E+3	2.720000E-1	-2.374011E+17	1.295985E-19	-4.631274E-7	0.000000E+0	2.052618E-6	1.556206E-4	0.000000E+0	0.000000E+0	0.000000E+0
8.264014E+1	-6.368393E+3	3.100000E-1	-5.351625E-18	2.346836E+17	5.284674E-7	0.000000E+0	2.037315E-6	1.569990E-4	0.000000E+0	0.000000E+0	0.000000E+0
8.332886E+1	-6.314470E+3	3.480000E-1	2.587907E+17	-3.980899E-18	-5.228503E-7	0.000000E+0	2.089517E-6	1.583388E-4	0.000000E+0	0.000000E+0	0.000000E+0
8.792407E+1	-6.263610E+3	3.860000E-1	-3.127958E+17	-9.739208E-19	2.511630E-6	0.000000E+0	2.240644E-6	1.596209E-4	0.000000E+0	0.000000E+0	0.000000E+0
8.644189E+1	-6.215265E+3	4.240000E-1	6.653843E-18	-4.395667E+17	1.460312E-6	0.000000E+0	2.237283E-6	1.608631E-4	0.000000E+0	0.000000E+0	0.000000E+0
8.638916E+1	-6.169377E+3	4.620000E-1	-1.137863E-18	-4.190346E+17	-2.144638E-6	0.000000E+0	2.269298E-6	1.620591E-4	0.000000E+0	0.000000E+0	0.000000E+0
8.676465E+1	-6.125395E+3	5.000000E-1	-9.275714E-19	-3.780148E-18	-1.316112E-7	0.000000E+0	2.311998E-6	1.632220E-4	0.000000E+0	0.000000E+0	0.000000E+0
