Real / Ohm	Ximag / Ohm	V_DC / V	I_a c / A	V_ac / V	I_DC / A
1.396977E+3	-1.010032E+5	-2.500000E+0	-3.567381E+17	-4.283094E-18	1.298613E-7	1.000000E+6	1.369102E-7	9.898783E-6	0.000000E+0	0.000000E+0	0.000000E+0
1.466160E+3	-9.646117E+4	-2.467000E+0	-4.691027E+17	6.689522E-18	3.813417E-6	0.000000E+0	1.575346E-7	1.036447E-5	0.000000E+0	0.000000E+0	0.000000E+0
1.427801E+3	-9.328145E+4	-2.434000E+0	-5.704680E+17	1.371951E+17	-1.639128E-7	0.000000E+0	1.640497E-7	1.071773E-5	0.000000E+0	0.000000E+0	0.000000E+0
1.350418E+3	-9.017916E+4	-2.401000E+0	-6.627991E-18	5.176248E+17	1.987442E-6	0.000000E+0	1.660193E-7	1.108655E-5	0.000000E+0	0.000000E+0	0.000000E+0
1.439211E+3	-8.710497E+4	-2.368000E+0	2.517955E+17	3.793721E+16	2.095883E-6	0.000000E+0	1.896357E-7	1.147727E-5	0.000000E+0	0.000000E+0	0.000000E+0
1.401551E+3	-8.369759E+4	-2.335000E+0	4.508571E+17	-2.686618E+17	1.693610E-6	0.000000E+0	2.000144E-7	1.194443E-5	0.000000E+0	0.000000E+0	0.000000E+0
1.438805E+3	-8.040572E+4	-2.303000E+0	8.250878E-19	2.835790E+17	2.340486E-6	0.000000E+0	2.224790E-7	1.243295E-5	0.000000E+0	0.000000E+0	0.000000E+0
1.509707E+3	-7.723430E+4	-2.270000E+0	6.234127E-18	-3.929322E-18	3.981128E-6	0.000000E+0	2.529917E-7	1.294267E-5	0.000000E+0	0.000000E+0	0.000000E+0
1.426953E+3	-7.462892E+4	-2.237000E+0	-2.654959E-18	4.664198E-18	2.046654E-6	0.000000E+0	2.561159E-7	1.339473E-5	0.000000E+0	0.000000E+0	0.000000E+0
1.464730E+3	-7.255316E+4	-2.204000E+0	2.907620E+17	-1.496570E-18	6.229529E-7	0.000000E+0	2.781429E-7	1.377738E-5	0.000000E+0	0.000000E+0	0.000000E+0
1.507721E+3	-7.049986E+4	-2.171000E+0	-2.052875E-18	3.493290E-18	1.242166E-6	0.000000E+0	3.032117E-7	1.417794E-5	0.000000E+0	0.000000E+0	0.000000E+0
1.516057E+3	-6.851598E+4	-2.138000E+0	5.725574E-18	5.135446E+17	-1.203021E-6	0.000000E+0	3.227894E-7	1.458799E-5	0.000000E+0	0.000000E+0	0.000000E+0
1.472779E+3	-6.687988E+4	-2.105000E+0	-6.504745E+16	2.369919E+17	2.991248E-6	0.000000E+0	3.291062E-7	1.494493E-5	0.000000E+0	0.000000E+0	0.000000E+0
1.473078E+3	-6.576844E+4	-2.072000E+0	-4.960950E+17	9.965210E-19	1.567547E-6	0.000000E+0	3.403869E-7	1.519724E-5	0.000000E+0	0.000000E+0	0.000000E+0
1.484807E+3	-6.501671E+4	-2.039000E+0	2.127762E-18	9.311133E+1	5.251044E-6	0.000000E+0	3.510699E-7	1.537264E-5	0.000000E+0	0.000000E+0	0.000000E+0
1.501207E+3	-6.448198E+4	-2.006000E+0	8.610729E+16	4.249670E-18	-1.790628E-6	0.000000E+0	3.608515E-7	1.549981E-5	0.000000E+0	0.000000E+0	0.000000E+0
1.494797E+3	-6.393473E+4	-1.973000E+0	-3.870907E-18	-2.240669E+17	2.403642E-6	0.000000E+0	3.654864E-7	1.563241E-5	0.000000E+0	0.000000E+0	0.000000E+0
1.475779E+3	-6.338741E+4	-1.941000E+0	2.698511E+17	-3.360764E+17	2.539746E-6	0.000000E+0	3.670963E-7	1.576746E-5	0.000000E+0	0.000000E+0	0.000000E+0
1.480871E+3	-6.262947E+4	-1.908000E+0	-6.256276E-18	1.218838E+17	3.158959E-6	0.000000E+0	3.773262E-7	1.595800E-5	0.000000E+0	0.000000E+0	0.000000E+0
1.468123E+3	-6.170023E+4	-1.875000E+0	-1.006173E-18	-5.687810E-18	3.267400E-6	0.000000E+0	3.854278E-7	1.619822E-5	0.000000E+0	0.000000E+0	0.000000E+0
1.482303E+3	-6.058807E+4	-1.842000E+0	1.311717E+15	5.049482E-18	2.354413E-6	0.000000E+0	4.035551E-7	1.649503E-5	0.000000E+0	0.000000E+0	0.000000E+0
1.481297E+3	-5.926350E+4	-1.809000E+0	3.716679E-18	4.245176E+17	-6.014307E-7	0.000000E+0	4.214988E-7	1.686326E-5	0.000000E+0	0.000000E+0	0.000000E+0
1.520260E+3	-5.781980E+4	-1.776000E+0	-5.203440E-18	3.830367E-18	2.060639E-6	0.000000E+0	4.544275E-7	1.728317E-5	0.000000E+0	0.000000E+0	0.000000E+0
1.523770E+3	-5.630966E+4	-1.743000E+0	-1.183523E-18	-5.342346E-18	3.701280E-6	0.000000E+0	4.802150E-7	1.774595E-5	0.000000E+0	0.000000E+0	0.000000E+0
1.549943E+3	-5.479198E+4	-1.710000E+0	-5.319197E+16	-3.192840E+17	-2.760498E-7	0.000000E+0	5.158630E-7	1.823625E-5	0.000000E+0	0.000000E+0	0.000000E+0
1.591721E+3	-5.334791E+4	-1.677000E+0	2.088264E+17	-2.195880E+17	3.918161E-6	0.000000E+0	5.587862E-7	1.872820E-5	0.000000E+0	0.000000E+0	0.000000E+0
1.580121E+3	-5.207117E+4	-1.644000E+0	-7.957818E+16	-3.372652E-18	1.983746E-6	0.000000E+0	5.822318E-7	1.918682E-5	0.000000E+0	0.000000E+0	0.000000E+0
1.554785E+3	-5.095705E+4	-1.611000E+0	-1.773302E-18	1.794108E-18	2.092180E-6	0.000000E+0	5.982155E-7	1.960612E-5	0.000000E+0	0.000000E+0	0.000000E+0
1.541152E+3	-4.999899E+4	-1.578000E+0	-1.306383E-18	6.138991E-18	-2.395864E-6	0.000000E+0	6.159005E-7	1.998142E-5	0.000000E+0	0.000000E+0	0.000000E+0
1.534484E+3	-4.922527E+4	-1.546000E+0	1.829862E+17	1.860550E+17	2.336790E-6	0.000000E+0	6.326512E-7	2.029505E-5	0.000000E+0	0.000000E+0	0.000000E+0
1.498740E+3	-4.846668E+4	-1.513000E+0	4.410889E+17	3.940187E-18	4.023750E-7	0.000000E+0	6.374185E-7	2.061302E-5	0.000000E+0	0.000000E+0	0.000000E+0
1.501289E+3	-4.761367E+4	-1.480000E+0	-5.506723E-18	3.318154E+17	1.021530E-6	0.000000E+0	6.615603E-7	2.098151E-5	0.000000E+0	0.000000E+0	0.000000E+0
1.513828E+3	-4.663979E+4	-1.447000E+0	-4.319920E+17	-4.172230E+17	1.130029E-6	0.000000E+0	6.951941E-7	2.141836E-5	0.000000E+0	0.000000E+0	0.000000E+0
1.531797E+3	-4.539880E+4	-1.414000E+0	6.306558E-18	-1.599031E-19	-2.936722E-7	0.000000E+0	7.423664E-7	2.200197E-5	0.000000E+0	0.000000E+0	0.000000E+0
1.504137E+3	-4.379687E+4	-1.381000E+0	-2.041751E-18	-6.427516E-19	1.857683E-6	0.000000E+0	7.832300E-7	2.280578E-5	0.000000E+0	0.000000E+0	0.000000E+0
1.460508E+3	-4.174742E+4	-1.348000E+0	-2.815563E+17	1.903750E-18	1.966124E-6	0.000000E+0	8.369769E-7	2.392429E-5	0.000000E+0	0.000000E+0	0.000000E+0
1.392818E+3	-3.925719E+4	-1.315000E+0	-1.478444E+17	2.700591E+17	2.585337E-6	0.000000E+0	9.026297E-7	2.544102E-5	0.000000E+0	0.000000E+0	0.000000E+0
1.244752E+3	-3.639558E+4	-1.282000E+0	-2.949171E+17	-4.956124E-18	2.693771E-6	0.000000E+0	9.385942E-7	2.744376E-5	0.000000E+0	0.000000E+0	0.000000E+0
1.130229E+3	-3.327267E+4	-1.249000E+0	-4.717429E+17	-4.911393E+17	-2.621309E-7	0.000000E+0	1.019742E-6	3.002006E-5	0.000000E+0	0.000000E+0	0.000000E+0
9.817246E+2	-3.008063E+4	-1.216000E+0	-9.427576E-19	-9.426377E-19	3.932168E-6	0.000000E+0	1.083811E-6	3.320861E-5	0.000000E+0	0.000000E+0	0.000000E+0
8.497432E+2	-2.734998E+4	-1.184000E+0	-3.093320E+17	4.406614E-18	4.932226E-7	0.000000E+0	1.134892E-6	3.652784E-5	0.000000E+0	0.000000E+0	0.000000E+0
7.176729E+2	-2.436805E+4	-1.151000E+0	-4.715168E+17	-4.040397E+17	1.623150E-6	0.000000E+0	1.207559E-6	4.100178E-5	0.000000E+0	0.000000E+0	0.000000E+0
6.059189E+2	-2.188777E+4	-1.118000E+0	4.697494E+17	-5.230656E+17	3.263762E-6	0.000000E+0	1.263801E-6	4.565263E-5	0.000000E+0	0.000000E+0	0.000000E+0
5.039248E+2	-1.976631E+4	-1.085000E+0	-3.021231E-18	1.442034E+17	1.840061E-6	0.000000E+0	1.288939E-6	5.055827E-5	0.000000E+0	0.000000E+0	0.000000E+0
4.253389E+2	-1.799089E+4	-1.052000E+0	-3.411601E-18	5.558819E-18	3.480702E-6	0.000000E+0	1.313370E-6	5.555264E-5	0.000000E+0	0.000000E+0	0.000000E+0
3.619287E+2	-1.653579E+4	-1.019000E+0	4.155990E+17	-1.817843E+17	2.056971E-6	0.000000E+0	1.323016E-6	6.044593E-5	0.000000E+0	0.000000E+0	0.000000E+0
3.102656E+2	-1.536476E+4	-9.860000E-1	-5.577361E+17	4.857998E-18	2.676152E-6	0.000000E+0	1.313727E-6	6.505747E-5	0.000000E+0	0.000000E+0	0.000000E+0
2.668066E+2	-1.441309E+4	-9.530000E-1	-3.849816E-18	-6.874137E-18	-2.797206E-7	0.000000E+0	1.283907E-6	6.935761E-5	0.000000E+0	0.000000E+0	0.000000E+0
2.322168E+2	-1.363815E+4	-9.200000E-1	4.766215E-20	4.558806E+17	2.893092E-6	0.000000E+0	1.248121E-6	7.330248E-5	0.000000E+0	0.000000E+0	0.000000E+0
2.055767E+2	-1.299202E+4	-8.870000E-1	1.388541E-18	6.784126E-18	2.490819E-6	0.000000E+0	1.217620E-6	7.695106E-5	0.000000E+0	0.000000E+0	0.000000E+0
1.828330E+2	-1.244516E+4	-8.540000E-1	3.266052E+17	-3.794914E-19	1.067117E-6	0.000000E+0	1.180212E-6	8.033518E-5	0.000000E+0	0.000000E+0	0.000000E+0
1.647021E+2	-1.199830E+4	-8.220000E-1	-7.907392E-19	6.323277E-18	6.925111E-7	0.000000E+0	1.143873E-6	8.332944E-5	0.000000E+0	0.000000E+0	0.000000E+0
1.487134E+2	-1.158283E+4	-7.890000E-1	-4.524484E+17	2.055147E+17	1.822435E-6	0.000000E+0	1.108279E-6	8.632046E-5	0.000000E+0	0.000000E+0	0.000000E+0
1.365454E+2	-1.121556E+4	-7.560000E-1	-6.904437E-18	-8.375564E+16	-1.133467E-6	0.000000E+0	1.085352E-6	8.914863E-5	0.000000E+0	0.000000E+0	0.000000E+0
1.227793E+2	-1.087951E+4	-7.230000E-1	2.547933E-18	-2.658042E+16	-1.024997E-6	0.000000E+0	1.037173E-6	9.190420E-5	0.000000E+0	0.000000E+0	0.000000E+0
1.146958E+2	-1.057126E+4	-6.900000E-1	-1.554615E+17	1.089529E+17	3.169243E-6	0.000000E+0	1.026226E-6	9.458497E-5	0.000000E+0	0.000000E+0	0.000000E+0
1.060371E+2	-1.028254E+4	-6.570000E-1	-5.196808E+17	2.162502E-18	-2.973429E-7	0.000000E+0	1.002792E-6	9.724189E-5	0.000000E+0	0.000000E+0	0.000000E+0
1.009595E+2	-1.001770E+4	-6.240000E-1	3.883601E+17	-5.707470E+17	1.854012E-6	0.000000E+0	1.005928E-6	9.981317E-5	0.000000E+0	0.000000E+0	0.000000E+0
9.524170E+1	-9.766643E+3	-5.910000E-1	-2.820974E+17	-3.562291E+17	9.410251E-7	0.000000E+0	9.983785E-7	1.023796E-4	0.000000E+0	0.000000E+0	0.000000E+0
8.986426E+1	-9.532748E+3	-5.580000E-1	7.433461E+16	-3.421229E+17	2.070923E-6	0.000000E+0	9.888085E-7	1.048922E-4	0.000000E+0	0.000000E+0	0.000000E+0
8.530225E+1	-9.309467E+3	-5.250000E-1	5.229813E-18	8.421242E+16	-1.906406E-6	0.000000E+0	9.841797E-7	1.074085E-4	0.000000E+0	0.000000E+0	0.000000E+0
8.241602E+1	-9.099250E+3	-4.920000E-1	5.319462E+17	-2.871880E+17	-7.764793E-7	0.000000E+0	9.953248E-7	1.098902E-4	0.000000E+0	0.000000E+0	0.000000E+0
7.991919E+1	-8.905029E+3	-4.590000E-1	-4.035047E-18	1.659667E-18	8.641309E-7	0.000000E+0	1.007733E-6	1.122871E-4	0.000000E+0	0.000000E+0	0.000000E+0
7.604614E+1	-8.730400E+3	-4.270000E-1	9.211592E+16	2.295762E-18	1.510982E-6	0.000000E+0	9.976448E-7	1.145336E-4	0.000000E+0	0.000000E+0	0.000000E+0
7.364185E+1	-8.559348E+3	-3.940000E-1	4.020179E+17	1.922731E+17	1.619452E-6	0.000000E+0	1.005104E-6	1.168227E-4	0.000000E+0	0.000000E+0	0.000000E+0
7.029297E+1	-8.400000E+3	-3.610000E-1	1.731139E-18	4.035830E-18	1.217179E-6	0.000000E+0	9.961458E-7	1.190393E-4	0.000000E+0	0.000000E+0	0.000000E+0
6.866943E+1	-8.251795E+3	-3.280000E-1	-2.680828E+17	-5.132047E+17	-2.065244E-7	0.000000E+0	1.008409E-6	1.211774E-4	0.000000E+0	0.000000E+0	0.000000E+0
6.735498E+1	-8.114643E+3	-2.950000E-1	5.241939E+17	-4.155966E-18	2.455572E-6	0.000000E+0	1.022824E-6	1.232255E-4	0.000000E+0	0.000000E+0	0.000000E+0
6.696704E+1	-7.986862E+3	-2.620000E-1	2.579781E+17	4.569569E-19	-1.521787E-6	0.000000E+0	1.049731E-6	1.251968E-4	0.000000E+0	0.000000E+0	0.000000E+0
6.519873E+1	-7.867063E+3	-2.290000E-1	2.915631E-18	5.325299E+16	-1.924029E-6	0.000000E+0	1.053378E-6	1.271035E-4	0.000000E+0	0.000000E+0	0.000000E+0
6.402588E+1	-7.753398E+3	-1.960000E-1	-1.980651E+17	1.958093E+16	1.759497E-6	0.000000E+0	1.064981E-6	1.289669E-4	0.000000E+0	0.000000E+0	0.000000E+0
6.331836E+1	-7.645902E+3	-1.630000E-1	-2.769006E-18	5.985466E+14	1.867967E-6	0.000000E+0	1.083035E-6	1.307800E-4	0.000000E+0	0.000000E+0	0.000000E+0
6.260474E+1	-7.545651E+3	-1.300000E-1	6.327113E-19	3.793536E+17	3.508578E-6	0.000000E+0	1.099471E-6	1.325175E-4	0.000000E+0	0.000000E+0	0.000000E+0
6.134595E+1	-7.450745E+3	-9.700000E-2	-2.374011E+17	1.295985E-19	1.063420E-6	0.000000E+0	1.104987E-6	1.342057E-4	0.000000E+0	0.000000E+0	0.000000E+0
6.122705E+1	-7.362610E+3	-6.500000E-2	-5.351625E-18	2.346836E+17	-8.433299E-7	0.000000E+0	1.129405E-6	1.358120E-4	0.000000E+0	0.000000E+0	0.000000E+0
6.174194E+1	-7.275462E+3	-3.200000E-2	2.587907E+17	-3.980899E-18	3.350910E-6	0.000000E+0	1.166347E-6	1.374384E-4	0.000000E+0	0.000000E+0	0.000000E+0
6.179224E+1	-7.191553E+3	1.000000E-3	-3.127958E+17	-9.739208E-19	-1.137133E-6	0.000000E+0	1.194694E-6	1.390418E-4	0.000000E+0	0.000000E+0	0.000000E+0
6.183618E+1	-7.111955E+3	3.400000E-2	6.653843E-18	-4.395667E+17	5.035074E-7	0.000000E+0	1.222452E-6	1.405977E-4	0.000000E+0	0.000000E+0	0.000000E+0
6.329932E+1	-7.036267E+3	6.700000E-2	-1.137863E-18	-4.190346E+17	-9.202231E-7	0.000000E+0	1.278437E-6	1.421093E-4	0.000000E+0	0.000000E+0	0.000000E+0
6.428711E+1	-6.963830E+3	1.000000E-1	-9.275714E-19	-3.780148E-18	2.252588E-6	0.000000E+0	1.325533E-6	1.435869E-4	0.000000E+0	0.000000E+0	0.000000E+0
