Real / Ohm	Ximag / Ohm	V_DC / V	I_a c / A	V_ac / V	I_DC / A
1.638732E+2	-9.613525E+0	2.500000E+0	-9.275714E-19	-3.780148E-18	1.148793E-2	5.623413E+6	6.081350E-3	3.567588E-4	0.000000E+0	0.000000E+0	0.000000E+0
1.701640E+2	-1.147789E+1	2.437000E+0	-1.137863E-18	-4.190346E+17	1.103257E-2	0.000000E+0	5.850067E-3	3.945983E-4	0.000000E+0	0.000000E+0	0.000000E+0
1.735492E+2	-1.277861E+1	2.373000E+0	6.653843E-18	-4.395667E+17	1.081320E-2	0.000000E+0	5.730984E-3	4.219784E-4	0.000000E+0	0.000000E+0	0.000000E+0
1.750984E+2	-1.368974E+1	2.310000E+0	-3.127958E+17	-9.739208E-19	1.047276E-2	0.000000E+0	5.676377E-3	4.437969E-4	0.000000E+0	0.000000E+0	0.000000E+0
1.776212E+2	-1.496620E+1	2.247000E+0	2.587907E+17	-3.980899E-18	1.001382E-2	0.000000E+0	5.590270E-3	4.710310E-4	0.000000E+0	0.000000E+0	0.000000E+0
1.803813E+2	-1.598131E+1	2.184000E+0	-5.351625E-18	2.346836E+17	9.713218E-3	0.000000E+0	5.500635E-3	4.873418E-4	0.000000E+0	0.000000E+0	0.000000E+0
1.818703E+2	-1.669684E+1	2.120000E+0	-2.374011E+17	1.295985E-19	9.431027E-3	0.000000E+0	5.452468E-3	5.005710E-4	0.000000E+0	0.000000E+0	0.000000E+0
1.828805E+2	-1.776437E+1	2.057000E+0	6.327113E-19	3.793536E+17	9.403147E-3	0.000000E+0	5.416940E-3	5.261825E-4	0.000000E+0	0.000000E+0	0.000000E+0
1.851867E+2	-1.848029E+1	1.994000E+0	-2.769006E-18	5.985466E+14	8.844625E-3	0.000000E+0	5.346710E-3	5.335629E-4	0.000000E+0	0.000000E+0	0.000000E+0
1.874526E+2	-1.937474E+1	1.930000E+0	-1.980651E+17	1.958093E+16	8.625764E-3	0.000000E+0	5.278294E-3	5.455544E-4	0.000000E+0	0.000000E+0	0.000000E+0
1.882459E+2	-2.002792E+1	1.867000E+0	2.915631E-18	5.325299E+16	8.307284E-3	0.000000E+0	5.252743E-3	5.588516E-4	0.000000E+0	0.000000E+0	0.000000E+0
1.869526E+2	-2.030928E+1	1.804000E+0	2.579781E+17	4.569569E-19	8.021487E-3	0.000000E+0	5.286562E-3	5.742967E-4	0.000000E+0	0.000000E+0	0.000000E+0
1.893567E+2	-2.091321E+1	1.741000E+0	5.241939E+17	-4.155966E-18	7.755613E-3	0.000000E+0	5.217398E-3	5.762275E-4	0.000000E+0	0.000000E+0	0.000000E+0
1.915407E+2	-2.177583E+1	1.677000E+0	-2.680828E+17	-5.132047E+17	7.467291E-3	0.000000E+0	5.154205E-3	5.859699E-4	0.000000E+0	0.000000E+0	0.000000E+0
1.911580E+2	-2.179599E+1	1.614000E+0	1.731139E-18	4.035830E-18	7.175367E-3	0.000000E+0	5.164137E-3	5.888191E-4	0.000000E+0	0.000000E+0	0.000000E+0
1.926693E+2	-2.272333E+1	1.551000E+0	4.020179E+17	1.922731E+17	6.882423E-3	0.000000E+0	5.119036E-3	6.037368E-4	0.000000E+0	0.000000E+0	0.000000E+0
1.936923E+2	-2.322758E+1	1.487000E+0	9.211592E+16	2.295762E-18	6.592060E-3	0.000000E+0	5.089635E-3	6.103490E-4	0.000000E+0	0.000000E+0	0.000000E+0
1.941387E+2	-2.371420E+1	1.424000E+0	-4.035047E-18	1.659667E-18	6.337419E-3	0.000000E+0	5.075230E-3	6.199435E-4	0.000000E+0	0.000000E+0	0.000000E+0
1.929508E+2	-2.401831E+1	1.361000E+0	5.319462E+17	-2.871880E+17	6.158365E-3	0.000000E+0	5.103588E-3	6.352892E-4	0.000000E+0	0.000000E+0	0.000000E+0
1.964074E+2	-2.452737E+1	1.297000E+0	5.229813E-18	8.421242E+16	5.830208E-3	0.000000E+0	5.013276E-3	6.260582E-4	0.000000E+0	0.000000E+0	0.000000E+0
1.965938E+2	-2.514452E+1	1.234000E+0	7.433461E+16	-3.421229E+17	5.526027E-3	0.000000E+0	5.004759E-3	6.401131E-4	0.000000E+0	0.000000E+0	0.000000E+0
1.972853E+2	-2.561398E+1	1.171000E+0	-2.820974E+17	-3.562291E+17	5.208567E-3	0.000000E+0	4.984776E-3	6.471843E-4	0.000000E+0	0.000000E+0	0.000000E+0
1.960619E+2	-2.551183E+1	1.108000E+0	3.883601E+17	-5.707470E+17	4.926347E-3	0.000000E+0	5.015510E-3	6.526247E-4	0.000000E+0	0.000000E+0	0.000000E+0
1.969807E+2	-2.559254E+1	1.044000E+0	-5.196808E+17	2.162502E-18	4.703910E-3	0.000000E+0	4.992367E-3	6.486288E-4	0.000000E+0	0.000000E+0	0.000000E+0
1.977496E+2	-2.597824E+1	9.810000E-1	-1.554615E+17	1.089529E+17	4.434458E-3	0.000000E+0	4.971109E-3	6.530515E-4	0.000000E+0	0.000000E+0	0.000000E+0
1.967412E+2	-2.592648E+1	9.180000E-1	2.547933E-18	-2.658042E+16	4.172157E-3	0.000000E+0	4.996059E-3	6.583787E-4	0.000000E+0	0.000000E+0	0.000000E+0
1.974709E+2	-2.634833E+1	8.540000E-1	-6.904437E-18	-8.375564E+16	3.867493E-3	0.000000E+0	4.975458E-3	6.638700E-4	0.000000E+0	0.000000E+0	0.000000E+0
1.963482E+2	-2.621333E+1	7.910000E-1	-4.524484E+17	2.055147E+17	3.620003E-3	0.000000E+0	5.003808E-3	6.680299E-4	0.000000E+0	0.000000E+0	0.000000E+0
1.964580E+2	-2.653375E+1	7.280000E-1	-7.907392E-19	6.323277E-18	3.322462E-3	0.000000E+0	4.998959E-3	6.751627E-4	0.000000E+0	0.000000E+0	0.000000E+0
1.939251E+2	-2.603891E+1	6.650000E-1	3.266052E+17	-3.794914E-19	3.091825E-3	0.000000E+0	5.065306E-3	6.801340E-4	0.000000E+0	0.000000E+0	0.000000E+0
1.940439E+2	-2.596385E+1	6.010000E-1	1.388541E-18	6.784126E-18	2.777457E-3	0.000000E+0	5.062831E-3	6.774270E-4	0.000000E+0	0.000000E+0	0.000000E+0
1.913806E+2	-2.592395E+1	5.380000E-1	4.766215E-20	4.558806E+17	2.520263E-3	0.000000E+0	5.131042E-3	6.950384E-4	0.000000E+0	0.000000E+0	0.000000E+0
1.897942E+2	-2.576151E+1	4.750000E-1	-3.849816E-18	-6.874137E-18	2.203314E-3	0.000000E+0	5.173549E-3	7.022261E-4	0.000000E+0	0.000000E+0	0.000000E+0
1.866666E+2	-2.513919E+1	4.110000E-1	-5.577361E+17	4.857998E-18	1.940018E-3	0.000000E+0	5.261712E-3	7.086173E-4	0.000000E+0	0.000000E+0	0.000000E+0
1.858316E+2	-2.512601E+1	3.480000E-1	4.155990E+17	-1.817843E+17	1.642988E-3	0.000000E+0	5.284606E-3	7.145237E-4	0.000000E+0	0.000000E+0	0.000000E+0
1.838876E+2	-2.503050E+1	2.850000E-1	-3.411601E-18	5.558819E-18	1.350553E-3	0.000000E+0	5.339179E-3	7.267609E-4	0.000000E+0	0.000000E+0	0.000000E+0
1.811169E+2	-2.429858E+1	2.220000E-1	-3.021231E-18	1.442034E+17	1.039733E-3	0.000000E+0	5.423676E-3	7.276385E-4	0.000000E+0	0.000000E+0	0.000000E+0
1.803674E+2	-2.449408E+1	1.580000E-1	4.697494E+17	-5.230656E+17	7.560091E-4	0.000000E+0	5.443844E-3	7.392797E-4	0.000000E+0	0.000000E+0	0.000000E+0
1.793586E+2	-2.454674E+1	9.500000E-2	-4.715168E+17	-4.040397E+17	4.559141E-4	0.000000E+0	5.472914E-3	7.490145E-4	0.000000E+0	0.000000E+0	0.000000E+0
1.776102E+2	-2.458102E+1	3.200000E-2	-3.093320E+17	4.406614E-18	1.614370E-4	0.000000E+0	5.524490E-3	7.645822E-4	0.000000E+0	0.000000E+0	0.000000E+0
1.764409E+2	-2.422963E+1	-3.200000E-2	-9.427576E-19	-9.426377E-19	-1.452699E-4	0.000000E+0	5.562719E-3	7.638966E-4	0.000000E+0	0.000000E+0	0.000000E+0
1.747007E+2	-2.407997E+1	-9.500000E-2	-4.717429E+17	-4.911393E+17	-4.520045E-4	0.000000E+0	5.617353E-3	7.742711E-4	0.000000E+0	0.000000E+0	0.000000E+0
1.726572E+2	-2.393239E+1	-1.580000E-1	-2.949171E+17	-4.956124E-18	-7.536319E-4	0.000000E+0	5.682641E-3	7.876832E-4	0.000000E+0	0.000000E+0	0.000000E+0
1.722949E+2	-2.348055E+1	-2.220000E-1	-1.478444E+17	2.700591E+17	-1.070043E-3	0.000000E+0	5.698173E-3	7.765536E-4	0.000000E+0	0.000000E+0	0.000000E+0
1.767698E+2	-2.334418E+1	-2.850000E-1	-2.815563E+17	1.903750E-18	-1.372691E-3	0.000000E+0	5.560108E-3	7.342666E-4	0.000000E+0	0.000000E+0	0.000000E+0
1.860742E+2	-2.427103E+1	-3.480000E-1	-2.041751E-18	-6.427516E-19	-1.690662E-3	0.000000E+0	5.284294E-3	6.892694E-4	0.000000E+0	0.000000E+0	0.000000E+0
1.961645E+2	-2.539787E+1	-4.110000E-1	6.306558E-18	-1.599031E-19	-1.960114E-3	0.000000E+0	5.013717E-3	6.491375E-4	0.000000E+0	0.000000E+0	0.000000E+0
2.088718E+2	-2.629738E+1	-4.750000E-1	-4.319920E+17	-4.172230E+17	-2.233623E-3	0.000000E+0	4.712920E-3	5.933661E-4	0.000000E+0	0.000000E+0	0.000000E+0
2.236522E+2	-2.828978E+1	-5.380000E-1	-5.506723E-18	3.318154E+17	-2.490307E-3	0.000000E+0	4.400816E-3	5.566595E-4	0.000000E+0	0.000000E+0	0.000000E+0
2.396960E+2	-3.015529E+1	-6.010000E-1	4.410889E+17	3.940187E-18	-2.753630E-3	0.000000E+0	4.106949E-3	5.166805E-4	0.000000E+0	0.000000E+0	0.000000E+0
2.560111E+2	-3.207672E+1	-6.650000E-1	1.829862E+17	1.860550E+17	-3.000071E-3	0.000000E+0	3.845708E-3	4.818451E-4	0.000000E+0	0.000000E+0	0.000000E+0
2.694866E+2	-3.355600E+1	-7.280000E-1	-1.306383E-18	6.138991E-18	-3.238880E-3	0.000000E+0	3.654104E-3	4.550026E-4	0.000000E+0	0.000000E+0	0.000000E+0
2.834238E+2	-3.464554E+1	-7.910000E-1	-1.773302E-18	1.794108E-18	-3.489945E-3	0.000000E+0	3.476340E-3	4.249455E-4	0.000000E+0	0.000000E+0	0.000000E+0
2.954614E+2	-3.559393E+1	-8.540000E-1	-7.957818E+16	-3.372652E-18	-3.745097E-3	0.000000E+0	3.336121E-3	4.018990E-4	0.000000E+0	0.000000E+0	0.000000E+0
3.070151E+2	-3.469662E+1	-9.180000E-1	2.088264E+17	-2.195880E+17	-3.979282E-3	0.000000E+0	3.216093E-3	3.634595E-4	0.000000E+0	0.000000E+0	0.000000E+0
3.129847E+2	-3.269434E+1	-9.810000E-1	-5.319197E+16	-3.192840E+17	-4.254861E-3	0.000000E+0	3.160557E-3	3.301513E-4	0.000000E+0	0.000000E+0	0.000000E+0
3.083088E+2	-2.802466E+1	-1.044000E+0	-1.183523E-18	-5.342346E-18	-4.511034E-3	0.000000E+0	3.216922E-3	2.924118E-4	0.000000E+0	0.000000E+0	0.000000E+0
2.899526E+2	-2.140015E+1	-1.108000E+0	-5.203440E-18	3.830367E-18	-4.796291E-3	0.000000E+0	3.430155E-3	2.531649E-4	0.000000E+0	0.000000E+0	0.000000E+0
2.546456E+2	-1.292024E+1	-1.171000E+0	3.716679E-18	4.245176E+17	-5.060124E-3	0.000000E+0	3.916943E-3	1.987383E-4	0.000000E+0	0.000000E+0	0.000000E+0
2.312444E+2	-1.003618E+1	-1.234000E+0	1.311717E+15	5.049482E-18	-5.343366E-3	0.000000E+0	4.316299E-3	1.873306E-4	0.000000E+0	0.000000E+0	0.000000E+0
1.916009E+2	-7.308456E+0	-1.297000E+0	-1.006173E-18	-5.687810E-18	-5.619457E-3	0.000000E+0	5.211599E-3	1.987921E-4	0.000000E+0	0.000000E+0	0.000000E+0
1.702794E+2	-6.952332E+0	-1.361000E+0	-6.256276E-18	1.218838E+17	-6.002261E-3	0.000000E+0	5.862927E-3	2.393773E-4	0.000000E+0	0.000000E+0	0.000000E+0
1.570062E+2	-6.196960E+0	-1.424000E+0	2.698511E+17	-3.360764E+17	-6.499497E-3	0.000000E+0	6.359268E-3	2.509973E-4	0.000000E+0	0.000000E+0	0.000000E+0
1.527944E+2	-6.511078E+0	-1.487000E+0	-3.870907E-18	-2.240669E+17	-6.922165E-3	0.000000E+0	6.532879E-3	2.783877E-4	0.000000E+0	0.000000E+0	0.000000E+0
1.438810E+2	-6.845352E+0	-1.551000E+0	8.610729E+16	4.249670E-18	-7.205890E-3	0.000000E+0	6.934492E-3	3.299187E-4	0.000000E+0	0.000000E+0	0.000000E+0
1.452758E+2	-4.593689E+0	-1.614000E+0	2.127762E-18	9.311133E+1	-7.805781E-3	0.000000E+0	6.876583E-3	2.174408E-4	0.000000E+0	0.000000E+0	0.000000E+0
1.296902E+2	-6.009460E+0	-1.677000E+0	-4.960950E+17	9.965210E-19	-8.212108E-3	0.000000E+0	7.694163E-3	3.565247E-4	0.000000E+0	0.000000E+0	0.000000E+0
1.232582E+2	-4.313095E+0	-1.741000E+0	-6.504745E+16	2.369919E+17	-9.463655E-3	0.000000E+0	8.103128E-3	2.835476E-4	0.000000E+0	0.000000E+0	0.000000E+0
1.105660E+2	-6.405418E+0	-1.804000E+0	5.725574E-18	5.135446E+17	-9.848019E-3	0.000000E+0	9.014118E-3	5.222147E-4	0.000000E+0	0.000000E+0	0.000000E+0
1.042443E+2	-5.315712E+0	-1.867000E+0	-2.052875E-18	3.493290E-18	-1.027018E-2	0.000000E+0	9.567971E-3	4.878979E-4	0.000000E+0	0.000000E+0	0.000000E+0
1.040159E+2	-6.118416E+0	-1.930000E+0	2.907620E+17	-1.496570E-18	-1.101613E-2	0.000000E+0	9.580765E-3	5.635591E-4	0.000000E+0	0.000000E+0	0.000000E+0
1.011769E+2	-4.197884E+0	-1.994000E+0	-2.654959E-18	4.664198E-18	-1.135655E-2	0.000000E+0	9.866694E-3	4.093744E-4	0.000000E+0	0.000000E+0	0.000000E+0
8.974542E+1	-5.315491E+0	-2.057000E+0	6.234127E-18	-3.929322E-18	-1.156522E-2	0.000000E+0	1.110368E-2	6.576547E-4	0.000000E+0	0.000000E+0	0.000000E+0
8.761357E+1	-3.754265E+0	-2.120000E+0	8.250878E-19	2.835790E+17	-1.212273E-2	0.000000E+0	1.139284E-2	4.881862E-4	0.000000E+0	0.000000E+0	0.000000E+0
8.901807E+1	-4.575432E+0	-2.184000E+0	4.508571E+17	-2.686618E+17	-1.345292E-2	0.000000E+0	1.120407E-2	5.758773E-4	0.000000E+0	0.000000E+0	0.000000E+0
7.741451E+1	-5.012329E+0	-2.247000E+0	2.517955E+17	3.793721E+16	-1.340164E-2	0.000000E+0	1.286355E-2	8.328715E-4	0.000000E+0	0.000000E+0	0.000000E+0
7.555344E+1	-4.029434E+0	-2.310000E+0	-6.627991E-18	5.176248E+17	-1.418692E-2	0.000000E+0	1.319812E-2	7.038855E-4	0.000000E+0	0.000000E+0	0.000000E+0
7.662260E+1	-3.563797E+0	-2.373000E+0	-5.704680E+17	1.371951E+17	-1.496557E-2	0.000000E+0	1.302281E-2	6.057044E-4	0.000000E+0	0.000000E+0	0.000000E+0
7.491266E+1	-2.259323E+0	-2.437000E+0	-4.691027E+17	6.689522E-18	-1.606134E-2	0.000000E+0	1.333675E-2	4.022287E-4	0.000000E+0	0.000000E+0	0.000000E+0
7.546051E+1	-1.677383E+0	-2.500000E+0	-3.567381E+17	-4.283094E-18	-1.630883E-2	0.000000E+0	1.324542E-2	2.944274E-4	0.000000E+0	0.000000E+0	0.000000E+0
