Real / Ohm	Ximag / Ohm	V_DC / V	I_a c / A	V_ac / V	I_DC / A
6.656689E+1	-1.045452E+3	2.500000E+0	-9.275714E-19	-3.780148E-18	-8.166826E-7	5.623413E+6	6.065867E-5	9.526618E-4	0.000000E+0	0.000000E+0	0.000000E+0
7.016370E+1	-1.048302E+3	2.437000E+0	-1.137863E-18	-4.190346E+17	-2.138040E-6	0.000000E+0	6.356213E-5	9.496693E-4	0.000000E+0	0.000000E+0	0.000000E+0
7.738330E+1	-1.054154E+3	2.373000E+0	6.653843E-18	-4.395667E+17	1.675493E-6	0.000000E+0	6.926361E-5	9.435435E-4	0.000000E+0	0.000000E+0	0.000000E+0
7.491699E+1	-1.059087E+3	2.310000E+0	-3.127958E+17	-9.739208E-19	-1.178050E-6	0.000000E+0	6.645832E-5	9.395084E-4	0.000000E+0	0.000000E+0	0.000000E+0
7.404883E+1	-1.064759E+3	2.247000E+0	2.587907E+17	-3.980899E-18	5.649199E-7	0.000000E+0	6.500102E-5	9.346592E-4	0.000000E+0	0.000000E+0	0.000000E+0
7.756030E+1	-1.070486E+3	2.184000E+0	-5.351625E-18	2.346836E+17	7.757189E-7	0.000000E+0	6.732923E-5	9.292769E-4	0.000000E+0	0.000000E+0	0.000000E+0
7.298474E+1	-1.076274E+3	2.120000E+0	-2.374011E+17	1.295985E-19	1.014196E-6	0.000000E+0	6.271824E-5	9.248784E-4	0.000000E+0	0.000000E+0	0.000000E+0
7.029529E+1	-1.082212E+3	2.057000E+0	6.327113E-19	3.793536E+17	2.246466E-6	0.000000E+0	5.976859E-5	9.201511E-4	0.000000E+0	0.000000E+0	0.000000E+0
7.220605E+1	-1.089561E+3	1.994000E+0	-2.769006E-18	5.985466E+14	-9.637006E-8	0.000000E+0	6.055741E-5	9.137877E-4	0.000000E+0	0.000000E+0	0.000000E+0
7.412866E+1	-1.096509E+3	1.930000E+0	-1.980651E+17	1.958093E+16	-1.390064E-6	0.000000E+0	6.137357E-5	9.078361E-4	0.000000E+0	0.000000E+0	0.000000E+0
7.659216E+1	-1.104294E+3	1.867000E+0	2.915631E-18	5.325299E+16	2.395798E-6	0.000000E+0	6.250729E-5	9.012205E-4	0.000000E+0	0.000000E+0	0.000000E+0
7.419873E+1	-1.111273E+3	1.804000E+0	2.579781E+17	4.569569E-19	-9.684591E-7	0.000000E+0	5.981679E-5	8.958750E-4	0.000000E+0	0.000000E+0	0.000000E+0
7.282483E+1	-1.118842E+3	1.741000E+0	5.241939E+17	-4.155966E-18	1.285232E-6	0.000000E+0	5.793032E-5	8.900106E-4	0.000000E+0	0.000000E+0	0.000000E+0
7.620764E+1	-1.127489E+3	1.677000E+0	-2.680828E+17	-5.132047E+17	-2.562098E-6	0.000000E+0	5.967526E-5	8.828931E-4	0.000000E+0	0.000000E+0	0.000000E+0
7.210876E+1	-1.135499E+3	1.614000E+0	1.731139E-18	4.035830E-18	-3.883455E-6	0.000000E+0	5.570147E-5	8.771328E-4	0.000000E+0	0.000000E+0	0.000000E+0
7.277051E+1	-1.144355E+3	1.551000E+0	4.020179E+17	1.922731E+17	4.131434E-7	0.000000E+0	5.534536E-5	8.703352E-4	0.000000E+0	0.000000E+0	0.000000E+0
7.619836E+1	-1.153603E+3	1.487000E+0	9.211592E+16	2.295762E-18	1.673041E-6	0.000000E+0	5.700884E-5	8.630838E-4	0.000000E+0	0.000000E+0	0.000000E+0
6.948474E+1	-1.162002E+3	1.424000E+0	-4.035047E-18	1.659667E-18	1.883847E-6	0.000000E+0	5.127735E-5	8.575175E-4	0.000000E+0	0.000000E+0	0.000000E+0
6.940930E+1	-1.172027E+3	1.361000E+0	5.319462E+17	-2.871880E+17	5.176844E-8	0.000000E+0	5.035260E-5	8.502407E-4	0.000000E+0	0.000000E+0	0.000000E+0
6.892334E+1	-1.182768E+3	1.297000E+0	5.229813E-18	8.421242E+16	1.311666E-6	0.000000E+0	4.910152E-5	8.426131E-4	0.000000E+0	0.000000E+0	0.000000E+0
7.260205E+1	-1.194374E+3	1.234000E+0	7.433461E+16	-3.421229E+17	-3.074041E-6	0.000000E+0	5.070683E-5	8.341764E-4	0.000000E+0	0.000000E+0	0.000000E+0
7.124805E+1	-1.206114E+3	1.171000E+0	-2.820974E+17	-3.562291E+17	2.011075E-7	0.000000E+0	4.880715E-5	8.262259E-4	0.000000E+0	0.000000E+0	0.000000E+0
6.842969E+1	-1.218071E+3	1.108000E+0	3.883601E+17	-5.707470E+17	-1.120265E-6	0.000000E+0	4.597597E-5	8.183873E-4	0.000000E+0	0.000000E+0	0.000000E+0
6.760217E+1	-1.231553E+3	1.044000E+0	-5.196808E+17	2.162502E-18	1.396693E-7	0.000000E+0	4.443732E-5	8.095437E-4	0.000000E+0	0.000000E+0	0.000000E+0
6.747925E+1	-1.245639E+3	9.810000E-1	-1.554615E+17	1.089529E+17	-1.181699E-6	0.000000E+0	4.336239E-5	8.004518E-4	0.000000E+0	0.000000E+0	0.000000E+0
6.764148E+1	-1.261129E+3	9.180000E-1	2.547933E-18	-2.658042E+16	-4.601789E-7	0.000000E+0	4.240787E-5	7.906657E-4	0.000000E+0	0.000000E+0	0.000000E+0
6.598389E+1	-1.277173E+3	8.540000E-1	-6.904437E-18	-8.375564E+16	1.821176E-6	0.000000E+0	4.034417E-5	7.808949E-4	0.000000E+0	0.000000E+0	0.000000E+0
7.028625E+1	-1.295638E+3	7.910000E-1	-4.524484E+17	2.055147E+17	2.031982E-6	0.000000E+0	4.174715E-5	7.695558E-4	0.000000E+0	0.000000E+0	0.000000E+0
6.588525E+1	-1.314708E+3	7.280000E-1	-7.907392E-19	6.323277E-18	1.221331E-6	0.000000E+0	3.802246E-5	7.587197E-4	0.000000E+0	0.000000E+0	0.000000E+0
6.598914E+1	-1.336114E+3	6.650000E-1	3.266052E+17	-3.794914E-19	1.942877E-6	0.000000E+0	3.687460E-5	7.466179E-4	0.000000E+0	0.000000E+0	0.000000E+0
6.611328E+1	-1.360646E+3	6.010000E-1	1.388541E-18	6.784126E-18	1.384360E-7	0.000000E+0	3.562659E-5	7.332139E-4	0.000000E+0	0.000000E+0	0.000000E+0
6.905859E+1	-1.389248E+3	5.380000E-1	4.766215E-20	4.558806E+17	-6.722184E-7	0.000000E+0	3.569327E-5	7.180396E-4	0.000000E+0	0.000000E+0	0.000000E+0
6.557446E+1	-1.417816E+3	4.750000E-1	-3.849816E-18	-6.874137E-18	-2.504297E-6	0.000000E+0	3.255120E-5	7.038046E-4	0.000000E+0	0.000000E+0	0.000000E+0
6.741736E+1	-1.454003E+3	4.110000E-1	-5.577361E+17	4.857998E-18	7.985145E-7	0.000000E+0	3.182061E-5	6.862811E-4	0.000000E+0	0.000000E+0	0.000000E+0
6.859167E+1	-1.493240E+3	3.480000E-1	4.155990E+17	-1.817843E+17	-1.213630E-8	0.000000E+0	3.069706E-5	6.682746E-4	0.000000E+0	0.000000E+0	0.000000E+0
6.745996E+1	-1.537315E+3	2.850000E-1	-3.411601E-18	5.558819E-18	7.094113E-7	0.000000E+0	2.848950E-5	6.492346E-4	0.000000E+0	0.000000E+0	0.000000E+0
6.992578E+1	-1.587208E+3	2.220000E-1	-3.021231E-18	1.442034E+17	2.452387E-6	0.000000E+0	2.770305E-5	6.288167E-4	0.000000E+0	0.000000E+0	0.000000E+0
7.215381E+1	-1.642913E+3	1.580000E-1	4.697494E+17	-5.230656E+17	1.669401E-6	0.000000E+0	2.668046E-5	6.075032E-4	0.000000E+0	0.000000E+0	0.000000E+0
7.816638E+1	-1.704644E+3	9.500000E-2	-4.715168E+17	-4.040397E+17	-6.734222E-7	0.000000E+0	2.684358E-5	5.854018E-4	0.000000E+0	0.000000E+0	0.000000E+0
7.386646E+1	-1.776272E+3	3.200000E-2	-3.093320E+17	4.406614E-18	1.069554E-6	0.000000E+0	2.337104E-5	5.620050E-4	0.000000E+0	0.000000E+0	0.000000E+0
7.692139E+1	-1.866613E+3	-3.200000E-2	-9.427576E-19	-9.426377E-19	-1.245603E-6	0.000000E+0	2.203950E-5	5.348215E-4	0.000000E+0	0.000000E+0	0.000000E+0
8.172363E+1	-1.978915E+3	-9.500000E-2	-4.717429E+17	-4.911393E+17	-1.034798E-6	0.000000E+0	2.083307E-5	5.044671E-4	0.000000E+0	0.000000E+0	0.000000E+0
8.958521E+1	-2.133890E+3	-1.580000E-1	-2.949171E+17	-4.956124E-18	-3.132791E-7	0.000000E+0	1.963937E-5	4.678032E-4	0.000000E+0	0.000000E+0	0.000000E+0
9.247339E+1	-2.359517E+3	-2.220000E-1	-1.478444E+17	2.700591E+17	1.457363E-6	0.000000E+0	1.658456E-5	4.231656E-4	0.000000E+0	0.000000E+0	0.000000E+0
1.083276E+2	-2.750784E+3	-2.850000E-1	-2.815563E+17	1.903750E-18	6.467399E-7	0.000000E+0	1.429398E-5	3.629698E-4	0.000000E+0	0.000000E+0	0.000000E+0
1.339622E+2	-3.524536E+3	-3.480000E-1	-2.041751E-18	-6.427516E-19	1.878972E-6	0.000000E+0	1.076841E-5	2.833160E-4	0.000000E+0	0.000000E+0	0.000000E+0
1.842979E+2	-5.070315E+3	-4.110000E-1	6.306558E-18	-1.599031E-19	5.576076E-7	0.000000E+0	7.159408E-6	1.969662E-4	0.000000E+0	0.000000E+0	0.000000E+0
3.221768E+2	-7.651112E+3	-4.750000E-1	-4.319920E+17	-4.172230E+17	-1.246808E-6	0.000000E+0	5.493837E-6	1.304686E-4	0.000000E+0	0.000000E+0	0.000000E+0
7.773965E+2	-1.029841E+4	-5.380000E-1	-5.506723E-18	3.318154E+17	1.006883E-6	0.000000E+0	7.288439E-6	9.655219E-5	0.000000E+0	0.000000E+0	0.000000E+0
1.504959E+3	-1.196741E+4	-6.010000E-1	4.410889E+17	3.940187E-18	7.069430E-7	0.000000E+0	1.034451E-5	8.225940E-5	0.000000E+0	0.000000E+0	0.000000E+0
1.968784E+3	-1.339524E+4	-6.650000E-1	1.829862E+17	1.860550E+17	4.347021E-7	0.000000E+0	1.074027E-5	7.307482E-5	0.000000E+0	0.000000E+0	0.000000E+0
1.954916E+3	-1.484961E+4	-7.280000E-1	-1.306383E-18	6.138991E-18	1.156219E-6	0.000000E+0	8.714364E-6	6.619461E-5	0.000000E+0	0.000000E+0	0.000000E+0
1.862059E+3	-1.616474E+4	-7.910000E-1	-1.773302E-18	1.794108E-18	2.388482E-6	0.000000E+0	7.032846E-6	6.105291E-5	0.000000E+0	0.000000E+0	0.000000E+0
1.828000E+3	-1.729958E+4	-8.540000E-1	-7.957818E+16	-3.372652E-18	3.110003E-6	0.000000E+0	6.040638E-6	5.716657E-5	0.000000E+0	0.000000E+0	0.000000E+0
1.806455E+3	-1.831398E+4	-9.180000E-1	2.088264E+17	-2.195880E+17	3.859215E-6	0.000000E+0	5.334045E-6	5.407696E-5	0.000000E+0	0.000000E+0	0.000000E+0
1.748025E+3	-1.917648E+4	-9.810000E-1	-5.319197E+16	-3.192840E+17	3.048564E-6	0.000000E+0	4.714288E-6	5.171748E-5	0.000000E+0	0.000000E+0	0.000000E+0
1.712648E+3	-1.999657E+4	-1.044000E+0	-1.183523E-18	-5.342346E-18	1.216453E-6	0.000000E+0	4.251899E-6	4.964441E-5	0.000000E+0	0.000000E+0	0.000000E+0
1.706957E+3	-2.074113E+4	-1.108000E+0	-5.203440E-18	3.830367E-18	9.442156E-7	0.000000E+0	3.941179E-6	4.788903E-5	0.000000E+0	0.000000E+0	0.000000E+0
1.671107E+3	-2.140017E+4	-1.171000E+0	3.716679E-18	4.245176E+17	-2.420100E-6	0.000000E+0	3.626850E-6	4.644539E-5	0.000000E+0	0.000000E+0	0.000000E+0
1.663779E+3	-2.198837E+4	-1.234000E+0	1.311717E+15	5.049482E-18	-1.664084E-7	0.000000E+0	3.421607E-6	4.521969E-5	0.000000E+0	0.000000E+0	0.000000E+0
1.651309E+3	-2.252496E+4	-1.297000E+0	-1.006173E-18	-5.687810E-18	5.551410E-7	0.000000E+0	3.237222E-6	4.415787E-5	0.000000E+0	0.000000E+0	0.000000E+0
1.670203E+3	-2.301402E+4	-1.361000E+0	-6.256276E-18	1.218838E+17	2.828674E-7	0.000000E+0	3.136916E-6	4.322412E-5	0.000000E+0	0.000000E+0	0.000000E+0
1.644580E+3	-2.339414E+4	-1.424000E+0	2.698511E+17	-3.360764E+17	1.515131E-6	0.000000E+0	2.990197E-6	4.253554E-5	0.000000E+0	0.000000E+0	0.000000E+0
1.646701E+3	-2.366696E+4	-1.487000E+0	-3.870907E-18	-2.240669E+17	1.215194E-6	0.000000E+0	2.925718E-6	4.204943E-5	0.000000E+0	0.000000E+0	0.000000E+0
1.649109E+3	-2.385066E+4	-1.551000E+0	8.610729E+16	4.249670E-18	4.322064E-7	0.000000E+0	2.885209E-6	4.172807E-5	0.000000E+0	0.000000E+0	0.000000E+0
1.612609E+3	-2.397805E+4	-1.614000E+0	2.127762E-18	9.311133E+1	1.664463E-6	0.000000E+0	2.792167E-6	4.151703E-5	0.000000E+0	0.000000E+0	0.000000E+0
1.650484E+3	-2.390154E+4	-1.677000E+0	-4.960950E+17	9.965210E-19	2.896733E-6	0.000000E+0	2.875369E-6	4.163975E-5	0.000000E+0	0.000000E+0	0.000000E+0
1.620277E+3	-2.382704E+4	-1.741000E+0	-6.504745E+16	2.369919E+17	1.092318E-6	0.000000E+0	2.840831E-6	4.177594E-5	0.000000E+0	0.000000E+0	0.000000E+0
1.671783E+3	-2.362486E+4	-1.804000E+0	5.725574E-18	5.135446E+17	1.303095E-6	0.000000E+0	2.980383E-6	4.211739E-5	0.000000E+0	0.000000E+0	0.000000E+0
1.662965E+3	-2.337611E+4	-1.867000E+0	-2.052875E-18	3.493290E-18	2.535351E-6	0.000000E+0	3.027933E-6	4.256331E-5	0.000000E+0	0.000000E+0	0.000000E+0
1.677980E+3	-2.310591E+4	-1.930000E+0	2.907620E+17	-1.496570E-18	-1.339642E-6	0.000000E+0	3.126484E-6	4.305192E-5	0.000000E+0	0.000000E+0	0.000000E+0
1.648371E+3	-2.273736E+4	-1.994000E+0	-2.654959E-18	4.664198E-18	4.310059E-7	0.000000E+0	3.171746E-6	4.375054E-5	0.000000E+0	0.000000E+0	0.000000E+0
1.655500E+3	-2.229652E+4	-2.057000E+0	6.234127E-18	-3.929322E-18	2.684683E-6	0.000000E+0	3.311825E-6	4.460415E-5	0.000000E+0	0.000000E+0	0.000000E+0
1.662592E+3	-2.182009E+4	-2.120000E+0	8.250878E-19	2.835790E+17	1.363325E-6	0.000000E+0	3.471830E-6	4.556479E-5	0.000000E+0	0.000000E+0	0.000000E+0
1.721063E+3	-2.126058E+4	-2.184000E+0	4.508571E+17	-2.686618E+17	1.601831E-6	0.000000E+0	3.782770E-6	4.672919E-5	0.000000E+0	0.000000E+0	0.000000E+0
1.684584E+3	-2.079937E+4	-2.247000E+0	2.517955E+17	3.793721E+16	-7.410272E-7	0.000000E+0	3.868591E-6	4.776505E-5	0.000000E+0	0.000000E+0	0.000000E+0
1.724066E+3	-2.051532E+4	-2.310000E+0	-6.627991E-18	5.176248E+17	-1.551685E-6	0.000000E+0	4.067625E-6	4.840223E-5	0.000000E+0	0.000000E+0	0.000000E+0
1.720439E+3	-2.021875E+4	-2.373000E+0	-5.704680E+17	1.371951E+17	1.723485E-6	0.000000E+0	4.178279E-6	4.910351E-5	0.000000E+0	0.000000E+0	0.000000E+0
1.730309E+3	-1.994764E+4	-2.437000E+0	-4.691027E+17	6.689522E-18	-8.092320E-8	0.000000E+0	4.316036E-6	4.975686E-5	0.000000E+0	0.000000E+0	0.000000E+0
1.705043E+3	-1.987651E+4	-2.500000E+0	-3.567381E+17	-4.283094E-18	-1.912995E-6	0.000000E+0	4.284213E-6	4.994314E-5	0.000000E+0	0.000000E+0	0.000000E+0
