Real / Ohm	Ximag / Ohm	V_DC / V	I_a c / A	V_ac / V	I_DC / A
1.549098E+3	-2.899721E+4	-2.500000E+0	-3.567381E+17	-4.283094E-18	1.662062E-6	3.162278E+6	1.837083E-6	3.438794E-5	0.000000E+0	0.000000E+0	0.000000E+0
1.573059E+3	-2.797402E+4	-2.437000E+0	-4.691027E+17	6.689522E-18	5.537047E-6	0.000000E+0	2.003845E-6	3.563477E-5	0.000000E+0	0.000000E+0	0.000000E+0
1.561764E+3	-2.807673E+4	-2.373000E+0	-5.704680E+17	1.371951E+17	3.255685E-6	0.000000E+0	1.975062E-6	3.550682E-5	0.000000E+0	0.000000E+0	0.000000E+0
1.553596E+3	-2.797367E+4	-2.310000E+0	-6.627991E-18	5.176248E+17	2.023429E-6	0.000000E+0	1.979255E-6	3.563798E-5	0.000000E+0	0.000000E+0	0.000000E+0
1.521025E+3	-2.759100E+4	-2.247000E+0	2.517955E+17	3.793721E+16	2.323315E-6	0.000000E+0	1.991974E-6	3.613389E-5	0.000000E+0	0.000000E+0	0.000000E+0
1.540875E+3	-2.728549E+4	-2.184000E+0	4.508571E+17	-2.686618E+17	5.803449E-7	0.000000E+0	2.063104E-6	3.653301E-5	0.000000E+0	0.000000E+0	0.000000E+0
1.575330E+3	-2.660690E+4	-2.120000E+0	8.250878E-19	2.835790E+17	3.916954E-6	0.000000E+0	2.217498E-6	3.745294E-5	0.000000E+0	0.000000E+0	0.000000E+0
1.555002E+3	-2.587572E+4	-2.057000E+0	6.234127E-18	-3.929322E-18	3.706169E-6	0.000000E+0	2.314091E-6	3.850720E-5	0.000000E+0	0.000000E+0	0.000000E+0
1.564420E+3	-2.507484E+4	-1.994000E+0	-2.654959E-18	4.664198E-18	4.310059E-7	0.000000E+0	2.478505E-6	3.972598E-5	0.000000E+0	0.000000E+0	0.000000E+0
1.555396E+3	-2.408618E+4	-1.930000E+0	2.907620E+17	-1.496570E-18	1.213986E-6	0.000000E+0	2.669917E-6	4.134517E-5	0.000000E+0	0.000000E+0	0.000000E+0
1.567646E+3	-2.292119E+4	-1.867000E+0	-2.052875E-18	3.493290E-18	1.003209E-6	0.000000E+0	2.969935E-6	4.342463E-5	0.000000E+0	0.000000E+0	0.000000E+0
1.607613E+3	-2.166329E+4	-1.804000E+0	5.725574E-18	5.135446E+17	-7.397612E-7	0.000000E+0	3.406807E-6	4.590822E-5	0.000000E+0	0.000000E+0	0.000000E+0
1.605898E+3	-2.040112E+4	-1.741000E+0	-6.504745E+16	2.369919E+17	2.624460E-6	0.000000E+0	3.834663E-6	4.871507E-5	0.000000E+0	0.000000E+0	0.000000E+0
1.639781E+3	-1.901105E+4	-1.677000E+0	-4.960950E+17	9.965210E-19	1.875305E-6	0.000000E+0	4.503545E-6	5.221254E-5	0.000000E+0	0.000000E+0	0.000000E+0
1.659854E+3	-1.775823E+4	-1.614000E+0	2.127762E-18	9.311133E+1	2.175177E-6	0.000000E+0	5.217864E-6	5.582421E-5	0.000000E+0	0.000000E+0	0.000000E+0
1.508211E+3	-1.678183E+4	-1.551000E+0	8.610729E+16	4.249670E-18	6.050177E-6	0.000000E+0	5.312388E-6	5.911082E-5	0.000000E+0	0.000000E+0	0.000000E+0
1.250224E+3	-1.613404E+4	-1.487000E+0	-3.870907E-18	-2.240669E+17	1.215194E-6	0.000000E+0	4.774211E-6	6.161080E-5	0.000000E+0	0.000000E+0	0.000000E+0
9.948350E+2	-1.553605E+4	-1.424000E+0	2.698511E+17	-3.360764E+17	-1.701119E-8	0.000000E+0	4.104807E-6	6.410358E-5	0.000000E+0	0.000000E+0	0.000000E+0
7.339629E+2	-1.440309E+4	-1.361000E+0	-6.256276E-18	1.218838E+17	1.815068E-6	0.000000E+0	3.528876E-6	6.924972E-5	0.000000E+0	0.000000E+0	0.000000E+0
5.084043E+2	-1.242228E+4	-1.297000E+0	-1.006173E-18	-5.687810E-18	-4.662870E-7	0.000000E+0	3.289120E-6	8.036591E-5	0.000000E+0	0.000000E+0	0.000000E+0
3.655752E+2	-1.006433E+4	-1.234000E+0	1.311717E+15	5.049482E-18	4.430163E-6	0.000000E+0	3.604411E-6	9.922989E-5	0.000000E+0	0.000000E+0	0.000000E+0
2.616123E+2	-7.958523E+3	-1.171000E+0	3.716679E-18	4.245176E+17	-3.771856E-7	0.000000E+0	4.125952E-6	1.255158E-4	0.000000E+0	0.000000E+0	0.000000E+0
1.907876E+2	-6.338967E+3	-1.108000E+0	-5.203440E-18	3.830367E-18	2.476387E-6	0.000000E+0	4.743730E-6	1.576116E-4	0.000000E+0	0.000000E+0	0.000000E+0
1.487280E+2	-5.252024E+3	-1.044000E+0	-1.183523E-18	-5.342346E-18	7.057388E-7	0.000000E+0	5.387549E-6	1.902502E-4	0.000000E+0	0.000000E+0	0.000000E+0
1.214204E+2	-4.582223E+3	-9.810000E-1	-5.319197E+16	-3.192840E+17	3.048564E-6	0.000000E+0	5.778756E-6	2.180816E-4	0.000000E+0	0.000000E+0	0.000000E+0
1.046638E+2	-4.136678E+3	-9.180000E-1	2.088264E+17	-2.195880E+17	4.369929E-6	0.000000E+0	6.112447E-6	2.415852E-4	0.000000E+0	0.000000E+0	0.000000E+0
7.920337E+1	-3.807710E+3	-8.540000E-1	-7.957818E+16	-3.372652E-18	2.088575E-6	0.000000E+0	5.460445E-6	2.625115E-4	0.000000E+0	0.000000E+0	0.000000E+0
6.865820E+1	-3.565830E+3	-7.910000E-1	-1.773302E-18	1.794108E-18	1.877768E-6	0.000000E+0	5.397718E-6	2.803357E-4	0.000000E+0	0.000000E+0	0.000000E+0
6.290649E+1	-3.364598E+3	-7.280000E-1	-1.306383E-18	6.138991E-18	1.666962E-6	0.000000E+0	5.554914E-6	2.971085E-4	0.000000E+0	0.000000E+0	0.000000E+0
6.378296E+1	-3.191052E+3	-6.650000E-1	1.829862E+17	1.860550E+17	2.988330E-6	0.000000E+0	6.261284E-6	3.132511E-4	0.000000E+0	0.000000E+0	0.000000E+0
6.693286E+1	-3.041647E+3	-6.010000E-1	4.410889E+17	3.940187E-18	1.728400E-6	0.000000E+0	7.231219E-6	3.286101E-4	0.000000E+0	0.000000E+0	0.000000E+0
5.673608E+1	-2.904850E+3	-5.380000E-1	-5.506723E-18	3.318154E+17	3.049769E-6	0.000000E+0	6.721191E-6	3.441206E-4	0.000000E+0	0.000000E+0	0.000000E+0
5.706030E+1	-2.788783E+3	-4.750000E-1	-4.319920E+17	-4.172230E+17	2.328248E-6	0.000000E+0	7.333695E-6	3.584293E-4	0.000000E+0	0.000000E+0	0.000000E+0
5.326343E+1	-2.683814E+3	-4.110000E-1	6.306558E-18	-1.599031E-19	4.689355E-8	0.000000E+0	7.391852E-6	3.724574E-4	0.000000E+0	0.000000E+0	0.000000E+0
5.508862E+1	-2.597109E+3	-3.480000E-1	-2.041751E-18	-6.427516E-19	-1.696084E-6	0.000000E+0	8.163684E-6	3.848704E-4	0.000000E+0	0.000000E+0	0.000000E+0
5.299829E+1	-2.519830E+3	-2.850000E-1	-2.815563E+17	1.903750E-18	1.157454E-6	0.000000E+0	8.343097E-6	3.966767E-4	0.000000E+0	0.000000E+0	0.000000E+0
5.923560E+1	-2.451277E+3	-2.220000E-1	-1.478444E+17	2.700591E+17	1.968107E-6	0.000000E+0	9.852455E-6	4.077125E-4	0.000000E+0	0.000000E+0	0.000000E+0
5.006885E+1	-2.389199E+3	-1.580000E-1	-2.949171E+17	-4.956124E-18	1.974640E-7	0.000000E+0	8.767429E-6	4.183666E-4	0.000000E+0	0.000000E+0	0.000000E+0
4.877441E+1	-2.333334E+3	-9.500000E-2	-4.717429E+17	-4.911393E+17	2.540258E-6	0.000000E+0	8.954647E-6	4.283841E-4	0.000000E+0	0.000000E+0	0.000000E+0
5.009912E+1	-2.282457E+3	-3.200000E-2	-9.427576E-19	-9.426377E-19	7.972819E-7	0.000000E+0	9.612043E-6	4.379134E-4	0.000000E+0	0.000000E+0	0.000000E+0
5.165356E+1	-2.235199E+3	3.200000E-2	-3.093320E+17	4.406614E-18	2.091011E-6	0.000000E+0	1.033323E-5	4.471487E-4	0.000000E+0	0.000000E+0	0.000000E+0
4.771167E+1	-2.193362E+3	9.500000E-2	-4.715168E+17	-4.040397E+17	1.880206E-6	0.000000E+0	9.912850E-6	4.557055E-4	0.000000E+0	0.000000E+0	0.000000E+0
4.960986E+1	-2.153027E+3	1.580000E-1	4.697494E+17	-5.230656E+17	1.158658E-6	0.000000E+0	1.069642E-5	4.642159E-4	0.000000E+0	0.000000E+0	0.000000E+0
5.701636E+1	-2.116560E+3	2.220000E-1	-3.021231E-18	1.442034E+17	1.430930E-6	0.000000E+0	1.271813E-5	4.721222E-4	0.000000E+0	0.000000E+0	0.000000E+0
4.953442E+1	-2.083018E+3	2.850000E-1	-3.411601E-18	5.558819E-18	2.752296E-6	0.000000E+0	1.140973E-5	4.798013E-4	0.000000E+0	0.000000E+0	0.000000E+0
5.153174E+1	-2.053333E+3	3.480000E-1	4.155990E+17	-1.817843E+17	2.030778E-6	0.000000E+0	1.221469E-5	4.867065E-4	0.000000E+0	0.000000E+0	0.000000E+0
5.760950E+1	-2.024279E+3	4.110000E-1	-5.577361E+17	4.857998E-18	7.985145E-7	0.000000E+0	1.404759E-5	4.936033E-4	0.000000E+0	0.000000E+0	0.000000E+0
5.807983E+1	-1.998275E+3	4.750000E-1	-3.849816E-18	-6.874137E-18	3.113673E-6	0.000000E+0	1.453276E-5	5.000092E-4	0.000000E+0	0.000000E+0	0.000000E+0
4.991492E+1	-1.975554E+3	5.380000E-1	4.766215E-20	4.558806E+17	3.492387E-7	0.000000E+0	1.278131E-5	5.058642E-4	0.000000E+0	0.000000E+0	0.000000E+0
5.591760E+1	-1.953228E+3	6.010000E-1	1.388541E-18	6.784126E-18	6.491791E-7	0.000000E+0	1.464491E-5	5.115537E-4	0.000000E+0	0.000000E+0	0.000000E+0
5.298254E+1	-1.933376E+3	6.650000E-1	3.266052E+17	-3.794914E-19	-2.142922E-6	0.000000E+0	1.416361E-5	5.168418E-4	0.000000E+0	0.000000E+0	0.000000E+0
5.698669E+1	-1.915492E+3	7.280000E-1	-7.907392E-19	6.323277E-18	1.221331E-6	0.000000E+0	1.551774E-5	5.215974E-4	0.000000E+0	0.000000E+0	0.000000E+0
4.994702E+1	-1.899326E+3	7.910000E-1	-4.524484E+17	2.055147E+17	-1.032360E-6	0.000000E+0	1.383599E-5	5.261387E-4	0.000000E+0	0.000000E+0	0.000000E+0
5.345569E+1	-1.884104E+3	8.540000E-1	-6.904437E-18	-8.375564E+16	1.821176E-6	0.000000E+0	1.504647E-5	5.303294E-4	0.000000E+0	0.000000E+0	0.000000E+0
6.323767E+1	-1.870649E+3	9.180000E-1	2.547933E-18	-2.658042E+16	2.604163E-6	0.000000E+0	1.805075E-5	5.339636E-4	0.000000E+0	0.000000E+0	0.000000E+0
5.596387E+1	-1.859578E+3	9.810000E-1	-1.554615E+17	1.089529E+17	3.504720E-7	0.000000E+0	1.616910E-5	5.372698E-4	0.000000E+0	0.000000E+0	0.000000E+0
6.059436E+1	-1.847831E+3	1.044000E+0	-5.196808E+17	2.162502E-18	2.693298E-6	0.000000E+0	1.772723E-5	5.405937E-4	0.000000E+0	0.000000E+0	0.000000E+0
6.681836E+1	-1.836509E+3	1.108000E+0	3.883601E+17	-5.707470E+17	1.944078E-6	0.000000E+0	1.978496E-5	5.437915E-4	0.000000E+0	0.000000E+0	0.000000E+0
6.233521E+1	-1.826617E+3	1.171000E+0	-2.820974E+17	-3.562291E+17	7.118506E-7	0.000000E+0	1.866092E-5	5.468233E-4	0.000000E+0	0.000000E+0	0.000000E+0
5.792188E+1	-1.817210E+3	1.234000E+0	7.433461E+16	-3.421229E+17	2.033215E-6	0.000000E+0	1.752231E-5	5.497356E-4	0.000000E+0	0.000000E+0	0.000000E+0
5.819897E+1	-1.808905E+3	1.297000E+0	5.229813E-18	8.421242E+16	-1.752676E-6	0.000000E+0	1.776783E-5	5.522490E-4	0.000000E+0	0.000000E+0	0.000000E+0
6.119604E+1	-1.801213E+3	1.361000E+0	5.319462E+17	-2.871880E+17	1.583940E-6	0.000000E+0	1.884049E-5	5.545413E-4	0.000000E+0	0.000000E+0	0.000000E+0
6.141907E+1	-1.794252E+3	1.424000E+0	-4.035047E-18	1.659667E-18	1.373133E-6	0.000000E+0	1.905583E-5	5.566830E-4	0.000000E+0	0.000000E+0	0.000000E+0
5.830542E+1	-1.788012E+3	1.487000E+0	9.211592E+16	2.295762E-18	6.516129E-7	0.000000E+0	1.821824E-5	5.586863E-4	0.000000E+0	0.000000E+0	0.000000E+0
6.189526E+1	-1.781966E+3	1.551000E+0	4.020179E+17	1.922731E+17	-2.651199E-6	0.000000E+0	1.946861E-5	5.605017E-4	0.000000E+0	0.000000E+0	0.000000E+0
6.191699E+1	-1.776299E+3	1.614000E+0	1.731139E-18	4.035830E-18	-3.083987E-7	0.000000E+0	1.959974E-5	5.622851E-4	0.000000E+0	0.000000E+0	0.000000E+0
5.730261E+1	-1.772748E+3	1.677000E+0	-2.680828E+17	-5.132047E+17	-5.192123E-7	0.000000E+0	1.821490E-5	5.635072E-4	0.000000E+0	0.000000E+0	0.000000E+0
6.671741E+1	-1.767210E+3	1.741000E+0	5.241939E+17	-4.155966E-18	-1.268396E-6	0.000000E+0	2.133263E-5	5.650583E-4	0.000000E+0	0.000000E+0	0.000000E+0
6.122754E+1	-1.762297E+3	1.804000E+0	2.579781E+17	4.569569E-19	5.296897E-8	0.000000E+0	1.969086E-5	5.667571E-4	0.000000E+0	0.000000E+0	0.000000E+0
6.622034E+1	-1.758435E+3	1.867000E+0	2.915631E-18	5.325299E+16	1.885084E-6	0.000000E+0	2.138569E-5	5.678821E-4	0.000000E+0	0.000000E+0	0.000000E+0
5.759631E+1	-1.754986E+3	1.930000E+0	-1.980651E+17	1.958093E+16	6.528207E-7	0.000000E+0	1.868013E-5	5.691921E-4	0.000000E+0	0.000000E+0	0.000000E+0
5.770398E+1	-1.751536E+3	1.994000E+0	-2.769006E-18	5.985466E+14	-9.637006E-8	0.000000E+0	1.878869E-5	5.703085E-4	0.000000E+0	0.000000E+0	0.000000E+0
6.025366E+1	-1.748832E+3	2.057000E+0	6.327113E-19	3.793536E+17	2.035522E-7	0.000000E+0	1.967760E-5	5.711322E-4	0.000000E+0	0.000000E+0	0.000000E+0
6.315320E+1	-1.745985E+3	2.120000E+0	-2.374011E+17	1.295985E-19	1.014196E-6	0.000000E+0	2.068933E-5	5.719943E-4	0.000000E+0	0.000000E+0	0.000000E+0
5.929150E+1	-1.743804E+3	2.184000E+0	-5.351625E-18	2.346836E+17	2.650049E-7	0.000000E+0	1.947580E-5	5.727967E-4	0.000000E+0	0.000000E+0	0.000000E+0
5.979675E+1	-1.741886E+3	2.247000E+0	2.587907E+17	-3.980899E-18	5.649199E-7	0.000000E+0	1.968460E-5	5.734146E-4	0.000000E+0	0.000000E+0	0.000000E+0
5.589685E+1	-1.739700E+3	2.310000E+0	-3.127958E+17	-9.739208E-19	8.648640E-7	0.000000E+0	1.844975E-5	5.742190E-4	0.000000E+0	0.000000E+0	0.000000E+0
5.577258E+1	-1.737966E+3	2.373000E+0	6.653843E-18	-4.395667E+17	6.540649E-7	0.000000E+0	1.844553E-5	5.747933E-4	0.000000E+0	0.000000E+0	0.000000E+0
6.082703E+1	-1.736225E+3	2.437000E+0	-1.137863E-18	-4.190346E+17	-1.116583E-6	0.000000E+0	2.015357E-5	5.752562E-4	0.000000E+0	0.000000E+0	0.000000E+0
6.346619E+1	-1.734985E+3	2.500000E+0	-9.275714E-19	-3.780148E-18	-8.166826E-7	0.000000E+0	2.105573E-5	5.756036E-4	0.000000E+0	0.000000E+0	0.000000E+0
