Real / Ohm	Ximag / Ohm	V_DC / V	I_a c / A	V_ac / V	I_DC / A
2.344983E+1	-2.952559E+0	-2.500000E+0	-3.567381E+17	-4.283094E-18	-3.344977E-2	1.000000E+7	4.197873E-2	5.285526E-3	0.000000E+0	0.000000E+0	0.000000E+0
2.485865E+1	-2.928255E+0	-2.437000E+0	-4.691027E+17	6.689522E-18	-3.229472E-2	0.000000E+0	3.967689E-2	4.673788E-3	0.000000E+0	0.000000E+0	0.000000E+0
2.617765E+1	-2.981283E+0	-2.373000E+0	-5.704680E+17	1.371951E+17	-3.094102E-2	0.000000E+0	3.771140E-2	4.294823E-3	0.000000E+0	0.000000E+0	0.000000E+0
2.704483E+1	-2.800001E+0	-2.310000E+0	-6.627991E-18	5.176248E+17	-2.944073E-2	0.000000E+0	3.658351E-2	3.787558E-3	0.000000E+0	0.000000E+0	0.000000E+0
2.834777E+1	-2.755693E+0	-2.247000E+0	2.517955E+17	3.793721E+16	-2.832348E-2	0.000000E+0	3.494591E-2	3.397100E-3	0.000000E+0	0.000000E+0	0.000000E+0
2.948772E+1	-2.642654E+0	-2.184000E+0	4.508571E+17	-2.686618E+17	-2.705249E-2	0.000000E+0	3.364222E-2	3.014976E-3	0.000000E+0	0.000000E+0	0.000000E+0
3.132330E+1	-2.905998E+0	-2.120000E+0	8.250878E-19	2.835790E+17	-2.583976E-2	0.000000E+0	3.165268E-2	2.936556E-3	0.000000E+0	0.000000E+0	0.000000E+0
3.236327E+1	-3.040703E+0	-2.057000E+0	6.234127E-18	-3.929322E-18	-2.450749E-2	0.000000E+0	3.062885E-2	2.877745E-3	0.000000E+0	0.000000E+0	0.000000E+0
3.371864E+1	-3.192789E+0	-1.994000E+0	-2.654959E-18	4.664198E-18	-2.339075E-2	0.000000E+0	2.939364E-2	2.783259E-3	0.000000E+0	0.000000E+0	0.000000E+0
3.467218E+1	-3.268002E+0	-1.930000E+0	2.907620E+17	-1.496570E-18	-2.220202E-2	0.000000E+0	2.858760E-2	2.694504E-3	0.000000E+0	0.000000E+0	0.000000E+0
3.467995E+1	-3.154512E+0	-1.867000E+0	-2.052875E-18	3.493290E-18	-2.098977E-2	0.000000E+0	2.859849E-2	2.601338E-3	0.000000E+0	0.000000E+0	0.000000E+0
3.549095E+1	-3.229084E+0	-1.804000E+0	5.725574E-18	5.135446E+17	-2.021726E-2	0.000000E+0	2.794487E-2	2.542517E-3	0.000000E+0	0.000000E+0	0.000000E+0
3.621080E+1	-3.192106E+0	-1.741000E+0	-6.504745E+16	2.369919E+17	-1.917661E-2	0.000000E+0	2.740312E-2	2.415679E-3	0.000000E+0	0.000000E+0	0.000000E+0
3.703397E+1	-3.150188E+0	-1.677000E+0	-4.960950E+17	9.965210E-19	-1.807369E-2	0.000000E+0	2.680826E-2	2.280368E-3	0.000000E+0	0.000000E+0	0.000000E+0
3.802393E+1	-3.125809E+0	-1.614000E+0	2.127762E-18	9.311133E+1	-1.701670E-2	0.000000E+0	2.612269E-2	2.147452E-3	0.000000E+0	0.000000E+0	0.000000E+0
3.917754E+1	-3.042055E+0	-1.551000E+0	8.610729E+16	4.249670E-18	-1.596226E-2	0.000000E+0	2.537186E-2	1.970072E-3	0.000000E+0	0.000000E+0	0.000000E+0
4.076396E+1	-2.928253E+0	-1.487000E+0	-3.870907E-18	-2.240669E+17	-1.488742E-2	0.000000E+0	2.440554E-2	1.753156E-3	0.000000E+0	0.000000E+0	0.000000E+0
4.234983E+1	-2.944374E+0	-1.424000E+0	2.698511E+17	-3.360764E+17	-1.390500E-2	0.000000E+0	2.349926E-2	1.633787E-3	0.000000E+0	0.000000E+0	0.000000E+0
4.416299E+1	-2.876513E+0	-1.361000E+0	-6.256276E-18	1.218838E+17	-1.293994E-2	0.000000E+0	2.254774E-2	1.468625E-3	0.000000E+0	0.000000E+0	0.000000E+0
4.698996E+1	-3.007542E+0	-1.297000E+0	-1.006173E-18	-5.687810E-18	-1.197083E-2	0.000000E+0	2.119432E-2	1.356520E-3	0.000000E+0	0.000000E+0	0.000000E+0
5.144716E+1	-3.362335E+0	-1.234000E+0	1.311717E+15	5.049482E-18	-1.107778E-2	0.000000E+0	1.935475E-2	1.264932E-3	0.000000E+0	0.000000E+0	0.000000E+0
5.817727E+1	-4.142994E+0	-1.171000E+0	3.716679E-18	4.245176E+17	-1.016788E-2	0.000000E+0	1.710211E-2	1.217898E-3	0.000000E+0	0.000000E+0	0.000000E+0
6.675000E+1	-4.900986E+0	-1.108000E+0	-5.203440E-18	3.830367E-18	-9.497510E-3	0.000000E+0	1.490094E-2	1.094072E-3	0.000000E+0	0.000000E+0	0.000000E+0
7.658315E+1	-5.835762E+0	-1.044000E+0	-1.183523E-18	-5.342346E-18	-8.834317E-3	0.000000E+0	1.298232E-2	9.892740E-4	0.000000E+0	0.000000E+0	0.000000E+0
8.846599E+1	-7.175922E+0	-9.810000E-1	-5.319197E+16	-3.192840E+17	-8.211954E-3	0.000000E+0	1.122989E-2	9.109130E-4	0.000000E+0	0.000000E+0	0.000000E+0
1.044912E+2	-9.593163E+0	-9.180000E-1	2.088264E+17	-2.195880E+17	-7.660072E-3	0.000000E+0	9.490193E-3	8.712788E-4	0.000000E+0	0.000000E+0	0.000000E+0
1.265274E+2	-1.435748E+1	-8.540000E-1	-7.957818E+16	-3.372652E-18	-7.200147E-3	0.000000E+0	7.802954E-3	8.854269E-4	0.000000E+0	0.000000E+0	0.000000E+0
1.413685E+2	-1.971358E+1	-7.910000E-1	-1.773302E-18	1.794108E-18	-6.789736E-3	0.000000E+0	6.938781E-3	9.676004E-4	0.000000E+0	0.000000E+0	0.000000E+0
1.405965E+2	-2.157947E+1	-7.280000E-1	-1.306383E-18	6.138991E-18	-6.329784E-3	0.000000E+0	6.948854E-3	1.066546E-3	0.000000E+0	0.000000E+0	0.000000E+0
1.303590E+2	-2.031921E+1	-6.650000E-1	1.829862E+17	1.860550E+17	-5.983213E-3	0.000000E+0	7.489168E-3	1.167345E-3	0.000000E+0	0.000000E+0	0.000000E+0
1.179218E+2	-1.810106E+1	-6.010000E-1	4.410889E+17	3.940187E-18	-5.560572E-3	0.000000E+0	8.284982E-3	1.271749E-3	0.000000E+0	0.000000E+0	0.000000E+0
1.061145E+2	-1.615462E+1	-5.380000E-1	-5.506723E-18	3.318154E+17	-5.093469E-3	0.000000E+0	9.210322E-3	1.402158E-3	0.000000E+0	0.000000E+0	0.000000E+0
9.563901E+1	-1.423750E+1	-4.750000E-1	-4.319920E+17	-4.172230E+17	-4.611046E-3	0.000000E+0	1.022929E-2	1.522804E-3	0.000000E+0	0.000000E+0	0.000000E+0
8.646237E+1	-1.287442E+1	-4.110000E-1	6.306558E-18	-1.599031E-19	-4.057148E-3	0.000000E+0	1.131485E-2	1.684804E-3	0.000000E+0	0.000000E+0	0.000000E+0
7.926436E+1	-1.188131E+1	-3.480000E-1	-2.041751E-18	-6.427516E-19	-3.496584E-3	0.000000E+0	1.233878E-2	1.849518E-3	0.000000E+0	0.000000E+0	0.000000E+0
7.391751E+1	-1.115958E+1	-2.850000E-1	-2.815563E+17	1.903750E-18	-2.890054E-3	0.000000E+0	1.322711E-2	1.996942E-3	0.000000E+0	0.000000E+0	0.000000E+0
7.018201E+1	-1.070436E+1	-2.220000E-1	-1.478444E+17	2.700591E+17	-2.264627E-3	0.000000E+0	1.392473E-2	2.123840E-3	0.000000E+0	0.000000E+0	0.000000E+0
6.876419E+1	-1.058537E+1	-1.580000E-1	-2.949171E+17	-4.956124E-18	-1.600924E-3	0.000000E+0	1.420582E-2	2.186805E-3	0.000000E+0	0.000000E+0	0.000000E+0
6.959598E+1	-1.069389E+1	-9.500000E-2	-4.717429E+17	-4.911393E+17	-9.489395E-4	0.000000E+0	1.403722E-2	2.156913E-3	0.000000E+0	0.000000E+0	0.000000E+0
7.222537E+1	-1.128003E+1	-3.200000E-2	-9.427576E-19	-9.426377E-19	-3.092125E-4	0.000000E+0	1.351588E-2	2.110886E-3	0.000000E+0	0.000000E+0	0.000000E+0
7.576483E+1	-1.180012E+1	3.200000E-2	-3.093320E+17	4.406614E-18	3.264010E-4	0.000000E+0	1.288616E-2	2.006976E-3	0.000000E+0	0.000000E+0	0.000000E+0
7.905894E+1	-1.243826E+1	9.500000E-2	-4.715168E+17	-4.040397E+17	9.237375E-4	0.000000E+0	1.234327E-2	1.941953E-3	0.000000E+0	0.000000E+0	0.000000E+0
8.231572E+1	-1.307980E+1	1.580000E-1	4.697494E+17	-5.230656E+17	1.500645E-3	0.000000E+0	1.184917E-2	1.882809E-3	0.000000E+0	0.000000E+0	0.000000E+0
8.540752E+1	-1.384608E+1	2.220000E-1	-3.021231E-18	1.442034E+17	2.070886E-3	0.000000E+0	1.140872E-2	1.849557E-3	0.000000E+0	0.000000E+0	0.000000E+0
8.909760E+1	-1.462041E+1	2.850000E-1	-3.411601E-18	5.558819E-18	2.607957E-3	0.000000E+0	1.092935E-2	1.793445E-3	0.000000E+0	0.000000E+0	0.000000E+0
9.284351E+1	-1.549126E+1	3.480000E-1	4.155990E+17	-1.817843E+17	3.137878E-3	0.000000E+0	1.047907E-2	1.748470E-3	0.000000E+0	0.000000E+0	0.000000E+0
9.663011E+1	-1.645749E+1	4.110000E-1	-5.577361E+17	4.857998E-18	3.641752E-3	0.000000E+0	1.005702E-2	1.712854E-3	0.000000E+0	0.000000E+0	0.000000E+0
1.005204E+2	-1.750862E+1	4.750000E-1	-3.849816E-18	-6.874137E-18	4.136405E-3	0.000000E+0	9.655301E-3	1.681758E-3	0.000000E+0	0.000000E+0	0.000000E+0
1.043789E+2	-1.851926E+1	5.380000E-1	4.766215E-20	4.558806E+17	4.608613E-3	0.000000E+0	9.288100E-3	1.647926E-3	0.000000E+0	0.000000E+0	0.000000E+0
1.080482E+2	-1.958088E+1	6.010000E-1	1.388541E-18	6.784126E-18	5.060394E-3	0.000000E+0	8.960837E-3	1.623915E-3	0.000000E+0	0.000000E+0	0.000000E+0
1.117859E+2	-2.077180E+1	6.650000E-1	3.266052E+17	-3.794914E-19	5.356887E-3	0.000000E+0	8.647103E-3	1.606785E-3	0.000000E+0	0.000000E+0	0.000000E+0
1.147619E+2	-2.152709E+1	7.280000E-1	-7.907392E-19	6.323277E-18	5.946563E-3	0.000000E+0	8.417511E-3	1.578961E-3	0.000000E+0	0.000000E+0	0.000000E+0
1.174384E+2	-2.228627E+1	7.910000E-1	-4.524484E+17	2.055147E+17	6.368211E-3	0.000000E+0	8.219111E-3	1.559740E-3	0.000000E+0	0.000000E+0	0.000000E+0
1.195893E+2	-2.284036E+1	8.540000E-1	-6.904437E-18	-8.375564E+16	6.772493E-3	0.000000E+0	8.067666E-3	1.540844E-3	0.000000E+0	0.000000E+0	0.000000E+0
1.212910E+2	-2.329797E+1	9.180000E-1	2.547933E-18	-2.658042E+16	7.113929E-3	0.000000E+0	7.951265E-3	1.527305E-3	0.000000E+0	0.000000E+0	0.000000E+0
1.224486E+2	-2.333038E+1	9.810000E-1	-1.554615E+17	1.089529E+17	7.577966E-3	0.000000E+0	7.880607E-3	1.501508E-3	0.000000E+0	0.000000E+0	0.000000E+0
1.225925E+2	-2.310735E+1	1.044000E+0	-5.196808E+17	2.162502E-18	7.987868E-3	0.000000E+0	7.877242E-3	1.484774E-3	0.000000E+0	0.000000E+0	0.000000E+0
1.220919E+2	-2.262062E+1	1.108000E+0	3.883601E+17	-5.707470E+17	8.386504E-3	0.000000E+0	7.918726E-3	1.467145E-3	0.000000E+0	0.000000E+0	0.000000E+0
1.208214E+2	-2.186160E+1	1.171000E+0	-2.820974E+17	-3.562291E+17	8.724391E-3	0.000000E+0	8.014293E-3	1.450118E-3	0.000000E+0	0.000000E+0	0.000000E+0
1.188733E+2	-2.080816E+1	1.234000E+0	7.433461E+16	-3.421229E+17	9.188430E-3	0.000000E+0	8.162222E-3	1.428755E-3	0.000000E+0	0.000000E+0	0.000000E+0
1.161396E+2	-1.955044E+1	1.297000E+0	5.229813E-18	8.421242E+16	9.593224E-3	0.000000E+0	8.373061E-3	1.409485E-3	0.000000E+0	0.000000E+0	0.000000E+0
1.125531E+2	-1.824178E+1	1.361000E+0	5.319462E+17	-2.871880E+17	1.003629E-2	0.000000E+0	8.657290E-3	1.403110E-3	0.000000E+0	0.000000E+0	0.000000E+0
1.086938E+2	-1.641097E+1	1.424000E+0	-4.035047E-18	1.659667E-18	1.049216E-2	0.000000E+0	8.995104E-3	1.358112E-3	0.000000E+0	0.000000E+0	0.000000E+0
1.034474E+2	-1.442246E+1	1.487000E+0	9.211592E+16	2.295762E-18	1.091074E-2	0.000000E+0	9.482434E-3	1.322025E-3	0.000000E+0	0.000000E+0	0.000000E+0
9.728041E+1	-1.225108E+1	1.551000E+0	4.020179E+17	1.922731E+17	1.140182E-2	0.000000E+0	1.011908E-2	1.274353E-3	0.000000E+0	0.000000E+0	0.000000E+0
9.052533E+1	-1.023320E+1	1.614000E+0	1.731139E-18	4.035830E-18	1.189803E-2	0.000000E+0	1.090725E-2	1.232982E-3	0.000000E+0	0.000000E+0	0.000000E+0
8.227956E+1	-7.532257E+0	1.677000E+0	-2.680828E+17	-5.132047E+17	1.253878E-2	0.000000E+0	1.205268E-2	1.103359E-3	0.000000E+0	0.000000E+0	0.000000E+0
7.362332E+1	-7.720676E+0	1.741000E+0	5.241939E+17	-4.155966E-18	1.323671E-2	0.000000E+0	1.343491E-2	1.408882E-3	0.000000E+0	0.000000E+0	0.000000E+0
7.267889E+1	-7.756367E+0	1.804000E+0	2.579781E+17	4.569569E-19	1.468746E-2	0.000000E+0	1.360421E-2	1.451855E-3	0.000000E+0	0.000000E+0	0.000000E+0
7.521104E+1	-6.462204E+0	1.867000E+0	2.915631E-18	5.325299E+16	1.533485E-2	0.000000E+0	1.319848E-2	1.134026E-3	0.000000E+0	0.000000E+0	0.000000E+0
8.161877E+1	-5.072670E+0	1.930000E+0	-1.980651E+17	1.958093E+16	1.597917E-2	0.000000E+0	1.220494E-2	7.585465E-4	0.000000E+0	0.000000E+0	0.000000E+0
7.710294E+1	-4.040447E+0	1.994000E+0	-2.769006E-18	5.985466E+14	1.357700E-2	0.000000E+0	1.293416E-2	6.777922E-4	0.000000E+0	0.000000E+0	0.000000E+0
7.043387E+1	-2.564724E+0	2.057000E+0	6.327113E-19	3.793536E+17	1.398639E-2	0.000000E+0	1.417891E-2	5.162999E-4	0.000000E+0	0.000000E+0	0.000000E+0
5.714746E+1	1.603943E+0	2.120000E+0	-2.374011E+17	1.295985E-19	1.470323E-2	0.000000E+0	1.748482E-2	-4.907418E-4	0.000000E+0	0.000000E+0	0.000000E+0
4.530688E+1	-1.205135E+0	2.184000E+0	-5.351625E-18	2.346836E+17	1.570146E-2	0.000000E+0	2.205610E-2	5.866786E-4	0.000000E+0	0.000000E+0	0.000000E+0
4.054642E+1	1.077633E-1	2.247000E+0	2.587907E+17	-3.980899E-18	2.012157E-2	0.000000E+0	2.466292E-2	-6.554850E-5	0.000000E+0	0.000000E+0	0.000000E+0
3.496872E+1	9.495182E-1	2.310000E+0	-3.127958E+17	-9.739208E-19	2.033331E-2	0.000000E+0	2.857592E-2	-7.759321E-4	0.000000E+0	0.000000E+0	0.000000E+0
2.993800E+1	2.445410E+0	2.373000E+0	6.653843E-18	-4.395667E+17	2.137089E-2	0.000000E+0	3.318098E-2	-2.710305E-3	0.000000E+0	0.000000E+0	0.000000E+0
2.669337E+1	2.574450E+0	2.437000E+0	-1.137863E-18	-4.190346E+17	2.397126E-2	0.000000E+0	3.711723E-2	-3.579783E-3	0.000000E+0	0.000000E+0	0.000000E+0
2.053649E+1	1.985014E+0	2.500000E+0	-9.275714E-19	-3.780148E-18	2.606145E-2	0.000000E+0	4.824309E-2	-4.663076E-3	0.000000E+0	0.000000E+0	0.000000E+0
