Real / Ohm	Ximag / Ohm	V_DC / V	I_a c / A	V_ac / V	I_DC / A
4.452780E+1	-5.484055E+2	2.500000E+0	-9.275714E-19	-3.780148E-18	7.154886E-7	1.000000E+7	1.470869E-4	1.811525E-3	0.000000E+0	0.000000E+0	0.000000E+0
4.471234E+1	-5.496582E+2	2.437000E+0	-1.137863E-18	-4.190346E+17	1.437016E-6	0.000000E+0	1.470204E-4	1.807353E-3	0.000000E+0	0.000000E+0	0.000000E+0
4.788318E+1	-5.520466E+2	2.373000E+0	6.653843E-18	-4.395667E+17	6.540649E-7	0.000000E+0	1.559468E-4	1.797915E-3	0.000000E+0	0.000000E+0	0.000000E+0
4.855170E+1	-5.554014E+2	2.310000E+0	-3.127958E+17	-9.739208E-19	2.397035E-6	0.000000E+0	1.562012E-4	1.786845E-3	0.000000E+0	0.000000E+0	0.000000E+0
4.589539E+1	-5.587678E+2	2.247000E+0	2.587907E+17	-3.980899E-18	5.420588E-8	0.000000E+0	1.460112E-4	1.777659E-3	0.000000E+0	0.000000E+0	0.000000E+0
5.124585E+1	-5.601577E+2	2.184000E+0	-5.351625E-18	2.346836E+17	-7.564522E-7	0.000000E+0	1.619640E-4	1.770394E-3	0.000000E+0	0.000000E+0	0.000000E+0
5.118124E+1	-5.631741E+2	2.120000E+0	-2.374011E+17	1.295985E-19	5.034817E-7	0.000000E+0	1.600491E-4	1.761105E-3	0.000000E+0	0.000000E+0	0.000000E+0
5.245374E+1	-5.669014E+2	2.057000E+0	6.327113E-19	3.793536E+17	1.225009E-6	0.000000E+0	1.618300E-4	1.749002E-3	0.000000E+0	0.000000E+0	0.000000E+0
3.412231E+1	-5.680990E+2	1.994000E+0	-2.769006E-18	5.985466E+14	-1.117827E-6	0.000000E+0	1.053480E-4	1.753929E-3	0.000000E+0	0.000000E+0	0.000000E+0
3.705099E+1	-5.716239E+2	1.930000E+0	-1.980651E+17	1.958093E+16	-1.900808E-6	0.000000E+0	1.129167E-4	1.742083E-3	0.000000E+0	0.000000E+0	0.000000E+0
4.408252E+1	-5.755088E+2	1.867000E+0	2.915631E-18	5.325299E+16	1.374341E-6	0.000000E+0	1.323189E-4	1.727458E-3	0.000000E+0	0.000000E+0	0.000000E+0
5.222806E+1	-5.811990E+2	1.804000E+0	2.579781E+17	4.569569E-19	1.585140E-6	0.000000E+0	1.533773E-4	1.706798E-3	0.000000E+0	0.000000E+0	0.000000E+0
4.605896E+1	-5.835953E+2	1.741000E+0	5.241939E+17	-4.155966E-18	-2.469387E-7	0.000000E+0	1.343983E-4	1.702909E-3	0.000000E+0	0.000000E+0	0.000000E+0
4.568188E+1	-5.876792E+2	1.677000E+0	-2.680828E+17	-5.132047E+17	1.012988E-6	0.000000E+0	1.314762E-4	1.691389E-3	0.000000E+0	0.000000E+0	0.000000E+0
4.567517E+1	-5.918350E+2	1.614000E+0	1.731139E-18	4.035830E-18	-8.191128E-7	0.000000E+0	1.296283E-4	1.679656E-3	0.000000E+0	0.000000E+0	0.000000E+0
4.600839E+1	-5.993391E+2	1.551000E+0	4.020179E+17	1.922731E+17	-1.119028E-6	0.000000E+0	1.273327E-4	1.658730E-3	0.000000E+0	0.000000E+0	0.000000E+0
4.584415E+1	-6.019200E+2	1.487000E+0	9.211592E+16	2.295762E-18	2.183784E-6	0.000000E+0	1.258040E-4	1.651769E-3	0.000000E+0	0.000000E+0	0.000000E+0
4.617239E+1	-6.056294E+2	1.424000E+0	-4.035047E-18	1.659667E-18	8.624193E-7	0.000000E+0	1.251559E-4	1.641633E-3	0.000000E+0	0.000000E+0	0.000000E+0
4.928494E+1	-6.113137E+2	1.361000E+0	5.319462E+17	-2.871880E+17	-4.589747E-7	0.000000E+0	1.310305E-4	1.625257E-3	0.000000E+0	0.000000E+0	0.000000E+0
3.535538E+1	-6.178284E+2	1.297000E+0	5.229813E-18	8.421242E+16	-3.284847E-6	0.000000E+0	9.232087E-5	1.613289E-3	0.000000E+0	0.000000E+0	0.000000E+0
4.037476E+1	-6.249073E+2	1.234000E+0	7.433461E+16	-3.421229E+17	-9.698851E-9	0.000000E+0	1.029603E-4	1.593585E-3	0.000000E+0	0.000000E+0	0.000000E+0
4.940820E+1	-6.276737E+2	1.171000E+0	-2.820974E+17	-3.562291E+17	1.733279E-6	0.000000E+0	1.246374E-4	1.583373E-3	0.000000E+0	0.000000E+0	0.000000E+0
4.371759E+1	-6.384078E+2	1.108000E+0	3.883601E+17	-5.707470E+17	-1.120265E-6	0.000000E+0	1.067648E-4	1.559086E-3	0.000000E+0	0.000000E+0	0.000000E+0
4.092654E+1	-6.415468E+2	1.044000E+0	-5.196808E+17	2.162502E-18	1.671840E-6	0.000000E+0	9.903405E-5	1.552415E-3	0.000000E+0	0.000000E+0	0.000000E+0
4.067255E+1	-6.469706E+2	9.810000E-1	-1.554615E+17	1.089529E+17	-6.709852E-7	0.000000E+0	9.678751E-5	1.539581E-3	0.000000E+0	0.000000E+0	0.000000E+0
4.228296E+1	-6.545535E+2	9.180000E-1	2.547933E-18	-2.658042E+16	3.114877E-6	0.000000E+0	9.828032E-5	1.521410E-3	0.000000E+0	0.000000E+0	0.000000E+0
4.962109E+1	-6.659305E+2	8.540000E-1	-6.904437E-18	-8.375564E+16	2.331919E-6	0.000000E+0	1.112766E-4	1.493367E-3	0.000000E+0	0.000000E+0	0.000000E+0
4.513098E+1	-6.731099E+2	7.910000E-1	-4.524484E+17	2.055147E+17	2.031982E-6	0.000000E+0	9.916418E-5	1.478993E-3	0.000000E+0	0.000000E+0	0.000000E+0
4.598553E+1	-6.857288E+2	7.280000E-1	-7.907392E-19	6.323277E-18	1.221331E-6	0.000000E+0	9.735712E-5	1.451774E-3	0.000000E+0	0.000000E+0	0.000000E+0
4.835089E+1	-6.993312E+2	6.650000E-1	3.266052E+17	-3.794914E-19	4.107060E-7	0.000000E+0	9.839377E-5	1.423135E-3	0.000000E+0	0.000000E+0	0.000000E+0
3.735547E+1	-7.183870E+2	6.010000E-1	1.388541E-18	6.784126E-18	1.159893E-6	0.000000E+0	7.218793E-5	1.388254E-3	0.000000E+0	0.000000E+0	0.000000E+0
5.392957E+1	-7.359224E+2	5.380000E-1	4.766215E-20	4.558806E+17	2.392153E-6	0.000000E+0	9.904599E-5	1.351581E-3	0.000000E+0	0.000000E+0	0.000000E+0
5.162927E+1	-7.600818E+2	4.750000E-1	-3.849816E-18	-6.874137E-18	-4.614121E-7	0.000000E+0	8.895618E-5	1.309605E-3	0.000000E+0	0.000000E+0	0.000000E+0
4.575439E+1	-7.921732E+2	4.110000E-1	-5.577361E+17	4.857998E-18	-2.229426E-7	0.000000E+0	7.266848E-5	1.258153E-3	0.000000E+0	0.000000E+0	0.000000E+0
4.338788E+1	-8.198815E+2	3.480000E-1	4.155990E+17	-1.817843E+17	3.052206E-6	0.000000E+0	6.436529E-5	1.216282E-3	0.000000E+0	0.000000E+0	0.000000E+0
4.355328E+1	-8.501919E+2	2.850000E-1	-3.411601E-18	5.558819E-18	2.752296E-6	0.000000E+0	6.009644E-5	1.173126E-3	0.000000E+0	0.000000E+0	0.000000E+0
4.492804E+1	-8.814066E+2	2.220000E-1	-3.021231E-18	1.442034E+17	1.430930E-6	0.000000E+0	5.768168E-5	1.131610E-3	0.000000E+0	0.000000E+0	0.000000E+0
4.561920E+1	-9.179315E+2	1.580000E-1	4.697494E+17	-5.230656E+17	1.669401E-6	0.000000E+0	5.400771E-5	1.086722E-3	0.000000E+0	0.000000E+0	0.000000E+0
5.367493E+1	-9.512576E+2	9.500000E-2	-4.715168E+17	-4.040397E+17	2.390920E-6	0.000000E+0	5.912820E-5	1.047904E-3	0.000000E+0	0.000000E+0	0.000000E+0
5.205994E+1	-9.961378E+2	3.200000E-2	-3.093320E+17	4.406614E-18	1.069554E-6	0.000000E+0	5.232151E-5	1.001143E-3	0.000000E+0	0.000000E+0	0.000000E+0
5.416370E+1	-1.053271E+3	-3.200000E-2	-9.427576E-19	-9.426377E-19	1.818739E-6	0.000000E+0	4.869463E-5	9.469192E-4	0.000000E+0	0.000000E+0	0.000000E+0
5.250165E+1	-1.124997E+3	-9.500000E-2	-4.717429E+17	-4.911393E+17	1.518830E-6	0.000000E+0	4.139286E-5	8.869595E-4	0.000000E+0	0.000000E+0	0.000000E+0
5.933038E+1	-1.228766E+3	-1.580000E-1	-2.949171E+17	-4.956124E-18	1.729635E-6	0.000000E+0	3.920373E-5	8.119317E-4	0.000000E+0	0.000000E+0	0.000000E+0
9.022888E+1	-1.408529E+3	-2.220000E-1	-1.478444E+17	2.700591E+17	1.968107E-6	0.000000E+0	4.529346E-5	7.070591E-4	0.000000E+0	0.000000E+0	0.000000E+0
2.403389E+2	-1.765375E+3	-2.850000E-1	-2.815563E+17	1.903750E-18	2.689625E-6	0.000000E+0	7.571371E-5	5.561442E-4	0.000000E+0	0.000000E+0	0.000000E+0
4.248137E+2	-2.034437E+3	-3.480000E-1	-2.041751E-18	-6.427516E-19	2.389716E-6	0.000000E+0	9.835015E-5	4.709998E-4	0.000000E+0	0.000000E+0	0.000000E+0
2.886628E+2	-3.013756E+3	-4.110000E-1	6.306558E-18	-1.599031E-19	1.068322E-6	0.000000E+0	3.149260E-5	3.287954E-4	0.000000E+0	0.000000E+0	0.000000E+0
3.282043E+2	-4.561076E+3	-4.750000E-1	-4.319920E+17	-4.172230E+17	1.817534E-6	0.000000E+0	1.569520E-5	2.181171E-4	0.000000E+0	0.000000E+0	0.000000E+0
6.249956E+2	-5.626251E+3	-5.380000E-1	-5.506723E-18	3.318154E+17	4.961694E-7	0.000000E+0	1.950349E-5	1.755717E-4	0.000000E+0	0.000000E+0	0.000000E+0
9.645259E+2	-6.206059E+3	-6.010000E-1	4.410889E+17	3.940187E-18	7.069430E-7	0.000000E+0	2.445213E-5	1.573326E-4	0.000000E+0	0.000000E+0	0.000000E+0
1.059280E+3	-6.882836E+3	-6.650000E-1	1.829862E+17	1.860550E+17	-7.601193E-8	0.000000E+0	2.184285E-5	1.419273E-4	0.000000E+0	0.000000E+0	0.000000E+0
1.044694E+3	-7.581093E+3	-7.280000E-1	-1.306383E-18	6.138991E-18	2.688390E-6	0.000000E+0	1.783839E-5	1.294489E-4	0.000000E+0	0.000000E+0	0.000000E+0
1.007335E+3	-8.190438E+3	-7.910000E-1	-1.773302E-18	1.794108E-18	1.877768E-6	0.000000E+0	1.479243E-5	1.202743E-4	0.000000E+0	0.000000E+0	0.000000E+0
9.923052E+2	-8.667322E+3	-8.540000E-1	-7.957818E+16	-3.372652E-18	5.563743E-7	0.000000E+0	1.303827E-5	1.138832E-4	0.000000E+0	0.000000E+0	0.000000E+0
9.679082E+2	-9.137016E+3	-9.180000E-1	2.088264E+17	-2.195880E+17	2.327015E-6	0.000000E+0	1.146513E-5	1.082304E-4	0.000000E+0	0.000000E+0	0.000000E+0
9.905093E+2	-9.461955E+3	-9.810000E-1	-5.319197E+16	-3.192840E+17	2.027107E-6	0.000000E+0	1.094368E-5	1.045408E-4	0.000000E+0	0.000000E+0	0.000000E+0
9.443975E+2	-9.819121E+3	-1.044000E+0	-1.183523E-18	-5.342346E-18	1.216453E-6	0.000000E+0	9.705337E-6	1.009087E-4	0.000000E+0	0.000000E+0	0.000000E+0
9.816064E+2	-1.012652E+4	-1.108000E+0	-5.203440E-18	3.830367E-18	2.476387E-6	0.000000E+0	9.483207E-6	9.783136E-5	0.000000E+0	0.000000E+0	0.000000E+0
9.703115E+2	-1.043950E+4	-1.171000E+0	3.716679E-18	4.245176E+17	6.442715E-7	0.000000E+0	8.827059E-6	9.496959E-5	0.000000E+0	0.000000E+0	0.000000E+0
9.798320E+2	-1.071011E+4	-1.234000E+0	1.311717E+15	5.049482E-18	2.897992E-6	0.000000E+0	8.471180E-6	9.259472E-5	0.000000E+0	0.000000E+0	0.000000E+0
9.397188E+2	-1.087920E+4	-1.297000E+0	-1.006173E-18	-5.687810E-18	5.551410E-7	0.000000E+0	7.880898E-6	9.123779E-5	0.000000E+0	0.000000E+0	0.000000E+0
9.861982E+2	-1.105633E+4	-1.361000E+0	-6.256276E-18	1.218838E+17	1.304354E-6	0.000000E+0	8.003880E-6	8.973200E-5	0.000000E+0	0.000000E+0	0.000000E+0
9.733330E+2	-1.113012E+4	-1.424000E+0	2.698511E+17	-3.360764E+17	3.047331E-6	0.000000E+0	7.797459E-6	8.916440E-5	0.000000E+0	0.000000E+0	0.000000E+0
9.599072E+2	-1.120145E+4	-1.487000E+0	-3.870907E-18	-2.240669E+17	1.215194E-6	0.000000E+0	7.594569E-6	8.862334E-5	0.000000E+0	0.000000E+0	0.000000E+0
9.449072E+2	-1.116065E+4	-1.551000E+0	8.610729E+16	4.249670E-18	9.429787E-7	0.000000E+0	7.531964E-6	8.896283E-5	0.000000E+0	0.000000E+0	0.000000E+0
9.498408E+2	-1.107934E+4	-1.614000E+0	2.127762E-18	9.311133E+1	2.175177E-6	0.000000E+0	7.681442E-6	8.959955E-5	0.000000E+0	0.000000E+0	0.000000E+0
9.850742E+2	-1.076472E+4	-1.677000E+0	-4.960950E+17	9.965210E-19	1.364591E-6	0.000000E+0	8.430277E-6	9.212460E-5	0.000000E+0	0.000000E+0	0.000000E+0
9.333096E+2	-1.058079E+4	-1.741000E+0	-6.504745E+16	2.369919E+17	-4.398826E-7	0.000000E+0	8.272248E-6	9.378122E-5	0.000000E+0	0.000000E+0	0.000000E+0
9.779775E+2	-1.027391E+4	-1.804000E+0	5.725574E-18	5.135446E+17	2.324581E-6	0.000000E+0	9.182054E-6	9.645988E-5	0.000000E+0	0.000000E+0	0.000000E+0
9.725762E+2	-9.823332E+3	-1.867000E+0	-2.052875E-18	3.493290E-18	4.924368E-7	0.000000E+0	9.980898E-6	1.008103E-4	0.000000E+0	0.000000E+0	0.000000E+0
1.003513E+3	-9.405914E+3	-1.930000E+0	2.907620E+17	-1.496570E-18	2.235414E-6	0.000000E+0	1.121516E-5	1.051195E-4	0.000000E+0	0.000000E+0	0.000000E+0
2.606870E+3	-4.460223E+3	-1.994000E+0	-2.654959E-18	4.664198E-18	3.495348E-6	0.000000E+0	9.767450E-5	1.671161E-4	0.000000E+0	0.000000E+0	0.000000E+0
1.238789E+3	-6.124632E+3	-2.057000E+0	6.234127E-18	-3.929322E-18	-6.508344E-6	0.000000E+0	3.172663E-5	1.568580E-4	0.000000E+0	0.000000E+0	0.000000E+0
1.253311E+3	-6.043395E+3	-2.120000E+0	8.250878E-19	2.835790E+17	-5.786787E-6	0.000000E+0	3.290099E-5	1.586467E-4	0.000000E+0	0.000000E+0	0.000000E+0
1.186887E+3	-6.049372E+3	-2.184000E+0	4.508571E+17	-2.686618E+17	-6.059054E-6	0.000000E+0	3.123091E-5	1.591789E-4	0.000000E+0	0.000000E+0	0.000000E+0
1.231508E+3	-5.966493E+3	-2.247000E+0	2.517955E+17	3.793721E+16	-4.826798E-6	0.000000E+0	3.318029E-5	1.607541E-4	0.000000E+0	0.000000E+0	0.000000E+0
1.289585E+3	-5.904446E+3	-2.310000E+0	-6.627991E-18	5.176248E+17	-4.616028E-6	0.000000E+0	3.530642E-5	1.616527E-4	0.000000E+0	0.000000E+0	0.000000E+0
1.937219E+3	-5.104508E+3	-2.373000E+0	-5.704680E+17	1.371951E+17	-7.980256E-6	0.000000E+0	6.498812E-5	1.712415E-4	0.000000E+0	0.000000E+0	0.000000E+0
2.153897E+3	-4.693756E+3	-2.437000E+0	-4.691027E+17	6.689522E-18	-2.050989E-5	0.000000E+0	8.075917E-5	1.759898E-4	0.000000E+0	0.000000E+0	0.000000E+0
2.267672E+3	-4.332674E+3	-2.500000E+0	-3.567381E+17	-4.283094E-18	-2.387416E-5	0.000000E+0	9.482454E-5	1.811743E-4	0.000000E+0	0.000000E+0	0.000000E+0
