Real / Ohm	Ximag / Ohm	V_DC / V	I_a c / A	V_ac / V	I_DC / A
6.982288E+1	2.203522E-1	-2.500000E+0	-3.567381E+17	-4.283094E-18	-1.699423E-2	1.778279E+6	1.432181E-2	-4.519783E-5	0.000000E+0	0.000000E+0	0.000000E+0
7.248586E+1	4.099121E-1	-2.437000E+0	-4.691027E+17	6.689522E-18	-1.634531E-2	0.000000E+0	1.379535E-2	-7.801359E-5	0.000000E+0	0.000000E+0	0.000000E+0
7.821877E+1	-3.045959E-1	-2.373000E+0	-5.704680E+17	1.371951E+17	-1.619539E-2	0.000000E+0	1.278446E-2	4.978466E-5	0.000000E+0	0.000000E+0	0.000000E+0
8.065387E+1	-4.726105E-1	-2.310000E+0	-6.627991E-18	5.176248E+17	-1.485189E-2	0.000000E+0	1.239824E-2	7.265040E-5	0.000000E+0	0.000000E+0	0.000000E+0
7.957726E+1	-6.495094E-1	-2.247000E+0	2.517955E+17	3.793721E+16	-1.431788E-2	0.000000E+0	1.256557E-2	1.025601E-4	0.000000E+0	0.000000E+0	0.000000E+0
8.228732E+1	-1.029068E+0	-2.184000E+0	4.508571E+17	-2.686618E+17	-1.385793E-2	0.000000E+0	1.215064E-2	1.519534E-4	0.000000E+0	0.000000E+0	0.000000E+0
8.297267E+1	-1.197208E+0	-2.120000E+0	8.250878E-19	2.835790E+17	-1.300066E-2	0.000000E+0	1.204965E-2	1.738638E-4	0.000000E+0	0.000000E+0	0.000000E+0
8.375351E+1	-1.293774E+0	-2.057000E+0	6.234127E-18	-3.929322E-18	-1.259433E-2	0.000000E+0	1.193695E-2	1.843948E-4	0.000000E+0	0.000000E+0	0.000000E+0
8.503610E+1	-1.515469E+0	-1.994000E+0	-2.654959E-18	4.664198E-18	-1.209965E-2	0.000000E+0	1.175598E-2	2.095089E-4	0.000000E+0	0.000000E+0	0.000000E+0
8.866911E+1	-1.871223E+0	-1.930000E+0	2.907620E+17	-1.496570E-18	-1.157180E-2	0.000000E+0	1.127286E-2	2.378962E-4	0.000000E+0	0.000000E+0	0.000000E+0
9.107947E+1	-1.991211E+0	-1.867000E+0	-2.052875E-18	3.493290E-18	-1.080899E-2	0.000000E+0	1.097418E-2	2.399213E-4	0.000000E+0	0.000000E+0	0.000000E+0
9.542583E+1	-2.422386E+0	-1.804000E+0	5.725574E-18	5.135446E+17	-1.032401E-2	0.000000E+0	1.047259E-2	2.658470E-4	0.000000E+0	0.000000E+0	0.000000E+0
1.025536E+2	-2.549080E+0	-1.741000E+0	-6.504745E+16	2.369919E+17	-9.892153E-3	0.000000E+0	9.744978E-3	2.422219E-4	0.000000E+0	0.000000E+0	0.000000E+0
1.082125E+2	-2.845673E+0	-1.677000E+0	-4.960950E+17	9.965210E-19	-9.434782E-3	0.000000E+0	9.234690E-3	2.428454E-4	0.000000E+0	0.000000E+0	0.000000E+0
1.112104E+2	-2.661179E+0	-1.614000E+0	2.127762E-18	9.311133E+1	-8.783817E-3	0.000000E+0	8.986819E-3	2.150476E-4	0.000000E+0	0.000000E+0	0.000000E+0
1.148979E+2	-2.925423E+0	-1.551000E+0	8.610729E+16	4.249670E-18	-8.407624E-3	0.000000E+0	8.697741E-3	2.214538E-4	0.000000E+0	0.000000E+0	0.000000E+0
1.243842E+2	-3.105423E+0	-1.487000E+0	-3.870907E-18	-2.240669E+17	-7.919101E-3	0.000000E+0	8.034598E-3	2.005948E-4	0.000000E+0	0.000000E+0	0.000000E+0
1.295860E+2	-3.013855E+0	-1.424000E+0	2.698511E+17	-3.360764E+17	-7.487237E-3	0.000000E+0	7.712711E-3	1.793789E-4	0.000000E+0	0.000000E+0	0.000000E+0
1.388245E+2	-3.071487E+0	-1.361000E+0	-6.256276E-18	1.218838E+17	-7.046693E-3	0.000000E+0	7.199815E-3	1.592956E-4	0.000000E+0	0.000000E+0	0.000000E+0
1.448411E+2	-2.849823E+0	-1.297000E+0	-1.006173E-18	-5.687810E-18	-6.694531E-3	0.000000E+0	6.901446E-3	1.357895E-4	0.000000E+0	0.000000E+0	0.000000E+0
1.588429E+2	-3.287971E+0	-1.234000E+0	1.311717E+15	5.049482E-18	-6.345918E-3	0.000000E+0	6.292832E-3	1.302586E-4	0.000000E+0	0.000000E+0	0.000000E+0
1.713074E+2	-3.895584E+0	-1.171000E+0	3.716679E-18	4.245176E+17	-5.943677E-3	0.000000E+0	5.834442E-3	1.326770E-4	0.000000E+0	0.000000E+0	0.000000E+0
1.844045E+2	-4.928421E+0	-1.108000E+0	-5.203440E-18	3.830367E-18	-5.621111E-3	0.000000E+0	5.418990E-3	1.448287E-4	0.000000E+0	0.000000E+0	0.000000E+0
1.972180E+2	-6.641602E+0	-1.044000E+0	-1.183523E-18	-5.342346E-18	-5.336876E-3	0.000000E+0	5.064787E-3	1.705640E-4	0.000000E+0	0.000000E+0	0.000000E+0
1.971955E+2	-7.289337E+0	-9.810000E-1	-5.319197E+16	-3.192840E+17	-5.045462E-3	0.000000E+0	5.064190E-3	1.871979E-4	0.000000E+0	0.000000E+0	0.000000E+0
1.949835E+2	-7.752029E+0	-9.180000E-1	2.088264E+17	-2.195880E+17	-4.740261E-3	0.000000E+0	5.120545E-3	2.035794E-4	0.000000E+0	0.000000E+0	0.000000E+0
1.902493E+2	-7.820801E+0	-8.540000E-1	-7.957818E+16	-3.372652E-18	-4.432532E-3	0.000000E+0	5.247394E-3	2.157108E-4	0.000000E+0	0.000000E+0	0.000000E+0
1.861445E+2	-7.994141E+0	-7.910000E-1	-1.773302E-18	1.794108E-18	-4.140099E-3	0.000000E+0	5.362281E-3	2.302879E-4	0.000000E+0	0.000000E+0	0.000000E+0
1.810169E+2	-7.928970E+0	-7.280000E-1	-1.306383E-18	6.138991E-18	-3.835917E-3	0.000000E+0	5.513767E-3	2.415161E-4	0.000000E+0	0.000000E+0	0.000000E+0
1.780193E+2	-8.002640E+0	-6.650000E-1	1.829862E+17	1.860550E+17	-3.525096E-3	0.000000E+0	5.606040E-3	2.520127E-4	0.000000E+0	0.000000E+0	0.000000E+0
1.725849E+2	-7.567429E+0	-6.010000E-1	4.410889E+17	3.940187E-18	-3.183149E-3	0.000000E+0	5.783131E-3	2.535763E-4	0.000000E+0	0.000000E+0	0.000000E+0
1.703252E+2	-7.820038E+0	-5.380000E-1	-5.506723E-18	3.318154E+17	-2.881011E-3	0.000000E+0	5.858772E-3	2.689903E-4	0.000000E+0	0.000000E+0	0.000000E+0
1.663363E+2	-7.721832E+0	-4.750000E-1	-4.319920E+17	-4.172230E+17	-2.558955E-3	0.000000E+0	5.998988E-3	2.784911E-4	0.000000E+0	0.000000E+0	0.000000E+0
1.636754E+2	-7.696701E+0	-4.110000E-1	6.306558E-18	-1.599031E-19	-2.211390E-3	0.000000E+0	6.096173E-3	2.866675E-4	0.000000E+0	0.000000E+0	0.000000E+0
1.639584E+2	-7.943756E+0	-3.480000E-1	-2.041751E-18	-6.427516E-19	-1.892909E-3	0.000000E+0	6.084825E-3	2.948087E-4	0.000000E+0	0.000000E+0	0.000000E+0
1.603932E+2	-7.701431E+0	-2.850000E-1	-2.815563E+17	1.903750E-18	-1.551445E-3	0.000000E+0	6.220337E-3	2.986754E-4	0.000000E+0	0.000000E+0	0.000000E+0
1.595822E+2	-7.764122E+0	-2.220000E-1	-1.478444E+17	2.700591E+17	-1.197724E-3	0.000000E+0	6.251565E-3	3.041562E-4	0.000000E+0	0.000000E+0	0.000000E+0
1.599725E+2	-7.800880E+0	-1.580000E-1	-2.949171E+17	-4.956124E-18	-8.414767E-4	0.000000E+0	6.236245E-3	3.041035E-4	0.000000E+0	0.000000E+0	0.000000E+0
1.616857E+2	-7.886414E+0	-9.500000E-2	-4.717429E+17	-4.911393E+17	-5.025663E-4	0.000000E+0	6.170159E-3	3.009569E-4	0.000000E+0	0.000000E+0	0.000000E+0
1.636664E+2	-7.867966E+0	-3.200000E-2	-9.427576E-19	-9.426377E-19	-1.616131E-4	0.000000E+0	6.095902E-3	2.930494E-4	0.000000E+0	0.000000E+0	0.000000E+0
1.668413E+2	-7.926926E+0	3.200000E-2	-3.093320E+17	4.406614E-18	1.798231E-4	0.000000E+0	5.980220E-3	2.841309E-4	0.000000E+0	0.000000E+0	0.000000E+0
1.671932E+2	-7.742844E+0	9.500000E-2	-4.715168E+17	-4.040397E+17	5.136259E-4	0.000000E+0	5.968304E-3	2.763967E-4	0.000000E+0	0.000000E+0	0.000000E+0
1.689979E+2	-7.878174E+0	1.580000E-1	4.697494E+17	-5.230656E+17	8.448752E-4	0.000000E+0	5.904402E-3	2.752455E-4	0.000000E+0	0.000000E+0	0.000000E+0
1.691853E+2	-7.748367E+0	2.220000E-1	-3.021231E-18	1.442034E+17	1.169968E-3	0.000000E+0	5.898307E-3	2.701313E-4	0.000000E+0	0.000000E+0	0.000000E+0
1.704895E+2	-7.715286E+0	2.850000E-1	-3.411601E-18	5.558819E-18	1.504282E-3	0.000000E+0	5.853477E-3	2.648917E-4	0.000000E+0	0.000000E+0	0.000000E+0
1.721414E+2	-7.815048E+0	3.480000E-1	4.155990E+17	-1.817843E+17	1.832977E-3	0.000000E+0	5.797229E-3	2.631884E-4	0.000000E+0	0.000000E+0	0.000000E+0
1.727263E+2	-7.669785E+0	4.110000E-1	-5.577361E+17	4.857998E-18	2.163205E-3	0.000000E+0	5.778113E-3	2.565729E-4	0.000000E+0	0.000000E+0	0.000000E+0
1.730405E+2	-7.572632E+0	4.750000E-1	-3.849816E-18	-6.874137E-18	2.462251E-3	0.000000E+0	5.767948E-3	2.524180E-4	0.000000E+0	0.000000E+0	0.000000E+0
1.746922E+2	-7.576004E+0	5.380000E-1	4.766215E-20	4.558806E+17	2.777668E-3	0.000000E+0	5.713608E-3	2.477862E-4	0.000000E+0	0.000000E+0	0.000000E+0
1.759456E+2	-7.594666E+0	6.010000E-1	1.388541E-18	6.784126E-18	3.100745E-3	0.000000E+0	5.673005E-3	2.448744E-4	0.000000E+0	0.000000E+0	0.000000E+0
1.765394E+2	-7.487793E+0	6.650000E-1	3.266052E+17	-3.794914E-19	3.449332E-3	0.000000E+0	5.654286E-3	2.398225E-4	0.000000E+0	0.000000E+0	0.000000E+0
1.775675E+2	-7.410980E+0	7.280000E-1	-7.907392E-19	6.323277E-18	3.746873E-3	0.000000E+0	5.621868E-3	2.346350E-4	0.000000E+0	0.000000E+0	0.000000E+0
1.772627E+2	-7.237137E+0	7.910000E-1	-4.524484E+17	2.055147E+17	4.064844E-3	0.000000E+0	5.631957E-3	2.299370E-4	0.000000E+0	0.000000E+0	0.000000E+0
1.787364E+2	-7.277618E+0	8.540000E-1	-6.904437E-18	-8.375564E+16	4.340423E-3	0.000000E+0	5.585571E-3	2.274279E-4	0.000000E+0	0.000000E+0	0.000000E+0
1.790919E+2	-7.250793E+0	9.180000E-1	2.547933E-18	-2.658042E+16	4.656835E-3	0.000000E+0	5.574588E-3	2.256952E-4	0.000000E+0	0.000000E+0	0.000000E+0
1.799965E+2	-7.125183E+0	9.810000E-1	-1.554615E+17	1.089529E+17	4.961015E-3	0.000000E+0	5.546972E-3	2.195775E-4	0.000000E+0	0.000000E+0	0.000000E+0
1.794258E+2	-7.069519E+0	1.044000E+0	-5.196808E+17	2.162502E-18	5.285625E-3	0.000000E+0	5.564696E-3	2.192534E-4	0.000000E+0	0.000000E+0	0.000000E+0
1.819287E+2	-7.040939E+0	1.108000E+0	3.883601E+17	-5.707470E+17	5.627061E-3	0.000000E+0	5.488438E-3	2.124116E-4	0.000000E+0	0.000000E+0	0.000000E+0
1.790852E+2	-6.754929E+0	1.171000E+0	-2.820974E+17	-3.562291E+17	5.861783E-3	0.000000E+0	5.576001E-3	2.103216E-4	0.000000E+0	0.000000E+0	0.000000E+0
1.798748E+2	-6.726135E+0	1.234000E+0	7.433461E+16	-3.421229E+17	6.146557E-3	0.000000E+0	5.551660E-3	2.075956E-4	0.000000E+0	0.000000E+0	0.000000E+0
1.808114E+2	-6.692474E+0	1.297000E+0	5.229813E-18	8.421242E+16	6.455845E-3	0.000000E+0	5.523058E-3	2.044281E-4	0.000000E+0	0.000000E+0	0.000000E+0
1.816680E+2	-6.502274E+0	1.361000E+0	5.319462E+17	-2.871880E+17	6.823328E-3	0.000000E+0	5.497504E-3	1.967671E-4	0.000000E+0	0.000000E+0	0.000000E+0
1.827422E+2	-6.447128E+0	1.424000E+0	-4.035047E-18	1.659667E-18	6.987060E-3	0.000000E+0	5.465387E-3	1.928184E-4	0.000000E+0	0.000000E+0	0.000000E+0
1.817978E+2	-6.243713E+0	1.487000E+0	9.211592E+16	2.295762E-18	7.398493E-3	0.000000E+0	5.494136E-3	1.886921E-4	0.000000E+0	0.000000E+0	0.000000E+0
1.818156E+2	-6.146500E+0	1.551000E+0	4.020179E+17	1.922731E+17	7.656170E-3	0.000000E+0	5.493799E-3	1.857246E-4	0.000000E+0	0.000000E+0	0.000000E+0
1.807043E+2	-5.951874E+0	1.614000E+0	1.731139E-18	4.035830E-18	7.966990E-3	0.000000E+0	5.527906E-3	1.820731E-4	0.000000E+0	0.000000E+0	0.000000E+0
1.802026E+2	-5.694885E+0	1.677000E+0	-2.680828E+17	-5.132047E+17	8.275768E-3	0.000000E+0	5.543773E-3	1.751981E-4	0.000000E+0	0.000000E+0	0.000000E+0
1.795527E+2	-5.397659E+0	1.741000E+0	5.241939E+17	-4.155966E-18	8.693300E-3	0.000000E+0	5.564367E-3	1.672743E-4	0.000000E+0	0.000000E+0	0.000000E+0
1.802464E+2	-5.225128E+0	1.804000E+0	2.579781E+17	4.569569E-19	8.908104E-3	0.000000E+0	5.543303E-3	1.606937E-4	0.000000E+0	0.000000E+0	0.000000E+0
1.852911E+2	-5.464111E+0	1.867000E+0	2.915631E-18	5.325299E+16	9.297578E-3	0.000000E+0	5.392224E-3	1.590131E-4	0.000000E+0	0.000000E+0	0.000000E+0
1.820907E+2	-5.084503E+0	1.930000E+0	-1.980651E+17	1.958093E+16	9.200839E-3	0.000000E+0	5.487490E-3	1.532267E-4	0.000000E+0	0.000000E+0	0.000000E+0
1.816208E+2	-4.728119E+0	1.994000E+0	-2.769006E-18	5.985466E+14	9.478435E-3	0.000000E+0	5.502248E-3	1.432396E-4	0.000000E+0	0.000000E+0	0.000000E+0
1.750524E+2	-4.107025E+0	2.057000E+0	6.327113E-19	3.793536E+17	9.776996E-3	0.000000E+0	5.709432E-3	1.339529E-4	0.000000E+0	0.000000E+0	0.000000E+0
1.744639E+2	-4.052750E+0	2.120000E+0	-2.374011E+17	1.295985E-19	1.052704E-2	0.000000E+0	5.728753E-3	1.330774E-4	0.000000E+0	0.000000E+0	0.000000E+0
1.720343E+2	-3.682785E+0	2.184000E+0	-5.351625E-18	2.346836E+17	1.025357E-2	0.000000E+0	5.810132E-3	1.243791E-4	0.000000E+0	0.000000E+0	0.000000E+0
1.680099E+2	-3.087242E+0	2.247000E+0	2.587907E+17	-3.980899E-18	1.063742E-2	0.000000E+0	5.950021E-3	1.093338E-4	0.000000E+0	0.000000E+0	0.000000E+0
1.648313E+2	-2.713799E+0	2.310000E+0	-3.127958E+17	-9.739208E-19	1.080166E-2	0.000000E+0	6.065165E-3	9.985748E-5	0.000000E+0	0.000000E+0	0.000000E+0
1.650038E+2	-2.422104E+0	2.373000E+0	6.653843E-18	-4.395667E+17	1.115028E-2	0.000000E+0	6.059161E-3	8.894291E-5	0.000000E+0	0.000000E+0	0.000000E+0
1.550546E+2	-1.416458E+0	2.437000E+0	-1.137863E-18	-4.190346E+17	1.143196E-2	0.000000E+0	6.448803E-3	5.891124E-5	0.000000E+0	0.000000E+0	0.000000E+0
1.559294E+2	-1.360352E+0	2.500000E+0	-9.275714E-19	-3.780148E-18	1.204768E-2	0.000000E+0	6.412671E-3	5.594512E-5	0.000000E+0	0.000000E+0	0.000000E+0
