Real / Ohm	Ximag / Ohm	V_DC / V	I_a c / A	V_ac / V	I_DC / A
1.033416E+2	-2.161016E+3	2.500000E+0	-9.275714E-19	-3.780148E-18	-3.059686E-7	1.778279E+6	2.207838E-5	4.616895E-4	0.000000E+0	0.000000E+0	0.000000E+0
1.000024E+2	-2.173279E+3	2.437000E+0	-1.137863E-18	-4.190346E+17	-2.648754E-6	0.000000E+0	2.112812E-5	4.591620E-4	0.000000E+0	0.000000E+0	0.000000E+0
1.115281E+2	-2.183391E+3	2.373000E+0	6.653843E-18	-4.395667E+17	1.164779E-6	0.000000E+0	2.333402E-5	4.568113E-4	0.000000E+0	0.000000E+0	0.000000E+0
1.125828E+2	-2.195175E+3	2.310000E+0	-3.127958E+17	-9.739208E-19	2.397035E-6	0.000000E+0	2.330199E-5	4.543495E-4	0.000000E+0	0.000000E+0	0.000000E+0
1.104363E+2	-2.207139E+3	2.247000E+0	2.587907E+17	-3.980899E-18	5.649199E-7	0.000000E+0	2.261344E-5	4.519437E-4	0.000000E+0	0.000000E+0	0.000000E+0
1.107876E+2	-2.219844E+3	2.184000E+0	-5.351625E-18	2.346836E+17	-2.457382E-7	0.000000E+0	2.242672E-5	4.493628E-4	0.000000E+0	0.000000E+0	0.000000E+0
1.078340E+2	-2.233374E+3	2.120000E+0	-2.374011E+17	1.295985E-19	-5.179754E-7	0.000000E+0	2.156858E-5	4.467116E-4	0.000000E+0	0.000000E+0	0.000000E+0
1.126116E+2	-2.247564E+3	2.057000E+0	6.327113E-19	3.793536E+17	-8.178758E-7	0.000000E+0	2.223669E-5	4.438120E-4	0.000000E+0	0.000000E+0	0.000000E+0
1.120924E+2	-2.262123E+3	1.994000E+0	-2.769006E-18	5.985466E+14	1.435801E-6	0.000000E+0	2.185137E-5	4.409798E-4	0.000000E+0	0.000000E+0	0.000000E+0
1.128229E+2	-2.276678E+3	1.930000E+0	-1.980651E+17	1.958093E+16	-8.793504E-7	0.000000E+0	2.171345E-5	4.381604E-4	0.000000E+0	0.000000E+0	0.000000E+0
1.126533E+2	-2.292407E+3	1.867000E+0	2.915631E-18	5.325299E+16	8.636271E-7	0.000000E+0	2.138518E-5	4.351718E-4	0.000000E+0	0.000000E+0	0.000000E+0
1.088727E+2	-2.308873E+3	1.804000E+0	2.579781E+17	4.569569E-19	1.585140E-6	0.000000E+0	2.037766E-5	4.321508E-4	0.000000E+0	0.000000E+0	0.000000E+0
1.021855E+2	-2.325301E+3	1.741000E+0	5.241939E+17	-4.155966E-18	2.817404E-6	0.000000E+0	1.886223E-5	4.292229E-4	0.000000E+0	0.000000E+0	0.000000E+0
1.090929E+2	-2.343085E+3	1.677000E+0	-2.680828E+17	-5.132047E+17	-8.469215E-9	0.000000E+0	1.982805E-5	4.258646E-4	0.000000E+0	0.000000E+0	0.000000E+0
1.067491E+2	-2.360949E+3	1.614000E+0	1.731139E-18	4.035830E-18	7.130584E-7	0.000000E+0	1.911191E-5	4.226944E-4	0.000000E+0	0.000000E+0	0.000000E+0
1.061390E+2	-2.380034E+3	1.551000E+0	4.020179E+17	1.922731E+17	-1.119028E-6	0.000000E+0	1.870018E-5	4.193281E-4	0.000000E+0	0.000000E+0	0.000000E+0
9.607617E+1	-2.400721E+3	1.487000E+0	9.211592E+16	2.295762E-18	-1.391301E-6	0.000000E+0	1.664322E-5	4.158755E-4	0.000000E+0	0.000000E+0	0.000000E+0
1.056392E+2	-2.421055E+3	1.424000E+0	-4.035047E-18	1.659667E-18	-1.691209E-6	0.000000E+0	1.798828E-5	4.122582E-4	0.000000E+0	0.000000E+0	0.000000E+0
1.039700E+2	-2.443393E+3	1.361000E+0	5.319462E+17	-2.871880E+17	5.624825E-7	0.000000E+0	1.738344E-5	4.085273E-4	0.000000E+0	0.000000E+0	0.000000E+0
1.058442E+2	-2.466965E+3	1.297000E+0	5.229813E-18	8.421242E+16	1.822409E-6	0.000000E+0	1.735971E-5	4.046116E-4	0.000000E+0	0.000000E+0	0.000000E+0
1.069015E+2	-2.491394E+3	1.234000E+0	7.433461E+16	-3.421229E+17	-1.031127E-6	0.000000E+0	1.719096E-5	4.006441E-4	0.000000E+0	0.000000E+0	0.000000E+0
1.043610E+2	-2.517518E+3	1.171000E+0	-2.820974E+17	-3.562291E+17	1.733279E-6	0.000000E+0	1.643794E-5	3.965352E-4	0.000000E+0	0.000000E+0	0.000000E+0
1.028271E+2	-2.545424E+3	1.108000E+0	3.883601E+17	-5.707470E+17	-1.120265E-6	0.000000E+0	1.584452E-5	3.922218E-4	0.000000E+0	0.000000E+0	0.000000E+0
1.002705E+2	-2.575049E+3	1.044000E+0	-5.196808E+17	2.162502E-18	6.503833E-7	0.000000E+0	1.509886E-5	3.877542E-4	0.000000E+0	0.000000E+0	0.000000E+0
9.923230E+1	-2.607436E+3	9.810000E-1	-1.554615E+17	1.089529E+17	1.371900E-6	0.000000E+0	1.457462E-5	3.829638E-4	0.000000E+0	0.000000E+0	0.000000E+0
1.005552E+2	-2.642361E+3	9.180000E-1	2.547933E-18	-2.658042E+16	2.093449E-6	0.000000E+0	1.438109E-5	3.779022E-4	0.000000E+0	0.000000E+0	0.000000E+0
9.540125E+1	-2.680177E+3	8.540000E-1	-6.904437E-18	-8.375564E+16	1.310462E-6	0.000000E+0	1.326408E-5	3.726375E-4	0.000000E+0	0.000000E+0	0.000000E+0
8.123059E+1	-2.721469E+3	7.910000E-1	-4.524484E+17	2.055147E+17	5.096324E-6	0.000000E+0	1.095787E-5	3.671215E-4	0.000000E+0	0.000000E+0	0.000000E+0
1.004783E+2	-2.767392E+3	7.280000E-1	-7.907392E-19	6.323277E-18	7.106173E-7	0.000000E+0	1.310264E-5	3.608753E-4	0.000000E+0	0.000000E+0	0.000000E+0
9.669800E+1	-2.819013E+3	6.650000E-1	3.266052E+17	-3.794914E-19	9.214200E-7	0.000000E+0	1.215382E-5	3.543172E-4	0.000000E+0	0.000000E+0	0.000000E+0
9.959326E+1	-2.880068E+3	6.010000E-1	1.388541E-18	6.784126E-18	-3.722780E-7	0.000000E+0	1.199238E-5	3.467993E-4	0.000000E+0	0.000000E+0	0.000000E+0
1.005366E+2	-2.951033E+3	5.380000E-1	4.766215E-20	4.558806E+17	-6.722184E-7	0.000000E+0	1.153114E-5	3.384715E-4	0.000000E+0	0.000000E+0	0.000000E+0
9.983765E+1	-3.038541E+3	4.750000E-1	-3.849816E-18	-6.874137E-18	2.602959E-6	0.000000E+0	1.080179E-5	3.287504E-4	0.000000E+0	0.000000E+0	0.000000E+0
1.000974E+2	-3.144064E+3	4.110000E-1	-5.577361E+17	4.857998E-18	4.884314E-6	0.000000E+0	1.011580E-5	3.177376E-4	0.000000E+0	0.000000E+0	0.000000E+0
1.001221E+2	-3.260369E+3	3.480000E-1	4.155990E+17	-1.817843E+17	4.073663E-6	0.000000E+0	9.409945E-6	3.064248E-4	0.000000E+0	0.000000E+0	0.000000E+0
1.036763E+2	-3.375878E+3	2.850000E-1	-3.411601E-18	5.558819E-18	7.094113E-7	0.000000E+0	9.088592E-6	2.959401E-4	0.000000E+0	0.000000E+0	0.000000E+0
1.081653E+2	-3.485867E+3	2.220000E-1	-3.021231E-18	1.442034E+17	1.941644E-6	0.000000E+0	8.893002E-6	2.865967E-4	0.000000E+0	0.000000E+0	0.000000E+0
1.080972E+2	-3.605163E+3	1.580000E-1	4.697494E+17	-5.230656E+17	2.690829E-6	0.000000E+0	8.309490E-6	2.771308E-4	0.000000E+0	0.000000E+0	0.000000E+0
9.962109E+1	-3.740624E+3	9.500000E-2	-4.715168E+17	-4.040397E+17	-1.627081E-7	0.000000E+0	7.114678E-6	2.671456E-4	0.000000E+0	0.000000E+0	0.000000E+0
1.153662E+2	-3.901194E+3	3.200000E-2	-3.093320E+17	4.406614E-18	2.091011E-6	0.000000E+0	7.573626E-6	2.561078E-4	0.000000E+0	0.000000E+0	0.000000E+0
1.208813E+2	-4.103574E+3	-3.200000E-2	-9.427576E-19	-9.426377E-19	7.972819E-7	0.000000E+0	7.172291E-6	2.434787E-4	0.000000E+0	0.000000E+0	0.000000E+0
1.261870E+2	-4.353952E+3	-9.500000E-2	-4.717429E+17	-4.911393E+17	1.008087E-6	0.000000E+0	6.650935E-6	2.294836E-4	0.000000E+0	0.000000E+0	0.000000E+0
1.345056E+2	-4.688937E+3	-1.580000E-1	-2.949171E+17	-4.956124E-18	1.974640E-7	0.000000E+0	6.112718E-6	2.130926E-4	0.000000E+0	0.000000E+0	0.000000E+0
1.517766E+2	-5.227847E+3	-2.220000E-1	-1.478444E+17	2.700591E+17	2.989535E-6	0.000000E+0	5.548725E-6	1.911222E-4	0.000000E+0	0.000000E+0	0.000000E+0
1.794360E+2	-6.189532E+3	-2.850000E-1	-2.815563E+17	1.903750E-18	1.359967E-7	0.000000E+0	4.679820E-6	1.614274E-4	0.000000E+0	0.000000E+0	0.000000E+0
2.343320E+2	-8.238430E+3	-3.480000E-1	-2.041751E-18	-6.427516E-19	3.411144E-6	0.000000E+0	3.449781E-6	1.212842E-4	0.000000E+0	0.000000E+0	0.000000E+0
3.745068E+2	-1.243363E+4	-4.110000E-1	6.306558E-18	-1.599031E-19	-4.638496E-7	0.000000E+0	2.420304E-6	8.035413E-5	0.000000E+0	0.000000E+0	0.000000E+0
8.095010E+2	-1.825755E+4	-4.750000E-1	-4.319920E+17	-4.172230E+17	-2.253801E-7	0.000000E+0	2.423703E-6	5.466440E-5	0.000000E+0	0.000000E+0	0.000000E+0
1.864894E+3	-2.158005E+4	-5.380000E-1	-5.506723E-18	3.318154E+17	1.006883E-6	0.000000E+0	3.974825E-6	4.599560E-5	0.000000E+0	0.000000E+0	0.000000E+0
2.857838E+3	-2.339667E+4	-6.010000E-1	4.410889E+17	3.940187E-18	2.239143E-6	0.000000E+0	5.143962E-6	4.211280E-5	0.000000E+0	0.000000E+0	0.000000E+0
3.039098E+3	-2.642596E+4	-6.650000E-1	1.829862E+17	1.860550E+17	-7.601193E-8	0.000000E+0	4.295135E-6	3.734762E-5	0.000000E+0	0.000000E+0	0.000000E+0
2.966854E+3	-2.942602E+4	-7.280000E-1	-1.306383E-18	6.138991E-18	3.709847E-6	0.000000E+0	3.391881E-6	3.364155E-5	0.000000E+0	0.000000E+0	0.000000E+0
2.934465E+3	-3.207653E+4	-7.910000E-1	-1.773302E-18	1.794108E-18	-6.758601E-7	0.000000E+0	2.828359E-6	3.091669E-5	0.000000E+0	0.000000E+0	0.000000E+0
2.845125E+3	-3.428830E+4	-8.540000E-1	-7.957818E+16	-3.372652E-18	1.577831E-6	0.000000E+0	2.403419E-6	2.896504E-5	0.000000E+0	0.000000E+0	0.000000E+0
2.936000E+3	-3.621745E+4	-9.180000E-1	2.088264E+17	-2.195880E+17	1.305587E-6	0.000000E+0	2.223697E-6	2.743073E-5	0.000000E+0	0.000000E+0	0.000000E+0
2.903488E+3	-3.792197E+4	-9.810000E-1	-5.319197E+16	-3.192840E+17	1.516393E-6	0.000000E+0	2.007242E-6	2.621625E-5	0.000000E+0	0.000000E+0	0.000000E+0
2.786252E+3	-3.934603E+4	-1.044000E+0	-1.183523E-18	-5.342346E-18	3.259367E-6	0.000000E+0	1.790796E-6	2.528871E-5	0.000000E+0	0.000000E+0	0.000000E+0
2.843244E+3	-4.058317E+4	-1.108000E+0	-5.203440E-18	3.830367E-18	2.476387E-6	0.000000E+0	1.717892E-6	2.452040E-5	0.000000E+0	0.000000E+0	0.000000E+0
2.781543E+3	-4.178150E+4	-1.171000E+0	3.716679E-18	4.245176E+17	-3.771856E-7	0.000000E+0	1.586343E-6	2.382843E-5	0.000000E+0	0.000000E+0	0.000000E+0
2.817990E+3	-4.277241E+4	-1.234000E+0	1.311717E+15	5.049482E-18	1.365792E-6	0.000000E+0	1.533667E-6	2.327851E-5	0.000000E+0	0.000000E+0	0.000000E+0
2.966246E+3	-4.354699E+4	-1.297000E+0	-1.006173E-18	-5.687810E-18	5.551410E-7	0.000000E+0	1.556971E-6	2.285765E-5	0.000000E+0	0.000000E+0	0.000000E+0
2.853838E+3	-4.404751E+4	-1.361000E+0	-6.256276E-18	1.218838E+17	3.857982E-6	0.000000E+0	1.464763E-6	2.260786E-5	0.000000E+0	0.000000E+0	0.000000E+0
2.958354E+3	-4.435252E+4	-1.424000E+0	2.698511E+17	-3.360764E+17	2.025845E-6	0.000000E+0	1.497220E-6	2.244677E-5	0.000000E+0	0.000000E+0	0.000000E+0
2.853572E+3	-4.422116E+4	-1.487000E+0	-3.870907E-18	-2.240669E+17	1.215194E-6	0.000000E+0	1.453195E-6	2.251983E-5	0.000000E+0	0.000000E+0	0.000000E+0
2.867020E+3	-4.384472E+4	-1.551000E+0	8.610729E+16	4.249670E-18	4.322064E-7	0.000000E+0	1.485057E-6	2.271066E-5	0.000000E+0	0.000000E+0	0.000000E+0
2.882273E+3	-4.290413E+4	-1.614000E+0	2.127762E-18	9.311133E+1	2.175177E-6	0.000000E+0	1.558767E-6	2.320306E-5	0.000000E+0	0.000000E+0	0.000000E+0
2.934125E+3	-4.164609E+4	-1.677000E+0	-4.960950E+17	9.965210E-19	2.386019E-6	0.000000E+0	1.683371E-6	2.389326E-5	0.000000E+0	0.000000E+0	0.000000E+0
2.797740E+3	-4.018459E+4	-1.741000E+0	-6.504745E+16	2.369919E+17	2.113746E-6	0.000000E+0	1.724202E-6	2.476512E-5	0.000000E+0	0.000000E+0	0.000000E+0
2.897125E+3	-3.829334E+4	-1.804000E+0	5.725574E-18	5.135446E+17	2.816669E-7	0.000000E+0	1.964455E-6	2.596558E-5	0.000000E+0	0.000000E+0	0.000000E+0
2.771797E+3	-3.615379E+4	-1.867000E+0	-2.052875E-18	3.493290E-18	-1.039705E-6	0.000000E+0	2.108184E-6	2.749799E-5	0.000000E+0	0.000000E+0	0.000000E+0
2.921160E+3	-3.457860E+4	-1.930000E+0	2.907620E+17	-1.496570E-18	7.032722E-7	0.000000E+0	2.425784E-6	2.871469E-5	0.000000E+0	0.000000E+0	0.000000E+0
2.866596E+3	-3.370130E+4	-1.994000E+0	-2.654959E-18	4.664198E-18	3.495348E-6	0.000000E+0	2.505777E-6	2.945931E-5	0.000000E+0	0.000000E+0	0.000000E+0
2.832051E+3	-3.281559E+4	-2.057000E+0	6.234127E-18	-3.929322E-18	2.173969E-6	0.000000E+0	2.610466E-6	3.024803E-5	0.000000E+0	0.000000E+0	0.000000E+0
2.821584E+3	-3.249511E+4	-2.120000E+0	8.250878E-19	2.835790E+17	2.895526E-6	0.000000E+0	2.652130E-6	3.054357E-5	0.000000E+0	0.000000E+0	0.000000E+0
2.881076E+3	-3.255050E+4	-2.184000E+0	4.508571E+17	-2.686618E+17	4.155459E-6	0.000000E+0	2.698052E-6	3.048269E-5	0.000000E+0	0.000000E+0	0.000000E+0
2.886207E+3	-3.243445E+4	-2.247000E+0	2.517955E+17	3.793721E+16	2.834087E-6	0.000000E+0	2.722005E-6	3.058920E-5	0.000000E+0	0.000000E+0	0.000000E+0
2.897135E+3	-3.237109E+4	-2.310000E+0	-6.627991E-18	5.176248E+17	4.912290E-7	0.000000E+0	2.742770E-6	3.064629E-5	0.000000E+0	0.000000E+0	0.000000E+0
2.883512E+3	-3.247771E+4	-2.373000E+0	-5.704680E+17	1.371951E+17	7.020572E-7	0.000000E+0	2.712320E-6	3.054954E-5	0.000000E+0	0.000000E+0	0.000000E+0
2.859379E+3	-3.259915E+4	-2.437000E+0	-4.691027E+17	6.689522E-18	2.472705E-6	0.000000E+0	2.670119E-6	3.044144E-5	0.000000E+0	0.000000E+0	0.000000E+0
2.855145E+3	-3.264929E+4	-2.500000E+0	-3.567381E+17	-4.283094E-18	1.298613E-7	0.000000E+0	2.658105E-6	3.039609E-5	0.000000E+0	0.000000E+0	0.000000E+0
