Real / Ohm	Ximag / Ohm	V_DC / V	I_a c / A	V_ac / V	I_DC / A
5.734180E+1	-9.775714E+2	2.500000E+0	-9.275714E-19	-3.780148E-18	-3.059686E-7	5.623413E+6	5.979745E-5	1.019436E-3	0.000000E+0	0.000000E+0	0.000000E+0
5.523157E+1	-9.835040E+2	2.437000E+0	-1.137863E-18	-4.190346E+17	-6.058690E-7	0.000000E+0	5.692036E-5	1.013576E-3	0.000000E+0	0.000000E+0	0.000000E+0
6.007959E+1	-9.897959E+2	2.373000E+0	6.653843E-18	-4.395667E+17	-8.781062E-7	0.000000E+0	6.109962E-5	1.006601E-3	0.000000E+0	0.000000E+0	0.000000E+0
6.160742E+1	-9.962739E+2	2.310000E+0	-3.127958E+17	-9.739208E-19	-3.220935E-6	0.000000E+0	6.183267E-5	9.999164E-4	0.000000E+0	0.000000E+0	0.000000E+0
5.876624E+1	-1.002292E+3	2.247000E+0	2.587907E+17	-3.980899E-18	5.420588E-8	0.000000E+0	5.829737E-5	9.942952E-4	0.000000E+0	0.000000E+0	0.000000E+0
5.458948E+1	-1.008259E+3	2.184000E+0	-5.351625E-18	2.346836E+17	1.286433E-6	0.000000E+0	5.354187E-5	9.889098E-4	0.000000E+0	0.000000E+0	0.000000E+0
5.906982E+1	-1.015958E+3	2.120000E+0	-2.374011E+17	1.295985E-19	-2.560861E-6	0.000000E+0	5.703592E-5	9.809765E-4	0.000000E+0	0.000000E+0	0.000000E+0
5.821875E+1	-1.022751E+3	2.057000E+0	6.327113E-19	3.793536E+17	-1.328619E-6	0.000000E+0	5.547765E-5	9.745971E-4	0.000000E+0	0.000000E+0	0.000000E+0
5.591479E+1	-1.029745E+3	1.994000E+0	-2.769006E-18	5.985466E+14	-1.117827E-6	0.000000E+0	5.257614E-5	9.682593E-4	0.000000E+0	0.000000E+0	0.000000E+0
5.782678E+1	-1.037334E+3	1.930000E+0	-1.980651E+17	1.958093E+16	-1.390064E-6	0.000000E+0	5.357279E-5	9.610232E-4	0.000000E+0	0.000000E+0	0.000000E+0
6.228918E+1	-1.045530E+3	1.867000E+0	2.915631E-18	5.325299E+16	-1.578301E-7	0.000000E+0	5.678072E-5	9.530699E-4	0.000000E+0	0.000000E+0	0.000000E+0
5.931677E+1	-1.053005E+3	1.804000E+0	2.579781E+17	4.569569E-19	5.296897E-8	0.000000E+0	5.332621E-5	9.466592E-4	0.000000E+0	0.000000E+0	0.000000E+0
5.544006E+1	-1.060467E+3	1.741000E+0	5.241939E+17	-4.155966E-18	7.745184E-7	0.000000E+0	4.916364E-5	9.404106E-4	0.000000E+0	0.000000E+0	0.000000E+0
6.141724E+1	-1.069412E+3	1.677000E+0	-2.680828E+17	-5.132047E+17	2.034416E-6	0.000000E+0	5.352666E-5	9.320192E-4	0.000000E+0	0.000000E+0	0.000000E+0
6.142969E+1	-1.077898E+3	1.614000E+0	1.731139E-18	4.035830E-18	7.130584E-7	0.000000E+0	5.270050E-5	9.247282E-4	0.000000E+0	0.000000E+0	0.000000E+0
5.456799E+1	-1.085716E+3	1.551000E+0	4.020179E+17	1.922731E+17	-2.140485E-6	0.000000E+0	4.617531E-5	9.187304E-4	0.000000E+0	0.000000E+0	0.000000E+0
5.371692E+1	-1.094942E+3	1.487000E+0	9.211592E+16	2.295762E-18	1.673041E-6	0.000000E+0	4.469767E-5	9.110976E-4	0.000000E+0	0.000000E+0	0.000000E+0
5.990710E+1	-1.105235E+3	1.424000E+0	-4.035047E-18	1.659667E-18	-1.590379E-7	0.000000E+0	4.889844E-5	9.021345E-4	0.000000E+0	0.000000E+0	0.000000E+0
5.585706E+1	-1.114624E+3	1.361000E+0	5.319462E+17	-2.871880E+17	1.073196E-6	0.000000E+0	4.484686E-5	8.949161E-4	0.000000E+0	0.000000E+0	0.000000E+0
5.687817E+1	-1.125311E+3	1.297000E+0	5.229813E-18	8.421242E+16	2.902379E-7	0.000000E+0	4.480148E-5	8.863788E-4	0.000000E+0	0.000000E+0	0.000000E+0
5.527112E+1	-1.135860E+3	1.234000E+0	7.433461E+16	-3.421229E+17	-1.541870E-6	0.000000E+0	4.273872E-5	8.783105E-4	0.000000E+0	0.000000E+0	0.000000E+0
6.300806E+1	-1.148581E+3	1.171000E+0	-2.820974E+17	-3.562291E+17	1.733279E-6	0.000000E+0	4.761764E-5	8.680273E-4	0.000000E+0	0.000000E+0	0.000000E+0
5.786572E+1	-1.160317E+3	1.108000E+0	3.883601E+17	-5.707470E+17	-1.120265E-6	0.000000E+0	4.287353E-5	8.596953E-4	0.000000E+0	0.000000E+0	0.000000E+0
5.381091E+1	-1.173105E+3	1.044000E+0	-5.196808E+17	2.162502E-18	1.396693E-7	0.000000E+0	3.901968E-5	8.506488E-4	0.000000E+0	0.000000E+0	0.000000E+0
5.755261E+1	-1.187138E+3	9.810000E-1	-1.554615E+17	1.089529E+17	-1.692442E-6	0.000000E+0	4.074207E-5	8.403869E-4	0.000000E+0	0.000000E+0	0.000000E+0
5.817786E+1	-1.202260E+3	9.180000E-1	2.547933E-18	-2.658042E+16	5.053516E-8	0.000000E+0	4.015551E-5	8.298237E-4	0.000000E+0	0.000000E+0	0.000000E+0
5.697498E+1	-1.218603E+3	8.540000E-1	-6.904437E-18	-8.375564E+16	2.890047E-7	0.000000E+0	3.828348E-5	8.188219E-4	0.000000E+0	0.000000E+0	0.000000E+0
5.277209E+1	-1.235815E+3	7.910000E-1	-4.524484E+17	2.055147E+17	-5.216461E-7	0.000000E+0	3.449103E-5	8.077098E-4	0.000000E+0	0.000000E+0	0.000000E+0
5.722424E+1	-1.256119E+3	7.280000E-1	-7.907392E-19	6.323277E-18	1.999033E-7	0.000000E+0	3.619246E-5	7.944541E-4	0.000000E+0	0.000000E+0	0.000000E+0
5.658777E+1	-1.277757E+3	6.650000E-1	3.266052E+17	-3.794914E-19	-6.107512E-7	0.000000E+0	3.459195E-5	7.810895E-4	0.000000E+0	0.000000E+0	0.000000E+0
5.328003E+1	-1.302547E+3	6.010000E-1	1.388541E-18	6.784126E-18	1.384360E-7	0.000000E+0	3.135102E-5	7.664442E-4	0.000000E+0	0.000000E+0	0.000000E+0
5.461084E+1	-1.331547E+3	5.380000E-1	4.766215E-20	4.558806E+17	1.881410E-6	0.000000E+0	3.074935E-5	7.497450E-4	0.000000E+0	0.000000E+0	0.000000E+0
5.912732E+1	-1.366917E+3	4.750000E-1	-3.849816E-18	-6.874137E-18	-1.482840E-6	0.000000E+0	3.158581E-5	7.302070E-4	0.000000E+0	0.000000E+0	0.000000E+0
5.662390E+1	-1.408707E+3	4.110000E-1	-5.577361E+17	4.857998E-18	-7.336566E-7	0.000000E+0	2.848770E-5	7.087257E-4	0.000000E+0	0.000000E+0	0.000000E+0
5.688647E+1	-1.457673E+3	3.480000E-1	4.155990E+17	-1.817843E+17	2.030778E-6	0.000000E+0	2.673178E-5	6.849817E-4	0.000000E+0	0.000000E+0	0.000000E+0
6.331519E+1	-1.514286E+3	2.850000E-1	-3.411601E-18	5.558819E-18	-1.333503E-6	0.000000E+0	2.756345E-5	6.592248E-4	0.000000E+0	0.000000E+0	0.000000E+0
5.837280E+1	-1.571688E+3	2.220000E-1	-3.021231E-18	1.442034E+17	-6.119844E-7	0.000000E+0	2.359822E-5	6.353822E-4	0.000000E+0	0.000000E+0	0.000000E+0
5.953394E+1	-1.632000E+3	1.580000E-1	4.697494E+17	-5.230656E+17	1.669401E-6	0.000000E+0	2.232270E-5	6.119308E-4	0.000000E+0	0.000000E+0	0.000000E+0
5.620520E+1	-1.695308E+3	9.500000E-2	-4.715168E+17	-4.040397E+17	3.480350E-7	0.000000E+0	1.953449E-5	5.892157E-4	0.000000E+0	0.000000E+0	0.000000E+0
6.205713E+1	-1.769970E+3	3.200000E-2	-3.093320E+17	4.406614E-18	-9.733601E-7	0.000000E+0	1.978456E-5	5.642877E-4	0.000000E+0	0.000000E+0	0.000000E+0
6.382996E+1	-1.861001E+3	-3.200000E-2	-9.427576E-19	-9.426377E-19	-2.777775E-6	0.000000E+0	1.840860E-5	5.367138E-4	0.000000E+0	0.000000E+0	0.000000E+0
6.435046E+1	-1.973974E+3	-9.500000E-2	-4.717429E+17	-4.911393E+17	-1.334092E-8	0.000000E+0	1.649710E-5	5.060545E-4	0.000000E+0	0.000000E+0	0.000000E+0
6.891162E+1	-2.126686E+3	-1.580000E-1	-2.949171E+17	-4.956124E-18	7.081780E-7	0.000000E+0	1.522054E-5	4.697220E-4	0.000000E+0	0.000000E+0	0.000000E+0
7.227222E+1	-2.361680E+3	-2.220000E-1	-1.478444E+17	2.700591E+17	2.478821E-6	0.000000E+0	1.294562E-5	4.230312E-4	0.000000E+0	0.000000E+0	0.000000E+0
8.126221E+1	-2.778563E+3	-2.850000E-1	-2.815563E+17	1.903750E-18	-3.747173E-7	0.000000E+0	1.051664E-5	3.595907E-4	0.000000E+0	0.000000E+0	0.000000E+0
1.011995E+2	-3.659332E+3	-3.480000E-1	-2.041751E-18	-6.427516E-19	3.468012E-7	0.000000E+0	7.551665E-6	2.730651E-4	0.000000E+0	0.000000E+0	0.000000E+0
1.424692E+2	-5.505510E+3	-4.110000E-1	6.306558E-18	-1.599031E-19	1.068322E-6	0.000000E+0	4.697158E-6	1.815147E-4	0.000000E+0	0.000000E+0	0.000000E+0
1.839385E+2	-8.863934E+3	-4.750000E-1	-4.319920E+17	-4.172230E+17	-2.253801E-7	0.000000E+0	2.340090E-6	1.127682E-4	0.000000E+0	0.000000E+0	0.000000E+0
2.496816E+2	-1.229410E+4	-5.380000E-1	-5.506723E-18	3.318154E+17	-1.036031E-6	0.000000E+0	1.651254E-6	8.130629E-5	0.000000E+0	0.000000E+0	0.000000E+0
2.366797E+2	-1.461288E+4	-6.010000E-1	4.410889E+17	3.940187E-18	-8.252282E-7	0.000000E+0	1.108091E-6	6.841483E-5	0.000000E+0	0.000000E+0	0.000000E+0
2.323193E+2	-1.615687E+4	-6.650000E-1	1.829862E+17	1.860550E+17	-5.867550E-7	0.000000E+0	8.897767E-7	6.188038E-5	0.000000E+0	0.000000E+0	0.000000E+0
2.068359E+2	-1.735354E+4	-7.280000E-1	-1.306383E-18	6.138991E-18	1.347908E-7	0.000000E+0	6.867332E-7	5.761694E-5	0.000000E+0	0.000000E+0	0.000000E+0
1.860977E+2	-1.837474E+4	-7.910000E-1	-1.773302E-18	1.794108E-18	8.563111E-7	0.000000E+0	5.511300E-7	5.441696E-5	0.000000E+0	0.000000E+0	0.000000E+0
1.830723E+2	-1.926023E+4	-8.540000E-1	-7.957818E+16	-3.372652E-18	-9.757969E-7	0.000000E+0	4.934697E-7	5.191577E-5	0.000000E+0	0.000000E+0	0.000000E+0
1.806406E+2	-2.010376E+4	-9.180000E-1	2.088264E+17	-2.195880E+17	3.859215E-6	0.000000E+0	4.469158E-7	4.973792E-5	0.000000E+0	0.000000E+0	0.000000E+0
1.601445E+2	-2.084462E+4	-9.810000E-1	-5.319197E+16	-3.192840E+17	4.949361E-7	0.000000E+0	3.685517E-7	4.797118E-5	0.000000E+0	0.000000E+0	0.000000E+0
1.784453E+2	-2.151945E+4	-1.044000E+0	-1.183523E-18	-5.342346E-18	7.057388E-7	0.000000E+0	3.853123E-7	4.646639E-5	0.000000E+0	0.000000E+0	0.000000E+0
1.903711E+2	-2.212782E+4	-1.108000E+0	-5.203440E-18	3.830367E-18	-1.098699E-6	0.000000E+0	3.887690E-7	4.518864E-5	0.000000E+0	0.000000E+0	0.000000E+0
1.306914E+2	-2.265726E+4	-1.171000E+0	3.716679E-18	4.245176E+17	-3.771856E-7	0.000000E+0	2.545762E-7	4.413450E-5	0.000000E+0	0.000000E+0	0.000000E+0
1.489844E+2	-2.316795E+4	-1.234000E+0	1.311717E+15	5.049482E-18	1.365792E-6	0.000000E+0	2.775541E-7	4.316129E-5	0.000000E+0	0.000000E+0	0.000000E+0
1.546699E+2	-2.350089E+4	-1.297000E+0	-1.006173E-18	-5.687810E-18	1.065855E-6	0.000000E+0	2.800389E-7	4.254974E-5	0.000000E+0	0.000000E+0	0.000000E+0
1.638672E+2	-2.387854E+4	-1.361000E+0	-6.256276E-18	1.218838E+17	-1.249275E-6	0.000000E+0	2.873797E-7	4.187664E-5	0.000000E+0	0.000000E+0	0.000000E+0
1.341973E+2	-2.413234E+4	-1.424000E+0	2.698511E+17	-3.360764E+17	3.558045E-6	0.000000E+0	2.304260E-7	4.143689E-5	0.000000E+0	0.000000E+0	0.000000E+0
1.147695E+2	-2.431716E+4	-1.487000E+0	-3.870907E-18	-2.240669E+17	1.215194E-6	0.000000E+0	1.940846E-7	4.112231E-5	0.000000E+0	0.000000E+0	0.000000E+0
1.724902E+2	-2.448055E+4	-1.551000E+0	8.610729E+16	4.249670E-18	1.453693E-6	0.000000E+0	2.878065E-7	4.084673E-5	0.000000E+0	0.000000E+0	0.000000E+0
1.494531E+2	-2.451454E+4	-1.614000E+0	2.127762E-18	9.311133E+1	-8.891657E-7	0.000000E+0	2.486802E-7	4.079060E-5	0.000000E+0	0.000000E+0	0.000000E+0
1.439473E+2	-2.448631E+4	-1.677000E+0	-4.960950E+17	9.965210E-19	8.538191E-7	0.000000E+0	2.400722E-7	4.083774E-5	0.000000E+0	0.000000E+0	0.000000E+0
1.141484E+2	-2.430915E+4	-1.741000E+0	-6.504745E+16	2.369919E+17	1.603032E-6	0.000000E+0	1.931616E-7	4.113587E-5	0.000000E+0	0.000000E+0	0.000000E+0
1.631250E+2	-2.405826E+4	-1.804000E+0	5.725574E-18	5.135446E+17	2.816669E-7	0.000000E+0	2.818202E-7	4.156385E-5	0.000000E+0	0.000000E+0	0.000000E+0
1.771992E+2	-2.370480E+4	-1.867000E+0	-2.052875E-18	3.493290E-18	1.003209E-6	0.000000E+0	3.153297E-7	4.218319E-5	0.000000E+0	0.000000E+0	0.000000E+0
1.648984E+2	-2.312333E+4	-1.930000E+0	2.907620E+17	-1.496570E-18	-3.181558E-7	0.000000E+0	3.083853E-7	4.324417E-5	0.000000E+0	0.000000E+0	0.000000E+0
1.602363E+2	-2.234351E+4	-1.994000E+0	-2.654959E-18	4.664198E-18	2.473920E-6	0.000000E+0	3.209488E-7	4.475342E-5	0.000000E+0	0.000000E+0	0.000000E+0
1.669219E+2	-2.138732E+4	-2.057000E+0	6.234127E-18	-3.929322E-18	1.311128E-7	0.000000E+0	3.649002E-7	4.675383E-5	0.000000E+0	0.000000E+0	0.000000E+0
1.747500E+2	-2.015420E+4	-2.120000E+0	8.250878E-19	2.835790E+17	2.895526E-6	0.000000E+0	4.301832E-7	4.961372E-5	0.000000E+0	0.000000E+0	0.000000E+0
1.770605E+2	-1.875893E+4	-2.184000E+0	4.508571E+17	-2.686618E+17	6.963091E-8	0.000000E+0	5.031145E-7	5.330320E-5	0.000000E+0	0.000000E+0	0.000000E+0
2.113340E+2	-1.850129E+4	-2.247000E+0	2.517955E+17	3.793721E+16	2.804591E-7	0.000000E+0	6.173176E-7	5.404323E-5	0.000000E+0	0.000000E+0	0.000000E+0
1.836582E+2	-1.838363E+4	-2.310000E+0	-6.627991E-18	5.176248E+17	-5.301990E-7	0.000000E+0	5.433810E-7	5.439079E-5	0.000000E+0	0.000000E+0	0.000000E+0
2.102695E+2	-1.832324E+4	-2.373000E+0	-5.704680E+17	1.371951E+17	1.212771E-6	0.000000E+0	6.262021E-7	5.456831E-5	0.000000E+0	0.000000E+0	0.000000E+0
2.003633E+2	-1.833886E+4	-2.437000E+0	-4.691027E+17	6.689522E-18	2.983419E-6	0.000000E+0	5.956919E-7	5.452251E-5	0.000000E+0	0.000000E+0	0.000000E+0
1.874082E+2	-1.839682E+4	-2.500000E+0	-3.567381E+17	-4.283094E-18	6.405753E-7	0.000000E+0	5.536789E-7	5.435158E-5	0.000000E+0	0.000000E+0	0.000000E+0
