Real / Ohm	Ximag / Ohm	V_DC / V	I_a c / A	V_ac / V	I_DC / A
3.352332E+1	-9.842906E+2	2.500000E+0	-9.275714E-19	-3.780148E-18	-8.166826E-7	5.623413E+6	3.456184E-5	1.014783E-3	0.000000E+0	0.000000E+0	0.000000E+0
3.472949E+1	-9.878094E+2	2.437000E+0	-1.137863E-18	-4.190346E+17	2.458473E-6	0.000000E+0	3.554804E-5	1.011091E-3	0.000000E+0	0.000000E+0	0.000000E+0
3.574628E+1	-9.912146E+2	2.373000E+0	6.653843E-18	-4.395667E+17	-3.673922E-7	0.000000E+0	3.633549E-5	1.007553E-3	0.000000E+0	0.000000E+0	0.000000E+0
3.656451E+1	-9.953068E+2	2.310000E+0	-3.127958E+17	-9.739208E-19	-1.565932E-7	0.000000E+0	3.686040E-5	1.003361E-3	0.000000E+0	0.000000E+0	0.000000E+0
3.682092E+1	-9.998510E+2	2.247000E+0	2.587907E+17	-3.980899E-18	2.097091E-6	0.000000E+0	3.678201E-5	9.987945E-4	0.000000E+0	0.000000E+0	0.000000E+0
3.636884E+1	-1.004744E+3	2.184000E+0	-5.351625E-18	2.346836E+17	1.797176E-6	0.000000E+0	3.597907E-5	9.939761E-4	0.000000E+0	0.000000E+0	0.000000E+0
3.635797E+1	-1.010119E+3	2.120000E+0	-2.374011E+17	1.295985E-19	1.524910E-6	0.000000E+0	3.558707E-5	9.887015E-4	0.000000E+0	0.000000E+0	0.000000E+0
3.655579E+1	-1.015739E+3	2.057000E+0	6.327113E-19	3.793536E+17	-1.328619E-6	0.000000E+0	3.538586E-5	9.832314E-4	0.000000E+0	0.000000E+0	0.000000E+0
3.633752E+1	-1.021627E+3	1.994000E+0	-2.769006E-18	5.985466E+14	-2.139284E-6	0.000000E+0	3.477134E-5	9.775941E-4	0.000000E+0	0.000000E+0	0.000000E+0
3.636011E+1	-1.027835E+3	1.930000E+0	-1.980651E+17	1.958093E+16	6.528207E-7	0.000000E+0	3.437441E-5	9.717028E-4	0.000000E+0	0.000000E+0	0.000000E+0
3.590588E+1	-1.034273E+3	1.867000E+0	2.915631E-18	5.325299E+16	4.438712E-6	0.000000E+0	3.352526E-5	9.656988E-4	0.000000E+0	0.000000E+0	0.000000E+0
3.563538E+1	-1.041110E+3	1.804000E+0	2.579781E+17	4.569569E-19	5.637121E-7	0.000000E+0	3.283822E-5	9.593893E-4	0.000000E+0	0.000000E+0	0.000000E+0
3.526941E+1	-1.048232E+3	1.741000E+0	5.241939E+17	-4.155966E-18	2.637753E-7	0.000000E+0	3.206210E-5	9.529085E-4	0.000000E+0	0.000000E+0	0.000000E+0
3.512939E+1	-1.055732E+3	1.677000E+0	-2.680828E+17	-5.132047E+17	5.022448E-7	0.000000E+0	3.148347E-5	9.461625E-4	0.000000E+0	0.000000E+0	0.000000E+0
3.497498E+1	-1.063687E+3	1.614000E+0	1.731139E-18	4.035830E-18	3.777401E-6	0.000000E+0	3.087881E-5	9.391109E-4	0.000000E+0	0.000000E+0	0.000000E+0
3.495264E+1	-1.071993E+3	1.551000E+0	4.020179E+17	1.922731E+17	9.238574E-7	0.000000E+0	3.038328E-5	9.318513E-4	0.000000E+0	0.000000E+0	0.000000E+0
3.403772E+1	-1.080758E+3	1.487000E+0	9.211592E+16	2.295762E-18	1.162327E-6	0.000000E+0	2.911206E-5	9.243597E-4	0.000000E+0	0.000000E+0	0.000000E+0
3.375732E+1	-1.090049E+3	1.424000E+0	-4.035047E-18	1.659667E-18	-3.223380E-6	0.000000E+0	2.838309E-5	9.165110E-4	0.000000E+0	0.000000E+0	0.000000E+0
3.355908E+1	-1.099961E+3	1.361000E+0	5.319462E+17	-2.871880E+17	5.624825E-7	0.000000E+0	2.771095E-5	9.082777E-4	0.000000E+0	0.000000E+0	0.000000E+0
3.348975E+1	-1.110590E+3	1.297000E+0	5.229813E-18	8.421242E+16	2.902379E-7	0.000000E+0	2.712749E-5	8.996043E-4	0.000000E+0	0.000000E+0	0.000000E+0
3.273437E+1	-1.121496E+3	1.234000E+0	7.433461E+16	-3.421229E+17	1.011758E-6	0.000000E+0	2.600391E-5	8.909071E-4	0.000000E+0	0.000000E+0	0.000000E+0
3.208093E+1	-1.133307E+3	1.171000E+0	-2.820974E+17	-3.562291E+17	3.776193E-6	0.000000E+0	2.495766E-5	8.816670E-4	0.000000E+0	0.000000E+0	0.000000E+0
3.181494E+1	-1.146034E+3	1.108000E+0	3.883601E+17	-5.707470E+17	1.433364E-6	0.000000E+0	2.420480E-5	8.719025E-4	0.000000E+0	0.000000E+0	0.000000E+0
3.129956E+1	-1.160023E+3	1.044000E+0	-5.196808E+17	2.162502E-18	-8.817879E-7	0.000000E+0	2.324283E-5	8.614247E-4	0.000000E+0	0.000000E+0	0.000000E+0
3.089343E+1	-1.174738E+3	9.810000E-1	-1.554615E+17	1.089529E+17	3.925525E-6	0.000000E+0	2.237092E-5	8.506653E-4	0.000000E+0	0.000000E+0	0.000000E+0
3.058105E+1	-1.190733E+3	9.180000E-1	2.547933E-18	-2.658042E+16	2.093449E-6	0.000000E+0	2.155447E-5	8.392653E-4	0.000000E+0	0.000000E+0	0.000000E+0
3.014734E+1	-1.208708E+3	8.540000E-1	-6.904437E-18	-8.375564E+16	2.890047E-7	0.000000E+0	2.062225E-5	8.268153E-4	0.000000E+0	0.000000E+0	0.000000E+0
2.949536E+1	-1.227789E+3	7.910000E-1	-4.524484E+17	2.055147E+17	-2.053817E-6	0.000000E+0	1.955490E-5	8.140024E-4	0.000000E+0	0.000000E+0	0.000000E+0
2.921130E+1	-1.249619E+3	7.280000E-1	-7.907392E-19	6.323277E-18	-8.215538E-7	0.000000E+0	1.869642E-5	7.998069E-4	0.000000E+0	0.000000E+0	0.000000E+0
2.942908E+1	-1.274529E+3	6.650000E-1	3.266052E+17	-3.794914E-19	2.453591E-6	0.000000E+0	1.810697E-5	7.841855E-4	0.000000E+0	0.000000E+0	0.000000E+0
3.019702E+1	-1.304209E+3	6.010000E-1	1.388541E-18	6.784126E-18	1.670607E-6	0.000000E+0	1.774340E-5	7.663375E-4	0.000000E+0	0.000000E+0	0.000000E+0
2.872400E+1	-1.338574E+3	5.380000E-1	4.766215E-20	4.558806E+17	1.881410E-6	0.000000E+0	1.602360E-5	7.467198E-4	0.000000E+0	0.000000E+0	0.000000E+0
2.864014E+1	-1.380304E+3	4.750000E-1	-3.849816E-18	-6.874137E-18	2.602959E-6	0.000000E+0	1.502584E-5	7.241663E-4	0.000000E+0	0.000000E+0	0.000000E+0
2.928394E+1	-1.430415E+3	4.110000E-1	-5.577361E+17	4.857998E-18	1.309229E-6	0.000000E+0	1.430617E-5	6.988049E-4	0.000000E+0	0.000000E+0	0.000000E+0
2.916211E+1	-1.483270E+3	3.480000E-1	4.155990E+17	-1.817843E+17	-1.213630E-8	0.000000E+0	1.324984E-5	6.739256E-4	0.000000E+0	0.000000E+0	0.000000E+0
2.996997E+1	-1.534859E+3	2.850000E-1	-3.411601E-18	5.558819E-18	4.284468E-6	0.000000E+0	1.271697E-5	6.512773E-4	0.000000E+0	0.000000E+0	0.000000E+0
3.063257E+1	-1.584368E+3	2.220000E-1	-3.021231E-18	1.442034E+17	9.201867E-7	0.000000E+0	1.219857E-5	6.309306E-4	0.000000E+0	0.000000E+0	0.000000E+0
3.171606E+1	-1.637273E+3	1.580000E-1	4.697494E+17	-5.230656E+17	3.712286E-6	0.000000E+0	1.182699E-5	6.105426E-4	0.000000E+0	0.000000E+0	0.000000E+0
3.298621E+1	-1.696870E+3	9.500000E-2	-4.715168E+17	-4.040397E+17	1.369463E-6	0.000000E+0	1.145173E-5	5.890977E-4	0.000000E+0	0.000000E+0	0.000000E+0
3.448291E+1	-1.768768E+3	3.200000E-2	-3.093320E+17	4.406614E-18	5.588402E-7	0.000000E+0	1.101786E-5	5.651505E-4	0.000000E+0	0.000000E+0	0.000000E+0
3.658044E+1	-1.857125E+3	-3.200000E-2	-9.427576E-19	-9.426377E-19	-1.756317E-6	0.000000E+0	1.060225E-5	5.382579E-4	0.000000E+0	0.000000E+0	0.000000E+0
4.026318E+1	-1.967150E+3	-9.500000E-2	-4.717429E+17	-4.911393E+17	2.540258E-6	0.000000E+0	1.040043E-5	5.081368E-4	0.000000E+0	0.000000E+0	0.000000E+0
4.403076E+1	-2.114655E+3	-1.580000E-1	-2.949171E+17	-4.956124E-18	7.081780E-7	0.000000E+0	9.842125E-6	4.726854E-4	0.000000E+0	0.000000E+0	0.000000E+0
5.173389E+1	-2.340141E+3	-2.220000E-1	-1.478444E+17	2.700591E+17	2.989535E-6	0.000000E+0	9.442324E-6	4.271159E-4	0.000000E+0	0.000000E+0	0.000000E+0
6.687061E+1	-2.715994E+3	-2.850000E-1	-2.815563E+17	1.903750E-18	6.467399E-7	0.000000E+0	9.059714E-6	3.679663E-4	0.000000E+0	0.000000E+0	0.000000E+0
9.249219E+1	-3.442026E+3	-3.480000E-1	-2.041751E-18	-6.427516E-19	3.468012E-7	0.000000E+0	7.801234E-6	2.903169E-4	0.000000E+0	0.000000E+0	0.000000E+0
1.429541E+2	-4.827398E+3	-4.110000E-1	6.306558E-18	-1.599031E-19	3.111236E-6	0.000000E+0	6.129001E-6	2.069694E-4	0.000000E+0	0.000000E+0	0.000000E+0
2.078501E+2	-6.885769E+3	-4.750000E-1	-4.319920E+17	-4.172230E+17	1.306791E-6	0.000000E+0	4.379755E-6	1.450949E-4	0.000000E+0	0.000000E+0	0.000000E+0
2.988438E+2	-8.542535E+3	-5.380000E-1	-5.506723E-18	3.318154E+17	4.961694E-7	0.000000E+0	4.090153E-6	1.169182E-4	0.000000E+0	0.000000E+0	0.000000E+0
3.772656E+2	-9.338967E+3	-6.010000E-1	4.410889E+17	3.940187E-18	3.260571E-6	0.000000E+0	4.318584E-6	1.069038E-4	0.000000E+0	0.000000E+0	0.000000E+0
4.115186E+2	-1.013690E+4	-6.650000E-1	1.829862E+17	1.860550E+17	-7.601193E-8	0.000000E+0	3.998195E-6	9.848718E-5	0.000000E+0	0.000000E+0	0.000000E+0
3.933896E+2	-1.120723E+4	-7.280000E-1	-1.306383E-18	6.138991E-18	2.688390E-6	0.000000E+0	3.128179E-6	8.911831E-5	0.000000E+0	0.000000E+0	0.000000E+0
3.770381E+2	-1.226292E+4	-7.910000E-1	-1.773302E-18	1.794108E-18	-1.651460E-7	0.000000E+0	2.504881E-6	8.146963E-5	0.000000E+0	0.000000E+0	0.000000E+0
3.710195E+2	-1.318666E+4	-8.540000E-1	-7.957818E+16	-3.372652E-18	2.088575E-6	0.000000E+0	2.131982E-6	7.577423E-5	0.000000E+0	0.000000E+0	0.000000E+0
3.649912E+2	-1.398310E+4	-9.180000E-1	2.088264E+17	-2.195880E+17	3.348472E-6	0.000000E+0	1.865433E-6	7.146621E-5	0.000000E+0	0.000000E+0	0.000000E+0
3.520186E+2	-1.470413E+4	-9.810000E-1	-5.319197E+16	-3.192840E+17	-1.577791E-8	0.000000E+0	1.627189E-6	6.796915E-5	0.000000E+0	0.000000E+0	0.000000E+0
3.569443E+2	-1.533612E+4	-1.044000E+0	-1.183523E-18	-5.342346E-18	3.770081E-6	0.000000E+0	1.516821E-6	6.517024E-5	0.000000E+0	0.000000E+0	0.000000E+0
3.543711E+2	-1.596070E+4	-1.108000E+0	-5.203440E-18	3.830367E-18	4.335016E-7	0.000000E+0	1.390402E-6	6.262302E-5	0.000000E+0	0.000000E+0	0.000000E+0
3.510811E+2	-1.648275E+4	-1.171000E+0	3.716679E-18	4.245176E+17	2.687186E-6	0.000000E+0	1.291669E-6	6.064198E-5	0.000000E+0	0.000000E+0	0.000000E+0
3.710391E+2	-1.695080E+4	-1.234000E+0	1.311717E+15	5.049482E-18	-1.664084E-7	0.000000E+0	1.290718E-6	5.896601E-5	0.000000E+0	0.000000E+0	0.000000E+0
3.529902E+2	-1.735273E+4	-1.297000E+0	-1.006173E-18	-5.687810E-18	2.087341E-6	0.000000E+0	1.171783E-6	5.760398E-5	0.000000E+0	0.000000E+0	0.000000E+0
3.522656E+2	-1.769628E+4	-1.361000E+0	-6.256276E-18	1.218838E+17	-2.278466E-7	0.000000E+0	1.124435E-6	5.648667E-5	0.000000E+0	0.000000E+0	0.000000E+0
3.640801E+2	-1.793455E+4	-1.424000E+0	2.698511E+17	-3.360764E+17	-5.277834E-7	0.000000E+0	1.131454E-6	5.573533E-5	0.000000E+0	0.000000E+0	0.000000E+0
3.491895E+2	-1.809521E+4	-1.487000E+0	-3.870907E-18	-2.240669E+17	7.044800E-7	0.000000E+0	1.066037E-6	5.524267E-5	0.000000E+0	0.000000E+0	0.000000E+0
3.386543E+2	-1.810609E+4	-1.551000E+0	8.610729E+16	4.249670E-18	4.007321E-6	0.000000E+0	1.032655E-6	5.521072E-5	0.000000E+0	0.000000E+0	0.000000E+0
3.831309E+2	-1.806232E+4	-1.614000E+0	2.127762E-18	9.311133E+1	3.196663E-6	0.000000E+0	1.173829E-6	5.533897E-5	0.000000E+0	0.000000E+0	0.000000E+0
3.502910E+2	-1.792244E+4	-1.677000E+0	-4.960950E+17	9.965210E-19	-1.189037E-6	0.000000E+0	1.090106E-6	5.577467E-5	0.000000E+0	0.000000E+0	0.000000E+0
3.699141E+2	-1.765327E+4	-1.741000E+0	-6.504745E+16	2.369919E+17	2.624460E-6	0.000000E+0	1.186479E-6	5.662187E-5	0.000000E+0	0.000000E+0	0.000000E+0
3.695859E+2	-1.730783E+4	-1.804000E+0	5.725574E-18	5.135446E+17	-2.290471E-7	0.000000E+0	1.233196E-6	5.775098E-5	0.000000E+0	0.000000E+0	0.000000E+0
3.642793E+2	-1.700796E+4	-1.867000E+0	-2.052875E-18	3.493290E-18	1.003209E-6	0.000000E+0	1.258725E-6	5.876904E-5	0.000000E+0	0.000000E+0	0.000000E+0
3.619805E+2	-1.692416E+4	-1.930000E+0	2.907620E+17	-1.496570E-18	2.235414E-6	0.000000E+0	1.263201E-6	5.906011E-5	0.000000E+0	0.000000E+0	0.000000E+0
3.766816E+2	-1.685786E+4	-1.994000E+0	-2.654959E-18	4.664198E-18	9.417199E-7	0.000000E+0	1.324807E-6	5.928991E-5	0.000000E+0	0.000000E+0	0.000000E+0
3.836895E+2	-1.683459E+4	-2.057000E+0	6.234127E-18	-3.929322E-18	1.152541E-6	0.000000E+0	1.353160E-6	5.937067E-5	0.000000E+0	0.000000E+0	0.000000E+0
3.766973E+2	-1.682420E+4	-2.120000E+0	8.250878E-19	2.835790E+17	1.363325E-6	0.000000E+0	1.330166E-6	5.940841E-5	0.000000E+0	0.000000E+0	0.000000E+0
3.709941E+2	-1.684183E+4	-2.184000E+0	4.508571E+17	-2.686618E+17	3.644745E-6	0.000000E+0	1.307308E-6	5.934717E-5	0.000000E+0	0.000000E+0	0.000000E+0
3.651016E+2	-1.685584E+4	-2.247000E+0	2.517955E+17	3.793721E+16	3.855515E-6	0.000000E+0	1.284426E-6	5.929880E-5	0.000000E+0	0.000000E+0	0.000000E+0
3.423145E+2	-1.684812E+4	-2.310000E+0	-6.627991E-18	5.176248E+17	1.001943E-6	0.000000E+0	1.205433E-6	5.932931E-5	0.000000E+0	0.000000E+0	0.000000E+0
3.618555E+2	-1.692041E+4	-2.373000E+0	-5.704680E+17	1.371951E+17	7.020572E-7	0.000000E+0	1.263324E-6	5.907321E-5	0.000000E+0	0.000000E+0	0.000000E+0
3.416016E+2	-1.693817E+4	-2.437000E+0	-4.691027E+17	6.689522E-18	-8.092320E-8	0.000000E+0	1.190174E-6	5.901425E-5	0.000000E+0	0.000000E+0	0.000000E+0
3.869473E+2	-1.694265E+4	-2.500000E+0	-3.567381E+17	-4.283094E-18	1.662062E-6	0.000000E+0	1.347295E-6	5.899187E-5	0.000000E+0	0.000000E+0	0.000000E+0
