Real / Ohm	Ximag / Ohm	V_DC / V	I_a c / A	V_ac / V	I_DC / A
1.301273E+3	-3.745978E+4	-2.500000E+0	-3.567381E+17	-4.283094E-18	3.704918E-6	3.162278E+6	9.262201E-7	2.666312E-5	0.000000E+0	0.000000E+0	0.000000E+0
1.213195E+3	-3.610043E+4	-2.437000E+0	-4.691027E+17	6.689522E-18	4.297908E-7	0.000000E+0	9.298559E-7	2.766925E-5	0.000000E+0	0.000000E+0	0.000000E+0
1.328785E+3	-3.577826E+4	-2.373000E+0	-5.704680E+17	1.371951E+17	-8.301431E-7	0.000000E+0	1.036615E-6	2.791143E-5	0.000000E+0	0.000000E+0	0.000000E+0
1.316441E+3	-3.572390E+4	-2.310000E+0	-6.627991E-18	5.176248E+17	2.023429E-6	0.000000E+0	1.030135E-6	2.795450E-5	0.000000E+0	0.000000E+0	0.000000E+0
1.275750E+3	-3.555480E+4	-2.247000E+0	2.517955E+17	3.793721E+16	1.301887E-6	0.000000E+0	1.007883E-6	2.808943E-5	0.000000E+0	0.000000E+0	0.000000E+0
1.299297E+3	-3.553159E+4	-2.184000E+0	4.508571E+17	-2.686618E+17	-9.517971E-7	0.000000E+0	1.027777E-6	2.810639E-5	0.000000E+0	0.000000E+0	0.000000E+0
1.348195E+3	-3.528495E+4	-2.120000E+0	8.250878E-19	2.835790E+17	3.418972E-7	0.000000E+0	1.081285E-6	2.829938E-5	0.000000E+0	0.000000E+0	0.000000E+0
1.371840E+3	-3.511494E+4	-2.057000E+0	6.234127E-18	-3.929322E-18	1.152541E-6	0.000000E+0	1.110855E-6	2.843451E-5	0.000000E+0	0.000000E+0	0.000000E+0
1.283406E+3	-3.488695E+4	-1.994000E+0	-2.654959E-18	4.664198E-18	2.984634E-6	0.000000E+0	1.053054E-6	2.862527E-5	0.000000E+0	0.000000E+0	0.000000E+0
1.291895E+3	-3.443411E+4	-1.930000E+0	2.907620E+17	-1.496570E-18	7.032722E-7	0.000000E+0	1.088024E-6	2.900015E-5	0.000000E+0	0.000000E+0	0.000000E+0
1.349809E+3	-3.400154E+4	-1.867000E+0	-2.052875E-18	3.493290E-18	-5.289912E-7	0.000000E+0	1.165712E-6	2.936416E-5	0.000000E+0	0.000000E+0	0.000000E+0
1.294172E+3	-3.336063E+4	-1.804000E+0	5.725574E-18	5.135446E+17	-2.290471E-7	0.000000E+0	1.161102E-6	2.993041E-5	0.000000E+0	0.000000E+0	0.000000E+0
1.391479E+3	-3.261763E+4	-1.741000E+0	-6.504745E+16	2.369919E+17	1.603032E-6	0.000000E+0	1.305516E-6	3.060257E-5	0.000000E+0	0.000000E+0	0.000000E+0
1.424025E+3	-3.157675E+4	-1.677000E+0	-4.960950E+17	9.965210E-19	8.538191E-7	0.000000E+0	1.425281E-6	3.160459E-5	0.000000E+0	0.000000E+0	0.000000E+0
1.386791E+3	-3.044843E+4	-1.614000E+0	2.127762E-18	9.311133E+1	-8.891657E-7	0.000000E+0	1.492730E-6	3.277443E-5	0.000000E+0	0.000000E+0	0.000000E+0
1.414707E+3	-2.915684E+4	-1.551000E+0	8.610729E+16	4.249670E-18	-1.099936E-6	0.000000E+0	1.660215E-6	3.421671E-5	0.000000E+0	0.000000E+0	0.000000E+0
1.431350E+3	-2.758684E+4	-1.487000E+0	-3.870907E-18	-2.240669E+17	1.937660E-7	0.000000E+0	1.875747E-6	3.615184E-5	0.000000E+0	0.000000E+0	0.000000E+0
1.469928E+3	-2.579311E+4	-1.424000E+0	2.698511E+17	-3.360764E+17	-1.701119E-8	0.000000E+0	2.202320E-6	3.864454E-5	0.000000E+0	0.000000E+0	0.000000E+0
1.417975E+3	-2.375966E+4	-1.361000E+0	-6.256276E-18	1.218838E+17	1.815068E-6	0.000000E+0	2.502903E-6	4.193877E-5	0.000000E+0	0.000000E+0	0.000000E+0
1.098904E+3	-2.119568E+4	-1.297000E+0	-1.006173E-18	-5.687810E-18	1.576569E-6	0.000000E+0	2.439491E-6	4.705295E-5	0.000000E+0	0.000000E+0	0.000000E+0
6.526016E+2	-1.808121E+4	-1.234000E+0	1.311717E+15	5.049482E-18	-3.741465E-6	0.000000E+0	1.993553E-6	5.523408E-5	0.000000E+0	0.000000E+0	0.000000E+0
4.154170E+2	-1.393489E+4	-1.171000E+0	3.716679E-18	4.245176E+17	3.708643E-6	0.000000E+0	2.137427E-6	7.169860E-5	0.000000E+0	0.000000E+0	0.000000E+0
2.722813E+2	-9.810711E+3	-1.108000E+0	-5.203440E-18	3.830367E-18	-5.879556E-7	0.000000E+0	2.826718E-6	1.018510E-4	0.000000E+0	0.000000E+0	0.000000E+0
1.983281E+2	-7.036411E+3	-1.044000E+0	-1.183523E-18	-5.342346E-18	1.216453E-6	0.000000E+0	4.002552E-6	1.420051E-4	0.000000E+0	0.000000E+0	0.000000E+0
1.592729E+2	-5.439059E+3	-9.810000E-1	-5.319197E+16	-3.192840E+17	4.949361E-7	0.000000E+0	5.379255E-6	1.836978E-4	0.000000E+0	0.000000E+0	0.000000E+0
1.466973E+2	-4.553979E+3	-9.180000E-1	2.088264E+17	-2.195880E+17	-1.248041E-6	0.000000E+0	7.066261E-6	2.193606E-4	0.000000E+0	0.000000E+0	0.000000E+0
1.123521E+2	-4.024235E+3	-8.540000E-1	-7.957818E+16	-3.372652E-18	1.577831E-6	0.000000E+0	6.932281E-6	2.483009E-4	0.000000E+0	0.000000E+0	0.000000E+0
9.767236E+1	-3.691074E+3	-7.910000E-1	-1.773302E-18	1.794108E-18	-6.758601E-7	0.000000E+0	7.164109E-6	2.707343E-4	0.000000E+0	0.000000E+0	0.000000E+0
9.475024E+1	-3.438495E+3	-7.280000E-1	-1.306383E-18	6.138991E-18	-1.908124E-6	0.000000E+0	8.007812E-6	2.906042E-4	0.000000E+0	0.000000E+0	0.000000E+0
9.956934E+1	-3.237070E+3	-6.650000E-1	1.829862E+17	1.860550E+17	-7.601193E-8	0.000000E+0	9.493159E-6	3.086293E-4	0.000000E+0	0.000000E+0	0.000000E+0
9.471216E+1	-3.061911E+3	-6.010000E-1	4.410889E+17	3.940187E-18	1.962289E-7	0.000000E+0	1.009265E-5	3.262812E-4	0.000000E+0	0.000000E+0	0.000000E+0
8.308813E+1	-2.914152E+3	-5.380000E-1	-5.506723E-18	3.318154E+17	-1.546745E-6	0.000000E+0	9.776011E-6	3.428743E-4	0.000000E+0	0.000000E+0	0.000000E+0
8.158130E+1	-2.782590E+3	-4.750000E-1	-4.319920E+17	-4.172230E+17	2.838962E-6	0.000000E+0	1.052735E-5	3.590688E-4	0.000000E+0	0.000000E+0	0.000000E+0
8.024292E+1	-2.666701E+3	-4.110000E-1	6.306558E-18	-1.599031E-19	-4.638496E-7	0.000000E+0	1.127366E-5	3.746559E-4	0.000000E+0	0.000000E+0	0.000000E+0
9.651074E+1	-2.568090E+3	-3.480000E-1	-2.041751E-18	-6.427516E-19	-1.696084E-6	0.000000E+0	1.461310E-5	3.888453E-4	0.000000E+0	0.000000E+0	0.000000E+0
9.431470E+1	-2.485519E+3	-2.850000E-1	-2.815563E+17	1.903750E-18	1.157454E-6	0.000000E+0	1.524475E-5	4.017520E-4	0.000000E+0	0.000000E+0	0.000000E+0
9.333765E+1	-2.414174E+3	-2.220000E-1	-1.478444E+17	2.700591E+17	-5.855218E-7	0.000000E+0	1.599083E-5	4.136021E-4	0.000000E+0	0.000000E+0	0.000000E+0
7.569727E+1	-2.352563E+3	-1.580000E-1	-2.949171E+17	-4.956124E-18	1.974640E-7	0.000000E+0	1.366307E-5	4.246287E-4	0.000000E+0	0.000000E+0	0.000000E+0
8.057568E+1	-2.293823E+3	-9.500000E-2	-4.717429E+17	-4.911393E+17	4.973731E-7	0.000000E+0	1.529497E-5	4.354162E-4	0.000000E+0	0.000000E+0	0.000000E+0
9.133154E+1	-2.244865E+3	-3.200000E-2	-9.427576E-19	-9.426377E-19	-2.267061E-6	0.000000E+0	1.809348E-5	4.447250E-4	0.000000E+0	0.000000E+0	0.000000E+0
8.720508E+1	-2.199372E+3	3.200000E-2	-3.093320E+17	4.406614E-18	-4.626170E-7	0.000000E+0	1.799957E-5	4.539616E-4	0.000000E+0	0.000000E+0	0.000000E+0
7.399854E+1	-2.158125E+3	9.500000E-2	-4.715168E+17	-4.040397E+17	3.480350E-7	0.000000E+0	1.586937E-5	4.628211E-4	0.000000E+0	0.000000E+0	0.000000E+0
7.675684E+1	-2.120563E+3	1.580000E-1	4.697494E+17	-5.230656E+17	-8.842271E-7	0.000000E+0	1.704693E-5	4.709558E-4	0.000000E+0	0.000000E+0	0.000000E+0
8.815649E+1	-2.082866E+3	2.220000E-1	-3.021231E-18	1.442034E+17	-1.122698E-6	0.000000E+0	2.028403E-5	4.792492E-4	0.000000E+0	0.000000E+0	0.000000E+0
7.542493E+1	-2.051985E+3	2.850000E-1	-3.411601E-18	5.558819E-18	-1.844217E-6	0.000000E+0	1.788876E-5	4.866755E-4	0.000000E+0	0.000000E+0	0.000000E+0
9.093323E+1	-2.019836E+3	3.480000E-1	4.155990E+17	-1.817843E+17	-5.228503E-7	0.000000E+0	2.224391E-5	4.940883E-4	0.000000E+0	0.000000E+0	0.000000E+0
8.034644E+1	-1.993815E+3	4.110000E-1	-5.577361E+17	4.857998E-18	7.985145E-7	0.000000E+0	2.017866E-5	5.007379E-4	0.000000E+0	0.000000E+0	0.000000E+0
9.792517E+1	-1.968278E+3	4.750000E-1	-3.849816E-18	-6.874137E-18	-4.614121E-7	0.000000E+0	2.521435E-5	5.068039E-4	0.000000E+0	0.000000E+0	0.000000E+0
7.881433E+1	-1.947338E+3	5.380000E-1	4.766215E-20	4.558806E+17	-1.693646E-6	0.000000E+0	2.074969E-5	5.126817E-4	0.000000E+0	0.000000E+0	0.000000E+0
7.598901E+1	-1.922409E+3	6.010000E-1	1.388541E-18	6.784126E-18	1.670607E-6	0.000000E+0	2.052963E-5	5.193692E-4	0.000000E+0	0.000000E+0	0.000000E+0
7.979651E+1	-1.902523E+3	6.650000E-1	3.266052E+17	-3.794914E-19	-1.000371E-7	0.000000E+0	2.200699E-5	5.246948E-4	0.000000E+0	0.000000E+0	0.000000E+0
8.897510E+1	-1.886748E+3	7.280000E-1	-7.907392E-19	6.323277E-18	-1.332268E-6	0.000000E+0	2.493882E-5	5.288364E-4	0.000000E+0	0.000000E+0	0.000000E+0
8.668298E+1	-1.870939E+3	7.910000E-1	-4.524484E+17	2.055147E+17	4.998110E-7	0.000000E+0	2.471060E-5	5.333461E-4	0.000000E+0	0.000000E+0	0.000000E+0
9.488330E+1	-1.856327E+3	8.540000E-1	-6.904437E-18	-8.375564E+16	3.353347E-6	0.000000E+0	2.746298E-5	5.372945E-4	0.000000E+0	0.000000E+0	0.000000E+0
9.467224E+1	-1.842083E+3	9.180000E-1	2.547933E-18	-2.658042E+16	1.071992E-6	0.000000E+0	2.782650E-5	5.414336E-4	0.000000E+0	0.000000E+0	0.000000E+0
8.108179E+1	-1.831869E+3	9.810000E-1	-1.554615E+17	1.089529E+17	1.882643E-6	0.000000E+0	2.411485E-5	5.448232E-4	0.000000E+0	0.000000E+0	0.000000E+0
9.131250E+1	-1.818729E+3	1.044000E+0	-5.196808E+17	2.162502E-18	6.503833E-7	0.000000E+0	2.753600E-5	5.484520E-4	0.000000E+0	0.000000E+0	0.000000E+0
8.974072E+1	-1.807767E+3	1.108000E+0	3.883601E+17	-5.707470E+17	9.226496E-7	0.000000E+0	2.739276E-5	5.518088E-4	0.000000E+0	0.000000E+0	0.000000E+0
9.907971E+1	-1.799470E+3	1.171000E+0	-2.820974E+17	-3.562291E+17	2.011075E-7	0.000000E+0	3.050569E-5	5.540395E-4	0.000000E+0	0.000000E+0	0.000000E+0
8.193250E+1	-1.792953E+3	1.234000E+0	7.433461E+16	-3.421229E+17	-9.698851E-9	0.000000E+0	2.543387E-5	5.565769E-4	0.000000E+0	0.000000E+0	0.000000E+0
8.227954E+1	-1.780772E+3	1.297000E+0	5.229813E-18	8.421242E+16	1.822409E-6	0.000000E+0	2.589101E-5	5.603579E-4	0.000000E+0	0.000000E+0	0.000000E+0
8.792468E+1	-1.774067E+3	1.361000E+0	5.319462E+17	-2.871880E+17	-1.991146E-6	0.000000E+0	2.786797E-5	5.622954E-4	0.000000E+0	0.000000E+0	0.000000E+0
1.006973E+2	-1.768943E+3	1.424000E+0	-4.035047E-18	1.659667E-18	-2.712666E-6	0.000000E+0	3.207636E-5	5.634834E-4	0.000000E+0	0.000000E+0	0.000000E+0
8.361743E+1	-1.762778E+3	1.487000E+0	9.211592E+16	2.295762E-18	3.205212E-6	0.000000E+0	2.684884E-5	5.660128E-4	0.000000E+0	0.000000E+0	0.000000E+0
9.653223E+1	-1.755730E+3	1.551000E+0	4.020179E+17	1.922731E+17	-9.759970E-8	0.000000E+0	3.122094E-5	5.678471E-4	0.000000E+0	0.000000E+0	0.000000E+0
9.452612E+1	-1.752281E+3	1.614000E+0	1.731139E-18	4.035830E-18	-1.329827E-6	0.000000E+0	3.069604E-5	5.690288E-4	0.000000E+0	0.000000E+0	0.000000E+0
9.811719E+1	-1.746325E+3	1.677000E+0	-2.680828E+17	-5.132047E+17	1.523702E-6	0.000000E+0	3.207201E-5	5.708291E-4	0.000000E+0	0.000000E+0	0.000000E+0
7.847339E+1	-1.743445E+3	1.741000E+0	5.241939E+17	-4.155966E-18	1.795946E-6	0.000000E+0	2.576481E-5	5.724173E-4	0.000000E+0	0.000000E+0	0.000000E+0
9.394202E+1	-1.738342E+3	1.804000E+0	2.579781E+17	4.569569E-19	5.296897E-8	0.000000E+0	3.099724E-5	5.735857E-4	0.000000E+0	0.000000E+0	0.000000E+0
9.999414E+1	-1.734305E+3	1.867000E+0	2.915631E-18	5.325299E+16	8.636271E-7	0.000000E+0	3.313464E-5	5.746894E-4	0.000000E+0	0.000000E+0	0.000000E+0
8.110205E+1	-1.733083E+3	1.930000E+0	-1.980651E+17	1.958093E+16	6.528207E-7	0.000000E+0	2.694282E-5	5.757456E-4	0.000000E+0	0.000000E+0	0.000000E+0
8.574170E+1	-1.726372E+3	1.994000E+0	-2.769006E-18	5.985466E+14	4.143440E-7	0.000000E+0	2.869811E-5	5.778241E-4	0.000000E+0	0.000000E+0	0.000000E+0
7.712109E+1	-1.725496E+3	2.057000E+0	6.327113E-19	3.793536E+17	3.778638E-6	0.000000E+0	2.585107E-5	5.783881E-4	0.000000E+0	0.000000E+0	0.000000E+0
9.057812E+1	-1.722098E+3	2.120000E+0	-2.374011E+17	1.295985E-19	3.057081E-6	0.000000E+0	3.045845E-5	5.790850E-4	0.000000E+0	0.000000E+0	0.000000E+0
9.183972E+1	-1.720969E+3	2.184000E+0	-5.351625E-18	2.346836E+17	-2.288623E-6	0.000000E+0	3.092071E-5	5.794179E-4	0.000000E+0	0.000000E+0	0.000000E+0
9.775586E+1	-1.718570E+3	2.247000E+0	2.587907E+17	-3.980899E-18	5.649199E-7	0.000000E+0	3.299176E-5	5.800025E-4	0.000000E+0	0.000000E+0	0.000000E+0
8.112793E+1	-1.719530E+3	2.310000E+0	-3.127958E+17	-9.739208E-19	-2.710221E-6	0.000000E+0	2.737696E-5	5.802626E-4	0.000000E+0	0.000000E+0	0.000000E+0
9.686719E+1	-1.715825E+3	2.373000E+0	6.653843E-18	-4.395667E+17	-3.673922E-7	0.000000E+0	3.279810E-5	5.809584E-4	0.000000E+0	0.000000E+0	0.000000E+0
8.683813E+1	-1.713462E+3	2.437000E+0	-1.137863E-18	-4.190346E+17	2.458473E-6	0.000000E+0	2.950173E-5	5.821186E-4	0.000000E+0	0.000000E+0	0.000000E+0
9.364954E+1	-1.712634E+3	2.500000E+0	-9.275714E-19	-3.780148E-18	7.154886E-7	0.000000E+0	3.183317E-5	5.821552E-4	0.000000E+0	0.000000E+0	0.000000E+0
