Real / Ohm	Ximag / Ohm	V_DC / V	I_a c / A	V_ac / V	I_DC / A
1.789148E+3	-5.643850E+4	-2.500000E+0	-3.567381E+17	-4.283094E-18	1.662062E-6	1.778279E+6	5.611244E-7	1.770061E-5	0.000000E+0	0.000000E+0	0.000000E+0
1.561051E+3	-5.466338E+4	-2.437000E+0	-4.691027E+17	6.689522E-18	3.494133E-6	0.000000E+0	5.219995E-7	1.827888E-5	0.000000E+0	0.000000E+0	0.000000E+0
1.623773E+3	-5.424853E+4	-2.373000E+0	-5.704680E+17	1.371951E+17	1.723485E-6	0.000000E+0	5.512650E-7	1.841718E-5	0.000000E+0	0.000000E+0	0.000000E+0
1.821883E+3	-5.391738E+4	-2.310000E+0	-6.627991E-18	5.176248E+17	5.598486E-6	0.000000E+0	6.259899E-7	1.852574E-5	0.000000E+0	0.000000E+0	0.000000E+0
1.565844E+3	-5.283183E+4	-2.247000E+0	2.517955E+17	3.793721E+16	2.834087E-6	0.000000E+0	5.605003E-7	1.891137E-5	0.000000E+0	0.000000E+0	0.000000E+0
1.808547E+3	-5.209955E+4	-2.184000E+0	4.508571E+17	-2.686618E+17	3.133973E-6	0.000000E+0	6.654859E-7	1.917092E-5	0.000000E+0	0.000000E+0	0.000000E+0
1.578980E+3	-5.082520E+4	-2.120000E+0	8.250878E-19	2.835790E+17	-1.688168E-7	0.000000E+0	6.106600E-7	1.965631E-5	0.000000E+0	0.000000E+0	0.000000E+0
1.818613E+3	-4.953015E+4	-2.057000E+0	6.234127E-18	-3.929322E-18	3.706169E-6	0.000000E+0	7.403139E-7	2.016254E-5	0.000000E+0	0.000000E+0	0.000000E+0
1.606379E+3	-4.781227E+4	-1.994000E+0	-2.654959E-18	4.664198E-18	-7.970812E-8	0.000000E+0	7.019066E-7	2.089155E-5	0.000000E+0	0.000000E+0	0.000000E+0
1.724668E+3	-4.614116E+4	-1.930000E+0	2.907620E+17	-1.496570E-18	2.746187E-6	0.000000E+0	8.089509E-7	2.164239E-5	0.000000E+0	0.000000E+0	0.000000E+0
1.724199E+3	-4.447489E+4	-1.867000E+0	-2.052875E-18	3.493290E-18	1.513923E-6	0.000000E+0	8.703730E-7	2.245085E-5	0.000000E+0	0.000000E+0	0.000000E+0
1.769875E+3	-4.253648E+4	-1.804000E+0	5.725574E-18	5.135446E+17	3.856723E-6	0.000000E+0	9.764911E-7	2.346860E-5	0.000000E+0	0.000000E+0	0.000000E+0
1.723635E+3	-4.046377E+4	-1.741000E+0	-6.504745E+16	2.369919E+17	3.645946E-6	0.000000E+0	1.050813E-6	2.466870E-5	0.000000E+0	0.000000E+0	0.000000E+0
1.626330E+3	-3.826730E+4	-1.677000E+0	-4.960950E+17	9.965210E-19	-6.783230E-7	0.000000E+0	1.108586E-6	2.608486E-5	0.000000E+0	0.000000E+0	0.000000E+0
1.717660E+3	-3.596677E+4	-1.614000E+0	2.127762E-18	9.311133E+1	1.153749E-6	0.000000E+0	1.324784E-6	2.774017E-5	0.000000E+0	0.000000E+0	0.000000E+0
1.679447E+3	-3.357597E+4	-1.551000E+0	8.610729E+16	4.249670E-18	1.964407E-6	0.000000E+0	1.486018E-6	2.970888E-5	0.000000E+0	0.000000E+0	0.000000E+0
1.792584E+3	-3.123974E+4	-1.487000E+0	-3.870907E-18	-2.240669E+17	2.747394E-6	0.000000E+0	1.830784E-6	3.190546E-5	0.000000E+0	0.000000E+0	0.000000E+0
1.703943E+3	-2.958549E+4	-1.424000E+0	2.698511E+17	-3.360764E+17	1.004417E-6	0.000000E+0	1.940257E-6	3.368861E-5	0.000000E+0	0.000000E+0	0.000000E+0
1.472961E+3	-2.834960E+4	-1.361000E+0	-6.256276E-18	1.218838E+17	-2.270761E-6	0.000000E+0	1.827791E-6	3.517890E-5	0.000000E+0	0.000000E+0	0.000000E+0
1.245049E+3	-2.721982E+4	-1.297000E+0	-1.006173E-18	-5.687810E-18	4.130226E-6	0.000000E+0	1.676904E-6	3.666123E-5	0.000000E+0	0.000000E+0	0.000000E+0
9.990547E+2	-2.518307E+4	-1.234000E+0	1.311717E+15	5.049482E-18	1.365792E-6	0.000000E+0	1.572856E-6	3.964682E-5	0.000000E+0	0.000000E+0	0.000000E+0
7.272617E+2	-2.138682E+4	-1.171000E+0	3.716679E-18	4.245176E+17	2.176472E-6	0.000000E+0	1.588168E-6	4.670376E-5	0.000000E+0	0.000000E+0	0.000000E+0
5.234209E+2	-1.699153E+4	-1.108000E+0	-5.203440E-18	3.830367E-18	4.335016E-7	0.000000E+0	1.811232E-6	5.879706E-5	0.000000E+0	0.000000E+0	0.000000E+0
3.673838E+2	-1.279112E+4	-1.044000E+0	-1.183523E-18	-5.342346E-18	-8.264324E-7	0.000000E+0	2.243596E-6	7.811480E-5	0.000000E+0	0.000000E+0	0.000000E+0
2.611665E+2	-1.018345E+4	-9.810000E-1	-5.319197E+16	-3.192840E+17	1.005650E-6	0.000000E+0	2.516761E-6	9.813400E-5	0.000000E+0	0.000000E+0	0.000000E+0
1.932944E+2	-8.536152E+3	-9.180000E-1	2.088264E+17	-2.195880E+17	4.369929E-6	0.000000E+0	2.651382E-6	1.170888E-4	0.000000E+0	0.000000E+0	0.000000E+0
1.519141E+2	-7.514843E+3	-8.540000E-1	-7.957818E+16	-3.372652E-18	1.067117E-6	0.000000E+0	2.688938E-6	1.330156E-4	0.000000E+0	0.000000E+0	0.000000E+0
1.229531E+2	-6.860979E+3	-7.910000E-1	-1.773302E-18	1.794108E-18	8.563111E-7	0.000000E+0	2.611126E-6	1.457050E-4	0.000000E+0	0.000000E+0	0.000000E+0
1.027378E+2	-6.381767E+3	-7.280000E-1	-1.306383E-18	6.138991E-18	6.455048E-7	0.000000E+0	2.521946E-6	1.566558E-4	0.000000E+0	0.000000E+0	0.000000E+0
1.048730E+2	-5.996688E+3	-6.650000E-1	1.829862E+17	1.860550E+17	4.347021E-7	0.000000E+0	2.915466E-6	1.667077E-4	0.000000E+0	0.000000E+0	0.000000E+0
9.561353E+1	-5.664189E+3	-6.010000E-1	4.410889E+17	3.940187E-18	2.749857E-6	0.000000E+0	2.979341E-6	1.764975E-4	0.000000E+0	0.000000E+0	0.000000E+0
8.021216E+1	-5.378768E+3	-5.380000E-1	-5.506723E-18	3.318154E+17	2.028341E-6	0.000000E+0	2.771903E-6	1.858748E-4	0.000000E+0	0.000000E+0	0.000000E+0
7.872314E+1	-5.129636E+3	-4.750000E-1	-4.319920E+17	-4.172230E+17	-2.779008E-6	0.000000E+0	2.991073E-6	1.948997E-4	0.000000E+0	0.000000E+0	0.000000E+0
7.266479E+1	-4.903849E+3	-4.110000E-1	6.306558E-18	-1.599031E-19	-4.638496E-7	0.000000E+0	3.021026E-6	2.038767E-4	0.000000E+0	0.000000E+0	0.000000E+0
6.161987E+1	-4.714764E+3	-3.480000E-1	-2.041751E-18	-6.427516E-19	1.878972E-6	0.000000E+0	2.771575E-6	2.120635E-4	0.000000E+0	0.000000E+0	0.000000E+0
5.466187E+1	-4.555375E+3	-2.850000E-1	-2.815563E+17	1.903750E-18	-3.747173E-7	0.000000E+0	2.633745E-6	2.194893E-4	0.000000E+0	0.000000E+0	0.000000E+0
6.630493E+1	-4.414906E+3	-2.220000E-1	-1.478444E+17	2.700591E+17	4.010992E-6	0.000000E+0	3.400987E-6	2.264543E-4	0.000000E+0	0.000000E+0	0.000000E+0
5.832666E+1	-4.290850E+3	-1.580000E-1	-2.949171E+17	-4.956124E-18	3.261806E-6	0.000000E+0	3.167380E-6	2.330110E-4	0.000000E+0	0.000000E+0	0.000000E+0
5.935352E+1	-4.181843E+3	-9.500000E-2	-4.717429E+17	-4.911393E+17	1.518830E-6	0.000000E+0	3.393310E-6	2.390809E-4	0.000000E+0	0.000000E+0	0.000000E+0
5.912231E+1	-4.085223E+3	-3.200000E-2	-9.427576E-19	-9.426377E-19	2.865679E-7	0.000000E+0	3.541840E-6	2.447334E-4	0.000000E+0	0.000000E+0	0.000000E+0
6.926562E+1	-3.993745E+3	3.200000E-2	-3.093320E+17	4.406614E-18	2.091011E-6	0.000000E+0	4.341366E-6	2.503163E-4	0.000000E+0	0.000000E+0	0.000000E+0
7.176831E+1	-3.913880E+3	9.500000E-2	-4.715168E+17	-4.040397E+17	2.901634E-6	0.000000E+0	4.683513E-6	2.554151E-4	0.000000E+0	0.000000E+0	0.000000E+0
6.444897E+1	-3.840076E+3	1.580000E-1	4.697494E+17	-5.230656E+17	2.180115E-6	0.000000E+0	4.369322E-6	2.603382E-4	0.000000E+0	0.000000E+0	0.000000E+0
6.831567E+1	-3.771472E+3	2.220000E-1	-3.021231E-18	1.442034E+17	1.430930E-6	0.000000E+0	4.801269E-6	2.650615E-4	0.000000E+0	0.000000E+0	0.000000E+0
6.674951E+1	-3.709925E+3	2.850000E-1	-3.411601E-18	5.558819E-18	7.094113E-7	0.000000E+0	4.848163E-6	2.694600E-4	0.000000E+0	0.000000E+0	0.000000E+0
6.394824E+1	-3.653208E+3	3.480000E-1	4.155990E+17	-1.817843E+17	-5.228503E-7	0.000000E+0	4.790124E-6	2.736482E-4	0.000000E+0	0.000000E+0	0.000000E+0
6.742603E+1	-3.601511E+3	4.110000E-1	-5.577361E+17	4.857998E-18	1.819972E-6	0.000000E+0	5.196440E-6	2.775640E-4	0.000000E+0	0.000000E+0	0.000000E+0
7.255615E+1	-3.554653E+3	4.750000E-1	-3.849816E-18	-6.874137E-18	-4.614121E-7	0.000000E+0	5.739828E-6	2.812043E-4	0.000000E+0	0.000000E+0	0.000000E+0
6.814551E+1	-3.511300E+3	5.380000E-1	4.766215E-20	4.558806E+17	1.881410E-6	0.000000E+0	5.525071E-6	2.846876E-4	0.000000E+0	0.000000E+0	0.000000E+0
7.279590E+1	-3.471901E+3	6.010000E-1	1.388541E-18	6.784126E-18	1.159893E-6	0.000000E+0	6.036447E-6	2.879001E-4	0.000000E+0	0.000000E+0	0.000000E+0
7.394727E+1	-3.437090E+3	6.650000E-1	3.266052E+17	-3.794914E-19	9.214200E-7	0.000000E+0	6.256614E-6	2.908092E-4	0.000000E+0	0.000000E+0	0.000000E+0
8.572559E+1	-3.403292E+3	7.280000E-1	-7.907392E-19	6.323277E-18	1.732074E-6	0.000000E+0	7.396676E-6	2.936468E-4	0.000000E+0	0.000000E+0	0.000000E+0
7.494946E+1	-3.374434E+3	7.910000E-1	-4.524484E+17	2.055147E+17	4.998110E-7	0.000000E+0	6.578887E-6	2.961999E-4	0.000000E+0	0.000000E+0	0.000000E+0
8.493262E+1	-3.346545E+3	8.540000E-1	-6.904437E-18	-8.375564E+16	2.890047E-7	0.000000E+0	7.578819E-6	2.986233E-4	0.000000E+0	0.000000E+0	0.000000E+0
7.995996E+1	-3.321048E+3	9.180000E-1	2.547933E-18	-2.658042E+16	5.053516E-8	0.000000E+0	7.245537E-6	3.009353E-4	0.000000E+0	0.000000E+0	0.000000E+0
8.283740E+1	-3.298241E+3	9.810000E-1	-1.554615E+17	1.089529E+17	-6.709852E-7	0.000000E+0	7.610055E-6	3.030008E-4	0.000000E+0	0.000000E+0	0.000000E+0
7.746948E+1	-3.277424E+3	1.044000E+0	-5.196808E+17	2.162502E-18	-8.817879E-7	0.000000E+0	7.208133E-6	3.049473E-4	0.000000E+0	0.000000E+0	0.000000E+0
8.056128E+1	-3.257876E+3	1.108000E+0	3.883601E+17	-5.707470E+17	1.433364E-6	0.000000E+0	7.585632E-6	3.067609E-4	0.000000E+0	0.000000E+0	0.000000E+0
8.677344E+1	-3.240191E+3	1.171000E+0	-2.820974E+17	-3.562291E+17	1.733279E-6	0.000000E+0	8.259129E-6	3.084026E-4	0.000000E+0	0.000000E+0	0.000000E+0
7.780908E+1	-3.224498E+3	1.234000E+0	7.433461E+16	-3.421229E+17	2.543929E-6	0.000000E+0	7.479167E-6	3.099453E-4	0.000000E+0	0.000000E+0	0.000000E+0
8.173462E+1	-3.209937E+3	1.297000E+0	5.229813E-18	8.421242E+16	1.822409E-6	0.000000E+0	7.927414E-6	3.113307E-4	0.000000E+0	0.000000E+0	0.000000E+0
8.036108E+1	-3.195979E+3	1.361000E+0	5.319462E+17	-2.871880E+17	5.176844E-8	0.000000E+0	7.862550E-6	3.126955E-4	0.000000E+0	0.000000E+0	0.000000E+0
8.340991E+1	-3.183353E+3	1.424000E+0	-4.035047E-18	1.659667E-18	-1.590379E-7	0.000000E+0	8.225267E-6	3.139187E-4	0.000000E+0	0.000000E+0	0.000000E+0
9.031494E+1	-3.171244E+3	1.487000E+0	9.211592E+16	2.295762E-18	6.516129E-7	0.000000E+0	8.973217E-6	3.150781E-4	0.000000E+0	0.000000E+0	0.000000E+0
8.176562E+1	-3.160359E+3	1.551000E+0	4.020179E+17	1.922731E+17	-1.119028E-6	0.000000E+0	8.181017E-6	3.162081E-4	0.000000E+0	0.000000E+0	0.000000E+0
7.985010E+1	-3.149792E+3	1.614000E+0	1.731139E-18	4.035830E-18	2.023444E-7	0.000000E+0	8.043271E-6	3.172774E-4	0.000000E+0	0.000000E+0	0.000000E+0
8.570166E+1	-3.140821E+3	1.677000E+0	-2.680828E+17	-5.132047E+17	1.012988E-6	0.000000E+0	8.681197E-6	3.181512E-4	0.000000E+0	0.000000E+0	0.000000E+0
7.961475E+1	-3.132188E+3	1.741000E+0	5.241939E+17	-4.155966E-18	2.637753E-7	0.000000E+0	8.109935E-6	3.190595E-4	0.000000E+0	0.000000E+0	0.000000E+0
8.403540E+1	-3.124889E+3	1.804000E+0	2.579781E+17	4.569569E-19	4.138768E-6	0.000000E+0	8.599617E-6	3.197801E-4	0.000000E+0	0.000000E+0	0.000000E+0
8.536304E+1	-3.117661E+3	1.867000E+0	2.915631E-18	5.325299E+16	3.529130E-7	0.000000E+0	8.775798E-6	3.205130E-4	0.000000E+0	0.000000E+0	0.000000E+0
8.373584E+1	-3.110845E+3	1.930000E+0	-1.980651E+17	1.958093E+16	1.674278E-6	0.000000E+0	8.646495E-6	3.212233E-4	0.000000E+0	0.000000E+0	0.000000E+0
9.042676E+1	-3.106259E+3	1.994000E+0	-2.769006E-18	5.985466E+14	4.143440E-7	0.000000E+0	9.363835E-6	3.216581E-4	0.000000E+0	0.000000E+0	0.000000E+0
8.159326E+1	-3.100535E+3	2.057000E+0	6.327113E-19	3.793536E+17	-8.178758E-7	0.000000E+0	8.481650E-6	3.223018E-4	0.000000E+0	0.000000E+0	0.000000E+0
8.920508E+1	-3.096796E+3	2.120000E+0	-2.374011E+17	1.295985E-19	5.034817E-7	0.000000E+0	9.294032E-6	3.226467E-4	0.000000E+0	0.000000E+0	0.000000E+0
7.777124E+1	-3.092173E+3	2.184000E+0	-5.351625E-18	2.346836E+17	-7.564522E-7	0.000000E+0	8.128620E-6	3.231927E-4	0.000000E+0	0.000000E+0	0.000000E+0
8.169971E+1	-3.088572E+3	2.247000E+0	2.587907E+17	-3.980899E-18	2.607834E-6	0.000000E+0	8.558571E-6	3.235478E-4	0.000000E+0	0.000000E+0	0.000000E+0
8.347168E+1	-3.085229E+3	2.310000E+0	-3.127958E+17	-9.739208E-19	3.541209E-7	0.000000E+0	8.762874E-6	3.238880E-4	0.000000E+0	0.000000E+0	0.000000E+0
8.331616E+1	-3.082347E+3	2.373000E+0	6.653843E-18	-4.395667E+17	1.433218E-7	0.000000E+0	8.762923E-6	3.241912E-4	0.000000E+0	0.000000E+0	0.000000E+0
7.747656E+1	-3.079191E+3	2.437000E+0	-1.137863E-18	-4.190346E+17	1.947759E-6	0.000000E+0	8.166241E-6	3.245552E-4	0.000000E+0	0.000000E+0	0.000000E+0
7.732642E+1	-3.077029E+3	2.500000E+0	-9.275714E-19	-3.780148E-18	2.247660E-6	0.000000E+0	8.161886E-6	3.247837E-4	0.000000E+0	0.000000E+0	0.000000E+0
