Real / Ohm	Ximag / Ohm	V_DC / V	I_a c / A	V_ac / V	I_DC / A
1.609919E+1	6.320660E+0	2.500000E+0	-9.275714E-19	-3.780148E-18	2.520598E-2	5.623413E+6	5.381921E-2	-2.112981E-2	0.000000E+0	0.000000E+0	0.000000E+0
2.455289E+1	5.649555E+0	2.437000E+0	-1.137863E-18	-4.190346E+17	2.377310E-2	0.000000E+0	3.868047E-2	-8.900275E-3	0.000000E+0	0.000000E+0	0.000000E+0
2.652011E+1	5.126122E+0	2.373000E+0	6.653843E-18	-4.395667E+17	2.280705E-2	0.000000E+0	3.634917E-2	-7.025999E-3	0.000000E+0	0.000000E+0	0.000000E+0
3.356052E+1	2.927624E+0	2.310000E+0	-3.127958E+17	-9.739208E-19	2.179398E-2	0.000000E+0	2.957188E-2	-2.579678E-3	0.000000E+0	0.000000E+0	0.000000E+0
3.708947E+1	2.685474E+0	2.247000E+0	2.587907E+17	-3.980899E-18	2.090247E-2	0.000000E+0	2.682122E-2	-1.941998E-3	0.000000E+0	0.000000E+0	0.000000E+0
3.982573E+1	2.175079E+0	2.184000E+0	-5.351625E-18	2.346836E+17	2.000942E-2	0.000000E+0	2.503472E-2	-1.367269E-3	0.000000E+0	0.000000E+0	0.000000E+0
4.241830E+1	1.583294E+0	2.120000E+0	-2.374011E+17	1.295985E-19	1.920527E-2	0.000000E+0	2.354193E-2	-8.787198E-4	0.000000E+0	0.000000E+0	0.000000E+0
4.453783E+1	1.074978E+0	2.057000E+0	6.327113E-19	3.793536E+17	1.844807E-2	0.000000E+0	2.243975E-2	-5.416123E-4	0.000000E+0	0.000000E+0	0.000000E+0
4.969312E+1	-3.297691E-1	1.994000E+0	-2.769006E-18	5.985466E+14	1.792632E-2	0.000000E+0	2.012262E-2	1.335360E-4	0.000000E+0	0.000000E+0	0.000000E+0
5.078176E+1	1.509705E-1	1.930000E+0	-1.980651E+17	1.958093E+16	1.691278E-2	0.000000E+0	1.969194E-2	-5.854270E-5	0.000000E+0	0.000000E+0	0.000000E+0
5.314993E+1	5.910873E-2	1.867000E+0	2.915631E-18	5.325299E+16	1.614996E-2	0.000000E+0	1.881468E-2	-2.092405E-5	0.000000E+0	0.000000E+0	0.000000E+0
6.129498E+1	-1.181755E+0	1.804000E+0	2.579781E+17	4.569569E-19	1.477837E-2	0.000000E+0	1.630849E-2	3.144244E-4	0.000000E+0	0.000000E+0	0.000000E+0
6.408260E+1	-1.241497E+0	1.741000E+0	5.241939E+17	-4.155966E-18	1.420606E-2	0.000000E+0	1.559901E-2	3.022056E-4	0.000000E+0	0.000000E+0	0.000000E+0
6.795789E+1	-1.882729E+0	1.677000E+0	-2.680828E+17	-5.132047E+17	1.364348E-2	0.000000E+0	1.470371E-2	4.073567E-4	0.000000E+0	0.000000E+0	0.000000E+0
7.244208E+1	-2.534737E+0	1.614000E+0	1.731139E-18	4.035830E-18	1.302367E-2	0.000000E+0	1.378725E-2	4.824138E-4	0.000000E+0	0.000000E+0	0.000000E+0
7.747578E+1	-3.240547E+0	1.551000E+0	4.020179E+17	1.922731E+17	1.236964E-2	0.000000E+0	1.288472E-2	5.389237E-4	0.000000E+0	0.000000E+0	0.000000E+0
8.242912E+1	-4.041016E+0	1.487000E+0	9.211592E+16	2.295762E-18	1.178613E-2	0.000000E+0	1.210255E-2	5.933169E-4	0.000000E+0	0.000000E+0	0.000000E+0
8.687524E+1	-4.755394E+0	1.424000E+0	-4.035047E-18	1.659667E-18	1.121228E-2	0.000000E+0	1.147637E-2	6.281960E-4	0.000000E+0	0.000000E+0	0.000000E+0
9.137077E+1	-5.499771E+0	1.361000E+0	5.319462E+17	-2.871880E+17	1.071811E-2	0.000000E+0	1.090491E-2	6.563862E-4	0.000000E+0	0.000000E+0	0.000000E+0
9.586784E+1	-6.277794E+0	1.297000E+0	5.229813E-18	8.421242E+16	1.022039E-2	0.000000E+0	1.038649E-2	6.801471E-4	0.000000E+0	0.000000E+0	0.000000E+0
9.981837E+1	-6.994278E+0	1.234000E+0	7.433461E+16	-3.421229E+17	9.727756E-3	0.000000E+0	9.969249E-3	6.985458E-4	0.000000E+0	0.000000E+0	0.000000E+0
1.031463E+2	-7.651810E+0	1.171000E+0	-2.820974E+17	-3.562291E+17	9.249927E-3	0.000000E+0	9.641905E-3	7.152756E-4	0.000000E+0	0.000000E+0	0.000000E+0
1.062496E+2	-8.230591E+0	1.108000E+0	3.883601E+17	-5.707470E+17	8.790486E-3	0.000000E+0	9.355659E-3	7.247331E-4	0.000000E+0	0.000000E+0	0.000000E+0
1.081095E+2	-8.595993E+0	1.044000E+0	-5.196808E+17	2.162502E-18	8.344352E-3	0.000000E+0	9.191769E-3	7.308551E-4	0.000000E+0	0.000000E+0	0.000000E+0
1.092108E+2	-8.861961E+0	9.810000E-1	-1.554615E+17	1.089529E+17	7.895635E-3	0.000000E+0	9.096706E-3	7.381564E-4	0.000000E+0	0.000000E+0	0.000000E+0
1.095172E+2	-9.003609E+0	9.180000E-1	2.547933E-18	-2.658042E+16	7.453050E-3	0.000000E+0	9.069686E-3	7.456354E-4	0.000000E+0	0.000000E+0	0.000000E+0
1.093999E+2	-9.031311E+0	8.540000E-1	-6.904437E-18	-8.375564E+16	6.991593E-3	0.000000E+0	9.078903E-3	7.494924E-4	0.000000E+0	0.000000E+0	0.000000E+0
1.083368E+2	-8.916702E+0	7.910000E-1	-4.524484E+17	2.055147E+17	6.548496E-3	0.000000E+0	9.168366E-3	7.546059E-4	0.000000E+0	0.000000E+0	0.000000E+0
1.068823E+2	-8.759979E+0	7.280000E-1	-7.907392E-19	6.323277E-18	6.108972E-3	0.000000E+0	9.293658E-3	7.617000E-4	0.000000E+0	0.000000E+0	0.000000E+0
1.050454E+2	-8.514687E+0	6.650000E-1	3.266052E+17	-3.794914E-19	5.653618E-3	0.000000E+0	9.457555E-3	7.666030E-4	0.000000E+0	0.000000E+0	0.000000E+0
1.026924E+2	-8.128365E+0	6.010000E-1	1.388541E-18	6.784126E-18	5.174797E-3	0.000000E+0	9.677190E-3	7.659742E-4	0.000000E+0	0.000000E+0	0.000000E+0
1.001603E+2	-7.747665E+0	5.380000E-1	4.766215E-20	4.558806E+17	4.695947E-3	0.000000E+0	9.924612E-3	7.676951E-4	0.000000E+0	0.000000E+0	0.000000E+0
9.743950E+1	-7.356262E+0	4.750000E-1	-3.849816E-18	-6.874137E-18	4.202799E-3	0.000000E+0	1.020462E-2	7.704045E-4	0.000000E+0	0.000000E+0	0.000000E+0
9.475055E+1	-6.992981E+0	4.110000E-1	-5.577361E+17	4.857998E-18	3.692824E-3	0.000000E+0	1.049685E-2	7.747109E-4	0.000000E+0	0.000000E+0	0.000000E+0
9.170126E+1	-6.549583E+0	3.480000E-1	4.155990E+17	-1.817843E+17	3.181800E-3	0.000000E+0	1.084963E-2	7.749135E-4	0.000000E+0	0.000000E+0	0.000000E+0
8.860397E+1	-6.182243E+0	2.850000E-1	-3.411601E-18	5.558819E-18	2.638600E-3	0.000000E+0	1.123150E-2	7.836651E-4	0.000000E+0	0.000000E+0	0.000000E+0
8.555072E+1	-5.799461E+0	2.220000E-1	-3.021231E-18	1.442034E+17	2.089272E-3	0.000000E+0	1.163550E-2	7.887676E-4	0.000000E+0	0.000000E+0	0.000000E+0
8.282953E+1	-5.481560E+0	1.580000E-1	4.697494E+17	-5.230656E+17	1.505241E-3	0.000000E+0	1.202034E-2	7.954921E-4	0.000000E+0	0.000000E+0	0.000000E+0
8.008551E+1	-5.179016E+0	9.500000E-2	-4.715168E+17	-4.040397E+17	9.268019E-4	0.000000E+0	1.243465E-2	8.041312E-4	0.000000E+0	0.000000E+0	0.000000E+0
7.728952E+1	-4.935410E+0	3.200000E-2	-3.093320E+17	4.406614E-18	3.258903E-4	0.000000E+0	1.288582E-2	8.228387E-4	0.000000E+0	0.000000E+0	0.000000E+0
7.402969E+1	-4.647682E+0	-3.200000E-2	-9.427576E-19	-9.426377E-19	-3.132984E-4	0.000000E+0	1.345506E-2	8.447265E-4	0.000000E+0	0.000000E+0	0.000000E+0
7.113513E+1	-4.400726E+0	-9.500000E-2	-4.717429E+17	-4.911393E+17	-9.520038E-4	0.000000E+0	1.400416E-2	8.663574E-4	0.000000E+0	0.000000E+0	0.000000E+0
6.995712E+1	-4.275139E+0	-1.580000E-1	-2.949171E+17	-4.956124E-18	-1.605009E-3	0.000000E+0	1.424129E-2	8.702971E-4	0.000000E+0	0.000000E+0	0.000000E+0
7.106921E+1	-4.316917E+0	-2.220000E-1	-1.478444E+17	2.700591E+17	-2.271777E-3	0.000000E+0	1.401907E-2	8.515522E-4	0.000000E+0	0.000000E+0	0.000000E+0
7.528813E+1	-4.532394E+0	-2.850000E-1	-2.815563E+17	1.903750E-18	-2.914058E-3	0.000000E+0	1.323434E-2	7.967160E-4	0.000000E+0	0.000000E+0	0.000000E+0
8.287158E+1	-5.010735E+0	-3.480000E-1	-2.041751E-18	-6.427516E-19	-3.532334E-3	0.000000E+0	1.202291E-2	7.269514E-4	0.000000E+0	0.000000E+0	0.000000E+0
9.532605E+1	-5.857140E+0	-4.110000E-1	6.306558E-18	-1.599031E-19	-4.077067E-3	0.000000E+0	1.045086E-2	6.421344E-4	0.000000E+0	0.000000E+0	0.000000E+0
1.125817E+2	-7.251015E+0	-4.750000E-1	-4.319920E+17	-4.172230E+17	-4.589596E-3	0.000000E+0	8.845744E-3	5.697251E-4	0.000000E+0	0.000000E+0	0.000000E+0
1.311647E+2	-8.903732E+0	-5.380000E-1	-5.506723E-18	3.318154E+17	-5.044950E-3	0.000000E+0	7.589032E-3	5.151593E-4	0.000000E+0	0.000000E+0	0.000000E+0
1.496187E+2	-1.038622E+1	-6.010000E-1	4.410889E+17	3.940187E-18	-5.488560E-3	0.000000E+0	6.651603E-3	4.617405E-4	0.000000E+0	0.000000E+0	0.000000E+0
1.670762E+2	-1.116676E+1	-6.650000E-1	1.829862E+17	1.860550E+17	-5.913244E-3	0.000000E+0	5.958675E-3	3.982560E-4	0.000000E+0	0.000000E+0	0.000000E+0
1.815974E+2	-1.108035E+1	-7.280000E-1	-1.306383E-18	6.138991E-18	-6.315994E-3	0.000000E+0	5.486262E-3	3.347498E-4	0.000000E+0	0.000000E+0	0.000000E+0
1.914811E+2	-1.032884E+1	-7.910000E-1	-1.773302E-18	1.794108E-18	-6.719767E-3	0.000000E+0	5.207296E-3	2.808910E-4	0.000000E+0	0.000000E+0	0.000000E+0
1.929864E+2	-8.667618E+0	-8.540000E-1	-7.957818E+16	-3.372652E-18	-7.110259E-3	0.000000E+0	5.171281E-3	2.322583E-4	0.000000E+0	0.000000E+0	0.000000E+0
1.811013E+2	-5.502350E+0	-9.180000E-1	2.088264E+17	-2.195880E+17	-7.520134E-3	0.000000E+0	5.516679E-3	1.676117E-4	0.000000E+0	0.000000E+0	0.000000E+0
1.572849E+2	-2.082306E+0	-9.810000E-1	-5.319197E+16	-3.192840E+17	-7.958636E-3	0.000000E+0	6.356775E-3	8.415780E-5	0.000000E+0	0.000000E+0	0.000000E+0
1.285317E+2	7.605743E-2	-1.044000E+0	-1.183523E-18	-5.342346E-18	-8.463021E-3	0.000000E+0	7.780179E-3	-4.603848E-6	0.000000E+0	0.000000E+0	0.000000E+0
1.014750E+2	9.143524E-1	-1.108000E+0	-5.203440E-18	3.830367E-18	-8.993424E-3	0.000000E+0	9.853844E-3	-8.878922E-5	0.000000E+0	0.000000E+0	0.000000E+0
7.506985E+1	-4.814911E-1	-1.171000E+0	3.716679E-18	4.245176E+17	-9.689331E-3	0.000000E+0	1.332038E-2	8.543568E-5	0.000000E+0	0.000000E+0	0.000000E+0
6.191328E+1	-2.444073E+0	-1.234000E+0	1.311717E+15	5.049482E-18	-1.069985E-2	0.000000E+0	1.612649E-2	6.366054E-4	0.000000E+0	0.000000E+0	0.000000E+0
5.153857E+1	-4.533916E+0	-1.297000E+0	-1.006173E-18	-5.687810E-18	-1.206991E-2	0.000000E+0	1.925394E-2	1.693794E-3	0.000000E+0	0.000000E+0	0.000000E+0
4.824310E+1	-2.478333E+0	-1.361000E+0	-6.256276E-18	1.218838E+17	-1.317539E-2	0.000000E+0	2.067379E-2	1.062049E-3	0.000000E+0	0.000000E+0	0.000000E+0
5.099597E+1	-5.661263E+0	-1.424000E+0	2.698511E+17	-3.360764E+17	-1.442288E-2	0.000000E+0	1.937067E-2	2.150414E-3	0.000000E+0	0.000000E+0	0.000000E+0
4.818213E+1	-2.420059E+0	-1.487000E+0	-3.870907E-18	-2.240669E+17	-1.453247E-2	0.000000E+0	2.070236E-2	1.039824E-3	0.000000E+0	0.000000E+0	0.000000E+0
5.357777E+1	-2.428570E+0	-1.551000E+0	8.610729E+16	4.249670E-18	-1.631313E-2	0.000000E+0	1.862619E-2	8.442867E-4	0.000000E+0	0.000000E+0	0.000000E+0
5.183962E+1	-4.430901E+0	-1.614000E+0	2.127762E-18	9.311133E+1	-1.771281E-2	0.000000E+0	1.915036E-2	1.636843E-3	0.000000E+0	0.000000E+0	0.000000E+0
4.094846E+1	-1.620541E+0	-1.677000E+0	-4.960950E+17	9.965210E-19	-1.902568E-2	0.000000E+0	2.438275E-2	9.649509E-4	0.000000E+0	0.000000E+0	0.000000E+0
4.316081E+1	-2.375866E+0	-1.741000E+0	-6.504745E+16	2.369919E+17	-2.003105E-2	0.000000E+0	2.309917E-2	1.271536E-3	0.000000E+0	0.000000E+0	0.000000E+0
4.145294E+1	-9.616699E-1	-1.804000E+0	5.725574E-18	5.135446E+17	-2.117538E-2	0.000000E+0	2.411076E-2	5.593475E-4	0.000000E+0	0.000000E+0	0.000000E+0
4.202666E+1	-1.524391E+0	-1.867000E+0	-2.052875E-18	3.493290E-18	-2.274309E-2	0.000000E+0	2.376316E-2	8.619372E-4	0.000000E+0	0.000000E+0	0.000000E+0
4.062119E+1	-1.603085E+0	-1.930000E+0	2.907620E+17	-1.496570E-18	-2.400641E-2	0.000000E+0	2.457941E-2	9.700082E-4	0.000000E+0	0.000000E+0	0.000000E+0
3.179038E+1	-4.225025E-1	-1.994000E+0	-2.654959E-18	4.664198E-18	-2.404652E-2	0.000000E+0	3.145050E-2	4.179854E-4	0.000000E+0	0.000000E+0	0.000000E+0
3.076476E+1	2.284718E-1	-2.057000E+0	6.234127E-18	-3.929322E-18	-2.569084E-2	0.000000E+0	3.250293E-2	-2.413802E-4	0.000000E+0	0.000000E+0	0.000000E+0
2.975342E+1	2.115955E-1	-2.120000E+0	8.250878E-19	2.835790E+17	-2.689083E-2	0.000000E+0	3.360788E-2	-2.390070E-4	0.000000E+0	0.000000E+0	0.000000E+0
2.845545E+1	1.723976E-1	-2.184000E+0	4.508571E+17	-2.686618E+17	-2.838753E-2	0.000000E+0	3.514136E-2	-2.129043E-4	0.000000E+0	0.000000E+0	0.000000E+0
3.388542E+1	-5.006752E+0	-2.247000E+0	2.517955E+17	3.793721E+16	-2.932705E-2	0.000000E+0	2.888070E-2	4.267278E-3	0.000000E+0	0.000000E+0	0.000000E+0
2.692284E+1	-6.083298E-2	-2.310000E+0	-6.627991E-18	5.176248E+17	-3.019762E-2	0.000000E+0	3.714299E-2	8.392573E-5	0.000000E+0	0.000000E+0	0.000000E+0
2.471479E+1	3.733158E-1	-2.373000E+0	-5.704680E+17	1.371951E+17	-3.162796E-2	0.000000E+0	4.045237E-2	-6.110313E-4	0.000000E+0	0.000000E+0	0.000000E+0
2.251998E+1	4.928513E-1	-2.437000E+0	-4.691027E+17	6.689522E-18	-3.259196E-2	0.000000E+0	4.438375E-2	-9.713415E-4	0.000000E+0	0.000000E+0	0.000000E+0
2.272997E+1	7.809105E-1	-2.500000E+0	-3.567381E+17	-4.283094E-18	-3.395181E-2	0.000000E+0	4.394291E-2	-1.509702E-3	0.000000E+0	0.000000E+0	0.000000E+0
