Real / Ohm	Ximag / Ohm	V_DC / V	I_a c / A	V_ac / V	I_DC / A
7.573950E+1	-9.982385E+2	2.500000E+0	-9.275714E-19	-3.780148E-18	-8.166826E-7	5.623413E+6	7.557199E-5	9.960307E-4	0.000000E+0	0.000000E+0	0.000000E+0
7.788452E+1	-1.002711E+3	2.437000E+0	-1.137863E-18	-4.190346E+17	4.155881E-7	0.000000E+0	7.699939E-5	9.913155E-4	0.000000E+0	0.000000E+0	0.000000E+0
7.471753E+1	-1.006773E+3	2.373000E+0	6.653843E-18	-4.395667E+17	1.164779E-6	0.000000E+0	7.331181E-5	9.878317E-4	0.000000E+0	0.000000E+0	0.000000E+0
7.920325E+1	-1.011777E+3	2.310000E+0	-3.127958E+17	-9.739208E-19	3.541209E-7	0.000000E+0	7.689891E-5	9.823403E-4	0.000000E+0	0.000000E+0	0.000000E+0
7.990259E+1	-1.016962E+3	2.247000E+0	2.587907E+17	-3.980899E-18	-9.672513E-7	0.000000E+0	7.678540E-5	9.772879E-4	0.000000E+0	0.000000E+0	0.000000E+0
7.321350E+1	-1.022156E+3	2.184000E+0	-5.351625E-18	2.346836E+17	2.818633E-6	0.000000E+0	6.971631E-5	9.733307E-4	0.000000E+0	0.000000E+0	0.000000E+0
8.777087E+1	-1.028421E+3	2.120000E+0	-2.374011E+17	1.295985E-19	-1.028689E-6	0.000000E+0	8.238662E-5	9.653331E-4	0.000000E+0	0.000000E+0	0.000000E+0
7.935120E+1	-1.034074E+3	2.057000E+0	6.327113E-19	3.793536E+17	-8.178758E-7	0.000000E+0	7.377351E-5	9.613877E-4	0.000000E+0	0.000000E+0	0.000000E+0
7.250952E+1	-1.040534E+3	1.994000E+0	-2.769006E-18	5.985466E+14	-1.628541E-6	0.000000E+0	6.664670E-5	9.564007E-4	0.000000E+0	0.000000E+0	0.000000E+0
8.844592E+1	-1.047402E+3	1.930000E+0	-1.980651E+17	1.958093E+16	2.184992E-6	0.000000E+0	8.005071E-5	9.479835E-4	0.000000E+0	0.000000E+0	0.000000E+0
8.170557E+1	-1.053807E+3	1.867000E+0	2.915631E-18	5.325299E+16	3.417255E-6	0.000000E+0	7.313522E-5	9.432699E-4	0.000000E+0	0.000000E+0	0.000000E+0
8.154272E+1	-1.060796E+3	1.804000E+0	2.579781E+17	4.569569E-19	-4.577450E-7	0.000000E+0	7.203819E-5	9.371508E-4	0.000000E+0	0.000000E+0	0.000000E+0
8.728528E+1	-1.068444E+3	1.741000E+0	5.241939E+17	-4.155966E-18	-1.268396E-6	0.000000E+0	7.595366E-5	9.297355E-4	0.000000E+0	0.000000E+0	0.000000E+0
9.085242E+1	-1.076435E+3	1.677000E+0	-2.680828E+17	-5.132047E+17	-1.029926E-6	0.000000E+0	7.785350E-5	9.224215E-4	0.000000E+0	0.000000E+0	0.000000E+0
7.252661E+1	-1.084193E+3	1.614000E+0	1.731139E-18	4.035830E-18	2.245230E-6	0.000000E+0	6.142499E-5	9.182360E-4	0.000000E+0	0.000000E+0	0.000000E+0
8.950354E+1	-1.092594E+3	1.551000E+0	4.020179E+17	1.922731E+17	3.477486E-6	0.000000E+0	7.447627E-5	9.091521E-4	0.000000E+0	0.000000E+0	0.000000E+0
8.592517E+1	-1.101656E+3	1.487000E+0	9.211592E+16	2.295762E-18	-3.698442E-7	0.000000E+0	7.037111E-5	9.022357E-4	0.000000E+0	0.000000E+0	0.000000E+0
8.652234E+1	-1.110996E+3	1.424000E+0	-4.035047E-18	1.659667E-18	-2.201952E-6	0.000000E+0	6.967504E-5	8.946671E-4	0.000000E+0	0.000000E+0	0.000000E+0
6.984570E+1	-1.120935E+3	1.361000E+0	5.319462E+17	-2.871880E+17	5.624825E-7	0.000000E+0	5.537273E-5	8.886621E-4	0.000000E+0	0.000000E+0	0.000000E+0
8.611133E+1	-1.131945E+3	1.297000E+0	5.229813E-18	8.421242E+16	2.333123E-6	0.000000E+0	6.681955E-5	8.783519E-4	0.000000E+0	0.000000E+0	0.000000E+0
8.122644E+1	-1.143024E+3	1.234000E+0	7.433461E+16	-3.421229E+17	1.522472E-6	0.000000E+0	6.185846E-5	8.704764E-4	0.000000E+0	0.000000E+0	0.000000E+0
8.068518E+1	-1.154369E+3	1.171000E+0	-2.820974E+17	-3.562291E+17	-1.331064E-6	0.000000E+0	6.025428E-5	8.620626E-4	0.000000E+0	0.000000E+0	0.000000E+0
7.548816E+1	-1.167340E+3	1.108000E+0	3.883601E+17	-5.707470E+17	9.226496E-7	0.000000E+0	5.516603E-5	8.530810E-4	0.000000E+0	0.000000E+0	0.000000E+0
7.719104E+1	-1.181540E+3	1.044000E+0	-5.196808E+17	2.162502E-18	6.503833E-7	0.000000E+0	5.505799E-5	8.427561E-4	0.000000E+0	0.000000E+0	0.000000E+0
8.698108E+1	-1.196369E+3	9.810000E-1	-1.554615E+17	1.089529E+17	1.371900E-6	0.000000E+0	6.045120E-5	8.314675E-4	0.000000E+0	0.000000E+0	0.000000E+0
7.305505E+1	-1.212141E+3	9.180000E-1	2.547933E-18	-2.658042E+16	5.053516E-8	0.000000E+0	4.954152E-5	8.220007E-4	0.000000E+0	0.000000E+0	0.000000E+0
7.582336E+1	-1.230101E+3	8.540000E-1	-6.904437E-18	-8.375564E+16	7.997478E-7	0.000000E+0	4.991999E-5	8.098643E-4	0.000000E+0	0.000000E+0	0.000000E+0
7.248181E+1	-1.249316E+3	7.910000E-1	-4.524484E+17	2.055147E+17	-1.032360E-6	0.000000E+0	4.628338E-5	7.977528E-4	0.000000E+0	0.000000E+0	0.000000E+0
8.227246E+1	-1.271220E+3	7.280000E-1	-7.907392E-19	6.323277E-18	-1.332268E-6	0.000000E+0	5.069881E-5	7.833647E-4	0.000000E+0	0.000000E+0	0.000000E+0
8.452307E+1	-1.296371E+3	6.650000E-1	3.266052E+17	-3.794914E-19	2.964305E-6	0.000000E+0	5.008116E-5	7.681188E-4	0.000000E+0	0.000000E+0	0.000000E+0
8.526196E+1	-1.325479E+3	6.010000E-1	1.388541E-18	6.784126E-18	2.692064E-6	0.000000E+0	4.832995E-5	7.513354E-4	0.000000E+0	0.000000E+0	0.000000E+0
8.265466E+1	-1.360439E+3	5.380000E-1	4.766215E-20	4.558806E+17	1.370696E-6	0.000000E+0	4.449478E-5	7.323535E-4	0.000000E+0	0.000000E+0	0.000000E+0
8.740454E+1	-1.403129E+3	4.750000E-1	-3.849816E-18	-6.874137E-18	1.581502E-6	0.000000E+0	4.422388E-5	7.099380E-4	0.000000E+0	0.000000E+0	0.000000E+0
7.382263E+1	-1.455700E+3	4.110000E-1	-5.577361E+17	4.857998E-18	2.330686E-6	0.000000E+0	3.474804E-5	6.851926E-4	0.000000E+0	0.000000E+0	0.000000E+0
8.013403E+1	-1.513234E+3	3.480000E-1	4.155990E+17	-1.817843E+17	2.541492E-6	0.000000E+0	3.489704E-5	6.589883E-4	0.000000E+0	0.000000E+0	0.000000E+0
9.192822E+1	-1.569319E+3	2.850000E-1	-3.411601E-18	5.558819E-18	4.284468E-6	0.000000E+0	3.719964E-5	6.350400E-4	0.000000E+0	0.000000E+0	0.000000E+0
9.293567E+1	-1.623677E+3	2.220000E-1	-3.021231E-18	1.442034E+17	1.941644E-6	0.000000E+0	3.513684E-5	6.138749E-4	0.000000E+0	0.000000E+0	0.000000E+0
9.422620E+1	-1.681980E+3	1.580000E-1	4.697494E+17	-5.230656E+17	6.479440E-7	0.000000E+0	3.320238E-5	5.926774E-4	0.000000E+0	0.000000E+0	0.000000E+0
8.448157E+1	-1.747592E+3	9.500000E-2	-4.715168E+17	-4.040397E+17	4.433805E-6	0.000000E+0	2.759740E-5	5.708818E-4	0.000000E+0	0.000000E+0	0.000000E+0
9.509802E+1	-1.825975E+3	3.200000E-2	-3.093320E+17	4.406614E-18	-4.626170E-7	0.000000E+0	2.844497E-5	5.461712E-4	0.000000E+0	0.000000E+0	0.000000E+0
8.160535E+1	-1.925266E+3	-3.200000E-2	-9.427576E-19	-9.426377E-19	1.308025E-6	0.000000E+0	2.197645E-5	5.184772E-4	0.000000E+0	0.000000E+0	0.000000E+0
8.547583E+1	-2.050897E+3	-9.500000E-2	-4.717429E+17	-4.911393E+17	3.051001E-6	0.000000E+0	2.028626E-5	4.867461E-4	0.000000E+0	0.000000E+0	0.000000E+0
1.003655E+2	-2.226250E+3	-1.580000E-1	-2.949171E+17	-4.956124E-18	1.974640E-7	0.000000E+0	2.020946E-5	4.482748E-4	0.000000E+0	0.000000E+0	0.000000E+0
1.204800E+2	-2.507312E+3	-2.220000E-1	-1.478444E+17	2.700591E+17	-7.480776E-8	0.000000E+0	1.912038E-5	3.979147E-4	0.000000E+0	0.000000E+0	0.000000E+0
1.382507E+2	-3.034422E+3	-2.850000E-1	-2.815563E+17	1.903750E-18	3.200339E-6	0.000000E+0	1.498355E-5	3.288694E-4	0.000000E+0	0.000000E+0	0.000000E+0
1.773110E+2	-4.129186E+3	-3.480000E-1	-2.041751E-18	-6.427516E-19	-1.185370E-6	0.000000E+0	1.038022E-5	2.417327E-4	0.000000E+0	0.000000E+0	0.000000E+0
2.658999E+2	-6.133955E+3	-4.110000E-1	6.306558E-18	-1.599031E-19	5.576076E-7	0.000000E+0	7.053776E-6	1.627212E-4	0.000000E+0	0.000000E+0	0.000000E+0
5.650859E+2	-8.634580E+3	-4.750000E-1	-4.319920E+17	-4.172230E+17	1.306791E-6	0.000000E+0	7.547027E-6	1.153195E-4	0.000000E+0	0.000000E+0	0.000000E+0
1.104396E+3	-9.985850E+3	-5.380000E-1	-5.506723E-18	3.318154E+17	-1.457374E-8	0.000000E+0	1.094145E-5	9.893162E-5	0.000000E+0	0.000000E+0	0.000000E+0
1.545828E+3	-1.087073E+4	-6.010000E-1	4.410889E+17	3.940187E-18	1.728400E-6	0.000000E+0	1.282181E-5	9.016687E-5	0.000000E+0	0.000000E+0	0.000000E+0
1.604713E+3	-1.214039E+4	-6.650000E-1	1.829862E+17	1.860550E+17	2.988330E-6	0.000000E+0	1.070064E-5	8.095527E-5	0.000000E+0	0.000000E+0	0.000000E+0
1.555583E+3	-1.339446E+4	-7.280000E-1	-1.306383E-18	6.138991E-18	2.177676E-6	0.000000E+0	8.555085E-6	7.366418E-5	0.000000E+0	0.000000E+0	0.000000E+0
1.522731E+3	-1.446811E+4	-7.910000E-1	-1.773302E-18	1.794108E-18	3.455971E-7	0.000000E+0	7.194744E-6	6.836030E-5	0.000000E+0	0.000000E+0	0.000000E+0
1.493230E+3	-1.538288E+4	-8.540000E-1	-7.957818E+16	-3.372652E-18	1.577831E-6	0.000000E+0	6.251415E-6	6.440050E-5	0.000000E+0	0.000000E+0	0.000000E+0
1.486205E+3	-1.615910E+4	-9.180000E-1	2.088264E+17	-2.195880E+17	1.816301E-6	0.000000E+0	5.643988E-6	6.136554E-5	0.000000E+0	0.000000E+0	0.000000E+0
1.511955E+3	-1.682632E+4	-9.810000E-1	-5.319197E+16	-3.192840E+17	-1.577791E-8	0.000000E+0	5.297465E-6	5.895469E-5	0.000000E+0	0.000000E+0	0.000000E+0
1.493867E+3	-1.743759E+4	-1.044000E+0	-1.183523E-18	-5.342346E-18	2.237910E-6	0.000000E+0	4.877118E-6	5.692955E-5	0.000000E+0	0.000000E+0	0.000000E+0
1.508926E+3	-1.797902E+4	-1.108000E+0	-5.203440E-18	3.830367E-18	1.965673E-6	0.000000E+0	4.635404E-6	5.523135E-5	0.000000E+0	0.000000E+0	0.000000E+0
1.525299E+3	-1.850141E+4	-1.171000E+0	3.716679E-18	4.245176E+17	1.335575E-7	0.000000E+0	4.425920E-6	5.368505E-5	0.000000E+0	0.000000E+0	0.000000E+0
1.529598E+3	-1.894669E+4	-1.234000E+0	1.311717E+15	5.049482E-18	1.365792E-6	0.000000E+0	4.233399E-6	5.243790E-5	0.000000E+0	0.000000E+0	0.000000E+0
1.550801E+3	-1.933981E+4	-1.297000E+0	-1.006173E-18	-5.687810E-18	-9.770592E-7	0.000000E+0	4.119724E-6	5.137647E-5	0.000000E+0	0.000000E+0	0.000000E+0
1.519908E+3	-1.962019E+4	-1.361000E+0	-6.256276E-18	1.218838E+17	3.347210E-6	0.000000E+0	3.924754E-6	5.066387E-5	0.000000E+0	0.000000E+0	0.000000E+0
1.512740E+3	-1.980652E+4	-1.424000E+0	2.698511E+17	-3.360764E+17	4.937028E-7	0.000000E+0	3.833734E-6	5.019562E-5	0.000000E+0	0.000000E+0	0.000000E+0
1.489326E+3	-1.987814E+4	-1.487000E+0	-3.870907E-18	-2.240669E+17	-8.276620E-7	0.000000E+0	3.748066E-6	5.002570E-5	0.000000E+0	0.000000E+0	0.000000E+0
1.543896E+3	-1.984991E+4	-1.551000E+0	8.610729E+16	4.249670E-18	2.985835E-6	0.000000E+0	3.894768E-6	5.007513E-5	0.000000E+0	0.000000E+0	0.000000E+0
1.503111E+3	-1.971812E+4	-1.614000E+0	2.127762E-18	9.311133E+1	1.664463E-6	0.000000E+0	3.843648E-6	5.042177E-5	0.000000E+0	0.000000E+0	0.000000E+0
1.488410E+3	-1.956004E+4	-1.677000E+0	-4.960950E+17	9.965210E-19	8.538191E-7	0.000000E+0	3.867904E-6	5.083031E-5	0.000000E+0	0.000000E+0	0.000000E+0
1.498205E+3	-1.928070E+4	-1.741000E+0	-6.504745E+16	2.369919E+17	1.092318E-6	0.000000E+0	4.006003E-6	5.155405E-5	0.000000E+0	0.000000E+0	0.000000E+0
1.484688E+3	-1.900988E+4	-1.804000E+0	5.725574E-18	5.135446E+17	3.346009E-6	0.000000E+0	4.083527E-6	5.228530E-5	0.000000E+0	0.000000E+0	0.000000E+0
1.529307E+3	-1.852729E+4	-1.867000E+0	-2.052875E-18	3.493290E-18	4.924368E-7	0.000000E+0	4.425088E-6	5.360917E-5	0.000000E+0	0.000000E+0	0.000000E+0
1.535025E+3	-1.818259E+4	-1.930000E+0	2.907620E+17	-1.496570E-18	2.746187E-6	0.000000E+0	4.610199E-6	5.460846E-5	0.000000E+0	0.000000E+0	0.000000E+0
1.505422E+3	-1.801091E+4	-1.994000E+0	-2.654959E-18	4.664198E-18	1.963206E-6	0.000000E+0	4.608540E-6	5.513670E-5	0.000000E+0	0.000000E+0	0.000000E+0
1.530670E+3	-1.794347E+4	-2.057000E+0	6.234127E-18	-3.929322E-18	6.418268E-7	0.000000E+0	4.719759E-6	5.532796E-5	0.000000E+0	0.000000E+0	0.000000E+0
1.470621E+3	-1.793760E+4	-2.120000E+0	8.250878E-19	2.835790E+17	1.874098E-6	0.000000E+0	4.540072E-6	5.537660E-5	0.000000E+0	0.000000E+0	0.000000E+0
1.439615E+3	-1.792914E+4	-2.184000E+0	4.508571E+17	-2.686618E+17	5.803449E-7	0.000000E+0	4.449758E-6	5.541783E-5	0.000000E+0	0.000000E+0	0.000000E+0
1.474986E+3	-1.789403E+4	-2.247000E+0	2.517955E+17	3.793721E+16	7.911731E-7	0.000000E+0	4.575417E-6	5.550741E-5	0.000000E+0	0.000000E+0	0.000000E+0
1.505352E+3	-1.790431E+4	-2.310000E+0	-6.627991E-18	5.176248E+17	3.044857E-6	0.000000E+0	4.662981E-6	5.546042E-5	0.000000E+0	0.000000E+0	0.000000E+0
1.527211E+3	-1.793623E+4	-2.373000E+0	-5.704680E+17	1.371951E+17	3.255685E-6	0.000000E+0	4.713022E-6	5.535178E-5	0.000000E+0	0.000000E+0	0.000000E+0
1.488252E+3	-1.794765E+4	-2.437000E+0	-4.691027E+17	6.689522E-18	-8.092320E-8	0.000000E+0	4.588654E-6	5.533710E-5	0.000000E+0	0.000000E+0	0.000000E+0
1.495336E+3	-1.794084E+4	-2.500000E+0	-3.567381E+17	-4.283094E-18	6.405753E-7	0.000000E+0	4.613671E-6	5.535421E-5	0.000000E+0	0.000000E+0	0.000000E+0
