Real / Ohm	Ximag / Ohm	V_DC / V	I_a c / A	V_ac / V	I_DC / A
4.123260E+0	-2.140388E+0	-7.000000E+0	-3.567381E+17	-4.286482E-18	-1.237266E-1	1.000000E+3	1.910462E-1	9.917223E-2	0.000000E+0	0.000000E+0	0.000000E+0
1.194493E+0	4.971529E+0	-6.873000E+0	-4.736062E+17	6.906363E-18	-1.238225E-1	0.000000E+0	4.569089E-2	-1.901674E-1	0.000000E+0	0.000000E+0	0.000000E+0
8.237610E-1	2.841541E+0	-6.747000E+0	-5.749716E+17	6.512875E+16	-1.238388E-1	0.000000E+0	9.411252E-2	-3.246386E-1	0.000000E+0	0.000000E+0	0.000000E+0
4.116522E-1	2.233596E+0	-6.620000E+0	-6.627993E-18	5.176237E+17	-1.236799E-1	0.000000E+0	7.980217E-2	-4.330010E-1	0.000000E+0	0.000000E+0	0.000000E+0
3.579551E+0	-3.291238E+0	-6.494000E+0	2.517955E+17	3.793721E+16	-1.237773E-1	0.000000E+0	1.513845E-1	1.391913E-1	0.000000E+0	0.000000E+0	0.000000E+0
2.844279E+0	-9.955956E-1	-6.367000E+0	4.553607E+17	-2.686618E+17	-1.242390E-1	0.000000E+0	3.132075E-1	1.096334E-1	0.000000E+0	0.000000E+0	0.000000E+0
1.102894E+0	6.585196E+0	-6.241000E+0	8.250878E-19	2.832976E+17	-1.238768E-1	0.000000E+0	2.473900E-2	-1.477125E-1	0.000000E+0	0.000000E+0	0.000000E+0
4.432770E-1	-9.146326E+0	-6.114000E+0	2.818890E-18	-3.928899E-18	-1.238522E-1	0.000000E+0	5.286436E-3	1.090773E-1	0.000000E+0	0.000000E+0	0.000000E+0
-2.251121E+0	-2.008783E+0	-5.987000E+0	-3.087581E-18	4.670974E-18	-1.238741E-1	0.000000E+0	-2.473011E-1	2.206786E-1	0.000000E+0	0.000000E+0	0.000000E+0
8.329573E+0	-1.143260E+0	-5.861000E+0	2.907620E+17	-1.496573E-18	-1.238822E-1	0.000000E+0	1.178344E-1	1.617314E-2	0.000000E+0	0.000000E+0	0.000000E+0
2.609382E+0	-1.367882E+0	-5.734000E+0	-2.052452E-18	3.493290E-18	-1.238979E-1	0.000000E+0	3.006209E-1	1.575905E-1	0.000000E+0	0.000000E+0	0.000000E+0
-2.115098E+0	2.686450E+0	-5.608000E+0	5.725574E-18	6.181145E-18	-1.238948E-1	0.000000E+0	-1.809221E-1	-2.297947E-1	0.000000E+0	0.000000E+0	0.000000E+0
-9.613838E+0	-9.319496E+0	-5.481000E+0	-6.504745E+16	2.369913E+17	-1.239019E-1	0.000000E+0	-5.362504E-2	5.198323E-2	0.000000E+0	0.000000E+0	0.000000E+0
9.188507E+0	2.513980E+0	-5.354000E+0	7.811391E+16	1.187967E+17	-1.238451E-1	0.000000E+0	1.012522E-1	-2.770264E-2	0.000000E+0	0.000000E+0	0.000000E+0
3.452333E+0	9.171810E-1	-5.228000E+0	2.127762E-18	3.293656E+15	-1.239753E-1	0.000000E+0	2.705627E-1	-7.188038E-2	0.000000E+0	0.000000E+0	0.000000E+0
3.434716E+0	2.880351E-1	-5.101000E+0	8.610729E+16	1.699529E-17	-1.203741E-1	0.000000E+0	2.891117E-1	-2.424489E-2	0.000000E+0	0.000000E+0	0.000000E+0
3.451356E+0	3.111069E-1	-4.975000E+0	-3.334214E+16	-2.240669E+17	-1.160972E-1	0.000000E+0	2.874059E-1	-2.590691E-2	0.000000E+0	0.000000E+0	0.000000E+0
3.394009E+0	2.943822E-1	-4.848000E+0	2.698511E+17	-3.359357E+17	-1.119204E-1	0.000000E+0	2.924368E-1	-2.536475E-2	0.000000E+0	0.000000E+0	0.000000E+0
3.386895E+0	3.062097E-1	-4.722000E+0	-6.256269E-18	1.400392E+17	-1.077268E-1	0.000000E+0	2.928618E-1	-2.647768E-2	0.000000E+0	0.000000E+0	0.000000E+0
3.458881E+0	3.088924E-1	-4.595000E+0	-1.016338E-18	-5.687757E-18	-1.035163E-1	0.000000E+0	2.868234E-1	-2.561451E-2	0.000000E+0	0.000000E+0	0.000000E+0
3.652880E+0	3.112147E-1	-4.468000E+0	1.311717E+15	5.157902E-18	-9.931709E-2	0.000000E+0	2.717838E-1	-2.315519E-2	0.000000E+0	0.000000E+0	0.000000E+0
4.035740E+0	3.131543E-1	-4.342000E+0	2.540081E-19	4.246583E+17	-9.518932E-2	0.000000E+0	2.463030E-1	-1.911195E-2	0.000000E+0	0.000000E+0	0.000000E+0
4.675327E+0	3.098276E-1	-4.215000E+0	-6.938164E-18	3.830367E-18	-9.109631E-2	0.000000E+0	2.129536E-1	-1.411215E-2	0.000000E+0	0.000000E+0	0.000000E+0
5.605941E+0	3.066985E-1	-4.089000E+0	-1.291944E-18	-5.342346E-18	-8.712330E-2	0.000000E+0	1.778499E-1	-9.730085E-3	0.000000E+0	0.000000E+0	0.000000E+0
6.857805E+0	2.865562E-1	-3.962000E+0	-5.319417E+16	-3.192840E+17	-8.325909E-2	0.000000E+0	1.455651E-1	-6.082497E-3	0.000000E+0	0.000000E+0	0.000000E+0
8.253870E+0	2.546260E-1	-3.835000E+0	2.088264E+17	-2.196584E+17	-7.955322E-2	0.000000E+0	1.210401E-1	-3.734001E-3	0.000000E+0	0.000000E+0	0.000000E+0
9.695831E+0	2.162195E-1	-3.709000E+0	-7.993003E+16	-3.386204E-18	-7.602146E-2	0.000000E+0	1.030858E-1	-2.298841E-3	0.000000E+0	0.000000E+0	0.000000E+0
1.101376E+1	1.716439E-1	-3.582000E+0	-2.208677E-18	1.902529E-18	-7.255666E-2	0.000000E+0	9.077347E-2	-1.414659E-3	0.000000E+0	0.000000E+0	0.000000E+0
1.188606E+1	1.137149E-1	-3.456000E+0	-4.775830E-18	6.132215E-18	-6.909028E-2	0.000000E+0	8.412447E-2	-8.048256E-4	0.000000E+0	0.000000E+0	0.000000E+0
1.294025E+1	7.966949E-2	-3.329000E+0	3.887097E+16	1.849291E+17	-6.576438E-2	0.000000E+0	7.727533E-2	-4.757625E-4	0.000000E+0	0.000000E+0	0.000000E+0
1.358301E+1	7.237601E-2	-3.203000E+0	4.410889E+17	3.940187E-18	-6.248800E-2	0.000000E+0	7.361929E-2	-3.922747E-4	0.000000E+0	0.000000E+0	0.000000E+0
1.403375E+1	1.908985E-2	-3.076000E+0	-5.506674E-18	3.318154E+17	-5.935922E-2	0.000000E+0	7.125666E-2	-9.692911E-5	0.000000E+0	0.000000E+0	0.000000E+0
1.436488E+1	6.271418E-3	-2.949000E+0	-5.761072E+17	-5.613382E+17	-5.627490E-2	0.000000E+0	6.961421E-2	-3.039217E-5	0.000000E+0	0.000000E+0	0.000000E+0
1.502249E+1	-3.442425E-3	-2.823000E+0	2.833723E-18	-1.599031E-19	-5.321097E-2	0.000000E+0	6.656686E-2	1.525389E-5	0.000000E+0	0.000000E+0	0.000000E+0
1.639856E+1	-5.719967E-3	-2.696000E+0	-1.696221E+17	-6.410840E-19	-5.023237E-2	0.000000E+0	6.098096E-2	2.127071E-5	0.000000E+0	0.000000E+0	0.000000E+0
1.801986E+1	-1.399890E-2	-2.570000E+0	-2.726899E+17	2.120590E-18	-4.738346E-2	0.000000E+0	5.549429E-2	4.311127E-5	0.000000E+0	0.000000E+0	0.000000E+0
1.940773E+1	-7.846586E-3	-2.443000E+0	-1.523436E+17	2.700613E+17	-4.461476E-2	0.000000E+0	5.152585E-2	2.083201E-5	0.000000E+0	0.000000E+0	0.000000E+0
2.052424E+1	-1.060229E-2	-2.316000E+0	-2.971689E+17	-4.956124E-18	-4.190581E-2	0.000000E+0	4.872286E-2	2.516897E-5	0.000000E+0	0.000000E+0	0.000000E+0
2.147968E+1	2.578009E-3	-2.190000E+0	-4.717429E+17	-4.925478E+17	-3.928469E-2	0.000000E+0	4.655563E-2	-5.587645E-6	0.000000E+0	0.000000E+0	0.000000E+0
2.242274E+1	-9.659380E-4	-2.063000E+0	-9.427576E-19	-9.693192E-19	-3.669526E-2	0.000000E+0	4.459758E-2	1.921197E-6	0.000000E+0	0.000000E+0	0.000000E+0
2.344662E+1	5.984783E-3	-1.937000E+0	-3.093320E+17	4.406614E-18	-3.417679E-2	0.000000E+0	4.265007E-2	-1.088649E-5	0.000000E+0	0.000000E+0	0.000000E+0
2.467663E+1	1.165983E-2	-1.810000E+0	-4.715167E+17	-5.481549E+17	-3.169358E-2	0.000000E+0	4.052416E-2	-1.914787E-5	0.000000E+0	0.000000E+0	0.000000E+0
2.614305E+1	1.656080E-2	-1.684000E+0	4.697494E+17	-4.510080E+17	-2.929359E-2	0.000000E+0	3.825107E-2	-2.423085E-5	0.000000E+0	0.000000E+0	0.000000E+0
2.782306E+1	1.099607E-2	-1.557000E+0	-3.021231E-18	2.522898E+17	-2.693807E-2	0.000000E+0	3.594140E-2	-1.420456E-5	0.000000E+0	0.000000E+0	0.000000E+0
2.942749E+1	1.978023E-2	-1.430000E+0	-3.194971E-18	5.558819E-18	-2.465916E-2	0.000000E+0	3.398182E-2	-2.284150E-5	0.000000E+0	0.000000E+0	0.000000E+0
3.063134E+1	1.857445E-2	-1.304000E+0	4.155979E+17	-2.188149E-18	-2.245172E-2	0.000000E+0	3.264629E-2	-1.979629E-5	0.000000E+0	0.000000E+0	0.000000E+0
3.131609E+1	1.075234E-2	-1.177000E+0	-4.136209E+17	4.857998E-18	-2.026984E-2	0.000000E+0	3.193246E-2	-1.096397E-5	0.000000E+0	0.000000E+0	0.000000E+0
3.150460E+1	3.096320E-3	-1.051000E+0	-3.849816E-18	-6.440654E-18	-1.811756E-2	0.000000E+0	3.174140E-2	-3.119593E-6	0.000000E+0	0.000000E+0	0.000000E+0
3.139709E+1	-1.243781E-2	-9.240000E-1	4.766215E-20	4.558806E+17	-1.595407E-2	0.000000E+0	3.185008E-2	1.261726E-5	0.000000E+0	0.000000E+0	0.000000E+0
3.114128E+1	-1.176993E-2	-7.970000E-1	1.388541E-18	6.784133E-18	-1.377730E-2	0.000000E+0	3.211171E-2	1.213671E-5	0.000000E+0	0.000000E+0	0.000000E+0
3.082270E+1	-1.345400E-2	-6.710000E-1	3.311088E+17	-4.500095E-18	-1.161021E-2	0.000000E+0	3.244361E-2	1.416152E-5	0.000000E+0	0.000000E+0	0.000000E+0
3.061137E+1	-9.503447E-3	-5.440000E-1	-7.975154E-19	6.323277E-18	-9.414032E-3	0.000000E+0	3.266760E-2	1.014181E-5	0.000000E+0	0.000000E+0	0.000000E+0
3.054195E+1	-5.045831E-4	-4.180000E-1	-4.524503E+17	2.055147E+17	-7.228553E-3	0.000000E+0	3.274185E-2	5.409276E-7	0.000000E+0	0.000000E+0	0.000000E+0
3.063031E+1	-1.705587E-3	-2.910000E-1	-6.904543E-18	-8.375564E+16	-5.031866E-3	0.000000E+0	3.264740E-2	1.817905E-6	0.000000E+0	0.000000E+0	0.000000E+0
3.083862E+1	2.232857E-3	-1.650000E-1	2.547933E-18	-2.672116E+16	-2.850983E-3	0.000000E+0	3.242687E-2	-2.347854E-6	0.000000E+0	0.000000E+0	0.000000E+0
3.117898E+1	-2.296314E-3	-3.800000E-2	-1.554791E+17	-4.675079E+17	-6.624678E-4	0.000000E+0	3.207289E-2	2.362150E-6	0.000000E+0	0.000000E+0	0.000000E+0
3.170280E+1	-1.550168E-4	8.900000E-2	-5.196819E+17	2.155725E-18	1.515322E-3	0.000000E+0	3.154296E-2	1.542352E-7	0.000000E+0	0.000000E+0	0.000000E+0
3.237181E+1	4.530728E-3	2.150000E-1	1.001296E+17	-5.707470E+17	3.652793E-3	0.000000E+0	3.089107E-2	-4.323486E-6	0.000000E+0	0.000000E+0	0.000000E+0
3.316399E+1	-1.068921E-2	3.420000E-1	-2.820974E+17	-3.562291E+17	5.774402E-3	0.000000E+0	3.015318E-2	9.718786E-6	0.000000E+0	0.000000E+0	0.000000E+0
3.407848E+1	-1.739004E-2	4.680000E-1	7.431702E+16	-3.376193E+17	7.849563E-3	0.000000E+0	2.934402E-2	1.497408E-5	0.000000E+0	0.000000E+0	0.000000E+0
3.507446E+1	-1.718301E-2	5.950000E-1	5.230660E-18	8.421242E+16	9.912441E-3	0.000000E+0	2.851077E-2	1.396745E-5	0.000000E+0	0.000000E+0	0.000000E+0
3.610254E+1	-2.956288E-2	7.220000E-1	5.318052E+17	-2.871878E+17	1.194314E-2	0.000000E+0	2.769886E-2	2.268146E-5	0.000000E+0	0.000000E+0	0.000000E+0
3.708404E+1	-3.272681E-2	8.480000E-1	-5.656005E-19	1.659667E-18	1.392484E-2	0.000000E+0	2.696576E-2	2.379739E-5	0.000000E+0	0.000000E+0	0.000000E+0
3.803872E+1	-4.984218E-2	9.750000E-1	9.197504E+16	2.296609E-18	1.589375E-2	0.000000E+0	2.628896E-2	3.444645E-5	0.000000E+0	0.000000E+0	0.000000E+0
3.879620E+1	-5.107521E-2	1.101000E+0	4.020355E+17	1.810141E+17	1.782131E-2	0.000000E+0	2.577568E-2	3.393369E-5	0.000000E+0	0.000000E+0	0.000000E+0
3.936272E+1	-4.763998E-2	1.228000E+0	1.676929E-18	4.035830E-18	1.974935E-2	0.000000E+0	2.540471E-2	3.074686E-5	0.000000E+0	0.000000E+0	0.000000E+0
3.950043E+1	-5.740342E-2	1.354000E+0	-2.680828E+17	-5.132058E+17	2.164832E-2	0.000000E+0	2.531613E-2	3.679029E-5	0.000000E+0	0.000000E+0	0.000000E+0
3.899525E+1	-3.871468E-2	1.481000E+0	5.241928E+17	-4.155966E-18	2.356564E-2	0.000000E+0	2.564412E-2	2.545961E-5	0.000000E+0	0.000000E+0	0.000000E+0
3.776736E+1	-3.964876E-2	1.608000E+0	2.579781E+17	4.569569E-19	2.552841E-2	0.000000E+0	2.647786E-2	2.779687E-5	0.000000E+0	0.000000E+0	0.000000E+0
3.564991E+1	-2.651367E-2	1.734000E+0	2.915631E-18	5.325299E+16	2.750194E-2	0.000000E+0	2.805055E-2	2.086185E-5	0.000000E+0	0.000000E+0	0.000000E+0
3.259742E+1	4.570402E-3	1.861000E+0	-1.980651E+17	3.078113E+17	2.956431E-2	0.000000E+0	3.067727E-2	-4.301183E-6	0.000000E+0	0.000000E+0	0.000000E+0
2.868922E+1	3.059370E-2	1.987000E+0	4.142783E-18	4.323812E+17	3.174008E-2	0.000000E+0	3.485626E-2	-3.717013E-5	0.000000E+0	0.000000E+0	0.000000E+0
2.367396E+1	7.300505E-2	2.114000E+0	5.785012E-19	5.234688E+17	3.412216E-2	0.000000E+0	4.224010E-2	-1.302588E-4	0.000000E+0	0.000000E+0	0.000000E+0
1.669156E+1	1.115060E-1	2.241000E+0	3.389541E+17	1.295985E-19	3.682140E-2	0.000000E+0	5.990784E-2	-4.002073E-4	0.000000E+0	0.000000E+0	0.000000E+0
7.310300E+0	1.425153E-1	2.367000E+0	-5.351625E-18	2.346836E+17	4.012331E-2	0.000000E+0	1.367413E-1	-2.665791E-3	0.000000E+0	0.000000E+0	0.000000E+0
9.141886E+0	1.458560E-1	2.494000E+0	2.587907E+17	-4.848260E-18	4.333482E-2	0.000000E+0	1.093588E-1	-1.744786E-3	0.000000E+0	0.000000E+0	0.000000E+0
6.593153E+0	1.619841E-1	2.620000E+0	-3.127958E+17	-2.708653E-18	4.682621E-2	0.000000E+0	1.515810E-1	-3.724123E-3	0.000000E+0	0.000000E+0	0.000000E+0
5.976696E+0	1.786688E-1	2.747000E+0	6.653843E-18	-4.395667E+17	5.024813E-2	0.000000E+0	1.671671E-1	-4.997335E-3	0.000000E+0	0.000000E+0	0.000000E+0
5.971837E+0	1.887426E-1	2.873000E+0	-1.137863E-18	-4.190346E+17	5.405260E-2	0.000000E+0	1.672856E-1	-5.287135E-3	0.000000E+0	0.000000E+0	0.000000E+0
6.656265E+0	1.283721E-1	3.000000E+0	-9.275714E-19	-3.753044E-18	5.793060E-2	0.000000E+0	1.501785E-1	-2.896329E-3	0.000000E+0	0.000000E+0	0.000000E+0
