Real / Ohm	Ximag / Ohm	V_DC / V	I_a c / A	V_ac / V	I_DC / A
-2.706865E+2	1.646813E+2	-7.000000E+0	-3.567381E+17	-4.286482E-18	-1.209651E-1	1.000000E+3	-2.696319E-3	-1.640397E-3	0.000000E+0	0.000000E+0	0.000000E+0
-1.797408E+1	7.174373E-3	-6.886000E+0	-4.691026E+17	6.906363E-18	-1.239294E-1	0.000000E+0	-5.563566E-2	-2.220703E-5	0.000000E+0	0.000000E+0	0.000000E+0
6.125586E+1	5.337640E+0	-6.772000E+0	-5.704680E+17	6.512875E+16	-1.239177E-1	0.000000E+0	1.620195E-2	-1.411786E-3	0.000000E+0	0.000000E+0	0.000000E+0
1.275376E+1	3.887590E+1	-6.658000E+0	-6.627991E-18	5.175899E+17	-1.239357E-1	0.000000E+0	7.618761E-3	-2.322344E-2	0.000000E+0	0.000000E+0	0.000000E+0
-2.034377E+1	-1.194259E+2	-6.544000E+0	2.517955E+17	3.793721E+16	-1.239215E-1	0.000000E+0	-1.386154E-3	8.137267E-3	0.000000E+0	0.000000E+0	0.000000E+0
1.363421E+2	-3.127559E+2	-6.430000E+0	4.553607E+17	-2.686618E+17	-1.239364E-1	0.000000E+0	1.171269E-3	2.686781E-3	0.000000E+0	0.000000E+0	0.000000E+0
-2.472825E+2	4.081889E+0	-6.316000E+0	8.250878E-19	3.410070E-18	-1.238578E-1	0.000000E+0	-4.042856E-3	-6.673537E-5	0.000000E+0	0.000000E+0	0.000000E+0
-8.264067E+0	7.486787E+1	-6.203000E+0	6.288344E-18	-3.929323E-18	-1.238681E-1	0.000000E+0	-1.456610E-3	-1.319608E-2	0.000000E+0	0.000000E+0	0.000000E+0
1.461967E+2	-4.008057E-1	-6.089000E+0	4.284782E-18	4.664211E-18	-1.239310E-1	0.000000E+0	6.840048E-3	1.875234E-5	0.000000E+0	0.000000E+0	0.000000E+0
5.368445E+1	5.767049E+1	-5.975000E+0	2.907620E+17	-1.496570E-18	-1.238964E-1	0.000000E+0	8.647756E-3	-9.289846E-3	0.000000E+0	0.000000E+0	0.000000E+0
-3.464408E+0	3.072404E+0	-5.861000E+0	-2.052875E-18	3.493290E-18	-1.239501E-1	0.000000E+0	-1.615727E-1	-1.432905E-1	0.000000E+0	0.000000E+0	0.000000E+0
-2.816927E-1	4.774218E+1	-5.747000E+0	5.291893E-18	5.135446E+17	-1.239813E-1	0.000000E+0	-1.235822E-4	-2.094511E-2	0.000000E+0	0.000000E+0	0.000000E+0
2.225820E+0	1.100188E+0	-5.633000E+0	-6.504745E+16	2.346692E+17	-1.223037E-1	0.000000E+0	3.610596E-1	-1.784661E-1	0.000000E+0	0.000000E+0	0.000000E+0
1.688085E-1	-1.063401E+0	-5.519000E+0	-4.960950E+17	8.277014E+16	-1.213610E-1	0.000000E+0	1.456102E-1	9.172643E-1	0.000000E+0	0.000000E+0	0.000000E+0
6.339786E+0	5.837743E-1	-5.405000E+0	2.127762E-18	3.293656E+15	-1.128580E-1	0.000000E+0	1.564079E-1	-1.440220E-2	0.000000E+0	0.000000E+0	0.000000E+0
3.453007E+0	-2.351272E-1	-5.291000E+0	8.607197E+16	4.249670E-18	-1.026860E-1	0.000000E+0	2.882660E-1	1.962903E-2	0.000000E+0	0.000000E+0	0.000000E+0
9.598291E+0	1.320602E+0	-5.177000E+0	-4.014473E-19	-2.240669E+17	-1.108526E-1	0.000000E+0	1.022496E-1	-1.406824E-2	0.000000E+0	0.000000E+0	0.000000E+0
7.874992E+0	-6.412405E-1	-5.063000E+0	2.698511E+17	-3.360764E+17	-1.158118E-1	0.000000E+0	1.261478E-1	1.027190E-2	0.000000E+0	0.000000E+0	0.000000E+0
1.281184E+1	2.923504E-1	-4.949000E+0	-6.256276E-18	1.398985E+17	-1.002971E-1	0.000000E+0	7.801218E-2	-1.780142E-3	0.000000E+0	0.000000E+0	0.000000E+0
1.087136E+1	2.960284E+0	-4.835000E+0	-1.006173E-18	-5.687810E-18	-1.041215E-1	0.000000E+0	8.563514E-2	-2.331855E-2	0.000000E+0	0.000000E+0	0.000000E+0
1.286850E+1	-1.500652E+0	-4.722000E+0	1.311717E+15	5.157902E-18	-9.986980E-2	0.000000E+0	7.666655E-2	8.940422E-3	0.000000E+0	0.000000E+0	0.000000E+0
1.313595E+1	1.591446E+0	-4.608000E+0	2.540081E-19	-1.518024E+17	-9.292251E-2	0.000000E+0	7.502575E-2	-9.089516E-3	0.000000E+0	0.000000E+0	0.000000E+0
1.004914E+1	1.475755E+0	-4.494000E+0	-5.203440E-18	3.830367E-18	-9.028830E-2	0.000000E+0	9.741025E-2	-1.430507E-2	0.000000E+0	0.000000E+0	0.000000E+0
1.245139E+1	3.537606E+0	-4.380000E+0	-1.183523E-18	-5.342346E-18	-9.371227E-2	0.000000E+0	7.431369E-2	-2.111351E-2	0.000000E+0	0.000000E+0	0.000000E+0
1.517438E+1	4.453385E-1	-4.266000E+0	-5.319197E+16	-3.553127E+17	-9.168938E-2	0.000000E+0	6.584384E-2	-1.932388E-3	0.000000E+0	0.000000E+0	0.000000E+0
1.155104E+1	-1.420762E+0	-4.152000E+0	2.088264E+17	-2.196584E+17	-8.521707E-2	0.000000E+0	8.528209E-2	1.048958E-2	0.000000E+0	0.000000E+0	0.000000E+0
1.688745E+1	6.011866E-1	-4.038000E+0	-7.964855E+16	-3.372652E-18	-8.292757E-2	0.000000E+0	5.914062E-2	-2.105383E-3	0.000000E+0	0.000000E+0	0.000000E+0
1.750730E+1	6.732488E-2	-3.924000E+0	-1.827512E-18	1.580559E+17	-7.977957E-2	0.000000E+0	5.711819E-2	-2.196498E-4	0.000000E+0	0.000000E+0	0.000000E+0
1.783361E+1	9.391378E-1	-3.810000E+0	-4.775830E-18	6.138991E-18	-7.703400E-2	0.000000E+0	5.591882E-2	-2.944748E-3	0.000000E+0	0.000000E+0	0.000000E+0
1.453683E+1	1.961837E+0	-3.696000E+0	2.010006E+17	1.860550E+17	-7.497790E-2	0.000000E+0	6.756030E-2	-9.117689E-3	0.000000E+0	0.000000E+0	0.000000E+0
1.751423E+1	1.041022E+0	-3.582000E+0	4.410889E+17	3.939340E-18	-7.414603E-2	0.000000E+0	5.689542E-2	-3.381786E-3	0.000000E+0	0.000000E+0	0.000000E+0
1.742836E+1	2.046301E+0	-3.468000E+0	-5.506670E-18	3.318154E+17	-7.242550E-2	0.000000E+0	5.659751E-2	-6.645235E-3	0.000000E+0	0.000000E+0	0.000000E+0
1.812425E+1	4.682649E+0	-3.354000E+0	-5.761072E+17	-4.172230E+17	-6.784387E-2	0.000000E+0	5.172215E-2	-1.336313E-2	0.000000E+0	0.000000E+0	0.000000E+0
1.882104E+1	2.511912E-1	-3.241000E+0	6.303170E-18	-1.599031E-19	-6.602217E-2	0.000000E+0	5.312256E-2	-7.089895E-4	0.000000E+0	0.000000E+0	0.000000E+0
1.665178E+1	1.244449E+0	-3.127000E+0	-1.696221E+17	-6.410774E-19	-6.415251E-2	0.000000E+0	5.972010E-2	-4.463103E-3	0.000000E+0	0.000000E+0	0.000000E+0
1.817389E+1	-1.289788E-1	-3.013000E+0	-2.816971E+17	1.903750E-18	-6.146975E-2	0.000000E+0	5.502122E-2	3.904817E-4	0.000000E+0	0.000000E+0	0.000000E+0
1.658607E+1	-6.868677E-1	-2.899000E+0	-1.478400E+17	2.700591E+17	-5.933348E-2	0.000000E+0	6.018834E-2	2.492539E-3	0.000000E+0	0.000000E+0	0.000000E+0
1.378822E+1	3.451312E+0	-2.785000E+0	-2.949171E+17	-4.956124E-18	-5.702101E-2	0.000000E+0	6.824954E-2	-1.708346E-2	0.000000E+0	0.000000E+0	0.000000E+0
1.440815E+1	1.352021E+0	-2.671000E+0	-4.717429E+17	-4.928282E+17	-4.837964E-2	0.000000E+0	6.879936E-2	-6.455941E-3	0.000000E+0	0.000000E+0	0.000000E+0
1.752671E+1	-5.078493E-1	-2.557000E+0	-9.427576E-19	-9.426377E-19	-4.994868E-2	0.000000E+0	5.700791E-2	1.651846E-3	0.000000E+0	0.000000E+0	0.000000E+0
2.050831E+1	7.931607E-1	-2.443000E+0	-3.093320E+17	4.406614E-18	-4.361425E-2	0.000000E+0	4.868790E-2	-1.883009E-3	0.000000E+0	0.000000E+0	0.000000E+0
1.644949E+1	3.210073E+0	-2.329000E+0	-4.715212E+17	-5.436513E+17	-4.627623E-2	0.000000E+0	5.856197E-2	-1.142821E-2	0.000000E+0	0.000000E+0	0.000000E+0
1.825257E+1	-1.003284E+0	-2.215000E+0	4.697582E+17	-5.230656E+17	-4.229217E-2	0.000000E+0	5.462177E-2	3.002380E-3	0.000000E+0	0.000000E+0	0.000000E+0
2.553018E+1	-7.939854E-1	-2.101000E+0	-3.021231E-18	1.735786E-18	-3.984232E-2	0.000000E+0	3.913148E-2	1.216984E-3	0.000000E+0	0.000000E+0	0.000000E+0
2.239974E+1	-9.516356E-1	-1.987000E+0	-3.194760E-18	5.558819E-18	-3.519327E-2	0.000000E+0	4.456294E-2	1.893222E-3	0.000000E+0	0.000000E+0	0.000000E+0
3.314980E+1	3.728531E+0	-1.873000E+0	4.155990E+17	-1.817843E+17	-3.578580E-2	0.000000E+0	2.978924E-2	-3.350551E-3	0.000000E+0	0.000000E+0	0.000000E+0
3.204510E+1	4.828900E+0	-1.759000E+0	-4.136209E+17	4.857998E-18	-3.074708E-2	0.000000E+0	3.051314E-2	-4.598047E-3	0.000000E+0	0.000000E+0	0.000000E+0
3.109317E+1	3.264821E+0	-1.646000E+0	-3.851510E-18	-6.440443E-18	-2.984469E-2	0.000000E+0	3.181068E-2	-3.340161E-3	0.000000E+0	0.000000E+0	0.000000E+0
3.011980E+1	4.031147E+0	-1.532000E+0	4.766215E-20	4.558806E+17	-2.558943E-2	0.000000E+0	3.261651E-2	-4.365300E-3	0.000000E+0	0.000000E+0	0.000000E+0
3.465337E+1	2.038313E+0	-1.418000E+0	1.388541E-18	6.784133E-18	-2.305633E-2	0.000000E+0	2.875773E-2	-1.691531E-3	0.000000E+0	0.000000E+0	0.000000E+0
3.265770E+1	-1.896965E-1	-1.304000E+0	4.707193E+17	-3.632098E-18	-2.382608E-2	0.000000E+0	3.061962E-2	1.778580E-4	0.000000E+0	0.000000E+0	0.000000E+0
3.652656E+1	2.616362E-1	-1.190000E+0	-7.975154E-19	6.323277E-18	-2.124446E-2	0.000000E+0	2.737593E-2	-1.960912E-4	0.000000E+0	0.000000E+0	0.000000E+0
3.445608E+1	6.080477E-1	-1.076000E+0	-4.524462E+17	2.055148E+17	-1.879766E-2	0.000000E+0	2.901342E-2	-5.120009E-4	0.000000E+0	0.000000E+0	0.000000E+0
3.217847E+1	-9.231164E-1	-9.620000E-1	-6.904434E-18	-8.375564E+16	-1.663228E-2	0.000000E+0	3.105113E-2	8.907758E-4	0.000000E+0	0.000000E+0	0.000000E+0
3.061472E+1	-1.791262E-2	-8.480000E-1	2.547933E-18	-2.672116E+16	-1.700623E-2	0.000000E+0	3.266401E-2	1.911166E-5	0.000000E+0	0.000000E+0	0.000000E+0
2.915447E+1	-7.994865E-1	-7.340000E-1	-1.554615E+17	1.089529E+17	-1.411408E-2	0.000000E+0	3.427428E-2	9.398842E-4	0.000000E+0	0.000000E+0	0.000000E+0
2.923886E+1	-6.191434E-1	-6.200000E-1	-2.314515E+17	1.796536E+17	-1.167444E-2	0.000000E+0	3.418573E-2	7.238952E-4	0.000000E+0	0.000000E+0	0.000000E+0
2.496261E+1	-1.088498E+0	-5.060000E-1	4.674714E-18	-5.707470E+17	-9.470243E-3	0.000000E+0	3.998389E-2	1.743503E-3	0.000000E+0	0.000000E+0	0.000000E+0
2.921041E+1	3.911715E-2	-3.920000E-1	-2.820974E+17	-3.573550E+17	-7.639386E-3	0.000000E+0	3.423431E-2	-4.584491E-5	0.000000E+0	0.000000E+0	0.000000E+0
2.578947E+1	-4.288310E-2	-2.780000E-1	7.433461E+16	-3.421240E+17	-4.716087E-3	0.000000E+0	3.877541E-2	6.447630E-5	0.000000E+0	0.000000E+0	0.000000E+0
2.635406E+1	3.909274E-1	-1.650000E-1	4.333500E+17	8.421242E+16	-3.024629E-3	0.000000E+0	3.793647E-2	-5.627370E-4	0.000000E+0	0.000000E+0	0.000000E+0
2.758341E+1	-2.268807E-2	-5.100000E-2	5.364300E+17	-2.871878E+17	-1.069666E-3	0.000000E+0	3.625365E-2	2.981957E-5	0.000000E+0	0.000000E+0	0.000000E+0
2.684282E+1	5.086254E-2	6.300000E-2	-4.075705E-18	1.659667E-18	1.044132E-3	0.000000E+0	3.725378E-2	-7.058952E-5	0.000000E+0	0.000000E+0	0.000000E+0
2.929738E+1	5.507215E-1	1.770000E-1	9.225665E+16	1.907244E+17	3.617072E-3	0.000000E+0	3.412069E-2	-6.413883E-4	0.000000E+0	0.000000E+0	0.000000E+0
3.207159E+1	5.406319E-1	2.910000E-1	4.020179E+17	1.832659E+17	5.298797E-3	0.000000E+0	3.117139E-2	-5.254571E-4	0.000000E+0	0.000000E+0	0.000000E+0
3.154000E+1	4.860162E-1	4.050000E-1	1.676928E-18	4.035830E-18	6.745589E-3	0.000000E+0	3.169824E-2	-4.884547E-4	0.000000E+0	0.000000E+0	0.000000E+0
2.936257E+1	-3.205135E-1	5.190000E-1	-2.658310E+17	-5.132058E+17	8.805251E-3	0.000000E+0	3.405291E-2	3.717119E-4	0.000000E+0	0.000000E+0	0.000000E+0
3.124581E+1	-8.888471E-1	6.330000E-1	5.241928E+17	2.782928E-18	1.195020E-2	0.000000E+0	3.197841E-2	9.096874E-4	0.000000E+0	0.000000E+0	0.000000E+0
3.195032E+1	2.031496E-1	7.470000E-1	2.579781E+17	4.568510E-19	1.377646E-2	0.000000E+0	3.129733E-2	-1.989977E-4	0.000000E+0	0.000000E+0	0.000000E+0
3.185632E+1	7.773267E-1	8.610000E-1	-4.023263E-18	5.325189E+16	1.675696E-2	0.000000E+0	3.137227E-2	-7.655153E-4	0.000000E+0	0.000000E+0	0.000000E+0
3.207700E+1	3.239093E-1	9.750000E-1	-1.980656E+17	2.858813E+16	1.759139E-2	0.000000E+0	3.117181E-2	-3.147688E-4	0.000000E+0	0.000000E+0	0.000000E+0
3.471021E+1	2.924187E+0	1.089000E+0	-2.714796E-18	5.985466E+14	1.993604E-2	0.000000E+0	2.860693E-2	-2.410012E-3	0.000000E+0	0.000000E+0	0.000000E+0
3.267086E+1	1.091986E-1	1.203000E+0	5.785012E-19	5.234687E+17	2.143237E-2	0.000000E+0	3.060797E-2	-1.023036E-4	0.000000E+0	0.000000E+0	0.000000E+0
3.487330E+1	1.001926E+0	1.316000E+0	-2.373659E+17	1.295985E-19	2.247316E-2	0.000000E+0	2.865158E-2	-8.231732E-4	0.000000E+0	0.000000E+0	0.000000E+0
3.306748E+1	2.721610E+0	1.430000E+0	-5.351627E-18	2.391872E+17	2.680248E-2	0.000000E+0	3.003771E-2	-2.472246E-3	0.000000E+0	0.000000E+0	0.000000E+0
3.000363E+1	-1.356088E-1	1.544000E+0	2.587907E+17	1.873793E-18	2.653886E-2	0.000000E+0	3.332862E-2	1.506369E-4	0.000000E+0	0.000000E+0	0.000000E+0
3.750294E+1	-1.767845E+0	1.658000E+0	-3.127958E+17	-9.739241E-19	3.098565E-2	0.000000E+0	2.660546E-2	1.254150E-3	0.000000E+0	0.000000E+0	0.000000E+0
3.642091E+1	-1.865461E-2	1.772000E+0	6.653843E-18	-4.395667E+17	3.217351E-2	0.000000E+0	2.745675E-2	1.406321E-5	0.000000E+0	0.000000E+0	0.000000E+0
3.508660E+1	-1.655658E-1	1.886000E+0	-1.571544E-18	-4.190346E+17	3.364225E-2	0.000000E+0	2.850027E-2	1.344864E-4	0.000000E+0	0.000000E+0	0.000000E+0
3.404223E+1	2.076961E+0	2.000000E+0	-9.275714E-19	-3.780201E-18	3.406760E-2	0.000000E+0	2.926634E-2	-1.785578E-3	0.000000E+0	0.000000E+0	0.000000E+0
