Real / Ohm	Ximag / Ohm	V_DC / V	I_a c / A	V_ac / V	I_DC / A
3.537914E+2	2.315390E+1	2.000000E+0	-9.275714E-19	-3.780201E-18	-2.815985E-6	1.000000E+3	2.814470E-3	-1.841931E-4	0.000000E+0	0.000000E+0	0.000000E+0
3.549885E+2	-3.233572E+0	1.886000E+0	-1.571544E-18	-4.190346E+17	3.646399E-3	0.000000E+0	2.816759E-3	2.565771E-5	0.000000E+0	0.000000E+0	0.000000E+0
3.674139E+2	-3.845782E+0	1.772000E+0	6.653843E-18	-4.395667E+17	3.481525E-3	0.000000E+0	2.721428E-3	2.848564E-5	0.000000E+0	0.000000E+0	0.000000E+0
3.643889E+2	-3.557705E+0	1.658000E+0	-3.127958E+17	-9.739241E-19	3.083249E-3	0.000000E+0	2.744059E-3	2.679158E-5	0.000000E+0	0.000000E+0	0.000000E+0
3.582466E+2	-1.112556E+0	1.544000E+0	2.587907E+17	1.873793E-18	2.767711E-3	0.000000E+0	2.791346E-3	8.668691E-6	0.000000E+0	0.000000E+0	0.000000E+0
3.581006E+2	-1.207055E+0	1.430000E+0	-5.351627E-18	2.391872E+17	2.496095E-3	0.000000E+0	2.792480E-3	9.412653E-6	0.000000E+0	0.000000E+0	0.000000E+0
3.672124E+2	-1.498863E+0	1.316000E+0	-2.373659E+17	1.295985E-19	2.179025E-3	0.000000E+0	2.723174E-3	1.111527E-5	0.000000E+0	0.000000E+0	0.000000E+0
3.879292E+2	-4.124734E-1	1.203000E+0	5.785012E-19	5.234687E+17	1.898189E-3	0.000000E+0	2.577787E-3	2.740883E-6	0.000000E+0	0.000000E+0	0.000000E+0
4.119118E+2	-3.866135E-1	1.089000E+0	-2.714796E-18	5.985466E+14	1.615337E-3	0.000000E+0	2.427702E-3	2.278600E-6	0.000000E+0	0.000000E+0	0.000000E+0
4.486021E+2	-3.077801E-1	9.750000E-1	-1.980656E+17	2.858813E+16	1.351893E-3	0.000000E+0	2.229146E-3	1.529388E-6	0.000000E+0	0.000000E+0	0.000000E+0
4.949870E+2	-3.060334E-1	8.610000E-1	-4.023263E-18	5.325189E+16	1.109899E-3	0.000000E+0	2.020254E-3	1.249054E-6	0.000000E+0	0.000000E+0	0.000000E+0
5.631720E+2	-1.092654E-1	7.470000E-1	2.579781E+17	4.568510E-19	8.954847E-4	0.000000E+0	1.775656E-3	3.445090E-7	0.000000E+0	0.000000E+0	0.000000E+0
6.443651E+2	1.554032E+0	6.330000E-1	5.241928E+17	2.782928E-18	7.137563E-4	0.000000E+0	1.551906E-3	-3.742772E-6	0.000000E+0	0.000000E+0	0.000000E+0
7.361118E+2	8.963313E-1	5.190000E-1	-2.658310E+17	-5.132058E+17	5.468391E-4	0.000000E+0	1.358487E-3	-1.654171E-6	0.000000E+0	0.000000E+0	0.000000E+0
8.184573E+2	-2.353842E-1	4.050000E-1	1.676928E-18	4.035830E-18	4.023939E-4	0.000000E+0	1.221811E-3	3.513866E-7	0.000000E+0	0.000000E+0	0.000000E+0
9.177324E+2	-5.693836E-1	2.910000E-1	4.020179E+17	1.832659E+17	2.727595E-4	0.000000E+0	1.089642E-3	6.760404E-7	0.000000E+0	0.000000E+0	0.000000E+0
1.029109E+3	-5.362768E-1	1.770000E-1	9.225665E+16	1.907244E+17	1.512967E-4	0.000000E+0	9.717141E-4	5.063679E-7	0.000000E+0	0.000000E+0	0.000000E+0
1.204713E+3	-9.667211E-1	6.300000E-2	-4.075705E-18	1.659667E-18	5.026289E-5	0.000000E+0	8.300727E-4	6.660912E-7	0.000000E+0	0.000000E+0	0.000000E+0
1.242884E+3	-1.000814E+0	-5.100000E-2	5.364300E+17	-2.871878E+17	-4.259937E-5	0.000000E+0	8.045798E-4	6.478760E-7	0.000000E+0	0.000000E+0	0.000000E+0
1.086299E+3	2.174196E-1	-1.650000E-1	4.333500E+17	8.421242E+16	-1.390367E-4	0.000000E+0	9.205568E-4	-1.842468E-7	0.000000E+0	0.000000E+0	0.000000E+0
9.832451E+2	5.369811E-1	-2.780000E-1	7.433461E+16	-3.421240E+17	-2.508234E-4	0.000000E+0	1.017040E-3	-5.554376E-7	0.000000E+0	0.000000E+0	0.000000E+0
9.594916E+2	1.505588E+0	-3.920000E-1	-2.820974E+17	-3.573550E+17	-3.712648E-4	0.000000E+0	1.042216E-3	-1.635395E-6	0.000000E+0	0.000000E+0	0.000000E+0
1.076881E+3	2.885747E+0	-5.060000E-1	4.674714E-18	-5.707470E+17	-4.917062E-4	0.000000E+0	9.286010E-4	-2.488397E-6	0.000000E+0	0.000000E+0	0.000000E+0
1.330126E+3	9.024502E+0	-6.200000E-1	-2.314515E+17	1.796536E+17	-5.993793E-4	0.000000E+0	7.517739E-4	-5.100558E-6	0.000000E+0	0.000000E+0	0.000000E+0
1.403528E+3	3.184702E+1	-7.340000E-1	-1.554615E+17	1.089529E+17	-7.167563E-4	0.000000E+0	7.121236E-4	-1.615858E-5	0.000000E+0	0.000000E+0	0.000000E+0
1.178365E+3	3.574361E+1	-8.480000E-1	2.547933E-18	-2.672116E+16	-8.857166E-4	0.000000E+0	8.478534E-4	-2.571813E-5	0.000000E+0	0.000000E+0	0.000000E+0
4.887892E+2	6.016477E+0	-9.620000E-1	-6.904434E-18	-8.375564E+16	-1.754369E-3	0.000000E+0	2.045562E-3	-2.517870E-5	0.000000E+0	0.000000E+0	0.000000E+0
4.787529E+2	1.353381E+0	-1.076000E+0	-4.524462E+17	2.055148E+17	-2.234361E-3	0.000000E+0	2.088744E-3	-5.904645E-6	0.000000E+0	0.000000E+0	0.000000E+0
4.065457E+2	3.810076E+0	-1.190000E+0	-7.975154E-19	6.323277E-18	-2.261850E-3	0.000000E+0	2.459532E-3	-2.305031E-5	0.000000E+0	0.000000E+0	0.000000E+0
2.551743E+2	1.921518E+0	-1.304000E+0	4.707193E+17	-3.632098E-18	-2.581474E-3	0.000000E+0	3.918668E-3	-2.950842E-5	0.000000E+0	0.000000E+0	0.000000E+0
1.861110E+2	2.371443E-1	-1.418000E+0	1.388541E-18	6.784133E-18	-3.322445E-3	0.000000E+0	5.373129E-3	-6.846489E-6	0.000000E+0	0.000000E+0	0.000000E+0
1.575911E+2	-9.242830E-1	-1.532000E+0	4.766215E-20	4.558806E+17	-4.286604E-3	0.000000E+0	6.345318E-3	3.721574E-5	0.000000E+0	0.000000E+0	0.000000E+0
1.519387E+2	4.045290E+0	-1.646000E+0	-3.851510E-18	-6.440443E-18	-5.073030E-3	0.000000E+0	6.576940E-3	-1.751076E-4	0.000000E+0	0.000000E+0	0.000000E+0
1.210730E+2	-9.580252E-1	-1.759000E+0	-4.136209E+17	4.857998E-18	-5.739463E-3	0.000000E+0	8.258963E-3	6.535144E-5	0.000000E+0	0.000000E+0	0.000000E+0
6.846916E+1	-5.243219E-1	-1.873000E+0	4.155990E+17	-1.817843E+17	-6.948769E-3	0.000000E+0	1.460426E-2	1.118362E-4	0.000000E+0	0.000000E+0	0.000000E+0
4.687399E+1	1.248853E+0	-1.987000E+0	-3.194760E-18	5.558819E-18	-9.610064E-3	0.000000E+0	2.131866E-2	-5.679882E-4	0.000000E+0	0.000000E+0	0.000000E+0
5.193870E+1	-9.956932E-1	-2.101000E+0	-3.021231E-18	1.735786E-18	-1.114215E-2	0.000000E+0	1.924639E-2	3.689638E-4	0.000000E+0	0.000000E+0	0.000000E+0
4.753571E+1	1.111325E+0	-2.215000E+0	4.697582E+17	-5.230656E+17	-1.232490E-2	0.000000E+0	2.102532E-2	-4.915456E-4	0.000000E+0	0.000000E+0	0.000000E+0
4.828167E+1	-3.669635E+0	-2.329000E+0	-4.715212E+17	-5.436513E+17	-1.401071E-2	0.000000E+0	2.059283E-2	1.565153E-3	0.000000E+0	0.000000E+0	0.000000E+0
4.540421E+1	8.236312E-1	-2.443000E+0	-3.093320E+17	4.406614E-18	-1.469346E-2	0.000000E+0	2.201714E-2	-3.993904E-4	0.000000E+0	0.000000E+0	0.000000E+0
4.022943E+1	-8.067514E-1	-2.557000E+0	-9.427576E-19	-9.426377E-19	-1.604934E-2	0.000000E+0	2.484743E-2	4.982845E-4	0.000000E+0	0.000000E+0	0.000000E+0
4.132744E+1	6.772416E-1	-2.671000E+0	-4.717429E+17	-4.928282E+17	-1.740420E-2	0.000000E+0	2.419050E-2	-3.964149E-4	0.000000E+0	0.000000E+0	0.000000E+0
4.040645E+1	8.687366E-1	-2.785000E+0	-2.949171E+17	-4.956124E-18	-1.911810E-2	0.000000E+0	2.473709E-2	-5.318462E-4	0.000000E+0	0.000000E+0	0.000000E+0
3.614500E+1	-1.425896E+0	-2.899000E+0	-1.478400E+17	2.700591E+17	-2.039176E-2	0.000000E+0	2.762336E-2	1.089723E-3	0.000000E+0	0.000000E+0	0.000000E+0
3.150690E+1	2.146232E+0	-3.013000E+0	-2.816971E+17	1.903750E-18	-2.188810E-2	0.000000E+0	3.159248E-2	-2.152062E-3	0.000000E+0	0.000000E+0	0.000000E+0
3.560579E+1	-5.704964E-1	-3.127000E+0	-1.696221E+17	-6.410774E-19	-2.410404E-2	0.000000E+0	2.807811E-2	4.498836E-4	0.000000E+0	0.000000E+0	0.000000E+0
2.869501E+1	-3.025756E-1	-3.241000E+0	6.303170E-18	-1.599031E-19	-2.566779E-2	0.000000E+0	3.484539E-2	3.674285E-4	0.000000E+0	0.000000E+0	0.000000E+0
2.030006E+1	5.476464E-1	-3.354000E+0	-5.761072E+17	-4.172230E+17	-2.770399E-2	0.000000E+0	4.922511E-2	-1.327974E-3	0.000000E+0	0.000000E+0	0.000000E+0
1.843988E+1	4.397603E-1	-3.468000E+0	-5.506670E-18	3.318154E+17	-3.416252E-2	0.000000E+0	5.419946E-2	-1.292567E-3	0.000000E+0	0.000000E+0	0.000000E+0
2.090507E+1	-6.729068E-2	-3.582000E+0	4.410889E+17	3.939340E-18	-3.399134E-2	0.000000E+0	4.783479E-2	1.539739E-4	0.000000E+0	0.000000E+0	0.000000E+0
1.415592E+1	5.116728E+0	-3.696000E+0	2.010006E+17	1.860550E+17	-3.801779E-2	0.000000E+0	6.247896E-2	-2.258333E-2	0.000000E+0	0.000000E+0	0.000000E+0
2.988266E+1	1.861753E+0	-3.810000E+0	-4.775830E-18	6.138991E-18	-3.972404E-2	0.000000E+0	3.333483E-2	-2.076831E-3	0.000000E+0	0.000000E+0	0.000000E+0
1.176711E+1	-1.520603E+0	-3.924000E+0	-1.827512E-18	1.580559E+17	-4.084090E-2	0.000000E+0	8.358681E-2	1.080149E-2	0.000000E+0	0.000000E+0	0.000000E+0
1.518395E+1	3.777066E-1	-4.038000E+0	-7.964855E+16	-3.372652E-18	-5.395417E-2	0.000000E+0	6.581829E-2	-1.637255E-3	0.000000E+0	0.000000E+0	0.000000E+0
1.396627E+1	1.534538E+0	-4.152000E+0	2.088264E+17	-2.196584E+17	-5.237288E-2	0.000000E+0	7.074699E-2	-7.773296E-3	0.000000E+0	0.000000E+0	0.000000E+0
1.248744E+1	7.137041E-1	-4.266000E+0	-5.319197E+16	-3.553127E+17	-5.540445E-2	0.000000E+0	7.981973E-2	-4.561997E-3	0.000000E+0	0.000000E+0	0.000000E+0
2.485301E+0	-1.171771E+1	-4.380000E+0	-1.183523E-18	-5.342346E-18	-7.515459E-2	0.000000E+0	1.732141E-2	8.166707E-2	0.000000E+0	0.000000E+0	0.000000E+0
-3.785498E+0	-1.749879E+0	-4.494000E+0	-5.203440E-18	3.830367E-18	-6.750335E-2	0.000000E+0	-2.176565E-1	1.006136E-1	0.000000E+0	0.000000E+0	0.000000E+0
-3.762868E+0	1.312565E+0	-4.608000E+0	2.540081E-19	-1.518024E+17	-8.014828E-2	0.000000E+0	-2.369265E-1	-8.264481E-2	0.000000E+0	0.000000E+0	0.000000E+0
-3.444154E+0	1.228906E-1	-4.722000E+0	1.311717E+15	5.157902E-18	-8.481008E-2	0.000000E+0	-2.899779E-1	-1.034668E-2	0.000000E+0	0.000000E+0	0.000000E+0
-1.428347E+0	1.108081E+0	-4.835000E+0	-1.006173E-18	-5.687810E-18	-9.233861E-2	0.000000E+0	-4.370682E-1	-3.390681E-1	0.000000E+0	0.000000E+0	0.000000E+0
2.572196E-1	1.917509E-3	-4.949000E+0	-6.256276E-18	1.398985E+17	-9.431349E-2	0.000000E+0	3.887513E+0	-2.898045E-2	0.000000E+0	0.000000E+0	0.000000E+0
-4.243121E-1	4.358379E-1	-5.063000E+0	2.698511E+17	-3.360764E+17	-9.807232E-2	0.000000E+0	-1.146804E+0	-1.177955E+0	0.000000E+0	0.000000E+0	0.000000E+0
-1.338961E-1	5.475671E-1	-5.177000E+0	-4.014473E-19	-2.240669E+17	-9.070811E-2	0.000000E+0	-4.213777E-1	-1.723221E+0	0.000000E+0	0.000000E+0	0.000000E+0
-6.555735E-1	1.215770E+0	-5.291000E+0	8.607197E+16	4.249670E-18	-1.090793E-1	0.000000E+0	-3.436148E-1	-6.372383E-1	0.000000E+0	0.000000E+0	0.000000E+0
-1.378702E+0	2.237801E+0	-5.405000E+0	2.127762E-18	3.293656E+15	-1.089336E-1	0.000000E+0	-1.995639E-1	-3.239166E-1	0.000000E+0	0.000000E+0	0.000000E+0
-9.377421E-1	-1.884502E+0	-5.519000E+0	-4.960950E+17	8.277014E+16	-1.053559E-1	0.000000E+0	-2.116461E-1	4.253275E-1	0.000000E+0	0.000000E+0	0.000000E+0
-2.534838E+0	-1.145789E-2	-5.633000E+0	-6.504745E+16	2.346692E+17	-1.179130E-1	0.000000E+0	-3.944945E-1	1.783181E-3	0.000000E+0	0.000000E+0	0.000000E+0
-1.193448E+0	-1.527639E+0	-5.747000E+0	5.291893E-18	5.135446E+17	-1.213680E-1	0.000000E+0	-3.175754E-1	4.065033E-1	0.000000E+0	0.000000E+0	0.000000E+0
1.683929E+2	2.094678E+2	-5.861000E+0	-2.052875E-18	3.493290E-18	-1.242325E-1	0.000000E+0	2.331248E-3	-2.899894E-3	0.000000E+0	0.000000E+0	0.000000E+0
1.375656E+0	-6.059243E+1	-5.975000E+0	2.907620E+17	-1.496570E-18	-1.240123E-1	0.000000E+0	3.744978E-4	1.649521E-2	0.000000E+0	0.000000E+0	0.000000E+0
-8.088588E+1	-4.604590E+1	-6.089000E+0	4.284782E-18	4.664211E-18	-1.234331E-1	0.000000E+0	-9.337205E-3	5.315390E-3	0.000000E+0	0.000000E+0	0.000000E+0
-6.577286E+1	-2.546017E+1	-6.203000E+0	6.288344E-18	-3.929323E-18	-1.239534E-1	0.000000E+0	-1.322256E-2	5.118353E-3	0.000000E+0	0.000000E+0	0.000000E+0
-1.478376E+2	-1.792391E+0	-6.316000E+0	8.250878E-19	3.410070E-18	-1.238997E-1	0.000000E+0	-6.763185E-3	8.199722E-5	0.000000E+0	0.000000E+0	0.000000E+0
2.191223E+2	9.865018E+1	-6.430000E+0	4.553607E+17	-2.686618E+17	-1.239298E-1	0.000000E+0	3.794559E-3	-1.708334E-3	0.000000E+0	0.000000E+0	0.000000E+0
-1.075193E+2	-1.161662E+2	-6.544000E+0	2.517955E+17	3.793721E+16	-1.238710E-1	0.000000E+0	-4.291333E-3	4.636450E-3	0.000000E+0	0.000000E+0	0.000000E+0
1.567255E+2	-2.333116E+2	-6.658000E+0	-6.627991E-18	5.175899E+17	-1.239275E-1	0.000000E+0	1.983938E-3	2.953417E-3	0.000000E+0	0.000000E+0	0.000000E+0
-3.691045E+1	3.132547E+1	-6.772000E+0	-5.704680E+17	6.512875E+16	-1.239474E-1	0.000000E+0	-1.574902E-2	-1.336601E-2	0.000000E+0	0.000000E+0	0.000000E+0
-6.045562E+0	1.394592E+1	-6.886000E+0	-4.691026E+17	6.906363E-18	-1.240188E-1	0.000000E+0	-2.616702E-2	-6.036215E-2	0.000000E+0	0.000000E+0	0.000000E+0
-4.290728E+1	-1.190557E+0	-7.000000E+0	-3.567381E+17	-4.286482E-18	-1.238665E-1	0.000000E+0	-2.328814E-2	6.461807E-4	0.000000E+0	0.000000E+0	0.000000E+0
