Real / Ohm	Ximag / Ohm	V_DC / V	I_a c / A	V_ac / V	I_DC / A
6.892192E+1	-6.539561E+1	-7.000000E+0	-3.567381E+17	-4.286482E-18	-1.233359E-1	1.000000E+3	7.635241E-3	7.244593E-3	0.000000E+0	0.000000E+0	0.000000E+0
6.214532E-2	-3.126275E+0	-6.886000E+0	-4.691026E+17	6.906363E-18	-1.233605E-1	0.000000E+0	6.355980E-3	3.197431E-1	0.000000E+0	0.000000E+0	0.000000E+0
5.226627E+0	-4.523258E+0	-6.772000E+0	-5.704680E+17	6.512875E+16	-1.233325E-1	0.000000E+0	1.093952E-1	9.467341E-2	0.000000E+0	0.000000E+0	0.000000E+0
1.920187E+0	1.397957E+0	-6.658000E+0	-6.627991E-18	5.175899E+17	-1.233591E-1	0.000000E+0	3.403741E-1	-2.478031E-1	0.000000E+0	0.000000E+0	0.000000E+0
1.384078E+1	-3.648187E+0	-6.544000E+0	2.517955E+17	3.793721E+16	-1.233464E-1	0.000000E+0	6.755671E-2	1.780677E-2	0.000000E+0	0.000000E+0	0.000000E+0
1.058620E+1	3.560525E+1	-6.430000E+0	4.553607E+17	-2.686618E+17	-1.233736E-1	0.000000E+0	7.672263E-3	-2.580462E-2	0.000000E+0	0.000000E+0	0.000000E+0
1.536494E+1	-2.013833E+1	-6.316000E+0	8.250878E-19	3.410070E-18	-1.234079E-1	0.000000E+0	2.394659E-2	3.138602E-2	0.000000E+0	0.000000E+0	0.000000E+0
2.259328E+1	-1.172811E+1	-6.203000E+0	6.288344E-18	-3.929323E-18	-1.233748E-1	0.000000E+0	3.486591E-2	1.809880E-2	0.000000E+0	0.000000E+0	0.000000E+0
2.047319E+0	-2.763607E+0	-6.089000E+0	4.284782E-18	4.664211E-18	-1.233764E-1	0.000000E+0	1.730757E-1	2.336290E-1	0.000000E+0	0.000000E+0	0.000000E+0
4.004207E+0	9.231033E-1	-5.975000E+0	2.907620E+17	-1.496570E-18	-1.233770E-1	0.000000E+0	2.371347E-1	-5.466745E-2	0.000000E+0	0.000000E+0	0.000000E+0
7.066049E+0	-9.606890E-2	-5.861000E+0	-2.052875E-18	3.493290E-18	-1.194639E-1	0.000000E+0	1.414956E-1	1.923753E-3	0.000000E+0	0.000000E+0	0.000000E+0
9.087839E+0	-7.493050E-2	-5.747000E+0	5.291893E-18	5.135446E+17	-1.163113E-1	0.000000E+0	1.100297E-1	9.072101E-4	0.000000E+0	0.000000E+0	0.000000E+0
9.608089E+0	-9.485096E-2	-5.633000E+0	-6.504745E+16	2.346692E+17	-1.130586E-1	0.000000E+0	1.040688E-1	1.027366E-3	0.000000E+0	0.000000E+0	0.000000E+0
8.834736E+0	3.247948E-1	-5.519000E+0	-4.960950E+17	8.277014E+16	-1.099964E-1	0.000000E+0	1.130368E-1	-4.155615E-3	0.000000E+0	0.000000E+0	0.000000E+0
1.014598E+1	-3.619931E-1	-5.405000E+0	2.127762E-18	3.293656E+15	-1.068989E-1	0.000000E+0	9.843590E-2	3.512043E-3	0.000000E+0	0.000000E+0	0.000000E+0
1.064359E+1	-2.191899E-1	-5.291000E+0	8.607197E+16	4.249670E-18	-1.039695E-1	0.000000E+0	9.391343E-2	1.934016E-3	0.000000E+0	0.000000E+0	0.000000E+0
1.161154E+1	3.459536E-1	-5.177000E+0	-4.014473E-19	-2.240669E+17	-1.000120E-1	0.000000E+0	8.604484E-2	-2.563615E-3	0.000000E+0	0.000000E+0	0.000000E+0
1.327481E+1	2.531129E-1	-5.063000E+0	2.698511E+17	-3.360764E+17	-9.729399E-2	0.000000E+0	7.530327E-2	-1.435819E-3	0.000000E+0	0.000000E+0	0.000000E+0
1.422173E+1	-5.707362E-2	-4.949000E+0	-6.256276E-18	1.398985E+17	-9.523790E-2	0.000000E+0	7.031380E-2	2.821783E-4	0.000000E+0	0.000000E+0	0.000000E+0
1.563601E+1	-4.693708E-1	-4.835000E+0	-1.006173E-18	-5.687810E-18	-9.225230E-2	0.000000E+0	6.389736E-2	1.918108E-3	0.000000E+0	0.000000E+0	0.000000E+0
1.482879E+1	-4.562438E-1	-4.722000E+0	1.311717E+15	5.157902E-18	-8.981363E-2	0.000000E+0	6.737261E-2	2.072882E-3	0.000000E+0	0.000000E+0	0.000000E+0
1.630823E+1	-2.263485E-1	-4.608000E+0	2.540081E-19	-1.518024E+17	-8.483367E-2	0.000000E+0	6.130692E-2	8.509035E-4	0.000000E+0	0.000000E+0	0.000000E+0
1.700190E+1	3.859132E-1	-4.494000E+0	-5.203440E-18	3.830367E-18	-8.245888E-2	0.000000E+0	5.878667E-2	-1.334354E-3	0.000000E+0	0.000000E+0	0.000000E+0
1.802253E+1	9.280184E-2	-4.380000E+0	-1.183523E-18	-5.342346E-18	-7.796919E-2	0.000000E+0	5.548463E-2	-2.857022E-4	0.000000E+0	0.000000E+0	0.000000E+0
1.862011E+1	-1.172523E-1	-4.266000E+0	-5.319197E+16	-3.553127E+17	-8.038194E-2	0.000000E+0	5.370325E-2	3.381736E-4	0.000000E+0	0.000000E+0	0.000000E+0
1.908548E+1	9.899467E-1	-4.152000E+0	2.088264E+17	-2.196584E+17	-7.616295E-2	0.000000E+0	5.225527E-2	-2.710434E-3	0.000000E+0	0.000000E+0	0.000000E+0
1.998084E+1	8.093128E-2	-4.038000E+0	-7.964855E+16	-3.372652E-18	-7.529990E-2	0.000000E+0	5.004712E-2	-2.027131E-4	0.000000E+0	0.000000E+0	0.000000E+0
2.082486E+1	-2.919921E-2	-3.924000E+0	-1.827512E-18	1.580559E+17	-7.092206E-2	0.000000E+0	4.801944E-2	6.732961E-5	0.000000E+0	0.000000E+0	0.000000E+0
2.143190E+1	6.109926E-2	-3.810000E+0	-4.775830E-18	6.138991E-18	-6.939408E-2	0.000000E+0	4.665904E-2	-1.330182E-4	0.000000E+0	0.000000E+0	0.000000E+0
2.191344E+1	2.957697E-1	-3.696000E+0	2.010006E+17	1.860550E+17	-6.590387E-2	0.000000E+0	4.562578E-2	-6.158195E-4	0.000000E+0	0.000000E+0	0.000000E+0
2.222971E+1	2.282986E-1	-3.582000E+0	4.410889E+17	3.939340E-18	-6.477679E-2	0.000000E+0	4.498010E-2	-4.619446E-4	0.000000E+0	0.000000E+0	0.000000E+0
2.258664E+1	7.381660E-1	-3.468000E+0	-5.506670E-18	3.318154E+17	-6.160374E-2	0.000000E+0	4.422672E-2	-1.445397E-3	0.000000E+0	0.000000E+0	0.000000E+0
2.440677E+1	4.151005E-1	-3.354000E+0	-5.761072E+17	-4.172230E+17	-6.232293E-2	0.000000E+0	4.096039E-2	-6.966378E-4	0.000000E+0	0.000000E+0	0.000000E+0
2.518159E+1	4.325865E-1	-3.241000E+0	6.303170E-18	-1.599031E-19	-5.700175E-2	0.000000E+0	3.969984E-2	-6.819908E-4	0.000000E+0	0.000000E+0	0.000000E+0
2.602569E+1	7.498750E-2	-3.127000E+0	-1.696221E+17	-6.410774E-19	-5.558765E-2	0.000000E+0	3.842325E-2	-1.107084E-4	0.000000E+0	0.000000E+0	0.000000E+0
2.731542E+1	-1.878645E-1	-3.013000E+0	-2.816971E+17	1.903750E-18	-5.346976E-2	0.000000E+0	3.660763E-2	2.517726E-4	0.000000E+0	0.000000E+0	0.000000E+0
2.692421E+1	1.606502E-1	-2.899000E+0	-1.478400E+17	2.700591E+17	-5.220020E-2	0.000000E+0	3.713997E-2	-2.216052E-4	0.000000E+0	0.000000E+0	0.000000E+0
2.817810E+1	7.689032E-2	-2.785000E+0	-2.949171E+17	-4.956124E-18	-4.889232E-2	0.000000E+0	3.548829E-2	-9.683782E-5	0.000000E+0	0.000000E+0	0.000000E+0
2.923170E+1	6.703722E-2	-2.671000E+0	-4.717429E+17	-4.928282E+17	-4.702469E-2	0.000000E+0	3.420926E-2	-7.845228E-5	0.000000E+0	0.000000E+0	0.000000E+0
2.998812E+1	1.842342E-1	-2.557000E+0	-9.427576E-19	-9.426377E-19	-4.559578E-2	0.000000E+0	3.334528E-2	-2.048592E-4	0.000000E+0	0.000000E+0	0.000000E+0
3.104459E+1	2.989160E-2	-2.443000E+0	-3.093320E+17	4.406614E-18	-4.376288E-2	0.000000E+0	3.221170E-2	-3.101537E-5	0.000000E+0	0.000000E+0	0.000000E+0
3.173009E+1	-1.474786E-1	-2.329000E+0	-4.715212E+17	-5.436513E+17	-4.110873E-2	0.000000E+0	3.151515E-2	1.464796E-4	0.000000E+0	0.000000E+0	0.000000E+0
3.195793E+1	-9.770995E-2	-2.215000E+0	4.697582E+17	-5.230656E+17	-4.060167E-2	0.000000E+0	3.129085E-2	9.567037E-5	0.000000E+0	0.000000E+0	0.000000E+0
3.241872E+1	-1.779990E-1	-2.101000E+0	-3.021231E-18	1.735786E-18	-3.844957E-2	0.000000E+0	3.084545E-2	1.693607E-4	0.000000E+0	0.000000E+0	0.000000E+0
3.160327E+1	2.914208E-1	-1.987000E+0	-3.194760E-18	5.558819E-18	-3.556406E-2	0.000000E+0	3.163960E-2	-2.917559E-4	0.000000E+0	0.000000E+0	0.000000E+0
3.281472E+1	-2.149237E-1	-1.873000E+0	4.155990E+17	-1.817843E+17	-3.343903E-2	0.000000E+0	3.047282E-2	1.995852E-4	0.000000E+0	0.000000E+0	0.000000E+0
3.199403E+1	-3.650931E-2	-1.759000E+0	-4.136209E+17	4.857998E-18	-3.196722E-2	0.000000E+0	3.125579E-2	3.566688E-5	0.000000E+0	0.000000E+0	0.000000E+0
3.186038E+1	-6.741548E-2	-1.646000E+0	-3.851510E-18	-6.440443E-18	-2.983550E-2	0.000000E+0	3.138680E-2	6.641341E-5	0.000000E+0	0.000000E+0	0.000000E+0
3.144466E+1	3.088254E-1	-1.532000E+0	4.766215E-20	4.558806E+17	-2.814867E-2	0.000000E+0	3.179883E-2	-3.123038E-4	0.000000E+0	0.000000E+0	0.000000E+0
3.115019E+1	-9.369433E-2	-1.418000E+0	1.388541E-18	6.784133E-18	-2.640260E-2	0.000000E+0	3.210224E-2	9.655794E-5	0.000000E+0	0.000000E+0	0.000000E+0
2.901641E+1	2.322288E-1	-1.304000E+0	4.707193E+17	-3.632098E-18	-2.452220E-2	0.000000E+0	3.446105E-2	-2.758042E-4	0.000000E+0	0.000000E+0	0.000000E+0
3.040674E+1	1.232994E-1	-1.190000E+0	-7.975154E-19	6.323277E-18	-2.183945E-2	0.000000E+0	3.288690E-2	-1.333565E-4	0.000000E+0	0.000000E+0	0.000000E+0
3.022956E+1	-4.156926E-2	-1.076000E+0	-4.524462E+17	2.055148E+17	-1.960563E-2	0.000000E+0	3.308014E-2	4.548915E-5	0.000000E+0	0.000000E+0	0.000000E+0
2.898463E+1	-2.446860E-2	-9.620000E-1	-6.904434E-18	-8.375564E+16	-1.810725E-2	0.000000E+0	3.450102E-2	2.912549E-5	0.000000E+0	0.000000E+0	0.000000E+0
2.790886E+1	-2.903634E-1	-8.480000E-1	2.547933E-18	-2.672116E+16	-1.582135E-2	0.000000E+0	3.582704E-2	3.727440E-4	0.000000E+0	0.000000E+0	0.000000E+0
2.856425E+1	-4.208410E-2	-7.340000E-1	-1.554615E+17	1.089529E+17	-1.399508E-2	0.000000E+0	3.500872E-2	5.157883E-5	0.000000E+0	0.000000E+0	0.000000E+0
2.794917E+1	-8.841167E-2	-6.200000E-1	-2.314515E+17	1.796536E+17	-1.144512E-2	0.000000E+0	3.577888E-2	1.131794E-4	0.000000E+0	0.000000E+0	0.000000E+0
2.738105E+1	-1.306585E-1	-5.060000E-1	4.674714E-18	-5.707470E+17	-9.584134E-3	0.000000E+0	3.652078E-2	1.742720E-4	0.000000E+0	0.000000E+0	0.000000E+0
2.749528E+1	-3.352012E-3	-3.920000E-1	-2.820974E+17	-3.573550E+17	-7.154707E-3	0.000000E+0	3.636988E-2	4.433934E-6	0.000000E+0	0.000000E+0	0.000000E+0
2.732617E+1	-9.319678E-3	-2.780000E-1	7.433461E+16	-3.421240E+17	-5.226811E-3	0.000000E+0	3.659495E-2	1.248083E-5	0.000000E+0	0.000000E+0	0.000000E+0
2.731610E+1	-4.800540E-2	-1.650000E-1	4.333500E+17	8.421242E+16	-3.076723E-3	0.000000E+0	3.660833E-2	6.433560E-5	0.000000E+0	0.000000E+0	0.000000E+0
2.834414E+1	-2.284091E-2	-5.100000E-2	5.364300E+17	-2.871878E+17	-9.792680E-4	0.000000E+0	3.528064E-2	2.843063E-5	0.000000E+0	0.000000E+0	0.000000E+0
2.891587E+1	-7.006302E-4	6.300000E-2	-4.075705E-18	1.659667E-18	1.157002E-3	0.000000E+0	3.458309E-2	8.379466E-7	0.000000E+0	0.000000E+0	0.000000E+0
2.933395E+1	-5.912723E-2	1.770000E-1	9.225665E+16	1.907244E+17	3.387756E-3	0.000000E+0	3.409005E-2	6.871391E-5	0.000000E+0	0.000000E+0	0.000000E+0
2.863940E+1	-3.807154E-2	2.910000E-1	4.020179E+17	1.832659E+17	5.281943E-3	0.000000E+0	3.491687E-2	4.641644E-5	0.000000E+0	0.000000E+0	0.000000E+0
2.872153E+1	-3.876403E-2	4.050000E-1	1.676928E-18	4.035830E-18	7.658764E-3	0.000000E+0	3.481702E-2	4.699082E-5	0.000000E+0	0.000000E+0	0.000000E+0
2.932897E+1	-3.333002E-2	5.190000E-1	-2.658310E+17	-5.132058E+17	9.367557E-3	0.000000E+0	3.409594E-2	3.874730E-5	0.000000E+0	0.000000E+0	0.000000E+0
3.057657E+1	-1.224098E-1	6.330000E-1	5.241928E+17	2.782928E-18	1.201506E-2	0.000000E+0	3.270426E-2	1.309277E-4	0.000000E+0	0.000000E+0	0.000000E+0
3.119162E+1	-6.639278E-2	7.470000E-1	2.579781E+17	4.568510E-19	1.325195E-2	0.000000E+0	3.205975E-2	6.824063E-5	0.000000E+0	0.000000E+0	0.000000E+0
3.222461E+1	5.821377E-2	8.610000E-1	-4.023263E-18	5.325189E+16	1.557617E-2	0.000000E+0	3.103208E-2	-5.605947E-5	0.000000E+0	0.000000E+0	0.000000E+0
3.279342E+1	-6.521051E-2	9.750000E-1	-1.980656E+17	2.858813E+16	1.710518E-2	0.000000E+0	3.049380E-2	6.063766E-5	0.000000E+0	0.000000E+0	0.000000E+0
3.336270E+1	-1.053037E-1	1.089000E+0	-2.714796E-18	5.985466E+14	1.999477E-2	0.000000E+0	2.997329E-2	9.460562E-5	0.000000E+0	0.000000E+0	0.000000E+0
3.408669E+1	-4.974642E-2	1.203000E+0	5.785012E-19	5.234687E+17	2.093952E-2	0.000000E+0	2.933690E-2	4.281454E-5	0.000000E+0	0.000000E+0	0.000000E+0
3.417101E+1	3.249775E-1	1.316000E+0	-2.373659E+17	1.295985E-19	2.333731E-2	0.000000E+0	2.926193E-2	-2.782905E-4	0.000000E+0	0.000000E+0	0.000000E+0
3.495564E+1	-1.124864E-1	1.430000E+0	-5.351627E-18	2.391872E+17	2.479483E-2	0.000000E+0	2.860739E-2	9.205789E-5	0.000000E+0	0.000000E+0	0.000000E+0
3.548100E+1	3.645087E-1	1.544000E+0	2.587907E+17	1.873793E-18	2.731210E-2	0.000000E+0	2.818112E-2	-2.895145E-4	0.000000E+0	0.000000E+0	0.000000E+0
3.635075E+1	-1.737629E-2	1.658000E+0	-3.127958E+17	-9.739241E-19	2.819352E-2	0.000000E+0	2.750974E-2	1.315013E-5	0.000000E+0	0.000000E+0	0.000000E+0
3.629259E+1	-2.237563E-1	1.772000E+0	6.653843E-18	-4.395667E+17	3.107545E-2	0.000000E+0	2.755279E-2	1.698724E-4	0.000000E+0	0.000000E+0	0.000000E+0
3.681429E+1	-4.468347E-2	1.886000E+0	-1.571544E-18	-4.190346E+17	3.239251E-2	0.000000E+0	2.716333E-2	3.296958E-5	0.000000E+0	0.000000E+0	0.000000E+0
3.486998E+1	8.390899E-1	2.000000E+0	-9.275714E-19	-3.780201E-18	3.479589E-2	0.000000E+0	2.866137E-2	-6.896896E-4	0.000000E+0	0.000000E+0	0.000000E+0
