Real / Ohm	Ximag / Ohm	V_DC / V	I_a c / A	V_ac / V	I_DC / A
3.204344E+3	-1.038787E+5	-2.000000E+0	-3.567381E+17	-4.286482E-18	1.107706E-6	1.000000E+6	2.966696E-7	9.617461E-6	0.000000E+0	0.000000E+0	0.000000E+0
3.176836E+3	-9.962502E+4	-1.949000E+0	-4.691026E+17	6.906363E-18	1.228931E-6	0.000000E+0	3.197544E-7	1.002744E-5	0.000000E+0	0.000000E+0	0.000000E+0
3.234000E+3	-9.515127E+4	-1.899000E+0	-5.704680E+17	6.512875E+16	-6.650953E-7	0.000000E+0	3.567873E-7	1.049745E-5	0.000000E+0	0.000000E+0	0.000000E+0
3.278883E+3	-9.076842E+4	-1.848000E+0	-6.627991E-18	5.175899E+17	-2.586785E-6	0.000000E+0	3.974569E-7	1.100269E-5	0.000000E+0	0.000000E+0	0.000000E+0
3.270363E+3	-8.646981E+4	-1.797000E+0	2.517955E+17	3.793721E+16	8.800271E-8	0.000000E+0	4.367633E-7	1.154821E-5	0.000000E+0	0.000000E+0	0.000000E+0
3.349613E+3	-8.224613E+4	-1.747000E+0	4.553607E+17	-2.686618E+17	-2.738816E-7	0.000000E+0	4.943607E-7	1.213849E-5	0.000000E+0	0.000000E+0	0.000000E+0
3.335422E+3	-7.764061E+4	-1.696000E+0	8.250878E-19	3.410070E-18	8.687566E-7	0.000000E+0	5.522963E-7	1.285613E-5	0.000000E+0	0.000000E+0	0.000000E+0
3.280852E+3	-7.273036E+4	-1.646000E+0	6.288344E-18	-3.929323E-18	-5.145557E-7	0.000000E+0	6.189739E-7	1.372149E-5	0.000000E+0	0.000000E+0	0.000000E+0
3.331875E+3	-6.740203E+4	-1.595000E+0	4.284782E-18	4.664211E-18	2.160297E-6	0.000000E+0	7.316153E-7	1.480018E-5	0.000000E+0	0.000000E+0	0.000000E+0
3.359867E+3	-6.204028E+4	-1.544000E+0	2.907620E+17	-1.496570E-18	2.385423E-7	0.000000E+0	8.703676E-7	1.607142E-5	0.000000E+0	0.000000E+0	0.000000E+0
3.316074E+3	-5.938625E+4	-1.494000E+0	-2.052875E-18	3.493290E-18	1.408858E-6	0.000000E+0	9.373470E-7	1.678657E-5	0.000000E+0	0.000000E+0	0.000000E+0
3.343883E+3	-5.744659E+4	-1.443000E+0	5.291893E-18	5.135446E+17	-2.124580E-9	0.000000E+0	1.009842E-6	1.734869E-5	0.000000E+0	0.000000E+0	0.000000E+0
3.334813E+3	-5.556717E+4	-1.392000E+0	-6.504745E+16	2.346692E+17	1.190929E-7	0.000000E+0	1.076152E-6	1.793165E-5	0.000000E+0	0.000000E+0	0.000000E+0
3.343473E+3	-5.361039E+4	-1.342000E+0	-4.960950E+17	8.277014E+16	-1.264219E-6	0.000000E+0	1.158815E-6	1.858083E-5	0.000000E+0	0.000000E+0	0.000000E+0
3.318477E+3	-5.160930E+4	-1.291000E+0	2.127762E-18	3.293656E+15	-4.207403E-6	0.000000E+0	1.240769E-6	1.929657E-5	0.000000E+0	0.000000E+0	0.000000E+0
3.275230E+3	-4.979538E+4	-1.241000E+0	8.607197E+16	4.249670E-18	5.134541E-6	0.000000E+0	1.315191E-6	1.999568E-5	0.000000E+0	0.000000E+0	0.000000E+0
3.124250E+3	-4.817813E+4	-1.190000E+0	-4.014473E-19	-2.240669E+17	-3.622335E-7	0.000000E+0	1.340366E-6	2.066939E-5	0.000000E+0	0.000000E+0	0.000000E+0
2.844793E+3	-4.668856E+4	-1.139000E+0	2.698511E+17	-3.360764E+17	7.804047E-7	0.000000E+0	1.300230E-6	2.133930E-5	0.000000E+0	0.000000E+0	0.000000E+0
2.550996E+3	-4.499522E+4	-1.089000E+0	-6.256276E-18	1.398985E+17	-9.216456E-8	0.000000E+0	1.255982E-6	2.215338E-5	0.000000E+0	0.000000E+0	0.000000E+0
2.280238E+3	-4.229037E+4	-1.038000E+0	-1.006173E-18	-5.687810E-18	5.397378E-7	0.000000E+0	1.271266E-6	2.357750E-5	0.000000E+0	0.000000E+0	0.000000E+0
1.999309E+3	-3.793548E+4	-9.870000E-1	1.311717E+15	5.157902E-18	1.171647E-6	0.000000E+0	1.385429E-6	2.628753E-5	0.000000E+0	0.000000E+0	0.000000E+0
1.620225E+3	-3.209183E+4	-9.370000E-1	2.540081E-19	-1.518024E+17	1.831246E-6	0.000000E+0	1.569209E-6	3.108135E-5	0.000000E+0	0.000000E+0	0.000000E+0
1.257945E+3	-2.590832E+4	-8.860000E-1	-5.203440E-18	3.830367E-18	1.441695E-6	0.000000E+0	1.869651E-6	3.850686E-5	0.000000E+0	0.000000E+0	0.000000E+0
9.257803E+2	-2.041371E+4	-8.350000E-1	-1.183523E-18	-5.342346E-18	-2.012173E-6	0.000000E+0	2.217031E-6	4.888614E-5	0.000000E+0	0.000000E+0	0.000000E+0
6.884170E+2	-1.654923E+4	-7.850000E-1	-5.319197E+16	-3.553127E+17	6.903138E-7	0.000000E+0	2.509257E-6	6.032139E-5	0.000000E+0	0.000000E+0	0.000000E+0
5.273730E+2	-1.386620E+4	-7.340000E-1	2.088264E+17	-2.196584E+17	-2.099514E-7	0.000000E+0	2.738894E-6	7.201364E-5	0.000000E+0	0.000000E+0	0.000000E+0
4.159805E+2	-1.210752E+4	-6.840000E-1	-7.964855E+16	-3.372652E-18	-1.593267E-6	0.000000E+0	2.834329E-6	8.249592E-5	0.000000E+0	0.000000E+0	0.000000E+0
3.379497E+2	-1.088911E+4	-6.330000E-1	-1.827512E-18	1.580559E+17	2.613724E-6	0.000000E+0	2.847405E-6	9.174650E-5	0.000000E+0	0.000000E+0	0.000000E+0
2.807856E+2	-1.001973E+4	-5.820000E-1	-4.775830E-18	6.138991E-18	1.202741E-6	0.000000E+0	2.794614E-6	9.972477E-5	0.000000E+0	0.000000E+0	0.000000E+0
2.435400E+2	-9.376422E+3	-5.320000E-1	2.010006E+17	1.860550E+17	8.408824E-7	0.000000E+0	2.768236E-6	1.065786E-4	0.000000E+0	0.000000E+0	0.000000E+0
2.085918E+2	-8.854230E+3	-4.810000E-1	4.410889E+17	3.939340E-18	1.983533E-6	0.000000E+0	2.659222E-6	1.128777E-4	0.000000E+0	0.000000E+0	0.000000E+0
1.898062E+2	-8.423391E+3	-4.300000E-1	-5.506670E-18	3.318154E+17	1.593980E-6	0.000000E+0	2.673721E-6	1.186568E-4	0.000000E+0	0.000000E+0	0.000000E+0
1.680239E+2	-8.064878E+3	-3.800000E-1	-5.761072E+17	-4.172230E+17	2.253581E-6	0.000000E+0	2.582183E-6	1.239406E-4	0.000000E+0	0.000000E+0	0.000000E+0
1.582939E+2	-7.747216E+3	-3.290000E-1	6.303170E-18	-1.599031E-19	1.353314E-6	0.000000E+0	2.636280E-6	1.290248E-4	0.000000E+0	0.000000E+0	0.000000E+0
1.512808E+2	-7.468425E+3	-2.780000E-1	-1.696221E+17	-6.410774E-19	4.530757E-7	0.000000E+0	2.711113E-6	1.338421E-4	0.000000E+0	0.000000E+0	0.000000E+0
1.404224E+2	-7.224967E+3	-2.280000E-1	-2.816971E+17	1.903750E-18	3.155532E-6	0.000000E+0	2.689061E-6	1.383567E-4	0.000000E+0	0.000000E+0	0.000000E+0
1.395659E+2	-7.002026E+3	-1.770000E-1	-1.478400E+17	2.700591E+17	7.231229E-7	0.000000E+0	2.845505E-6	1.427591E-4	0.000000E+0	0.000000E+0	0.000000E+0
1.304272E+2	-6.803000E+3	-1.270000E-1	-2.949171E+17	-4.956124E-18	2.404151E-6	0.000000E+0	2.817135E-6	1.469400E-4	0.000000E+0	0.000000E+0	0.000000E+0
1.288169E+2	-6.614188E+3	-7.600000E-2	-4.717429E+17	-4.928282E+17	4.824274E-7	0.000000E+0	2.943439E-6	1.511328E-4	0.000000E+0	0.000000E+0	0.000000E+0
1.265459E+2	-6.440966E+3	-2.500000E-2	-9.427576E-19	-9.426377E-19	-4.178100E-7	0.000000E+0	3.049148E-6	1.551963E-4	0.000000E+0	0.000000E+0	0.000000E+0
1.210479E+2	-6.282123E+3	2.500000E-2	-3.093320E+17	4.406614E-18	1.773932E-6	0.000000E+0	3.066078E-6	1.591228E-4	0.000000E+0	0.000000E+0	0.000000E+0
1.240234E+2	-6.131425E+3	7.600000E-2	-4.715212E+17	-5.436513E+17	3.629516E-7	0.000000E+0	3.297639E-6	1.630275E-4	0.000000E+0	0.000000E+0	0.000000E+0
1.255405E+2	-5.987624E+3	1.270000E-1	4.697582E+17	-5.230656E+17	4.841422E-7	0.000000E+0	3.500128E-6	1.669378E-4	0.000000E+0	0.000000E+0	0.000000E+0
1.268071E+2	-5.854881E+3	1.770000E-1	-3.021231E-18	1.735786E-18	2.165170E-6	0.000000E+0	3.697462E-6	1.707176E-4	0.000000E+0	0.000000E+0	0.000000E+0
1.303066E+2	-5.726672E+3	2.280000E-1	-3.194760E-18	5.558819E-18	1.775647E-6	0.000000E+0	3.971339E-6	1.745311E-4	0.000000E+0	0.000000E+0	0.000000E+0
1.345088E+2	-5.608042E+3	2.780000E-1	4.155990E+17	-1.817843E+17	1.924504E-6	0.000000E+0	4.274432E-6	1.782128E-4	0.000000E+0	0.000000E+0	0.000000E+0
1.387358E+2	-5.494021E+3	3.290000E-1	-4.136209E+17	4.857998E-18	1.024266E-6	0.000000E+0	4.593366E-6	1.819001E-4	0.000000E+0	0.000000E+0	0.000000E+0
1.421138E+2	-5.387697E+3	3.800000E-1	-3.851510E-18	-6.440443E-18	1.656170E-6	0.000000E+0	4.892467E-6	1.854790E-4	0.000000E+0	0.000000E+0	0.000000E+0
1.464146E+2	-5.291361E+3	4.300000E-1	4.766215E-20	4.558806E+17	2.728557E-7	0.000000E+0	5.225372E-6	1.888427E-4	0.000000E+0	0.000000E+0	0.000000E+0
1.513623E+2	-5.198177E+3	4.810000E-1	1.388541E-18	6.784133E-18	1.415503E-6	0.000000E+0	5.596900E-6	1.922122E-4	0.000000E+0	0.000000E+0	0.000000E+0
1.521606E+2	-5.112964E+3	5.320000E-1	4.707193E+17	-3.632098E-18	-5.062175E-7	0.000000E+0	5.815302E-6	1.954082E-4	0.000000E+0	0.000000E+0	0.000000E+0
1.560771E+2	-5.036177E+3	5.820000E-1	-7.975154E-19	6.323277E-18	1.533808E-7	0.000000E+0	6.147808E-6	1.983728E-4	0.000000E+0	0.000000E+0	0.000000E+0
1.599937E+2	-4.964607E+3	6.330000E-1	-4.524462E+17	2.055148E+17	2.745692E-7	0.000000E+0	6.484587E-6	2.012168E-4	0.000000E+0	0.000000E+0	0.000000E+0
1.618191E+2	-4.899878E+3	6.840000E-1	-6.904434E-18	-8.375564E+16	1.927932E-6	0.000000E+0	6.732647E-6	2.038644E-4	0.000000E+0	0.000000E+0	0.000000E+0
1.609788E+2	-4.841705E+3	7.340000E-1	2.547933E-18	-2.672116E+16	2.076787E-6	0.000000E+0	6.859496E-6	2.063107E-4	0.000000E+0	0.000000E+0	0.000000E+0
1.629731E+2	-4.787882E+3	7.850000E-1	-1.554615E+17	1.089529E+17	-1.887820E-6	0.000000E+0	7.101109E-6	2.086189E-4	0.000000E+0	0.000000E+0	0.000000E+0
1.650754E+2	-4.739396E+3	8.350000E-1	-2.314515E+17	1.796536E+17	1.836124E-6	0.000000E+0	7.340232E-6	2.107417E-4	0.000000E+0	0.000000E+0	0.000000E+0
1.672451E+2	-4.694404E+3	8.860000E-1	4.674714E-18	-5.707470E+17	-5.963157E-7	0.000000E+0	7.579518E-6	2.127496E-4	0.000000E+0	0.000000E+0	0.000000E+0
1.705415E+2	-4.654414E+3	9.370000E-1	-2.820974E+17	-3.573550E+17	3.561945E-8	0.000000E+0	7.861717E-6	2.145618E-4	0.000000E+0	0.000000E+0	0.000000E+0
1.702483E+2	-4.618012E+3	9.870000E-1	7.433461E+16	-3.421240E+17	-8.369825E-7	0.000000E+0	7.972285E-6	2.162495E-4	0.000000E+0	0.000000E+0	0.000000E+0
1.715139E+2	-4.583540E+3	1.038000E+0	4.333500E+17	8.421242E+16	8.163843E-7	0.000000E+0	8.152477E-6	2.178669E-4	0.000000E+0	0.000000E+0	0.000000E+0
1.700984E+2	-4.552937E+3	1.089000E+0	5.364300E+17	-2.871878E+17	2.469744E-6	0.000000E+0	8.194287E-6	2.193323E-4	0.000000E+0	0.000000E+0	0.000000E+0
1.699124E+2	-4.525551E+3	1.139000E+0	-4.075705E-18	1.659667E-18	6.500341E-8	0.000000E+0	8.284578E-6	2.206565E-4	0.000000E+0	0.000000E+0	0.000000E+0
1.699714E+2	-4.498877E+3	1.190000E+0	9.225665E+16	1.907244E+17	1.718356E-6	0.000000E+0	8.385870E-6	2.219609E-4	0.000000E+0	0.000000E+0	0.000000E+0
1.712769E+2	-4.474607E+3	1.241000E+0	4.020179E+17	1.832659E+17	-1.735534E-6	0.000000E+0	8.541874E-6	2.231564E-4	0.000000E+0	0.000000E+0	0.000000E+0
1.695967E+2	-4.453238E+3	1.291000E+0	1.676928E-18	4.035830E-18	-5.652182E-7	0.000000E+0	8.539573E-6	2.242305E-4	0.000000E+0	0.000000E+0	0.000000E+0
1.696577E+2	-4.432683E+3	1.342000E+0	-2.658310E+17	-5.132058E+17	-1.976201E-6	0.000000E+0	8.621930E-6	2.252670E-4	0.000000E+0	0.000000E+0	0.000000E+0
1.703499E+2	-4.413977E+3	1.392000E+0	5.241928E+17	2.782928E-18	-2.338056E-6	0.000000E+0	8.730425E-6	2.262161E-4	0.000000E+0	0.000000E+0	0.000000E+0
1.697070E+2	-4.395871E+3	1.443000E+0	2.579781E+17	4.568510E-19	1.868932E-6	0.000000E+0	8.769263E-6	2.271477E-4	0.000000E+0	0.000000E+0	0.000000E+0
1.670115E+2	-4.379875E+3	1.494000E+0	-4.023263E-18	5.325189E+16	-5.635084E-7	0.000000E+0	8.693445E-6	2.279855E-4	0.000000E+0	0.000000E+0	0.000000E+0
1.689902E+2	-4.365068E+3	1.544000E+0	-1.980656E+17	2.858813E+16	-9.253636E-7	0.000000E+0	8.855826E-6	2.287487E-4	0.000000E+0	0.000000E+0	0.000000E+0
1.701230E+2	-4.350501E+3	1.595000E+0	-2.714796E-18	5.985466E+14	2.172528E-7	0.000000E+0	8.974720E-6	2.295076E-4	0.000000E+0	0.000000E+0	0.000000E+0
1.675159E+2	-4.337992E+3	1.646000E+0	5.785012E-19	5.234687E+17	1.359906E-6	0.000000E+0	8.888560E-6	2.301782E-4	0.000000E+0	0.000000E+0	0.000000E+0
1.675266E+2	-4.327121E+3	1.696000E+0	-2.373659E+17	1.295985E-19	9.980504E-7	0.000000E+0	8.933779E-6	2.307547E-4	0.000000E+0	0.000000E+0	0.000000E+0
1.675859E+2	-4.317764E+3	1.747000E+0	-5.351627E-18	2.391872E+17	6.085174E-7	0.000000E+0	8.975650E-6	2.312530E-4	0.000000E+0	0.000000E+0	0.000000E+0
1.686677E+2	-4.310125E+3	1.797000E+0	2.587907E+17	1.873793E-18	-2.640809E-7	0.000000E+0	9.065414E-6	2.316571E-4	0.000000E+0	0.000000E+0	0.000000E+0
1.670867E+2	-4.304282E+3	1.848000E+0	-3.127958E+17	-9.739241E-19	-1.428925E-7	0.000000E+0	9.005058E-6	2.319772E-4	0.000000E+0	0.000000E+0	0.000000E+0
1.630513E+2	-4.299673E+3	1.899000E+0	6.653843E-18	-4.395667E+17	4.890171E-7	0.000000E+0	8.807027E-6	2.322418E-4	0.000000E+0	0.000000E+0	0.000000E+0
1.649565E+2	-4.296354E+3	1.949000E+0	-1.571544E-18	-4.190346E+17	2.680790E-6	0.000000E+0	8.923384E-6	2.324129E-4	0.000000E+0	0.000000E+0	0.000000E+0
1.676572E+2	-4.292512E+3	2.000000E+0	-9.275714E-19	-3.780201E-18	1.780529E-6	0.000000E+0	9.085256E-6	2.326090E-4	0.000000E+0	0.000000E+0	0.000000E+0
