Real / Ohm	Ximag / Ohm	V_DC / V	I_a c / A	V_ac / V	I_DC / A
8.960336E+3	-1.467376E+3	-1.500000E+0	-3.567381E+17	-4.286482E-18	-9.239840E-5	1.000000E+6	1.086881E-4	1.779915E-5	0.000000E+0	0.000000E+0	0.000000E+0
6.724326E+3	-8.155303E+2	-1.462000E+0	-4.691026E+17	6.906363E-18	-5.208106E-5	0.000000E+0	1.465581E-4	1.777465E-5	0.000000E+0	0.000000E+0	0.000000E+0
8.278594E+3	-1.307670E+3	-1.424000E+0	-5.704680E+17	6.512875E+16	-9.858687E-5	0.000000E+0	1.178529E-4	1.861581E-5	0.000000E+0	0.000000E+0	0.000000E+0
8.704309E+3	-1.462908E+3	-1.386000E+0	-6.627991E-18	5.175899E+17	-5.367298E-5	0.000000E+0	1.117297E-4	1.877808E-5	0.000000E+0	0.000000E+0	0.000000E+0
8.036860E+3	-1.307136E+3	-1.348000E+0	2.517955E+17	3.793721E+16	-4.246687E-5	0.000000E+0	1.212201E-4	1.971556E-5	0.000000E+0	0.000000E+0	0.000000E+0
1.065074E+4	-2.344755E+3	-1.310000E+0	4.553607E+17	-2.686618E+17	-4.300749E-5	0.000000E+0	8.955007E-5	1.971440E-5	0.000000E+0	0.000000E+0	0.000000E+0
1.014372E+4	-2.215615E+3	-1.272000E+0	8.250878E-19	3.410070E-18	-6.959503E-5	0.000000E+0	9.409409E-5	2.055225E-5	0.000000E+0	0.000000E+0	0.000000E+0
1.119998E+4	-2.862102E+3	-1.234000E+0	6.288344E-18	-3.929323E-18	-3.438495E-5	0.000000E+0	8.381263E-5	2.141792E-5	0.000000E+0	0.000000E+0	0.000000E+0
9.042209E+3	-1.835384E+3	-1.196000E+0	4.284782E-18	4.664211E-18	-7.067624E-5	0.000000E+0	1.062163E-4	2.155973E-5	0.000000E+0	0.000000E+0	0.000000E+0
7.870497E+3	-1.441096E+3	-1.158000E+0	2.907620E+17	-1.496570E-18	-2.269801E-5	0.000000E+0	1.229353E-4	2.250957E-5	0.000000E+0	0.000000E+0	0.000000E+0
7.565006E+3	-1.391953E+3	-1.120000E+0	-2.052875E-18	3.493290E-18	-3.243165E-5	0.000000E+0	1.278589E-4	2.352589E-5	0.000000E+0	0.000000E+0	0.000000E+0
1.179459E+4	-4.012942E+3	-1.082000E+0	5.291893E-18	5.135446E+17	-7.229799E-5	0.000000E+0	7.598821E-5	2.585391E-5	0.000000E+0	0.000000E+0	0.000000E+0
1.095668E+4	-4.040107E+3	-1.044000E+0	-6.504745E+16	2.346692E+17	-2.942703E-5	0.000000E+0	8.034447E-5	2.962579E-5	0.000000E+0	0.000000E+0	0.000000E+0
7.645677E+3	-2.108563E+3	-1.006000E+0	-4.960950E+17	8.277014E+16	-1.132157E-4	0.000000E+0	1.215482E-4	3.352118E-5	0.000000E+0	0.000000E+0	0.000000E+0
1.021363E+4	-5.355033E+3	-9.680000E-1	2.127762E-18	3.293656E+15	-4.480852E-5	0.000000E+0	7.679732E-5	4.026504E-5	0.000000E+0	0.000000E+0	0.000000E+0
5.035596E+3	-1.279281E+3	-9.300000E-1	8.607197E+16	4.249670E-18	-5.454216E-5	0.000000E+0	1.865465E-4	4.739168E-5	0.000000E+0	0.000000E+0	0.000000E+0
6.281563E+3	-2.580892E+3	-8.920000E-1	-4.014473E-19	-2.240669E+17	-5.559348E-5	0.000000E+0	1.362033E-4	5.596153E-5	0.000000E+0	0.000000E+0	0.000000E+0
7.460358E+3	-5.852230E+3	-8.540000E-1	2.698511E+17	-3.360764E+17	-3.774797E-5	0.000000E+0	8.297996E-5	6.509310E-5	0.000000E+0	0.000000E+0	0.000000E+0
6.697195E+3	-5.641757E+3	-8.160000E-1	-6.256276E-18	1.398985E+17	-2.705263E-5	0.000000E+0	8.733743E-5	7.357357E-5	0.000000E+0	0.000000E+0	0.000000E+0
5.949278E+3	-4.586609E+3	-7.780000E-1	-1.006173E-18	-5.687810E-18	-8.632652E-5	0.000000E+0	1.054259E-4	8.127834E-5	0.000000E+0	0.000000E+0	0.000000E+0
5.280025E+3	-2.742343E+3	-7.410000E-1	1.311717E+15	5.157902E-18	-1.687023E-5	0.000000E+0	1.491570E-4	7.746927E-5	0.000000E+0	0.000000E+0	0.000000E+0
5.112437E+3	-3.963655E+3	-7.030000E-1	2.540081E-19	-1.518024E+17	-2.558238E-5	0.000000E+0	1.221681E-4	9.471648E-5	0.000000E+0	0.000000E+0	0.000000E+0
4.613400E+3	-6.897168E+3	-6.650000E-1	-5.203440E-18	3.830367E-18	-5.676647E-5	0.000000E+0	6.700227E-5	1.001704E-4	0.000000E+0	0.000000E+0	0.000000E+0
4.436706E+3	-3.059014E+3	-6.270000E-1	-1.183523E-18	-5.342346E-18	-5.066762E-5	0.000000E+0	1.527690E-4	1.053310E-4	0.000000E+0	0.000000E+0	0.000000E+0
4.482738E+3	-5.099028E+3	-5.890000E-1	-5.319197E+16	-3.553127E+17	-7.061576E-5	0.000000E+0	9.724993E-5	1.106199E-4	0.000000E+0	0.000000E+0	0.000000E+0
2.803655E+3	-7.662015E+3	-5.510000E-1	2.088264E+17	-2.196584E+17	-2.161611E-5	0.000000E+0	4.211782E-5	1.151024E-4	0.000000E+0	0.000000E+0	0.000000E+0
4.182881E+3	-4.174160E+3	-5.130000E-1	-7.964855E+16	-3.372652E-18	-1.041000E-5	0.000000E+0	1.197843E-4	1.195346E-4	0.000000E+0	0.000000E+0	0.000000E+0
3.504139E+3	-6.059595E+3	-4.750000E-1	-1.827512E-18	1.580559E+17	-2.882595E-5	0.000000E+0	7.151642E-5	1.236711E-4	0.000000E+0	0.000000E+0	0.000000E+0
3.328102E+3	-5.947966E+3	-4.370000E-1	-4.775830E-18	6.138991E-18	-3.958106E-5	0.000000E+0	7.164209E-5	1.280384E-4	0.000000E+0	0.000000E+0	0.000000E+0
3.458851E+3	-5.367280E+3	-3.990000E-1	2.010006E+17	1.860550E+17	-2.377848E-5	0.000000E+0	8.483534E-5	1.316434E-4	0.000000E+0	0.000000E+0	0.000000E+0
2.876450E+3	-6.026017E+3	-3.610000E-1	4.410889E+17	3.939340E-18	-2.993705E-5	0.000000E+0	6.451342E-5	1.351524E-4	0.000000E+0	0.000000E+0	0.000000E+0
3.536292E+3	-4.285528E+3	-3.230000E-1	-5.506670E-18	3.318154E+17	-2.026311E-5	0.000000E+0	1.145502E-4	1.388200E-4	0.000000E+0	0.000000E+0	0.000000E+0
3.152818E+3	-5.078769E+3	-2.850000E-1	-5.761072E+17	-4.172230E+17	-2.948606E-5	0.000000E+0	8.822982E-5	1.421265E-4	0.000000E+0	0.000000E+0	0.000000E+0
1.408557E+3	-6.558379E+3	-2.470000E-1	6.303170E-18	-1.599031E-19	-1.930141E-5	0.000000E+0	3.130379E-5	1.457535E-4	0.000000E+0	0.000000E+0	0.000000E+0
3.036932E+3	-4.787612E+3	-2.090000E-1	-1.696221E+17	-6.410774E-19	-9.627500E-6	0.000000E+0	9.447843E-5	1.489418E-4	0.000000E+0	0.000000E+0	0.000000E+0
2.449201E+3	-5.473742E+3	-1.710000E-1	-2.816971E+17	1.903750E-18	-1.374316E-5	0.000000E+0	6.810821E-5	1.522157E-4	0.000000E+0	0.000000E+0	0.000000E+0
2.701438E+3	-4.962697E+3	-1.330000E-1	-1.478400E+17	2.700591E+17	-1.479448E-5	0.000000E+0	8.461527E-5	1.554431E-4	0.000000E+0	0.000000E+0	0.000000E+0
2.825847E+3	-4.576582E+3	-9.500000E-2	-2.949171E+17	-4.956124E-18	-5.631313E-6	0.000000E+0	9.767704E-5	1.581922E-4	0.000000E+0	0.000000E+0	0.000000E+0
2.862794E+3	-4.292105E+3	-5.700000E-2	-4.717429E+17	-4.928282E+17	-1.575403E-6	0.000000E+0	1.075520E-4	1.612497E-4	0.000000E+0	0.000000E+0	0.000000E+0
2.713039E+3	-4.380202E+3	-1.900000E-2	-9.427576E-19	-9.426377E-19	4.376203E-7	0.000000E+0	1.021985E-4	1.649996E-4	0.000000E+0	0.000000E+0	0.000000E+0
1.378657E+3	-5.583743E+3	1.900000E-2	-3.093320E+17	4.406614E-18	3.982844E-6	0.000000E+0	4.167786E-5	1.688008E-4	0.000000E+0	0.000000E+0	0.000000E+0
2.054202E+3	-4.962104E+3	5.700000E-2	-4.715212E+17	-5.436513E+17	8.549496E-6	0.000000E+0	7.122204E-5	1.720431E-4	0.000000E+0	0.000000E+0	0.000000E+0
2.729829E+3	-3.718492E+3	9.500000E-2	4.697582E+17	-5.230656E+17	5.966005E-6	0.000000E+0	1.282866E-4	1.747482E-4	0.000000E+0	0.000000E+0	0.000000E+0
2.690155E+3	-3.598831E+3	1.330000E-1	-3.021231E-18	1.735786E-18	1.819351E-5	0.000000E+0	1.332517E-4	1.782613E-4	0.000000E+0	0.000000E+0	0.000000E+0
1.366904E+3	-5.129177E+3	1.710000E-1	-3.194760E-18	5.558819E-18	2.122799E-5	0.000000E+0	4.851154E-5	1.820349E-4	0.000000E+0	0.000000E+0	0.000000E+0
2.627222E+3	-3.360652E+3	2.090000E-1	4.155990E+17	-1.817843E+17	1.711230E-5	0.000000E+0	1.443824E-4	1.846890E-4	0.000000E+0	0.000000E+0	0.000000E+0
2.464395E+3	-3.683257E+3	2.470000E-1	-4.136209E+17	4.857998E-18	1.912535E-5	0.000000E+0	1.254808E-4	1.875421E-4	0.000000E+0	0.000000E+0	0.000000E+0
2.397081E+3	-3.695910E+3	2.850000E-1	-3.851510E-18	-6.440443E-18	3.543866E-5	0.000000E+0	1.235243E-4	1.904544E-4	0.000000E+0	0.000000E+0	0.000000E+0
2.440576E+3	-3.458093E+3	3.230000E-1	4.766215E-20	4.558806E+17	3.183371E-5	0.000000E+0	1.362322E-4	1.930298E-4	0.000000E+0	0.000000E+0	0.000000E+0
2.521131E+3	-3.010327E+3	3.610000E-1	1.388541E-18	6.784133E-18	2.822877E-5	0.000000E+0	1.635169E-4	1.952454E-4	0.000000E+0	0.000000E+0	0.000000E+0
2.337969E+3	-3.470281E+3	3.990000E-1	4.707193E+17	-3.632098E-18	1.798442E-5	0.000000E+0	1.335299E-4	1.982004E-4	0.000000E+0	0.000000E+0	0.000000E+0
2.201907E+3	-3.698845E+3	4.370000E-1	-7.975154E-19	6.323277E-18	1.540093E-5	0.000000E+0	1.188303E-4	1.996155E-4	0.000000E+0	0.000000E+0	0.000000E+0
2.294279E+3	-3.385785E+3	4.750000E-1	-4.524462E+17	2.055148E+17	3.426787E-5	0.000000E+0	1.371581E-4	2.024113E-4	0.000000E+0	0.000000E+0	0.000000E+0
2.417966E+3	-2.852397E+3	5.130000E-1	-6.904434E-18	-8.375564E+16	4.240957E-5	0.000000E+0	1.729252E-4	2.039943E-4	0.000000E+0	0.000000E+0	0.000000E+0
2.347524E+3	-2.993027E+3	5.510000E-1	2.547933E-18	-2.672116E+16	7.966255E-5	0.000000E+0	1.622442E-4	2.068568E-4	0.000000E+0	0.000000E+0	0.000000E+0
1.937915E+3	-3.799439E+3	5.890000E-1	-1.554615E+17	1.089529E+17	6.380024E-5	0.000000E+0	1.065301E-4	2.088608E-4	0.000000E+0	0.000000E+0	0.000000E+0
2.384391E+3	-2.478150E+3	6.270000E-1	-2.314515E+17	1.796536E+17	4.078779E-5	0.000000E+0	2.016134E-4	2.095413E-4	0.000000E+0	0.000000E+0	0.000000E+0
1.294523E+3	-4.333389E+3	6.650000E-1	4.674714E-18	-5.707470E+17	2.543619E-5	0.000000E+0	6.328932E-5	2.118597E-4	0.000000E+0	0.000000E+0	0.000000E+0
9.444207E+2	-4.465000E+3	7.030000E-1	-2.820974E+17	-3.573550E+17	2.744921E-5	0.000000E+0	4.534346E-5	2.143733E-4	0.000000E+0	0.000000E+0	0.000000E+0
1.103316E+3	-4.377838E+3	7.410000E-1	7.433461E+16	-3.421240E+17	1.311907E-5	0.000000E+0	5.412983E-5	2.147813E-4	0.000000E+0	0.000000E+0	0.000000E+0
1.075027E+3	-4.363729E+3	7.780000E-1	4.333500E+17	8.421242E+16	1.209541E-5	0.000000E+0	5.322492E-5	2.160496E-4	0.000000E+0	0.000000E+0	0.000000E+0
1.703934E+3	-3.851587E+3	8.160000E-1	5.364300E+17	-2.871878E+17	1.666206E-5	0.000000E+0	9.606061E-5	2.171362E-4	0.000000E+0	0.000000E+0	0.000000E+0
1.300521E+3	-4.176581E+3	8.540000E-1	-4.075705E-18	1.659667E-18	2.480377E-5	0.000000E+0	6.796491E-5	2.182671E-4	0.000000E+0	0.000000E+0	0.000000E+0
1.427272E+3	-4.054786E+3	8.920000E-1	9.225665E+16	1.907244E+17	2.170957E-5	0.000000E+0	7.724004E-5	2.194339E-4	0.000000E+0	0.000000E+0	0.000000E+0
1.037037E+3	-4.285672E+3	9.300000E-1	4.020179E+17	1.832659E+17	3.138345E-5	0.000000E+0	5.333886E-5	2.204288E-4	0.000000E+0	0.000000E+0	0.000000E+0
1.161543E+3	-4.191070E+3	9.680000E-1	1.676928E-18	4.035830E-18	1.552113E-5	0.000000E+0	6.141100E-5	2.215827E-4	0.000000E+0	0.000000E+0	0.000000E+0
1.131378E+3	-4.190900E+3	1.006000E+0	-2.658310E+17	-5.132058E+17	2.519501E-5	0.000000E+0	6.004025E-5	2.224037E-4	0.000000E+0	0.000000E+0	0.000000E+0
1.380540E+3	-4.004614E+3	1.044000E+0	5.241928E+17	2.782928E-18	1.801501E-5	0.000000E+0	7.694107E-5	2.231875E-4	0.000000E+0	0.000000E+0	0.000000E+0
1.451935E+3	-3.938647E+3	1.082000E+0	2.579781E+17	4.568510E-19	2.973180E-5	0.000000E+0	8.239773E-5	2.235194E-4	0.000000E+0	0.000000E+0	0.000000E+0
1.547716E+3	-3.818159E+3	1.120000E+0	-4.023263E-18	5.325189E+16	3.991643E-5	0.000000E+0	9.118285E-5	2.249448E-4	0.000000E+0	0.000000E+0	0.000000E+0
1.794309E+3	-3.526583E+3	1.158000E+0	-1.980656E+17	2.858813E+16	4.295089E-5	0.000000E+0	1.146060E-4	2.252496E-4	0.000000E+0	0.000000E+0	0.000000E+0
1.689291E+3	-3.640495E+3	1.196000E+0	-2.714796E-18	5.985466E+14	3.117436E-5	0.000000E+0	1.048799E-4	2.260207E-4	0.000000E+0	0.000000E+0	0.000000E+0
1.610393E+3	-3.711718E+3	1.234000E+0	5.785012E-19	5.234687E+17	3.574100E-5	0.000000E+0	9.837335E-5	2.267360E-4	0.000000E+0	0.000000E+0	0.000000E+0
1.790664E+3	-3.474025E+3	1.272000E+0	-2.373659E+17	1.295985E-19	5.358648E-5	0.000000E+0	1.172259E-4	2.274272E-4	0.000000E+0	0.000000E+0	0.000000E+0
1.821717E+3	-3.424425E+3	1.310000E+0	-5.351627E-18	2.391872E+17	4.078851E-5	0.000000E+0	1.210818E-4	2.276070E-4	0.000000E+0	0.000000E+0	0.000000E+0
1.900303E+3	-3.281592E+3	1.348000E+0	2.587907E+17	1.873793E-18	4.841950E-5	0.000000E+0	1.321490E-4	2.282053E-4	0.000000E+0	0.000000E+0	0.000000E+0
2.003853E+3	-3.083040E+3	1.386000E+0	-3.127958E+17	-9.739241E-19	4.838964E-5	0.000000E+0	1.482078E-4	2.280260E-4	0.000000E+0	0.000000E+0	0.000000E+0
1.891562E+3	-3.277399E+3	1.424000E+0	6.653843E-18	-4.395667E+17	6.163861E-5	0.000000E+0	1.320983E-4	2.288790E-4	0.000000E+0	0.000000E+0	0.000000E+0
2.013129E+3	-1.466268E+3	1.462000E+0	-1.571544E-18	-4.190346E+17	4.832989E-5	0.000000E+0	3.245605E-4	2.363946E-4	0.000000E+0	0.000000E+0	0.000000E+0
7.060901E+2	-1.014592E+2	1.500000E+0	-9.275714E-19	-3.780201E-18	7.434697E-5	0.000000E+0	1.387600E-3	1.993864E-4	0.000000E+0	0.000000E+0	0.000000E+0
