Real / Ohm	Ximag / Ohm	V_DC / V	I_a c / A	V_ac / V	I_DC / A
2.189714E+4	-4.140618E+5	3.000000E+0	-9.275714E-19	-3.780201E-18	-3.413879E-6	1.000000E+4	1.273633E-7	2.408363E-6	0.000000E+0	0.000000E+0	0.000000E+0
2.084884E+4	-4.117798E+5	2.924000E+0	-1.571544E-18	-4.190346E+17	-2.897868E-7	0.000000E+0	1.226422E-7	2.422273E-6	0.000000E+0	0.000000E+0	0.000000E+0
2.037979E+4	-4.096924E+5	2.848000E+0	6.653843E-18	-4.395667E+17	-1.762237E-6	0.000000E+0	1.211185E-7	2.434831E-6	0.000000E+0	0.000000E+0	0.000000E+0
1.957117E+4	-4.098436E+5	2.772000E+0	-3.127958E+17	-9.739241E-19	-1.191773E-6	0.000000E+0	1.162495E-7	2.434404E-6	0.000000E+0	0.000000E+0	0.000000E+0
1.943665E+4	-4.103923E+5	2.696000E+0	2.587907E+17	1.873793E-18	-1.132023E-6	0.000000E+0	1.151463E-7	2.431239E-6	0.000000E+0	0.000000E+0	0.000000E+0
1.884423E+4	-4.112040E+5	2.620000E+0	-5.351627E-18	2.391872E+17	-3.115172E-6	0.000000E+0	1.112122E-7	2.426786E-6	0.000000E+0	0.000000E+0	0.000000E+0
1.901246E+4	-4.122855E+5	2.544000E+0	-2.373659E+17	1.295985E-19	-3.055451E-6	0.000000E+0	1.116142E-7	2.420357E-6	0.000000E+0	0.000000E+0	0.000000E+0
1.901348E+4	-4.133109E+5	2.468000E+0	5.785012E-19	5.234687E+17	-1.974244E-6	0.000000E+0	1.110682E-7	2.414377E-6	0.000000E+0	0.000000E+0	0.000000E+0
1.890481E+4	-4.146322E+5	2.392000E+0	-2.714796E-18	5.985466E+14	-1.403765E-6	0.000000E+0	1.097348E-7	2.406773E-6	0.000000E+0	0.000000E+0	0.000000E+0
1.841955E+4	-4.164059E+5	2.316000E+0	-1.980656E+17	2.858813E+16	-4.408401E-6	0.000000E+0	1.060221E-7	2.396813E-6	0.000000E+0	0.000000E+0	0.000000E+0
1.857386E+4	-4.179427E+5	2.241000E+0	-4.023263E-18	5.325189E+16	-3.865585E-6	0.000000E+0	1.061236E-7	2.387956E-6	0.000000E+0	0.000000E+0	0.000000E+0
1.898673E+4	-4.191351E+5	2.165000E+0	2.579781E+17	4.568510E-19	-5.848764E-6	0.000000E+0	1.078579E-7	2.380980E-6	0.000000E+0	0.000000E+0	0.000000E+0
1.894812E+4	-4.206805E+5	2.089000E+0	5.241928E+17	2.782928E-18	-1.192486E-6	0.000000E+0	1.068516E-7	2.372288E-6	0.000000E+0	0.000000E+0	0.000000E+0
1.899745E+4	-4.224183E+5	2.013000E+0	-2.658310E+17	-5.132058E+17	-3.686364E-6	0.000000E+0	1.062508E-7	2.362543E-6	0.000000E+0	0.000000E+0	0.000000E+0
1.913209E+4	-4.242619E+5	1.937000E+0	1.676928E-18	4.035830E-18	9.698924E-7	0.000000E+0	1.060748E-7	2.352251E-6	0.000000E+0	0.000000E+0	0.000000E+0
1.915611E+4	-4.257291E+5	1.861000E+0	4.020179E+17	1.832659E+17	-5.025504E-7	0.000000E+0	1.054781E-7	2.344165E-6	0.000000E+0	0.000000E+0	0.000000E+0
1.915789E+4	-4.279354E+5	1.785000E+0	9.225665E+16	1.907244E+17	-1.974964E-6	0.000000E+0	1.044051E-7	2.332127E-6	0.000000E+0	0.000000E+0	0.000000E+0
1.923827E+4	-4.293657E+5	1.709000E+0	-4.075705E-18	1.659667E-18	-2.425957E-6	0.000000E+0	1.041455E-7	2.324351E-6	0.000000E+0	0.000000E+0	0.000000E+0
1.907311E+4	-4.311713E+5	1.633000E+0	5.364300E+17	-2.871878E+17	-3.898407E-6	0.000000E+0	1.023936E-7	2.314734E-6	0.000000E+0	0.000000E+0	0.000000E+0
1.935468E+4	-4.332974E+5	1.557000E+0	4.333500E+17	8.421242E+16	7.578637E-7	0.000000E+0	1.028841E-7	2.303288E-6	0.000000E+0	0.000000E+0	0.000000E+0
1.944514E+4	-4.353211E+5	1.481000E+0	7.433461E+16	-3.421240E+17	-2.757472E-6	0.000000E+0	1.024061E-7	2.292581E-6	0.000000E+0	0.000000E+0	0.000000E+0
1.936323E+4	-4.373201E+5	1.405000E+0	-2.820974E+17	-3.573550E+17	-2.697721E-6	0.000000E+0	1.010481E-7	2.282180E-6	0.000000E+0	0.000000E+0	0.000000E+0
1.968781E+4	-4.392495E+5	1.329000E+0	4.674714E-18	-5.707470E+17	1.447799E-6	0.000000E+0	1.018364E-7	2.272046E-6	0.000000E+0	0.000000E+0	0.000000E+0
1.983434E+4	-4.417510E+5	1.253000E+0	-2.314515E+17	1.796536E+17	-2.067529E-6	0.000000E+0	1.014350E-7	2.259164E-6	0.000000E+0	0.000000E+0	0.000000E+0
1.951116E+4	-4.445719E+5	1.177000E+0	-1.554615E+17	1.089529E+17	-3.539950E-6	0.000000E+0	9.852884E-8	2.245031E-6	0.000000E+0	0.000000E+0	0.000000E+0
1.982599E+4	-4.475172E+5	1.101000E+0	2.547933E-18	-2.672116E+16	-1.948050E-6	0.000000E+0	9.880158E-8	2.230174E-6	0.000000E+0	0.000000E+0	0.000000E+0
1.966536E+4	-4.504161E+5	1.025000E+0	-6.904434E-18	-8.375564E+16	-4.441928E-6	0.000000E+0	9.674912E-8	2.215945E-6	0.000000E+0	0.000000E+0	0.000000E+0
1.990789E+4	-4.539084E+5	9.490000E-1	-4.524462E+17	2.055148E+17	-3.871464E-6	0.000000E+0	9.643933E-8	2.198858E-6	0.000000E+0	0.000000E+0	0.000000E+0
2.020836E+4	-4.575438E+5	8.730000E-1	-7.975154E-19	6.323277E-18	-3.300996E-6	0.000000E+0	9.634282E-8	2.181328E-6	0.000000E+0	0.000000E+0	0.000000E+0
2.013568E+4	-4.620675E+5	7.970000E-1	4.707193E+17	-3.632098E-18	-2.730529E-6	0.000000E+0	9.413075E-8	2.160084E-6	0.000000E+0	0.000000E+0	0.000000E+0
2.065567E+4	-4.665594E+5	7.220000E-1	1.388541E-18	6.784133E-18	-1.166274E-6	0.000000E+0	9.470546E-8	2.139157E-6	0.000000E+0	0.000000E+0	0.000000E+0
2.045803E+4	-4.723427E+5	6.460000E-1	4.766215E-20	4.558806E+17	-8.509232E-8	0.000000E+0	9.152410E-8	2.113143E-6	0.000000E+0	0.000000E+0	0.000000E+0
2.088012E+4	-4.785548E+5	5.700000E-1	-3.851510E-18	-6.440443E-18	-5.360816E-7	0.000000E+0	9.100047E-8	2.085654E-6	0.000000E+0	0.000000E+0	0.000000E+0
2.097649E+4	-4.856989E+5	4.940000E-1	-4.136209E+17	4.857998E-18	-9.870728E-7	0.000000E+0	8.875427E-8	2.055056E-6	0.000000E+0	0.000000E+0	0.000000E+0
2.153220E+4	-4.942824E+5	4.180000E-1	4.155990E+17	-1.817843E+17	-1.948776E-6	0.000000E+0	8.796598E-8	2.019303E-6	0.000000E+0	0.000000E+0	0.000000E+0
2.197761E+4	-5.036093E+5	3.420000E-1	-3.194760E-18	5.558819E-18	-8.675670E-7	0.000000E+0	8.649015E-8	1.981892E-6	0.000000E+0	0.000000E+0	0.000000E+0
2.224537E+4	-5.146234E+5	2.660000E-1	-3.021231E-18	1.735786E-18	1.235072E-6	0.000000E+0	8.383972E-8	1.939544E-6	0.000000E+0	0.000000E+0	0.000000E+0
2.267536E+4	-5.266001E+5	1.900000E-1	4.697582E+17	-5.230656E+17	-1.258834E-6	0.000000E+0	8.161835E-8	1.895460E-6	0.000000E+0	0.000000E+0	0.000000E+0
2.391593E+4	-5.404405E+5	1.140000E-1	-4.715212E+17	-5.436513E+17	2.375975E-6	0.000000E+0	8.172254E-8	1.846726E-6	0.000000E+0	0.000000E+0	0.000000E+0
2.586738E+4	-5.561054E+5	3.800000E-2	-3.093320E+17	4.406614E-18	1.925013E-6	0.000000E+0	8.346407E-8	1.794338E-6	0.000000E+0	0.000000E+0	0.000000E+0
2.786286E+4	-5.744259E+5	-3.800000E-2	-9.427576E-19	-9.426377E-19	9.632797E-7	0.000000E+0	8.424363E-8	1.736782E-6	0.000000E+0	0.000000E+0	0.000000E+0
2.968718E+4	-5.942945E+5	-1.140000E-1	-4.717429E+17	-4.928282E+17	1.533746E-6	0.000000E+0	8.384615E-8	1.678479E-6	0.000000E+0	0.000000E+0	0.000000E+0
3.373584E+4	-6.175002E+5	-1.900000E-1	-2.949171E+17	-4.956124E-18	-9.601290E-7	0.000000E+0	8.821105E-8	1.614613E-6	0.000000E+0	0.000000E+0	0.000000E+0
3.893079E+4	-6.428952E+5	-2.660000E-1	-1.478400E+17	2.700591E+17	2.163964E-6	0.000000E+0	9.384761E-8	1.549780E-6	0.000000E+0	0.000000E+0	0.000000E+0
4.606778E+4	-6.739896E+5	-3.420000E-1	-2.816971E+17	1.903750E-18	-1.351367E-6	0.000000E+0	1.009408E-7	1.476803E-6	0.000000E+0	0.000000E+0	0.000000E+0
5.463820E+4	-7.088775E+5	-4.180000E-1	-1.696221E+17	-6.410774E-19	1.772727E-6	0.000000E+0	1.080890E-7	1.402350E-6	0.000000E+0	0.000000E+0	0.000000E+0
6.873763E+4	-7.553604E+5	-4.940000E-1	6.303170E-18	-1.599031E-19	1.321738E-6	0.000000E+0	1.194826E-7	1.312998E-6	0.000000E+0	0.000000E+0	0.000000E+0
9.112506E+4	-8.242716E+5	-5.700000E-1	-5.761072E+17	-4.172230E+17	3.600326E-7	0.000000E+0	1.325017E-7	1.198544E-6	0.000000E+0	0.000000E+0	0.000000E+0
1.258131E+5	-9.380642E+5	-6.460000E-1	-5.506670E-18	3.318154E+17	9.305004E-7	0.000000E+0	1.404488E-7	1.047188E-6	0.000000E+0	0.000000E+0	0.000000E+0
1.907868E+5	-1.152507E+6	-7.220000E-1	4.410889E+17	3.939340E-18	-5.419461E-7	0.000000E+0	1.398041E-7	8.445304E-7	0.000000E+0	0.000000E+0	0.000000E+0
2.982099E+5	-1.526665E+6	-7.970000E-1	2.010006E+17	1.860550E+17	8.512870E-10	0.000000E+0	1.232458E-7	6.309484E-7	0.000000E+0	0.000000E+0	0.000000E+0
4.498726E+5	-2.151817E+6	-8.730000E-1	-4.775830E-18	6.138991E-18	1.592776E-6	0.000000E+0	9.308925E-8	4.452617E-7	0.000000E+0	0.000000E+0	0.000000E+0
5.445882E+5	-2.993970E+6	-9.490000E-1	-1.827512E-18	1.580559E+17	2.673958E-6	0.000000E+0	5.880807E-8	3.233078E-7	0.000000E+0	0.000000E+0	0.000000E+0
4.703585E+5	-3.937844E+6	-1.025000E+0	-7.964855E+16	-3.372652E-18	-1.352091E-6	0.000000E+0	2.990609E-8	2.503739E-7	0.000000E+0	0.000000E+0	0.000000E+0
3.262141E+5	-4.782335E+6	-1.101000E+0	2.088264E+17	-2.196584E+17	-2.709130E-7	0.000000E+0	1.419733E-8	2.081344E-7	0.000000E+0	0.000000E+0	0.000000E+0
2.149134E+5	-5.533811E+6	-1.177000E+0	-5.319197E+16	-3.553127E+17	-1.232613E-6	0.000000E+0	7.007455E-9	1.804351E-7	0.000000E+0	0.000000E+0	0.000000E+0
2.560998E+5	-6.296625E+6	-1.253000E+0	-1.183523E-18	-5.342346E-18	3.592504E-7	0.000000E+0	6.448753E-9	1.585530E-7	0.000000E+0	0.000000E+0	0.000000E+0
1.356452E+5	-6.861258E+6	-1.329000E+0	-5.203440E-18	3.830367E-18	1.951179E-6	0.000000E+0	2.880230E-9	1.456889E-7	0.000000E+0	0.000000E+0	0.000000E+0
6.863186E+4	-7.441902E+6	-1.405000E+0	2.540081E-19	-1.518024E+17	-1.053442E-6	0.000000E+0	1.239142E-9	1.343628E-7	0.000000E+0	0.000000E+0	0.000000E+0
4.073763E+4	-7.928856E+6	-1.481000E+0	1.311717E+15	5.157902E-18	-4.829490E-7	0.000000E+0	6.479824E-10	1.261183E-7	0.000000E+0	0.000000E+0	0.000000E+0
1.207948E+5	-8.455754E+6	-1.557000E+0	-1.006173E-18	-5.687810E-18	8.748611E-8	0.000000E+0	1.689098E-9	1.182385E-7	0.000000E+0	0.000000E+0	0.000000E+0
1.198773E+5	-8.816366E+6	-1.633000E+0	-6.256276E-18	1.398985E+17	1.679415E-6	0.000000E+0	1.541975E-9	1.134045E-7	0.000000E+0	0.000000E+0	0.000000E+0
1.107959E+4	-9.166022E+6	-1.709000E+0	2.698511E+17	-3.360764E+17	-3.037203E-7	0.000000E+0	1.318746E-10	1.090984E-7	0.000000E+0	0.000000E+0	0.000000E+0
1.867301E+5	-9.392786E+6	-1.785000E+0	-4.014473E-19	-2.240669E+17	7.774288E-7	0.000000E+0	2.115699E-9	1.064226E-7	0.000000E+0	0.000000E+0	0.000000E+0
2.298444E+5	-9.751560E+6	-1.861000E+0	8.607197E+16	4.249670E-18	3.264431E-7	0.000000E+0	2.415709E-9	1.024908E-7	0.000000E+0	0.000000E+0	0.000000E+0
1.301476E+5	-1.000538E+7	-1.937000E+0	2.127762E-18	3.293656E+15	8.969437E-7	0.000000E+0	1.299857E-9	9.992932E-8	0.000000E+0	0.000000E+0	0.000000E+0
1.053820E+5	-1.024994E+7	-2.013000E+0	-4.960950E+17	8.277014E+16	9.566575E-7	0.000000E+0	1.002947E-9	9.755124E-8	0.000000E+0	0.000000E+0	0.000000E+0
-1.505889E+4	-1.054929E+7	-2.089000E+0	-6.504745E+16	2.346692E+17	2.548579E-6	0.000000E+0	-1.353149E-10	9.479292E-8	0.000000E+0	0.000000E+0	0.000000E+0
1.465962E+5	-1.058136E+7	-2.165000E+0	5.291893E-18	5.135446E+17	5.468610E-8	0.000000E+0	1.309050E-9	9.448767E-8	0.000000E+0	0.000000E+0	0.000000E+0
5.610133E+3	-1.070006E+7	-2.241000E+0	-2.052875E-18	3.493290E-18	1.135879E-6	0.000000E+0	4.900051E-11	9.345739E-8	0.000000E+0	0.000000E+0	0.000000E+0
2.046203E+5	-1.083220E+7	-2.316000E+0	2.907620E+17	-1.496570E-18	1.167951E-6	0.000000E+0	1.743253E-9	9.228442E-8	0.000000E+0	0.000000E+0	0.000000E+0
1.645558E+5	-1.096618E+7	-2.392000E+0	4.284782E-18	4.664211E-18	-3.044843E-7	0.000000E+0	1.368059E-9	9.116893E-8	0.000000E+0	0.000000E+0	0.000000E+0
2.199124E+5	-1.114318E+7	-2.468000E+0	6.288344E-18	-3.929323E-18	2.308880E-6	0.000000E+0	1.770363E-9	8.970605E-8	0.000000E+0	0.000000E+0	0.000000E+0
1.362153E+5	-1.136865E+7	-2.544000E+0	8.250878E-19	3.410070E-18	-1.849694E-7	0.000000E+0	1.053770E-9	8.794857E-8	0.000000E+0	0.000000E+0	0.000000E+0
3.503526E+5	-1.151993E+7	-2.620000E+0	4.553607E+17	-2.686618E+17	8.961797E-7	0.000000E+0	2.637571E-9	8.672587E-8	0.000000E+0	0.000000E+0	0.000000E+0
2.533104E+5	-1.154810E+7	-2.696000E+0	2.517955E+17	3.793721E+16	4.452013E-7	0.000000E+0	1.898554E-9	8.655269E-8	0.000000E+0	0.000000E+0	0.000000E+0
-1.405263E+4	-1.158829E+7	-2.772000E+0	-6.627991E-18	5.175899E+17	1.015695E-6	0.000000E+0	-1.046449E-10	8.629388E-8	0.000000E+0	0.000000E+0	0.000000E+0
2.714342E+5	-1.156180E+7	-2.848000E+0	-5.704680E+17	6.512875E+16	-4.567264E-7	0.000000E+0	2.029431E-9	8.644408E-8	0.000000E+0	0.000000E+0	0.000000E+0
3.830211E+5	-1.168664E+7	-2.924000E+0	-4.691026E+17	6.906363E-18	1.137087E-7	0.000000E+0	2.801413E-9	8.547598E-8	0.000000E+0	0.000000E+0	0.000000E+0
2.809054E+5	-1.186026E+7	-3.000000E+0	-3.567381E+17	-4.286482E-18	3.237830E-6	0.000000E+0	1.995851E-9	8.426791E-8	0.000000E+0	0.000000E+0	0.000000E+0
