Real / Ohm	Ximag / Ohm	V_DC / V	I_a c / A	V_ac / V	I_DC / A
1.349888E+2	-5.955806E+3	2.000000E+0	-9.275714E-19	-3.780201E-18	7.591007E-7	1.000000E+6	3.803589E-6	1.678172E-4	0.000000E+0	0.000000E+0	0.000000E+0
1.406514E+2	-5.969651E+3	1.949000E+0	-1.571544E-18	-4.190346E+17	2.170076E-6	0.000000E+0	3.944620E-6	1.674210E-4	0.000000E+0	0.000000E+0	0.000000E+0
1.418125E+2	-5.983723E+3	1.899000E+0	6.653843E-18	-4.395667E+17	-2.169691E-8	0.000000E+0	3.958473E-6	1.670262E-4	0.000000E+0	0.000000E+0	0.000000E+0
1.467632E+2	-6.001150E+3	1.848000E+0	-3.127958E+17	-9.739241E-19	-3.207235E-6	0.000000E+0	4.072757E-6	1.665351E-4	0.000000E+0	0.000000E+0	0.000000E+0
1.448765E+2	-6.023738E+3	1.797000E+0	2.587907E+17	1.873793E-18	-2.640809E-7	0.000000E+0	3.990384E-6	1.659139E-4	0.000000E+0	0.000000E+0	0.000000E+0
1.444951E+2	-6.047982E+3	1.747000E+0	-5.351627E-18	2.391872E+17	-4.498739E-6	0.000000E+0	3.948065E-6	1.652501E-4	0.000000E+0	0.000000E+0	0.000000E+0
1.357622E+2	-6.075243E+3	1.696000E+0	-2.373659E+17	1.295985E-19	4.873364E-7	0.000000E+0	3.676501E-6	1.645203E-4	0.000000E+0	0.000000E+0	0.000000E+0
1.396274E+2	-6.103184E+3	1.646000E+0	5.785012E-19	5.234687E+17	-6.829796E-7	0.000000E+0	3.746541E-6	1.637632E-4	0.000000E+0	0.000000E+0	0.000000E+0
1.374102E+2	-6.133109E+3	1.595000E+0	-2.714796E-18	5.985466E+14	-8.041752E-7	0.000000E+0	3.651234E-6	1.629676E-4	0.000000E+0	0.000000E+0	0.000000E+0
1.372290E+2	-6.164605E+3	1.544000E+0	-1.980656E+17	2.858813E+16	-1.946821E-6	0.000000E+0	3.609277E-6	1.621360E-4	0.000000E+0	0.000000E+0	0.000000E+0
1.355796E+2	-6.197245E+3	1.494000E+0	-4.023263E-18	5.325189E+16	3.522291E-6	0.000000E+0	3.528493E-6	1.612848E-4	0.000000E+0	0.000000E+0	0.000000E+0
1.403667E+2	-6.231675E+3	1.443000E+0	2.579781E+17	4.568510E-19	3.367604E-7	0.000000E+0	3.612719E-6	1.603891E-4	0.000000E+0	0.000000E+0	0.000000E+0
1.380972E+2	-6.267801E+3	1.392000E+0	5.241928E+17	2.782928E-18	-2.338056E-6	0.000000E+0	3.513530E-6	1.594682E-4	0.000000E+0	0.000000E+0	0.000000E+0
1.360415E+2	-6.304527E+3	1.342000E+0	-2.658310E+17	-5.132058E+17	-9.547439E-7	0.000000E+0	3.421088E-6	1.585424E-4	0.000000E+0	0.000000E+0	0.000000E+0
1.365957E+2	-6.343753E+3	1.291000E+0	1.676928E-18	4.035830E-18	1.988410E-6	0.000000E+0	3.392682E-6	1.575623E-4	0.000000E+0	0.000000E+0	0.000000E+0
1.328657E+2	-6.384325E+3	1.241000E+0	4.020179E+17	1.832659E+17	-2.033630E-7	0.000000E+0	3.258328E-6	1.565658E-4	0.000000E+0	0.000000E+0	0.000000E+0
1.279248E+2	-6.426615E+3	1.190000E+0	9.225665E+16	1.907244E+17	6.968985E-7	0.000000E+0	3.096122E-6	1.555413E-4	0.000000E+0	0.000000E+0	0.000000E+0
1.237793E+2	-6.471020E+3	1.139000E+0	-4.075705E-18	1.659667E-18	1.086431E-6	0.000000E+0	2.954906E-6	1.544786E-4	0.000000E+0	0.000000E+0	0.000000E+0
1.219219E+2	-6.516146E+3	1.089000E+0	5.364300E+17	-2.871878E+17	-1.105313E-6	0.000000E+0	2.870437E-6	1.534112E-4	0.000000E+0	0.000000E+0	0.000000E+0
9.630859E+1	-6.564926E+3	1.038000E+0	4.333500E+17	8.421242E+16	-1.226501E-6	0.000000E+0	2.234148E-6	1.522919E-4	0.000000E+0	0.000000E+0	0.000000E+0
9.491064E+1	-6.615591E+3	9.870000E-1	7.433461E+16	-3.421240E+17	-3.901325E-6	0.000000E+0	2.168145E-6	1.511270E-4	0.000000E+0	0.000000E+0	0.000000E+0
1.133877E+2	-6.666520E+3	9.370000E-1	-2.820974E+17	-3.573550E+17	-2.007295E-6	0.000000E+0	2.550598E-6	1.499599E-4	0.000000E+0	0.000000E+0	0.000000E+0
1.154741E+2	-6.720869E+3	8.860000E-1	4.674714E-18	-5.707470E+17	1.446599E-6	0.000000E+0	2.555675E-6	1.487464E-4	0.000000E+0	0.000000E+0	0.000000E+0
1.113911E+2	-6.777713E+3	8.350000E-1	-2.314515E+17	1.796536E+17	-2.067900E-7	0.000000E+0	2.424191E-6	1.475026E-4	0.000000E+0	0.000000E+0	0.000000E+0
1.078989E+2	-6.836085E+3	7.850000E-1	-1.554615E+17	1.089529E+17	-1.887820E-6	0.000000E+0	2.308309E-6	1.462461E-4	0.000000E+0	0.000000E+0	0.000000E+0
1.065293E+2	-6.897756E+3	7.340000E-1	2.547933E-18	-2.672116E+16	-2.519726E-6	0.000000E+0	2.238463E-6	1.449401E-4	0.000000E+0	0.000000E+0	0.000000E+0
1.024761E+2	-6.960478E+3	6.840000E-1	-6.904434E-18	-8.375564E+16	-1.149529E-7	0.000000E+0	2.114708E-6	1.436372E-4	0.000000E+0	0.000000E+0	0.000000E+0
9.647412E+1	-7.027198E+3	6.330000E-1	-4.524462E+17	2.055148E+17	-7.468880E-7	0.000000E+0	1.953280E-6	1.422774E-4	0.000000E+0	0.000000E+0	0.000000E+0
8.780078E+1	-7.097424E+3	5.820000E-1	-7.975154E-19	6.323277E-18	6.640948E-7	0.000000E+0	1.742731E-6	1.408746E-4	0.000000E+0	0.000000E+0	0.000000E+0
8.214111E+1	-7.169018E+3	5.320000E-1	4.707193E+17	-3.632098E-18	-5.062175E-7	0.000000E+0	1.598027E-6	1.394708E-4	0.000000E+0	0.000000E+0	0.000000E+0
6.561377E+1	-7.244935E+3	4.810000E-1	1.388541E-18	6.784133E-18	9.047599E-7	0.000000E+0	1.249944E-6	1.380161E-4	0.000000E+0	0.000000E+0	0.000000E+0
7.203223E+1	-7.325397E+3	4.300000E-1	4.766215E-20	4.558806E+17	1.294313E-6	0.000000E+0	1.342216E-6	1.364982E-4	0.000000E+0	0.000000E+0	0.000000E+0
8.660742E+1	-7.407057E+3	3.800000E-1	-3.851510E-18	-6.440443E-18	1.145456E-6	0.000000E+0	1.578354E-6	1.349879E-4	0.000000E+0	0.000000E+0	0.000000E+0
8.836475E+1	-7.496221E+3	3.290000E-1	-4.136209E+17	4.857998E-18	-1.529363E-6	0.000000E+0	1.572295E-6	1.333820E-4	0.000000E+0	0.000000E+0	0.000000E+0
8.515723E+1	-7.588384E+3	2.780000E-1	4.155990E+17	-1.817843E+17	1.924504E-6	0.000000E+0	1.478660E-6	1.317638E-4	0.000000E+0	0.000000E+0	0.000000E+0
8.620020E+1	-7.685099E+3	2.280000E-1	-3.194760E-18	5.558819E-18	1.775647E-6	0.000000E+0	1.459334E-6	1.301056E-4	0.000000E+0	0.000000E+0	0.000000E+0
8.791016E+1	-7.788003E+3	1.770000E-1	-3.021231E-18	1.735786E-18	6.329992E-7	0.000000E+0	1.449211E-6	1.283863E-4	0.000000E+0	0.000000E+0	0.000000E+0
8.735010E+1	-7.896264E+3	1.270000E-1	4.697582E+17	-5.230656E+17	1.505599E-6	0.000000E+0	1.400770E-6	1.266267E-4	0.000000E+0	0.000000E+0	0.000000E+0
8.678076E+1	-8.013438E+3	7.600000E-2	-4.715212E+17	-5.436513E+17	-2.190677E-6	0.000000E+0	1.351247E-6	1.247758E-4	0.000000E+0	0.000000E+0	0.000000E+0
8.575928E+1	-8.138552E+3	2.500000E-2	-3.093320E+17	4.406614E-18	2.417609E-7	0.000000E+0	1.294609E-6	1.228583E-4	0.000000E+0	0.000000E+0	0.000000E+0
7.479590E+1	-8.273352E+3	-2.500000E-2	-9.427576E-19	-9.426377E-19	1.625075E-6	0.000000E+0	1.092646E-6	1.208601E-4	0.000000E+0	0.000000E+0	0.000000E+0
7.421582E+1	-8.420502E+3	-7.600000E-2	-4.717429E+17	-4.928282E+17	-5.390007E-7	0.000000E+0	1.046615E-6	1.187485E-4	0.000000E+0	0.000000E+0	0.000000E+0
8.926758E+1	-8.582535E+3	-1.270000E-1	-2.949171E+17	-4.956124E-18	-1.494773E-7	0.000000E+0	1.211757E-6	1.165031E-4	0.000000E+0	0.000000E+0	0.000000E+0
1.085210E+2	-8.754490E+3	-1.770000E-1	-1.478400E+17	2.700591E+17	-8.090483E-7	0.000000E+0	1.415746E-6	1.142095E-4	0.000000E+0	0.000000E+0	0.000000E+0
1.218262E+2	-8.948680E+3	-2.280000E-1	-2.816971E+17	1.903750E-18	2.134104E-6	0.000000E+0	1.521046E-6	1.117276E-4	0.000000E+0	0.000000E+0	0.000000E+0
1.335249E+2	-9.163330E+3	-2.780000E-1	-1.696221E+17	-6.410774E-19	9.637897E-7	0.000000E+0	1.589877E-6	1.091075E-4	0.000000E+0	0.000000E+0	0.000000E+0
1.415435E+2	-9.411656E+3	-3.290000E-1	6.303170E-18	-1.599031E-19	-1.788576E-7	0.000000E+0	1.597569E-6	1.062272E-4	0.000000E+0	0.000000E+0	0.000000E+0
1.653618E+2	-9.693434E+3	-3.800000E-1	-5.761072E+17	-4.172230E+17	-8.107618E-7	0.000000E+0	1.759355E-6	1.031326E-4	0.000000E+0	0.000000E+0	0.000000E+0
1.883730E+2	-1.001720E+4	-4.300000E-1	-5.506670E-18	3.318154E+17	1.083266E-6	0.000000E+0	1.876603E-6	9.979301E-5	0.000000E+0	0.000000E+0	0.000000E+0
2.179116E+2	-1.040484E+4	-4.810000E-1	4.410889E+17	3.939340E-18	-5.938091E-8	0.000000E+0	2.011959E-6	9.606698E-5	0.000000E+0	0.000000E+0	0.000000E+0
2.573418E+2	-1.087193E+4	-5.320000E-1	2.010006E+17	1.860550E+17	1.862340E-6	0.000000E+0	2.175974E-6	9.192848E-5	0.000000E+0	0.000000E+0	0.000000E+0
3.070840E+2	-1.143776E+4	-5.820000E-1	-4.775830E-18	6.138991E-18	1.713484E-6	0.000000E+0	2.345645E-6	8.736673E-5	0.000000E+0	0.000000E+0	0.000000E+0
3.769980E+2	-1.217413E+4	-6.330000E-1	-1.827512E-18	1.580559E+17	5.708389E-7	0.000000E+0	2.541247E-6	8.206270E-5	0.000000E+0	0.000000E+0	0.000000E+0
5.141602E+2	-1.316027E+4	-6.840000E-1	-7.964855E+16	-3.372652E-18	1.471075E-6	0.000000E+0	2.964193E-6	7.587047E-5	0.000000E+0	0.000000E+0	0.000000E+0
6.886152E+2	-1.454777E+4	-7.340000E-1	2.088264E+17	-2.196584E+17	3.007917E-7	0.000000E+0	3.246473E-6	6.858539E-5	0.000000E+0	0.000000E+0	0.000000E+0
9.815820E+2	-1.677004E+4	-7.850000E-1	-5.319197E+16	-3.553127E+17	2.733199E-6	0.000000E+0	3.478348E-6	5.942656E-5	0.000000E+0	0.000000E+0	0.000000E+0
1.446408E+3	-2.027044E+4	-8.350000E-1	-1.183523E-18	-5.342346E-18	1.052169E-6	0.000000E+0	3.502344E-6	4.908301E-5	0.000000E+0	0.000000E+0	0.000000E+0
2.170582E+3	-2.575157E+4	-8.860000E-1	-5.203440E-18	3.830367E-18	1.441695E-6	0.000000E+0	3.250081E-6	3.855864E-5	0.000000E+0	0.000000E+0	0.000000E+0
2.960281E+3	-3.267438E+4	-9.370000E-1	2.540081E-19	-1.518024E+17	-2.116685E-7	0.000000E+0	2.750223E-6	3.035585E-5	0.000000E+0	0.000000E+0	0.000000E+0
3.340055E+3	-3.951739E+4	-9.870000E-1	1.311717E+15	5.157902E-18	-8.712377E-7	0.000000E+0	2.123663E-6	2.512582E-5	0.000000E+0	0.000000E+0	0.000000E+0
2.972719E+3	-4.445656E+4	-1.038000E+0	-1.006173E-18	-5.687810E-18	-9.924333E-7	0.000000E+0	1.497423E-6	2.239374E-5	0.000000E+0	0.000000E+0	0.000000E+0
2.319699E+3	-4.732690E+4	-1.089000E+0	-6.256276E-18	1.398985E+17	-3.667250E-6	0.000000E+0	1.033174E-6	2.107899E-5	0.000000E+0	0.000000E+0	0.000000E+0
1.856547E+3	-4.919874E+4	-1.139000E+0	2.698511E+17	-3.360764E+17	-1.773224E-6	0.000000E+0	7.659140E-7	2.029682E-5	0.000000E+0	0.000000E+0	0.000000E+0
1.635824E+3	-5.117611E+4	-1.190000E+0	-4.014473E-19	-2.240669E+17	-3.622335E-7	0.000000E+0	6.239626E-7	1.952042E-5	0.000000E+0	0.000000E+0	0.000000E+0
1.511199E+3	-5.356382E+4	-1.241000E+0	8.607197E+16	4.249670E-18	-4.834583E-7	0.000000E+0	5.262996E-7	1.865447E-5	0.000000E+0	0.000000E+0	0.000000E+0
1.399500E+3	-5.635247E+4	-1.291000E+0	2.127762E-18	3.293656E+15	-6.322880E-7	0.000000E+0	4.404324E-7	1.773451E-5	0.000000E+0	0.000000E+0	0.000000E+0
1.300480E+3	-5.955041E+4	-1.342000E+0	-4.960950E+17	8.277014E+16	7.786948E-7	0.000000E+0	3.665448E-7	1.678449E-5	0.000000E+0	0.000000E+0	0.000000E+0
1.259684E+3	-6.273863E+4	-1.392000E+0	-6.504745E+16	2.346692E+17	6.298069E-7	0.000000E+0	3.199017E-7	1.593272E-5	0.000000E+0	0.000000E+0	0.000000E+0
1.200434E+3	-6.611122E+4	-1.443000E+0	5.291893E-18	5.135446E+17	1.019362E-6	0.000000E+0	2.745647E-7	1.512104E-5	0.000000E+0	0.000000E+0	0.000000E+0
1.152914E+3	-6.941484E+4	-1.494000E+0	-2.052875E-18	3.493290E-18	1.919630E-6	0.000000E+0	2.392062E-7	1.440217E-5	0.000000E+0	0.000000E+0	0.000000E+0
1.123938E+3	-7.242400E+4	-1.544000E+0	2.907620E+17	-1.496570E-18	-2.315028E-6	0.000000E+0	2.142263E-7	1.380425E-5	0.000000E+0	0.000000E+0	0.000000E+0
1.208020E+3	-7.547222E+4	-1.595000E+0	4.284782E-18	4.664211E-18	6.280970E-7	0.000000E+0	2.120258E-7	1.324651E-5	0.000000E+0	0.000000E+0	0.000000E+0
1.125668E+3	-7.831481E+4	-1.646000E+0	6.288344E-18	-3.929323E-18	-2.557412E-6	0.000000E+0	1.834986E-7	1.276634E-5	0.000000E+0	0.000000E+0	0.000000E+0
1.194359E+3	-8.090545E+4	-1.696000E+0	8.250878E-19	3.410070E-18	8.687566E-7	0.000000E+0	1.824251E-7	1.235741E-5	0.000000E+0	0.000000E+0	0.000000E+0
1.053324E+3	-8.340998E+4	-1.747000E+0	4.553607E+17	-2.686618E+17	3.301233E-6	0.000000E+0	1.513759E-7	1.198706E-5	0.000000E+0	0.000000E+0	0.000000E+0
1.111805E+3	-8.563889E+4	-1.797000E+0	2.517955E+17	3.793721E+16	2.130917E-6	0.000000E+0	1.515700E-7	1.167497E-5	0.000000E+0	0.000000E+0	0.000000E+0
1.140090E+3	-8.782236E+4	-1.848000E+0	-6.627991E-18	5.175899E+17	-1.565357E-6	0.000000E+0	1.477936E-7	1.138470E-5	0.000000E+0	0.000000E+0	0.000000E+0
1.162398E+3	-9.010625E+4	-1.899000E+0	-5.704680E+17	6.512875E+16	8.670468E-7	0.000000E+0	1.431439E-7	1.109616E-5	0.000000E+0	0.000000E+0	0.000000E+0
1.078992E+3	-9.183691E+4	-1.949000E+0	-4.691026E+17	6.906363E-18	2.250359E-6	0.000000E+0	1.279157E-7	1.088737E-5	0.000000E+0	0.000000E+0	0.000000E+0
1.068836E+3	-9.375322E+4	-2.000000E+0	-3.567381E+17	-4.286482E-18	3.150621E-6	0.000000E+0	1.215856E-7	1.066491E-5	0.000000E+0	0.000000E+0	0.000000E+0
