Real / Ohm	Ximag / Ohm	V_DC / V	I_a c / A	V_ac / V	I_DC / A
1.444928E+1	7.187190E-1	-2.500000E+0	-3.567381E+17	-4.286482E-18	-3.764179E-2	1.000000E+5	6.903679E-2	-3.433947E-3	0.000000E+0	0.000000E+0	0.000000E+0
1.478640E+1	6.251760E-1	-2.437000E+0	-4.691026E+17	6.906363E-18	-3.605672E-2	0.000000E+0	6.750903E-2	-2.854314E-3	0.000000E+0	0.000000E+0	0.000000E+0
1.500957E+1	6.061691E-1	-2.373000E+0	-5.704680E+17	6.512875E+16	-3.424542E-2	0.000000E+0	6.651567E-2	-2.686269E-3	0.000000E+0	0.000000E+0	0.000000E+0
1.501579E+1	8.357629E-1	-2.310000E+0	-6.627991E-18	5.175899E+17	-3.266902E-2	0.000000E+0	6.639089E-2	-3.695246E-3	0.000000E+0	0.000000E+0	0.000000E+0
1.442418E+1	8.900062E-1	-2.247000E+0	2.517955E+17	3.793721E+16	-3.220806E-2	0.000000E+0	6.906509E-2	-4.261480E-3	0.000000E+0	0.000000E+0	0.000000E+0
1.522361E+1	7.920426E-1	-2.184000E+0	4.553607E+17	-2.686618E+17	-3.043094E-2	0.000000E+0	6.551012E-2	-3.408311E-3	0.000000E+0	0.000000E+0	0.000000E+0
1.629923E+1	6.397041E-1	-2.120000E+0	8.250878E-19	3.410070E-18	-2.861963E-2	0.000000E+0	6.125823E-2	-2.404233E-3	0.000000E+0	0.000000E+0	0.000000E+0
1.875221E+1	4.258869E-1	-2.057000E+0	6.288344E-18	-3.929323E-18	-2.710810E-2	0.000000E+0	5.329956E-2	-1.210502E-3	0.000000E+0	0.000000E+0	0.000000E+0
2.454581E+1	2.407346E-1	-1.994000E+0	4.284782E-18	4.664211E-18	-2.440964E-2	0.000000E+0	4.073623E-2	-3.995232E-4	0.000000E+0	0.000000E+0	0.000000E+0
2.573901E+1	3.890803E-1	-1.930000E+0	2.907620E+17	-1.496570E-18	-2.310600E-2	0.000000E+0	3.884266E-2	-5.871598E-4	0.000000E+0	0.000000E+0	0.000000E+0
2.806239E+1	1.377635E-1	-1.867000E+0	-2.052875E-18	3.493290E-18	-2.194176E-2	0.000000E+0	3.563402E-2	-1.749341E-4	0.000000E+0	0.000000E+0	0.000000E+0
2.956349E+1	9.697604E-2	-1.804000E+0	5.291893E-18	5.135446E+17	-2.067129E-2	0.000000E+0	3.382514E-2	-1.109554E-4	0.000000E+0	0.000000E+0	0.000000E+0
3.125335E+1	5.058861E-2	-1.741000E+0	-6.504745E+16	2.346692E+17	-1.953412E-2	0.000000E+0	3.199649E-2	-5.179150E-5	0.000000E+0	0.000000E+0	0.000000E+0
3.216237E+1	-2.847075E-2	-1.677000E+0	-4.960950E+17	8.277014E+16	-1.842864E-2	0.000000E+0	3.109221E-2	2.752343E-5	0.000000E+0	0.000000E+0	0.000000E+0
3.290758E+1	1.513960E-1	-1.614000E+0	2.127762E-18	3.293656E+15	-1.734152E-2	0.000000E+0	3.038749E-2	-1.398020E-4	0.000000E+0	0.000000E+0	0.000000E+0
3.276778E+1	2.145095E-1	-1.551000E+0	8.607197E+16	4.249670E-18	-1.663897E-2	0.000000E+0	3.051648E-2	-1.997717E-4	0.000000E+0	0.000000E+0	0.000000E+0
3.322528E+1	2.302871E-1	-1.487000E+0	-4.014473E-19	-2.240669E+17	-1.550949E-2	0.000000E+0	3.009612E-2	-2.085986E-4	0.000000E+0	0.000000E+0	0.000000E+0
3.235201E+1	2.137947E-1	-1.424000E+0	2.698511E+17	-3.360764E+17	-1.439938E-2	0.000000E+0	3.090863E-2	-2.042563E-4	0.000000E+0	0.000000E+0	0.000000E+0
2.921215E+1	1.889367E-1	-1.361000E+0	-6.256276E-18	1.398985E+17	-1.329387E-2	0.000000E+0	3.423090E-2	-2.213967E-4	0.000000E+0	0.000000E+0	0.000000E+0
2.921248E+1	2.018707E-1	-1.297000E+0	-1.006173E-18	-5.687810E-18	-1.172415E-2	0.000000E+0	3.423031E-2	-2.365460E-4	0.000000E+0	0.000000E+0	0.000000E+0
3.805567E+1	2.706566E-1	-1.234000E+0	1.311717E+15	5.157902E-18	-1.073049E-2	0.000000E+0	2.627596E-2	-1.868779E-4	0.000000E+0	0.000000E+0	0.000000E+0
4.987854E+1	2.428007E-1	-1.171000E+0	2.540081E-19	-1.518024E+17	-9.844080E-3	0.000000E+0	2.004823E-2	-9.759154E-5	0.000000E+0	0.000000E+0	0.000000E+0
5.780371E+1	2.440610E-1	-1.108000E+0	-5.203440E-18	3.830367E-18	-9.043986E-3	0.000000E+0	1.729962E-2	-7.304310E-5	0.000000E+0	0.000000E+0	0.000000E+0
6.358123E+1	2.802553E-1	-1.044000E+0	-1.183523E-18	-5.342346E-18	-8.315932E-3	0.000000E+0	1.572761E-2	-6.932463E-5	0.000000E+0	0.000000E+0	0.000000E+0
6.907048E+1	3.461547E-1	-9.810000E-1	-5.319197E+16	-3.553127E+17	-7.626154E-3	0.000000E+0	1.447760E-2	-7.255617E-5	0.000000E+0	0.000000E+0	0.000000E+0
7.842365E+1	4.797220E-1	-9.180000E-1	2.088264E+17	-2.196584E+17	-6.969062E-3	0.000000E+0	1.275078E-2	-7.799725E-5	0.000000E+0	0.000000E+0	0.000000E+0
1.007233E+2	6.963263E-1	-8.540000E-1	-7.964855E+16	-3.372652E-18	-6.397288E-3	0.000000E+0	9.927715E-3	-6.863287E-5	0.000000E+0	0.000000E+0	0.000000E+0
1.321948E+2	6.413670E-1	-7.910000E-1	-1.827512E-18	1.580559E+17	-5.954191E-3	0.000000E+0	7.564416E-3	-3.670013E-5	0.000000E+0	0.000000E+0	0.000000E+0
1.529159E+2	3.989019E-1	-7.280000E-1	-4.775830E-18	6.138991E-18	-5.579019E-3	0.000000E+0	6.539498E-3	-1.705917E-5	0.000000E+0	0.000000E+0	0.000000E+0
1.566717E+2	1.337748E-1	-6.650000E-1	2.010006E+17	1.860550E+17	-5.216616E-3	0.000000E+0	6.382769E-3	-5.449955E-6	0.000000E+0	0.000000E+0	0.000000E+0
1.520672E+2	-5.493546E-2	-6.010000E-1	4.410889E+17	3.939340E-18	-4.821043E-3	0.000000E+0	6.576039E-3	2.375645E-6	0.000000E+0	0.000000E+0	0.000000E+0
1.428910E+2	-2.418537E-1	-5.380000E-1	-5.506670E-18	3.318154E+17	-4.470896E-3	0.000000E+0	6.998321E-3	1.184518E-5	0.000000E+0	0.000000E+0	0.000000E+0
1.322711E+2	-2.418785E-1	-4.750000E-1	-5.761072E+17	-4.172230E+17	-4.073764E-3	0.000000E+0	7.560205E-3	1.382502E-5	0.000000E+0	0.000000E+0	0.000000E+0
1.203644E+2	-1.866064E-1	-4.110000E-1	6.303170E-18	-1.599031E-19	-3.642951E-3	0.000000E+0	8.308084E-3	1.288040E-5	0.000000E+0	0.000000E+0	0.000000E+0
1.079997E+2	-1.523294E-1	-3.480000E-1	-1.696221E+17	-6.410774E-19	-3.187595E-3	0.000000E+0	9.259267E-3	1.305984E-5	0.000000E+0	0.000000E+0	0.000000E+0
9.631395E+1	-1.135387E-1	-2.850000E-1	-2.816971E+17	1.903750E-18	-2.688318E-3	0.000000E+0	1.038270E-2	1.223954E-5	0.000000E+0	0.000000E+0	0.000000E+0
8.675800E+1	-9.500694E-2	-2.220000E-1	-1.478400E+17	2.700591E+17	-2.136946E-3	0.000000E+0	1.152630E-2	1.262222E-5	0.000000E+0	0.000000E+0	0.000000E+0
7.922705E+1	-8.540964E-2	-1.580000E-1	-2.949171E+17	-4.956124E-18	-1.550362E-3	0.000000E+0	1.262194E-2	1.360691E-5	0.000000E+0	0.000000E+0	0.000000E+0
7.684267E+1	-8.765507E-2	-9.500000E-2	-4.717429E+17	-4.928282E+17	-9.387250E-4	0.000000E+0	1.301359E-2	1.484471E-5	0.000000E+0	0.000000E+0	0.000000E+0
7.926326E+1	-8.681345E-2	-3.200000E-2	-9.427576E-19	-9.426377E-19	-3.138091E-4	0.000000E+0	1.261617E-2	1.381792E-5	0.000000E+0	0.000000E+0	0.000000E+0
8.538680E+1	-1.047068E-1	3.200000E-2	-3.093320E+17	4.406614E-18	2.957575E-4	0.000000E+0	1.171139E-2	1.436127E-5	0.000000E+0	0.000000E+0	0.000000E+0
9.349089E+1	-1.337528E-1	9.500000E-2	-4.715212E+17	-5.436513E+17	8.399788E-4	0.000000E+0	1.069621E-2	1.530254E-5	0.000000E+0	0.000000E+0	0.000000E+0
1.003868E+2	-1.737928E-1	1.580000E-1	4.697582E+17	-5.230656E+17	1.364282E-3	0.000000E+0	9.961439E-3	1.724556E-5	0.000000E+0	0.000000E+0	0.000000E+0
1.076745E+2	-2.124672E-1	2.220000E-1	-3.021231E-18	1.735786E-18	1.867107E-3	0.000000E+0	9.287214E-3	1.832586E-5	0.000000E+0	0.000000E+0	0.000000E+0
1.150376E+2	-2.496681E-1	2.850000E-1	-3.194760E-18	5.558819E-18	2.332677E-3	0.000000E+0	8.692769E-3	1.886607E-5	0.000000E+0	0.000000E+0	0.000000E+0
1.225905E+2	-3.131542E-1	3.480000E-1	4.155990E+17	-1.817843E+17	2.775774E-3	0.000000E+0	8.157186E-3	2.083732E-5	0.000000E+0	0.000000E+0	0.000000E+0
1.300229E+2	-3.960114E-1	4.110000E-1	-4.136209E+17	4.857998E-18	3.189250E-3	0.000000E+0	7.690882E-3	2.342416E-5	0.000000E+0	0.000000E+0	0.000000E+0
1.371024E+2	-4.946032E-1	4.750000E-1	-3.851510E-18	-6.440443E-18	3.596570E-3	0.000000E+0	7.293723E-3	2.631244E-5	0.000000E+0	0.000000E+0	0.000000E+0
1.431761E+2	-4.833746E-1	5.380000E-1	4.766215E-20	4.558806E+17	4.012088E-3	0.000000E+0	6.984326E-3	2.357968E-5	0.000000E+0	0.000000E+0	0.000000E+0
1.486895E+2	-4.534664E-1	6.010000E-1	1.388541E-18	6.784133E-18	4.364277E-3	0.000000E+0	6.725362E-3	2.051070E-5	0.000000E+0	0.000000E+0	0.000000E+0
1.525262E+2	-3.866243E-1	6.650000E-1	4.707193E+17	-3.632098E-18	4.732271E-3	0.000000E+0	6.556209E-3	1.661872E-5	0.000000E+0	0.000000E+0	0.000000E+0
1.529986E+2	-3.289270E-1	7.280000E-1	-7.975154E-19	6.323277E-18	5.076288E-3	0.000000E+0	6.535977E-3	1.405150E-5	0.000000E+0	0.000000E+0	0.000000E+0
1.515554E+2	-2.572670E-1	7.910000E-1	-4.524462E+17	2.055148E+17	5.411113E-3	0.000000E+0	6.598228E-3	1.120057E-5	0.000000E+0	0.000000E+0	0.000000E+0
1.449621E+2	-2.429190E-1	8.540000E-1	-6.904434E-18	-8.375564E+16	5.790881E-3	0.000000E+0	6.898335E-3	1.155983E-5	0.000000E+0	0.000000E+0	0.000000E+0
1.367339E+2	-2.628279E-1	9.180000E-1	2.547933E-18	-2.672116E+16	6.175729E-3	0.000000E+0	7.313448E-3	1.405780E-5	0.000000E+0	0.000000E+0	0.000000E+0
1.293757E+2	-2.955589E-1	9.810000E-1	-1.554615E+17	1.089529E+17	6.575414E-3	0.000000E+0	7.729386E-3	1.765779E-5	0.000000E+0	0.000000E+0	0.000000E+0
1.237712E+2	-2.758064E-1	1.044000E+0	-2.314515E+17	1.796536E+17	6.988890E-3	0.000000E+0	8.079384E-3	1.800375E-5	0.000000E+0	0.000000E+0	0.000000E+0
1.194366E+2	-2.358866E-1	1.108000E+0	4.674714E-18	-5.707470E+17	7.426343E-3	0.000000E+0	8.372610E-3	1.653586E-5	0.000000E+0	0.000000E+0	0.000000E+0
1.151835E+2	-1.875906E-1	1.171000E+0	-2.820974E+17	-3.573550E+17	7.874547E-3	0.000000E+0	8.681776E-3	1.413935E-5	0.000000E+0	0.000000E+0	0.000000E+0
1.110093E+2	-1.887589E-1	1.234000E+0	7.433461E+16	-3.421240E+17	8.391701E-3	0.000000E+0	9.008228E-3	1.531748E-5	0.000000E+0	0.000000E+0	0.000000E+0
1.076352E+2	-1.597605E-1	1.297000E+0	4.333500E+17	8.421242E+16	8.854717E-3	0.000000E+0	9.290621E-3	1.378986E-5	0.000000E+0	0.000000E+0	0.000000E+0
1.035728E+2	-1.293697E-1	1.361000E+0	5.364300E+17	-2.871878E+17	9.345794E-3	0.000000E+0	9.655030E-3	1.205981E-5	0.000000E+0	0.000000E+0	0.000000E+0
9.854195E+1	-6.446362E-2	1.424000E+0	-4.075705E-18	1.659667E-18	9.832304E-3	0.000000E+0	1.014796E-2	6.638534E-6	0.000000E+0	0.000000E+0	0.000000E+0
9.433649E+1	-1.847553E-2	1.487000E+0	9.225665E+16	1.907244E+17	1.022944E-2	0.000000E+0	1.060035E-2	2.076048E-6	0.000000E+0	0.000000E+0	0.000000E+0
8.615344E+1	-3.703461E-1	1.551000E+0	4.020179E+17	1.832659E+17	1.080121E-2	0.000000E+0	1.160698E-2	4.989471E-5	0.000000E+0	0.000000E+0	0.000000E+0
7.538264E+1	-7.352467E-1	1.614000E+0	1.676928E-18	4.035830E-18	1.144706E-2	0.000000E+0	1.326439E-2	1.293746E-4	0.000000E+0	0.000000E+0	0.000000E+0
6.653162E+1	-1.311694E+0	1.677000E+0	-2.658310E+17	-5.132058E+17	1.259650E-2	0.000000E+0	1.502461E-2	2.962153E-4	0.000000E+0	0.000000E+0	0.000000E+0
5.949743E+1	-1.076589E+0	1.741000E+0	5.241928E+17	2.782928E-18	1.341444E-2	0.000000E+0	1.680195E-2	3.040264E-4	0.000000E+0	0.000000E+0	0.000000E+0
6.566986E+1	2.746587E-1	1.804000E+0	2.579781E+17	4.568510E-19	1.357715E-2	0.000000E+0	1.522742E-2	-6.368741E-5	0.000000E+0	0.000000E+0	0.000000E+0
6.247519E+1	4.023356E-1	1.867000E+0	-4.023263E-18	5.325189E+16	1.232158E-2	0.000000E+0	1.600569E-2	-1.030755E-4	0.000000E+0	0.000000E+0	0.000000E+0
4.611254E+1	6.353755E-1	1.930000E+0	-1.980656E+17	2.858813E+16	1.252310E-2	0.000000E+0	2.168196E-2	-2.987514E-4	0.000000E+0	0.000000E+0	0.000000E+0
2.788398E+1	1.010525E+0	1.994000E+0	-2.714796E-18	5.985466E+14	1.387117E-2	0.000000E+0	3.581585E-2	-1.297979E-3	0.000000E+0	0.000000E+0	0.000000E+0
3.906552E+0	1.537615E+0	2.057000E+0	5.785012E-19	5.234687E+17	1.514369E-2	0.000000E+0	2.216432E-1	-8.723855E-2	0.000000E+0	0.000000E+0	0.000000E+0
1.334679E-1	-5.892743E-1	2.120000E+0	-2.373659E+17	1.295985E-19	1.879362E-2	0.000000E+0	3.656075E-1	1.614194E+0	0.000000E+0	0.000000E+0	0.000000E+0
2.096505E+1	-1.216316E-1	2.184000E+0	-5.351627E-18	2.391872E+17	2.292872E-2	0.000000E+0	4.769683E-2	2.767196E-4	0.000000E+0	0.000000E+0	0.000000E+0
1.028964E+1	6.110100E-1	2.247000E+0	2.587907E+17	1.873793E-18	1.802198E-2	0.000000E+0	9.684365E-2	-5.750681E-3	0.000000E+0	0.000000E+0	0.000000E+0
1.005356E+1	4.031916E-1	2.310000E+0	-3.127958E+17	-9.739241E-19	2.322401E-2	0.000000E+0	9.930753E-2	-3.982665E-3	0.000000E+0	0.000000E+0	0.000000E+0
7.647769E+0	1.249984E+0	2.373000E+0	6.653843E-18	-4.395667E+17	2.603380E-2	0.000000E+0	1.273549E-1	-2.081543E-2	0.000000E+0	0.000000E+0	0.000000E+0
5.436900E+0	2.480480E+0	2.437000E+0	-1.571544E-18	-4.190346E+17	2.851466E-2	0.000000E+0	1.522401E-1	-6.945660E-2	0.000000E+0	0.000000E+0	0.000000E+0
4.370487E+0	2.077042E+0	2.500000E+0	-9.275714E-19	-3.780201E-18	3.123508E-2	0.000000E+0	1.866512E-1	-8.870463E-2	0.000000E+0	0.000000E+0	0.000000E+0
