Real / Ohm	Ximag / Ohm	V_DC / V	I_a c / A	V_ac / V	I_DC / A
9.872224E+2	-2.981423E+4	1.500000E+0	-9.275714E-19	-3.780201E-18	-1.750959E-6	1.000000E+5	1.109410E-6	3.350430E-5	0.000000E+0	0.000000E+0	0.000000E+0
1.067844E+3	-2.988764E+4	1.462000E+0	-1.571544E-18	-4.190346E+17	-1.210356E-6	0.000000E+0	1.193907E-6	3.341599E-5	0.000000E+0	0.000000E+0	0.000000E+0
1.130842E+3	-2.998126E+4	1.424000E+0	6.653843E-18	-4.395667E+17	2.394590E-6	0.000000E+0	1.256275E-6	3.330678E-5	0.000000E+0	0.000000E+0	0.000000E+0
1.158330E+3	-3.013275E+4	1.386000E+0	-3.127958E+17	-9.739241E-19	-1.150634E-6	0.000000E+0	1.273836E-6	3.313752E-5	0.000000E+0	0.000000E+0	0.000000E+0
1.175623E+3	-3.033034E+4	1.348000E+0	2.587907E+17	1.873793E-18	1.432854E-6	0.000000E+0	1.276032E-6	3.292083E-5	0.000000E+0	0.000000E+0	0.000000E+0
1.186678E+3	-3.055784E+4	1.310000E+0	-5.351627E-18	2.391872E+17	1.462751E-6	0.000000E+0	1.268917E-6	3.267555E-5	0.000000E+0	0.000000E+0	0.000000E+0
1.183386E+3	-3.081978E+4	1.272000E+0	-2.373659E+17	1.295985E-19	9.818978E-7	0.000000E+0	1.244021E-6	3.239893E-5	0.000000E+0	0.000000E+0	0.000000E+0
1.172091E+3	-3.110480E+4	1.234000E+0	5.785012E-19	5.234687E+17	-1.031127E-6	0.000000E+0	1.209735E-6	3.210379E-5	0.000000E+0	0.000000E+0	0.000000E+0
1.177888E+3	-3.141033E+4	1.196000E+0	-2.714796E-18	5.985466E+14	-4.905451E-7	0.000000E+0	1.192199E-6	3.179195E-5	0.000000E+0	0.000000E+0	0.000000E+0
1.174355E+3	-3.172877E+4	1.158000E+0	-1.980656E+17	2.858813E+16	5.005131E-8	0.000000E+0	1.164926E-6	3.147402E-5	0.000000E+0	0.000000E+0	0.000000E+0
1.180496E+3	-3.207843E+4	1.120000E+0	-4.023263E-18	5.325189E+16	-1.452252E-6	0.000000E+0	1.145646E-6	3.113144E-5	0.000000E+0	0.000000E+0	0.000000E+0
1.156061E+3	-3.244375E+4	1.082000E+0	2.579781E+17	4.568510E-19	-9.116484E-7	0.000000E+0	1.096901E-6	3.078349E-5	0.000000E+0	0.000000E+0	0.000000E+0
1.145686E+3	-3.282628E+4	1.044000E+0	5.241928E+17	2.782928E-18	1.396693E-7	0.000000E+0	1.061924E-6	3.042633E-5	0.000000E+0	0.000000E+0	0.000000E+0
1.132519E+3	-3.322435E+4	1.006000E+0	-2.658310E+17	-5.132058E+17	-3.411842E-7	0.000000E+0	1.024774E-6	3.006348E-5	0.000000E+0	0.000000E+0	0.000000E+0
1.120920E+3	-3.365634E+4	9.680000E-1	1.676928E-18	4.035830E-18	-8.220377E-7	0.000000E+0	9.884607E-7	2.967916E-5	0.000000E+0	0.000000E+0	0.000000E+0
1.100251E+3	-3.409777E+4	9.300000E-1	4.020179E+17	1.832659E+17	1.761455E-6	0.000000E+0	9.453396E-7	2.929693E-5	0.000000E+0	0.000000E+0	0.000000E+0
1.080505E+3	-3.457508E+4	8.920000E-1	9.225665E+16	1.907244E+17	-2.515699E-7	0.000000E+0	9.029765E-7	2.889435E-5	0.000000E+0	0.000000E+0	0.000000E+0
1.051815E+3	-3.506450E+4	8.540000E-1	-4.075705E-18	1.659667E-18	-2.775338E-6	0.000000E+0	8.546995E-7	2.849323E-5	0.000000E+0	0.000000E+0	0.000000E+0
1.023448E+3	-3.558651E+4	8.160000E-1	5.364300E+17	-2.871878E+17	-2.745477E-6	0.000000E+0	8.074877E-7	2.807731E-5	0.000000E+0	0.000000E+0	0.000000E+0
1.009135E+3	-3.613496E+4	7.780000E-1	4.333500E+17	8.421242E+16	-2.715584E-6	0.000000E+0	7.722458E-7	2.765246E-5	0.000000E+0	0.000000E+0	0.000000E+0
9.703350E+2	-3.668903E+4	7.410000E-1	7.433461E+16	-3.421240E+17	-1.691929E-6	0.000000E+0	7.203533E-7	2.723705E-5	0.000000E+0	0.000000E+0	0.000000E+0
9.363833E+2	-3.729251E+4	7.030000E-1	-2.820974E+17	-3.573550E+17	-1.298977E-7	0.000000E+0	6.728786E-7	2.679814E-5	0.000000E+0	0.000000E+0	0.000000E+0
9.007188E+2	-3.792496E+4	6.650000E-1	4.674714E-18	-5.707470E+17	4.107060E-7	0.000000E+0	6.258843E-7	2.635299E-5	0.000000E+0	0.000000E+0	0.000000E+0
8.708750E+2	-3.858721E+4	6.270000E-1	-2.314515E+17	1.796536E+17	2.994198E-6	0.000000E+0	5.845853E-7	2.590213E-5	0.000000E+0	0.000000E+0	0.000000E+0
8.258130E+2	-3.928753E+4	5.890000E-1	-1.554615E+17	1.089529E+17	4.704307E-7	0.000000E+0	5.347865E-7	2.544213E-5	0.000000E+0	0.000000E+0	0.000000E+0
7.990300E+2	-4.001680E+4	5.510000E-1	2.547933E-18	-2.672116E+16	2.032491E-6	0.000000E+0	4.987757E-7	2.497955E-5	0.000000E+0	0.000000E+0	0.000000E+0
7.552092E+2	-4.079446E+4	5.130000E-1	-6.904434E-18	-8.375564E+16	1.551638E-6	0.000000E+0	4.536450E-7	2.450473E-5	0.000000E+0	0.000000E+0	0.000000E+0
7.171174E+2	-4.160795E+4	4.750000E-1	-4.524462E+17	2.055148E+17	-4.614121E-7	0.000000E+0	4.141032E-7	2.402673E-5	0.000000E+0	0.000000E+0	0.000000E+0
6.854102E+2	-4.246702E+4	4.370000E-1	-7.975154E-19	6.323277E-18	1.100649E-6	0.000000E+0	3.799565E-7	2.354155E-5	0.000000E+0	0.000000E+0	0.000000E+0
6.379016E+2	-4.336438E+4	3.990000E-1	4.707193E+17	-3.632098E-18	1.641225E-6	0.000000E+0	3.391513E-7	2.305541E-5	0.000000E+0	0.000000E+0	0.000000E+0
6.285449E+2	-4.431794E+4	3.610000E-1	1.388541E-18	6.784133E-18	-1.393228E-6	0.000000E+0	3.199557E-7	2.255969E-5	0.000000E+0	0.000000E+0	0.000000E+0
5.772949E+2	-4.532156E+4	3.230000E-1	4.766215E-20	4.558806E+17	2.722434E-6	0.000000E+0	2.810073E-7	2.206097E-5	0.000000E+0	0.000000E+0	0.000000E+0
5.844634E+2	-4.638078E+4	2.850000E-1	-3.851510E-18	-6.440443E-18	-3.120458E-7	0.000000E+0	2.716516E-7	2.155723E-5	0.000000E+0	0.000000E+0	0.000000E+0
6.060811E+2	-4.751872E+4	2.470000E-1	-4.136209E+17	4.857998E-18	1.249986E-6	0.000000E+0	2.683679E-7	2.104091E-5	0.000000E+0	0.000000E+0	0.000000E+0
6.195742E+2	-4.874659E+4	2.090000E-1	4.155990E+17	-1.817843E+17	1.790592E-6	0.000000E+0	2.606962E-7	2.051094E-5	0.000000E+0	0.000000E+0	0.000000E+0
6.436411E+2	-5.010063E+4	1.710000E-1	-3.194760E-18	5.558819E-18	1.820454E-6	0.000000E+0	2.563809E-7	1.995654E-5	0.000000E+0	0.000000E+0	0.000000E+0
6.977646E+2	-5.157729E+4	1.330000E-1	-3.021231E-18	1.735786E-18	1.339602E-6	0.000000E+0	2.622481E-7	1.938483E-5	0.000000E+0	0.000000E+0	0.000000E+0
7.613564E+2	-5.320763E+4	9.500000E-2	4.697582E+17	-5.230656E+17	1.369463E-6	0.000000E+0	2.688755E-7	1.879045E-5	0.000000E+0	0.000000E+0	0.000000E+0
8.271597E+2	-5.502698E+4	5.700000E-2	-4.715212E+17	-5.436513E+17	-1.665017E-6	0.000000E+0	2.731114E-7	1.816880E-5	0.000000E+0	0.000000E+0	0.000000E+0
8.752246E+2	-5.704048E+4	1.900000E-2	-3.093320E+17	4.406614E-18	-6.136985E-7	0.000000E+0	2.689372E-7	1.752728E-5	0.000000E+0	0.000000E+0	0.000000E+0
9.632690E+2	-5.936780E+4	-1.900000E-2	-9.427576E-19	-9.426377E-19	1.459077E-6	0.000000E+0	2.732319E-7	1.683971E-5	0.000000E+0	0.000000E+0	0.000000E+0
1.047490E+3	-6.197061E+4	-5.700000E-2	-4.717429E+17	-4.928282E+17	4.042568E-6	0.000000E+0	2.726806E-7	1.613207E-5	0.000000E+0	0.000000E+0	0.000000E+0
1.185183E+3	-6.500583E+4	-9.500000E-2	-2.949171E+17	-4.956124E-18	-5.240840E-7	0.000000E+0	2.803732E-7	1.537812E-5	0.000000E+0	0.000000E+0	0.000000E+0
1.392663E+3	-6.864950E+4	-1.330000E-1	-1.478400E+17	2.700591E+17	1.652006E-8	0.000000E+0	2.953878E-7	1.456076E-5	0.000000E+0	0.000000E+0	0.000000E+0
1.648866E+3	-7.322066E+4	-1.710000E-1	-2.816971E+17	1.903750E-18	1.578554E-6	0.000000E+0	3.073958E-7	1.365043E-5	0.000000E+0	0.000000E+0	0.000000E+0
2.050655E+3	-7.936459E+4	-2.090000E-1	-1.696221E+17	-6.410774E-19	7.627295E-8	0.000000E+0	3.253488E-7	1.259167E-5	0.000000E+0	0.000000E+0	0.000000E+0
2.650112E+3	-8.822069E+4	-2.470000E-1	6.303170E-18	-1.599031E-19	3.170478E-6	0.000000E+0	3.401979E-7	1.132499E-5	0.000000E+0	0.000000E+0	0.000000E+0
3.655899E+3	-1.019093E+5	-2.850000E-1	-5.761072E+17	-4.172230E+17	3.711082E-6	0.000000E+0	3.515669E-7	9.800035E-6	0.000000E+0	0.000000E+0	0.000000E+0
5.395304E+3	-1.235867E+5	-3.230000E-1	-5.506670E-18	3.318154E+17	3.740945E-6	0.000000E+0	3.525701E-7	8.076094E-6	0.000000E+0	0.000000E+0	0.000000E+0
8.191036E+3	-1.571837E+5	-3.610000E-1	4.410889E+17	3.939340E-18	1.957505E-7	0.000000E+0	3.306329E-7	6.344753E-6	0.000000E+0	0.000000E+0	0.000000E+0
1.234722E+4	-2.036392E+5	-3.990000E-1	2.010006E+17	1.860550E+17	7.363251E-7	0.000000E+0	2.966557E-7	4.892659E-6	0.000000E+0	0.000000E+0	0.000000E+0
1.560922E+4	-2.552850E+5	-4.370000E-1	-4.775830E-18	6.138991E-18	2.298388E-6	0.000000E+0	2.386217E-7	3.902600E-6	0.000000E+0	0.000000E+0	0.000000E+0
1.555819E+4	-2.973751E+5	-4.750000E-1	-1.827512E-18	1.580559E+17	7.960771E-7	0.000000E+0	1.754538E-7	3.353577E-6	0.000000E+0	0.000000E+0	0.000000E+0
1.209149E+4	-3.251633E+5	-5.130000E-1	-7.964855E+16	-3.372652E-18	3.379570E-6	0.000000E+0	1.142028E-7	3.071131E-6	0.000000E+0	0.000000E+0	0.000000E+0
8.372549E+3	-3.457844E+5	-5.510000E-1	2.088264E+17	-2.196584E+17	1.877259E-6	0.000000E+0	6.998297E-8	2.890281E-6	0.000000E+0	0.000000E+0	0.000000E+0
5.833168E+3	-3.687945E+5	-5.890000E-1	-5.319197E+16	-3.553127E+17	-6.464797E-7	0.000000E+0	4.287726E-8	2.710859E-6	0.000000E+0	0.000000E+0	0.000000E+0
5.281070E+3	-3.975957E+5	-6.270000E-1	-1.183523E-18	-5.342346E-18	1.426266E-6	0.000000E+0	3.340119E-8	2.514674E-6	0.000000E+0	0.000000E+0	0.000000E+0
3.723102E+3	-4.290917E+5	-6.650000E-1	-5.203440E-18	3.830367E-18	9.454161E-7	0.000000E+0	2.021957E-8	2.330329E-6	0.000000E+0	0.000000E+0	0.000000E+0
3.309328E+3	-4.597082E+5	-7.030000E-1	2.540081E-19	-1.518024E+17	4.039648E-6	0.000000E+0	1.565860E-8	2.175180E-6	0.000000E+0	0.000000E+0	0.000000E+0
3.638148E+3	-4.883456E+5	-7.410000E-1	1.311717E+15	5.157902E-18	5.090966E-6	0.000000E+0	1.525463E-8	2.047616E-6	0.000000E+0	0.000000E+0	0.000000E+0
2.924672E+3	-5.142970E+5	-7.780000E-1	-1.006173E-18	-5.687810E-18	4.582449E-6	0.000000E+0	1.105694E-8	1.944339E-6	0.000000E+0	0.000000E+0	0.000000E+0
3.179949E+3	-5.382736E+5	-8.160000E-1	-6.256276E-18	1.398985E+17	3.080142E-6	0.000000E+0	1.097486E-8	1.857726E-6	0.000000E+0	0.000000E+0	0.000000E+0
3.147473E+3	-5.609849E+5	-8.540000E-1	2.698511E+17	-3.360764E+17	2.599289E-6	0.000000E+0	1.000106E-8	1.782523E-6	0.000000E+0	0.000000E+0	0.000000E+0
3.993375E+3	-5.841181E+5	-8.920000E-1	-4.014473E-19	-2.240669E+17	7.552080E-8	0.000000E+0	1.170357E-8	1.711903E-6	0.000000E+0	0.000000E+0	0.000000E+0
3.607070E+3	-6.039594E+5	-9.300000E-1	8.607197E+16	4.249670E-18	2.659010E-6	0.000000E+0	9.888345E-9	1.655681E-6	0.000000E+0	0.000000E+0	0.000000E+0
3.576328E+3	-6.236731E+5	-9.680000E-1	2.127762E-18	3.293656E+15	-8.861825E-7	0.000000E+0	9.194096E-9	1.603351E-6	0.000000E+0	0.000000E+0	0.000000E+0
3.906070E+3	-6.435227E+5	-1.006000E+0	-4.960950E+17	8.277014E+16	6.758783E-7	0.000000E+0	9.431837E-9	1.553889E-6	0.000000E+0	0.000000E+0	0.000000E+0
5.667926E+3	-6.608467E+5	-1.044000E+0	-6.504745E+16	2.346692E+17	3.770081E-6	0.000000E+0	1.297749E-8	1.513099E-6	0.000000E+0	0.000000E+0	0.000000E+0
5.617387E+3	-6.768989E+5	-1.082000E+0	5.291893E-18	5.135446E+17	-1.307286E-6	0.000000E+0	1.225905E-8	1.477224E-6	0.000000E+0	0.000000E+0	0.000000E+0
4.764949E+3	-6.943239E+5	-1.120000E+0	-2.052875E-18	3.493290E-18	2.297660E-6	0.000000E+0	9.883564E-9	1.440182E-6	0.000000E+0	0.000000E+0	0.000000E+0
4.883414E+3	-7.085421E+5	-1.158000E+0	2.907620E+17	-1.496570E-18	-7.368435E-7	0.000000E+0	9.726836E-9	1.411282E-6	0.000000E+0	0.000000E+0	0.000000E+0
6.148125E+3	-7.220722E+5	-1.196000E+0	4.284782E-18	4.664211E-18	1.846667E-6	0.000000E+0	1.179098E-8	1.384803E-6	0.000000E+0	0.000000E+0	0.000000E+0
3.066578E+3	-7.347011E+5	-1.234000E+0	6.288344E-18	-3.929323E-18	-1.187836E-6	0.000000E+0	5.681004E-9	1.361074E-6	0.000000E+0	0.000000E+0	0.000000E+0
4.175430E+3	-7.502018E+5	-1.272000E+0	8.250878E-19	3.410070E-18	-1.157947E-6	0.000000E+0	7.418764E-9	1.332933E-6	0.000000E+0	0.000000E+0	0.000000E+0
5.286445E+3	-7.600829E+5	-1.310000E+0	4.553607E+17	-2.686618E+17	1.425513E-6	0.000000E+0	9.149994E-9	1.315582E-6	0.000000E+0	0.000000E+0	0.000000E+0
5.769539E+3	-7.669147E+5	-1.348000E+0	2.517955E+17	3.793721E+16	2.476838E-6	0.000000E+0	9.808947E-9	1.303852E-6	0.000000E+0	0.000000E+0	0.000000E+0
3.817992E+3	-7.774047E+5	-1.386000E+0	-6.627991E-18	5.175899E+17	-4.690082E-8	0.000000E+0	6.317281E-9	1.286300E-6	0.000000E+0	0.000000E+0	0.000000E+0
6.621844E+3	-7.850854E+5	-1.424000E+0	-5.704680E+17	6.512875E+16	-1.701119E-8	0.000000E+0	1.074272E-8	1.273656E-6	0.000000E+0	0.000000E+0	0.000000E+0
2.966750E+3	-7.941321E+5	-1.462000E+0	-4.691026E+17	6.906363E-18	5.235343E-7	0.000000E+0	4.704239E-9	1.259219E-6	0.000000E+0	0.000000E+0	0.000000E+0
4.538578E+3	-8.006354E+5	-1.500000E+0	-3.567381E+17	-4.286482E-18	3.107052E-6	0.000000E+0	7.080049E-9	1.248968E-6	0.000000E+0	0.000000E+0	0.000000E+0
