Real / Ohm	Ximag / Ohm	V_DC / V	I_a c / A	V_ac / V	I_DC / A
-7.544816E+6	-7.199987E+7	-1.000000E+0	-3.567381E+17	-4.286482E-18	1.531305E-6	1.000000E+3	-1.439602E-9	1.373806E-8	0.000000E+0	0.000000E+0	0.000000E+0
1.384004E+6	-7.549818E+7	-9.750000E-1	-4.691026E+17	6.906363E-18	8.396528E-7	0.000000E+0	2.427272E-10	1.324090E-8	0.000000E+0	0.000000E+0	0.000000E+0
-2.437175E+6	-8.179936E+7	-9.490000E-1	-5.704680E+17	6.512875E+16	-3.903842E-7	0.000000E+0	-3.639163E-10	1.221419E-8	0.000000E+0	0.000000E+0	0.000000E+0
5.430453E+6	-6.348630E+7	-9.240000E-1	-6.627991E-18	5.175899E+17	1.471588E-6	0.000000E+0	1.337550E-9	1.563702E-8	0.000000E+0	0.000000E+0	0.000000E+0
5.883661E+5	-6.624633E+7	-8.990000E-1	2.517955E+17	3.793721E+16	7.799281E-7	0.000000E+0	1.340571E-10	1.509399E-8	0.000000E+0	0.000000E+0	0.000000E+0
-2.690696E+5	-6.490580E+7	-8.730000E-1	4.553607E+17	-2.686618E+17	-9.608520E-7	0.000000E+0	-6.386901E-11	1.540668E-8	0.000000E+0	0.000000E+0	0.000000E+0
4.884736E+6	-5.654536E+7	-8.480000E-1	8.250878E-19	3.410070E-18	2.433288E-6	0.000000E+0	1.516416E-9	1.755392E-8	0.000000E+0	0.000000E+0	0.000000E+0
5.031837E+6	-5.802908E+7	-8.230000E-1	6.288344E-18	-3.929323E-18	-8.119969E-7	0.000000E+0	1.483139E-9	1.710413E-8	0.000000E+0	0.000000E+0	0.000000E+0
-5.067258E+4	-5.663490E+7	-7.970000E-1	4.284782E-18	4.664211E-18	4.086651E-6	0.000000E+0	-1.579808E-11	1.765694E-8	0.000000E+0	0.000000E+0	0.000000E+0
2.493871E+6	-5.549530E+7	-7.720000E-1	2.907620E+17	-1.496570E-18	1.352109E-6	0.000000E+0	8.081378E-10	1.798323E-8	0.000000E+0	0.000000E+0	0.000000E+0
2.494825E+6	-4.894418E+7	-7.470000E-1	-2.052875E-18	3.493290E-18	2.192624E-6	0.000000E+0	1.038750E-9	2.037849E-8	0.000000E+0	0.000000E+0	0.000000E+0
5.493014E+6	-4.503086E+7	-7.220000E-1	5.291893E-18	5.135446E+17	-3.120294E-8	0.000000E+0	2.669166E-9	2.188140E-8	0.000000E+0	0.000000E+0	0.000000E+0
4.288155E+6	-4.363610E+7	-6.960000E-1	-6.504745E+16	2.346692E+17	3.335241E-6	0.000000E+0	2.230513E-9	2.269761E-8	0.000000E+0	0.000000E+0	0.000000E+0
7.195393E+6	-3.739917E+7	-6.710000E-1	-4.960950E+17	8.277014E+16	8.998541E-8	0.000000E+0	4.960727E-9	2.578415E-8	0.000000E+0	0.000000E+0	0.000000E+0
6.673345E+6	-3.438942E+7	-6.460000E-1	2.127762E-18	3.293656E+15	-1.112414E-6	0.000000E+0	5.438014E-9	2.802345E-8	0.000000E+0	0.000000E+0	0.000000E+0
6.097818E+6	-3.080245E+7	-6.200000E-1	8.607197E+16	4.249670E-18	2.254063E-6	0.000000E+0	6.184561E-9	3.124062E-8	0.000000E+0	0.000000E+0	0.000000E+0
4.994873E+6	-2.751977E+7	-5.950000E-1	-4.014473E-19	-2.240669E+17	1.051692E-6	0.000000E+0	6.384966E-9	3.517863E-8	0.000000E+0	0.000000E+0	0.000000E+0
3.921989E+6	-2.483110E+7	-5.700000E-1	2.698511E+17	-3.360764E+17	1.892204E-6	0.000000E+0	6.206017E-9	3.929186E-8	0.000000E+0	0.000000E+0	0.000000E+0
3.011156E+6	-2.227618E+7	-5.440000E-1	-6.256276E-18	1.398985E+17	1.683595E-6	0.000000E+0	5.959201E-9	4.408547E-8	0.000000E+0	0.000000E+0	0.000000E+0
2.542305E+6	-2.017690E+7	-5.190000E-1	-1.006173E-18	-5.687810E-18	4.056277E-6	0.000000E+0	6.147209E-9	4.878707E-8	0.000000E+0	0.000000E+0	0.000000E+0
2.039910E+6	-1.766172E+7	-4.940000E-1	1.311717E+15	5.157902E-18	1.832452E-6	0.000000E+0	6.453418E-9	5.587426E-8	0.000000E+0	0.000000E+0	0.000000E+0
1.249866E+6	-1.580330E+7	-4.680000E-1	2.540081E-19	-1.518024E+17	-4.190424E-7	0.000000E+0	4.973474E-9	6.288458E-8	0.000000E+0	0.000000E+0	0.000000E+0
1.228647E+6	-1.402172E+7	-4.430000E-1	-5.203440E-18	3.830367E-18	4.214708E-7	0.000000E+0	6.201586E-9	7.077452E-8	0.000000E+0	0.000000E+0	0.000000E+0
8.869344E+5	-1.276769E+7	-4.180000E-1	-1.183523E-18	-5.342346E-18	1.772727E-6	0.000000E+0	5.414721E-9	7.794656E-8	0.000000E+0	0.000000E+0	0.000000E+0
5.037714E+5	-1.168543E+7	-3.920000E-1	-5.319197E+16	-3.553127E+17	5.426609E-7	0.000000E+0	3.682457E-9	8.541790E-8	0.000000E+0	0.000000E+0	0.000000E+0
5.097472E+5	-1.081689E+7	-3.670000E-1	2.088264E+17	-2.196584E+17	-1.489952E-7	0.000000E+0	4.346970E-9	9.224316E-8	0.000000E+0	0.000000E+0	0.000000E+0
4.368090E+5	-1.014145E+7	-3.420000E-1	-7.964855E+16	-3.372652E-18	-2.372824E-6	0.000000E+0	4.239226E-9	9.842264E-8	0.000000E+0	0.000000E+0	0.000000E+0
4.051002E+5	-9.690878E+6	-3.160000E-1	-1.827512E-18	1.580559E+17	-1.559976E-6	0.000000E+0	4.306039E-9	1.030098E-7	0.000000E+0	0.000000E+0	0.000000E+0
2.104358E+5	-9.307396E+6	-2.910000E-1	-4.775830E-18	6.138991E-18	1.834165E-6	0.000000E+0	2.427959E-9	1.073865E-7	0.000000E+0	0.000000E+0	0.000000E+0
1.673644E+5	-8.867082E+6	-2.660000E-1	2.010006E+17	1.860550E+17	2.163964E-6	0.000000E+0	2.127879E-9	1.127365E-7	0.000000E+0	0.000000E+0	0.000000E+0
1.344544E+5	-8.538476E+6	-2.410000E-1	4.410889E+17	3.939340E-18	-5.986203E-8	0.000000E+0	1.843769E-9	1.170879E-7	0.000000E+0	0.000000E+0	0.000000E+0
1.566685E+5	-8.217107E+6	-2.150000E-1	-5.506670E-18	3.318154E+17	2.285156E-6	0.000000E+0	2.319455E-9	1.216531E-7	0.000000E+0	0.000000E+0	0.000000E+0
2.525654E+5	-7.930851E+6	-1.900000E-1	-5.761072E+17	-4.172230E+17	1.593499E-6	0.000000E+0	4.011382E-9	1.259621E-7	0.000000E+0	0.000000E+0	0.000000E+0
1.805357E+5	-7.904959E+6	-1.650000E-1	6.303170E-18	-1.599031E-19	-6.303289E-7	0.000000E+0	2.887602E-9	1.264369E-7	0.000000E+0	0.000000E+0	0.000000E+0
3.604692E+4	-7.541898E+6	-1.390000E-1	-1.696221E+17	-6.410774E-19	1.825183E-7	0.000000E+0	6.337193E-10	1.325896E-7	0.000000E+0	0.000000E+0	0.000000E+0
1.435001E+5	-7.308799E+6	-1.140000E-1	-2.816971E+17	1.903750E-18	-2.041310E-6	0.000000E+0	2.685300E-9	1.367687E-7	0.000000E+0	0.000000E+0	0.000000E+0
7.987367E+4	-7.226100E+6	-8.900000E-2	-1.478400E+17	2.700591E+17	2.885004E-6	0.000000E+0	1.529476E-9	1.383703E-7	0.000000E+0	0.000000E+0	0.000000E+0
1.407083E+5	-7.069450E+6	-6.300000E-2	-2.949171E+17	-4.956124E-18	1.144223E-6	0.000000E+0	2.814339E-9	1.413977E-7	0.000000E+0	0.000000E+0	0.000000E+0
1.108650E+5	-6.865557E+6	-3.800000E-2	-4.717429E+17	-4.928282E+17	9.632797E-7	0.000000E+0	2.351417E-9	1.456166E-7	0.000000E+0	0.000000E+0	0.000000E+0
5.403105E+4	-6.786453E+6	-1.300000E-2	-9.427576E-19	-9.426377E-19	2.314537E-6	0.000000E+0	1.173087E-9	1.473430E-7	0.000000E+0	0.000000E+0	0.000000E+0
1.292812E+5	-6.643431E+6	1.300000E-2	-3.093320E+17	4.406614E-18	2.105927E-6	0.000000E+0	2.928101E-9	1.504677E-7	0.000000E+0	0.000000E+0	0.000000E+0
7.439688E+4	-6.501717E+6	3.800000E-2	-4.715212E+17	-5.436513E+17	2.946441E-6	0.000000E+0	1.759713E-9	1.537854E-7	0.000000E+0	0.000000E+0	0.000000E+0
1.217300E+5	-6.429554E+6	6.300000E-2	4.697582E+17	-5.230656E+17	1.744071E-6	0.000000E+0	2.943610E-9	1.554761E-7	0.000000E+0	0.000000E+0	0.000000E+0
4.396340E+4	-6.280358E+6	8.900000E-2	-3.021231E-18	1.735786E-18	1.535461E-6	0.000000E+0	1.114554E-9	1.592188E-7	0.000000E+0	0.000000E+0	0.000000E+0
8.557452E+4	-6.144146E+6	1.140000E-1	-3.194760E-18	5.558819E-18	-2.220539E-6	0.000000E+0	2.266403E-9	1.627250E-7	0.000000E+0	0.000000E+0	0.000000E+0
7.508669E+4	-6.037945E+6	1.390000E-1	4.155990E+17	-1.817843E+17	6.628898E-7	0.000000E+0	2.059290E-9	1.655937E-7	0.000000E+0	0.000000E+0	0.000000E+0
3.896088E+4	-5.976830E+6	1.650000E-1	-4.136209E+17	4.857998E-18	1.986451E-6	0.000000E+0	1.090608E-9	1.673057E-7	0.000000E+0	0.000000E+0	0.000000E+0
1.122258E+5	-5.827491E+6	1.900000E-1	-3.851510E-18	-6.440443E-18	4.359135E-6	0.000000E+0	3.303455E-9	1.715368E-7	0.000000E+0	0.000000E+0	0.000000E+0
7.449459E+4	-5.713217E+6	2.150000E-1	4.766215E-20	4.558806E+17	1.624594E-6	0.000000E+0	2.281862E-9	1.750030E-7	0.000000E+0	0.000000E+0	0.000000E+0
8.944030E+4	-5.562058E+6	2.410000E-1	1.388541E-18	6.784133E-18	9.052701E-7	0.000000E+0	2.890347E-9	1.797431E-7	0.000000E+0	0.000000E+0	0.000000E+0
1.152084E+5	-5.450012E+6	2.660000E-1	4.707193E+17	-3.632098E-18	-8.078423E-7	0.000000E+0	3.876995E-9	1.834039E-7	0.000000E+0	0.000000E+0	0.000000E+0
1.112264E+5	-5.362342E+6	2.910000E-1	-7.975154E-19	6.323277E-18	2.586299E-6	0.000000E+0	3.866447E-9	1.864055E-7	0.000000E+0	0.000000E+0	0.000000E+0
8.394233E+4	-5.278593E+6	3.160000E-1	-4.524462E+17	2.055148E+17	-1.482440E-7	0.000000E+0	3.011860E-9	1.893965E-7	0.000000E+0	0.000000E+0	0.000000E+0
1.209823E+5	-5.162665E+6	3.420000E-1	-6.904434E-18	-8.375564E+16	1.686032E-6	0.000000E+0	4.536653E-9	1.935921E-7	0.000000E+0	0.000000E+0	0.000000E+0
1.225736E+5	-5.024228E+6	3.670000E-1	2.547933E-18	-2.672116E+16	4.058717E-6	0.000000E+0	4.852883E-9	1.989172E-7	0.000000E+0	0.000000E+0	0.000000E+0
1.250739E+5	-4.967741E+6	3.920000E-1	-1.554615E+17	1.089529E+17	1.834889E-6	0.000000E+0	5.064932E-9	2.011712E-7	0.000000E+0	0.000000E+0	0.000000E+0
1.088529E+5	-4.909012E+6	4.180000E-1	-2.314515E+17	1.796536E+17	-1.948776E-6	0.000000E+0	4.514798E-9	2.036069E-7	0.000000E+0	0.000000E+0	0.000000E+0
1.399006E+5	-4.854269E+6	4.430000E-1	4.674714E-18	-5.707470E+17	-8.680581E-8	0.000000E+0	5.932139E-9	2.058333E-7	0.000000E+0	0.000000E+0	0.000000E+0
1.431659E+5	-4.737973E+6	4.680000E-1	-2.820974E+17	-3.573550E+17	3.307334E-6	0.000000E+0	6.371740E-9	2.108682E-7	0.000000E+0	0.000000E+0	0.000000E+0
1.357966E+5	-4.695066E+6	4.940000E-1	7.433461E+16	-3.421240E+17	1.055841E-6	0.000000E+0	6.155202E-9	2.128115E-7	0.000000E+0	0.000000E+0	0.000000E+0
1.544910E+5	-4.604552E+6	5.190000E-1	4.333500E+17	8.421242E+16	2.407072E-6	0.000000E+0	7.278465E-9	2.169322E-7	0.000000E+0	0.000000E+0	0.000000E+0
1.160966E+5	-4.534832E+6	5.440000E-1	5.364300E+17	-2.871878E+17	1.832414E-7	0.000000E+0	5.641733E-9	2.203709E-7	0.000000E+0	0.000000E+0	0.000000E+0
1.351097E+5	-4.508325E+6	5.700000E-1	-4.075705E-18	1.659667E-18	1.506833E-6	0.000000E+0	6.641501E-9	2.216128E-7	0.000000E+0	0.000000E+0	0.000000E+0
1.709782E+5	-4.487880E+6	5.950000E-1	9.225665E+16	1.907244E+17	1.325887E-6	0.000000E+0	8.476730E-9	2.224994E-7	0.000000E+0	0.000000E+0	0.000000E+0
1.216519E+5	-4.377108E+6	6.200000E-1	4.020179E+17	1.832659E+17	6.342307E-7	0.000000E+0	6.344670E-9	2.282850E-7	0.000000E+0	0.000000E+0	0.000000E+0
1.430412E+5	-4.356555E+6	6.460000E-1	1.676928E-18	4.035830E-18	4.256217E-7	0.000000E+0	7.528471E-9	2.292920E-7	0.000000E+0	0.000000E+0	0.000000E+0
1.248106E+5	-4.293766E+6	6.710000E-1	-2.658310E+17	-5.132058E+17	2.287594E-6	0.000000E+0	6.764067E-9	2.326992E-7	0.000000E+0	0.000000E+0	0.000000E+0
1.364805E+5	-4.274066E+6	6.960000E-1	5.241928E+17	2.782928E-18	6.376649E-8	0.000000E+0	7.463552E-9	2.337309E-7	0.000000E+0	0.000000E+0	0.000000E+0
1.533881E+5	-4.240124E+6	7.220000E-1	2.579781E+17	4.568510E-19	1.387325E-6	0.000000E+0	8.520529E-9	2.355339E-7	0.000000E+0	0.000000E+0	0.000000E+0
1.504767E+5	-4.222887E+6	7.470000E-1	-4.023263E-18	5.325189E+16	2.738583E-6	0.000000E+0	8.427509E-9	2.365045E-7	0.000000E+0	0.000000E+0	0.000000E+0
1.561084E+5	-4.140269E+6	7.720000E-1	-1.980656E+17	2.858813E+16	5.147558E-7	0.000000E+0	9.093942E-9	2.411873E-7	0.000000E+0	0.000000E+0	0.000000E+0
1.427298E+5	-4.162344E+6	7.970000E-1	-2.714796E-18	5.985466E+14	3.338137E-7	0.000000E+0	8.228645E-9	2.399671E-7	0.000000E+0	0.000000E+0	0.000000E+0
1.582956E+5	-4.120041E+6	8.230000E-1	5.785012E-19	5.234687E+17	-1.406966E-6	0.000000E+0	9.311618E-9	2.423583E-7	0.000000E+0	0.000000E+0	0.000000E+0
1.489787E+5	-4.093136E+6	8.480000E-1	-2.373659E+17	1.295985E-19	-1.077166E-6	0.000000E+0	8.880489E-9	2.439882E-7	0.000000E+0	0.000000E+0	0.000000E+0
1.612060E+5	-4.052576E+6	8.730000E-1	-5.351627E-18	2.391872E+17	2.740890E-7	0.000000E+0	9.800138E-9	2.463668E-7	0.000000E+0	0.000000E+0	0.000000E+0
1.475299E+5	-4.044563E+6	8.990000E-1	2.587907E+17	1.873793E-18	6.547998E-8	0.000000E+0	9.006569E-9	2.469170E-7	0.000000E+0	0.000000E+0	0.000000E+0
1.339485E+5	-3.996728E+6	9.240000E-1	-3.127958E+17	-9.739241E-19	-1.154658E-7	0.000000E+0	8.376086E-9	2.499239E-7	0.000000E+0	0.000000E+0	0.000000E+0
1.496751E+5	-4.015574E+6	9.490000E-1	6.653843E-18	-4.395667E+17	-1.317836E-6	0.000000E+0	9.269394E-9	2.486849E-7	0.000000E+0	0.000000E+0	0.000000E+0
1.511256E+5	-3.991005E+6	9.750000E-1	-1.571544E-18	-4.190346E+17	5.726179E-9	0.000000E+0	9.474389E-9	2.502047E-7	0.000000E+0	0.000000E+0	0.000000E+0
1.531966E+5	-3.949823E+6	1.000000E+0	-9.275714E-19	-3.780201E-18	-1.196640E-6	0.000000E+0	9.804852E-9	2.527956E-7	0.000000E+0	0.000000E+0	0.000000E+0
