Real / Ohm	Ximag / Ohm	V_DC / V	I_a c / A	V_ac / V	I_DC / A
5.469156E+1	-7.056528E+2	1.500000E+0	-9.275714E-19	-3.780201E-18	-1.240216E-6	1.000000E+7	1.091785E-4	1.408666E-3	0.000000E+0	0.000000E+0	0.000000E+0
6.155292E+1	-7.095499E+2	1.462000E+0	-1.571544E-18	-4.190346E+17	-1.210356E-6	0.000000E+0	1.213464E-4	1.398817E-3	0.000000E+0	0.000000E+0	0.000000E+0
7.396194E+1	-7.148547E+2	1.424000E+0	6.653843E-18	-4.395667E+17	-1.180495E-6	0.000000E+0	1.432018E-4	1.384069E-3	0.000000E+0	0.000000E+0	0.000000E+0
6.120578E+1	-7.194043E+2	1.386000E+0	-3.127958E+17	-9.739241E-19	-1.291774E-7	0.000000E+0	1.174124E-4	1.380050E-3	0.000000E+0	0.000000E+0	0.000000E+0
6.545761E+1	-7.242238E+2	1.348000E+0	2.587907E+17	1.873793E-18	4.114263E-7	0.000000E+0	1.237887E-4	1.369600E-3	0.000000E+0	0.000000E+0	0.000000E+0
6.376468E+1	-7.295028E+2	1.310000E+0	-5.351627E-18	2.391872E+17	-1.090877E-6	0.000000E+0	1.189107E-4	1.360403E-3	0.000000E+0	0.000000E+0	0.000000E+0
7.327481E+1	-7.359930E+2	1.272000E+0	-2.373659E+17	1.295985E-19	-3.955938E-8	0.000000E+0	1.339442E-4	1.345373E-3	0.000000E+0	0.000000E+0	0.000000E+0
6.200916E+1	-7.410024E+2	1.234000E+0	5.785012E-19	5.234687E+17	-1.541870E-6	0.000000E+0	1.121466E-4	1.340139E-3	0.000000E+0	0.000000E+0	0.000000E+0
4.945651E+1	-7.458801E+2	1.196000E+0	-2.714796E-18	5.985466E+14	5.309121E-7	0.000000E+0	8.850753E-5	1.334829E-3	0.000000E+0	0.000000E+0	0.000000E+0
5.769196E+1	-7.528270E+2	1.158000E+0	-1.980656E+17	2.858813E+16	5.607653E-7	0.000000E+0	1.012003E-4	1.320571E-3	0.000000E+0	0.000000E+0	0.000000E+0
6.544370E+1	-7.607109E+2	1.120000E+0	-4.023263E-18	5.325189E+16	-1.962966E-6	0.000000E+0	1.122603E-4	1.304902E-3	0.000000E+0	0.000000E+0	0.000000E+0
4.236465E+1	-7.641443E+2	1.082000E+0	2.579781E+17	4.568510E-19	1.097796E-7	0.000000E+0	7.233026E-5	1.304643E-3	0.000000E+0	0.000000E+0	0.000000E+0
6.231885E+1	-7.725103E+2	1.044000E+0	5.241928E+17	2.782928E-18	1.161097E-6	0.000000E+0	1.037513E-4	1.286111E-3	0.000000E+0	0.000000E+0	0.000000E+0
7.591379E+1	-7.794929E+2	1.006000E+0	-2.658310E+17	-5.132058E+17	1.190987E-6	0.000000E+0	1.237647E-4	1.270832E-3	0.000000E+0	0.000000E+0	0.000000E+0
5.613348E+1	-7.863547E+2	9.680000E-1	1.676928E-18	4.035830E-18	1.731561E-6	0.000000E+0	9.031868E-5	1.265243E-3	0.000000E+0	0.000000E+0	0.000000E+0
6.049960E+1	-7.933521E+2	9.300000E-1	4.020179E+17	1.832659E+17	-2.814595E-7	0.000000E+0	9.556576E-5	1.253187E-3	0.000000E+0	0.000000E+0	0.000000E+0
7.172275E+1	-8.009165E+2	8.920000E-1	9.225665E+16	1.907244E+17	-2.515699E-7	0.000000E+0	1.109210E-4	1.238637E-3	0.000000E+0	0.000000E+0	0.000000E+0
7.296555E+1	-8.091791E+2	8.540000E-1	-4.075705E-18	1.659667E-18	-2.264624E-6	0.000000E+0	1.105380E-4	1.225853E-3	0.000000E+0	0.000000E+0	0.000000E+0
5.724097E+1	-8.176837E+2	8.160000E-1	5.364300E+17	-2.871878E+17	-1.213306E-6	0.000000E+0	8.519483E-5	1.217003E-3	0.000000E+0	0.000000E+0	0.000000E+0
5.621359E+1	-8.263047E+2	7.780000E-1	4.333500E+17	8.421242E+16	-6.726987E-7	0.000000E+0	8.195125E-5	1.204632E-3	0.000000E+0	0.000000E+0	0.000000E+0
5.348911E+1	-8.360082E+2	7.410000E-1	7.433461E+16	-3.421240E+17	-1.181215E-6	0.000000E+0	7.622020E-5	1.191284E-3	0.000000E+0	0.000000E+0	0.000000E+0
8.079150E+1	-8.480543E+2	7.030000E-1	-2.820974E+17	-3.573550E+17	1.402273E-6	0.000000E+0	1.113255E-4	1.168564E-3	0.000000E+0	0.000000E+0	0.000000E+0
3.392896E+1	-8.581475E+2	6.650000E-1	4.674714E-18	-5.707470E+17	-1.000371E-7	0.000000E+0	4.600111E-5	1.163482E-3	0.000000E+0	0.000000E+0	0.000000E+0
6.763977E+1	-8.730186E+2	6.270000E-1	-2.314515E+17	1.796536E+17	2.994198E-6	0.000000E+0	8.821774E-5	1.138616E-3	0.000000E+0	0.000000E+0	0.000000E+0
5.682266E+1	-8.890748E+2	5.890000E-1	-1.554615E+17	1.089529E+17	-1.061740E-6	0.000000E+0	7.159366E-5	1.120189E-3	0.000000E+0	0.000000E+0	0.000000E+0
4.846472E+1	-9.051598E+2	5.510000E-1	2.547933E-18	-2.672116E+16	1.521748E-6	0.000000E+0	5.898369E-5	1.101619E-3	0.000000E+0	0.000000E+0	0.000000E+0
4.375714E+1	-9.227668E+2	5.130000E-1	-6.904434E-18	-8.375564E+16	-1.001990E-6	0.000000E+0	5.127310E-5	1.081266E-3	0.000000E+0	0.000000E+0	0.000000E+0
7.329828E+1	-9.423364E+2	4.750000E-1	-4.524462E+17	2.055148E+17	-3.525754E-6	0.000000E+0	8.204690E-5	1.054810E-3	0.000000E+0	0.000000E+0	0.000000E+0
5.790833E+1	-9.647021E+2	4.370000E-1	-7.975154E-19	6.323277E-18	-9.422656E-7	0.000000E+0	6.200012E-5	1.032868E-3	0.000000E+0	0.000000E+0	0.000000E+0
4.476367E+1	-9.886086E+2	3.990000E-1	4.707193E+17	-3.632098E-18	-1.423117E-6	0.000000E+0	4.570750E-5	1.009453E-3	0.000000E+0	0.000000E+0	0.000000E+0
4.315356E+1	-1.012062E+3	3.610000E-1	1.388541E-18	6.784133E-18	1.671115E-6	0.000000E+0	4.205460E-5	9.862886E-4	0.000000E+0	0.000000E+0	0.000000E+0
4.071252E+1	-1.044359E+3	3.230000E-1	4.766215E-20	4.558806E+17	2.722434E-6	0.000000E+0	3.727081E-5	9.560722E-4	0.000000E+0	0.000000E+0	0.000000E+0
8.253339E+1	-1.078156E+3	2.850000E-1	-3.851510E-18	-6.440443E-18	1.730839E-6	0.000000E+0	7.058769E-5	9.221060E-4	0.000000E+0	0.000000E+0	0.000000E+0
3.743488E+1	-1.113918E+3	2.470000E-1	-4.136209E+17	4.857998E-18	2.782157E-6	0.000000E+0	3.013560E-5	8.967194E-4	0.000000E+0	0.000000E+0	0.000000E+0
5.759039E+1	-1.154872E+3	2.090000E-1	4.155990E+17	-1.817843E+17	2.812048E-6	0.000000E+0	4.307286E-5	8.637489E-4	0.000000E+0	0.000000E+0	0.000000E+0
6.619226E+1	-1.198523E+3	1.710000E-1	-3.194760E-18	5.558819E-18	7.989966E-7	0.000000E+0	4.594009E-5	8.318231E-4	0.000000E+0	0.000000E+0	0.000000E+0
5.756860E+1	-1.246617E+3	1.330000E-1	-3.021231E-18	1.735786E-18	1.339602E-6	0.000000E+0	3.696531E-5	8.004639E-4	0.000000E+0	0.000000E+0	0.000000E+0
5.680566E+1	-1.298915E+3	9.500000E-2	4.697582E+17	-5.230656E+17	2.390920E-6	0.000000E+0	3.360472E-5	7.684037E-4	0.000000E+0	0.000000E+0	0.000000E+0
6.774463E+1	-1.357929E+3	5.700000E-2	-4.715212E+17	-5.436513E+17	3.778969E-7	0.000000E+0	3.664723E-5	7.345873E-4	0.000000E+0	0.000000E+0	0.000000E+0
8.312933E+1	-1.423162E+3	1.900000E-2	-3.093320E+17	4.406614E-18	3.472101E-6	0.000000E+0	4.090405E-5	7.002714E-4	0.000000E+0	0.000000E+0	0.000000E+0
7.668286E+1	-1.502367E+3	-1.900000E-2	-9.427576E-19	-9.426377E-19	-1.605265E-6	0.000000E+0	3.388568E-5	6.638868E-4	0.000000E+0	0.000000E+0	0.000000E+0
8.326105E+1	-1.595966E+3	-5.700000E-2	-4.717429E+17	-4.928282E+17	3.021139E-6	0.000000E+0	3.259975E-5	6.248790E-4	0.000000E+0	0.000000E+0	0.000000E+0
1.143763E+2	-1.711023E+3	-9.500000E-2	-2.949171E+17	-4.956124E-18	4.973731E-7	0.000000E+0	3.889449E-5	5.818457E-4	0.000000E+0	0.000000E+0	0.000000E+0
1.626025E+2	-1.860526E+3	-1.330000E-1	-1.478400E+17	2.700591E+17	2.059405E-6	0.000000E+0	4.661774E-5	5.334082E-4	0.000000E+0	0.000000E+0	0.000000E+0
1.340265E+2	-2.062701E+3	-1.710000E-1	-2.816971E+17	1.903750E-18	4.638241E-8	0.000000E+0	3.136812E-5	4.827631E-4	0.000000E+0	0.000000E+0	0.000000E+0
1.807867E+2	-2.412162E+3	-2.090000E-1	-1.696221E+17	-6.410774E-19	2.119158E-6	0.000000E+0	3.089732E-5	4.122502E-4	0.000000E+0	0.000000E+0	0.000000E+0
2.076056E+2	-2.976321E+3	-2.470000E-1	6.303170E-18	-1.599031E-19	2.149020E-6	0.000000E+0	2.332231E-5	3.343585E-4	0.000000E+0	0.000000E+0	0.000000E+0
2.008569E+2	-3.889751E+3	-2.850000E-1	-5.761072E+17	-4.172230E+17	1.157454E-6	0.000000E+0	1.323996E-5	2.564022E-4	0.000000E+0	0.000000E+0	0.000000E+0
2.047798E+2	-5.246132E+3	-3.230000E-1	-5.506670E-18	3.318154E+17	6.766022E-7	0.000000E+0	7.429293E-6	1.903266E-4	0.000000E+0	0.000000E+0	0.000000E+0
2.244731E+2	-6.945667E+3	-3.610000E-1	4.410889E+17	3.939340E-18	1.217179E-6	0.000000E+0	4.648181E-6	1.438244E-4	0.000000E+0	0.000000E+0	0.000000E+0
3.273496E+2	-8.576271E+3	-3.990000E-1	2.010006E+17	1.860550E+17	-7.958461E-7	0.000000E+0	4.444087E-6	1.164312E-4	0.000000E+0	0.000000E+0	0.000000E+0
4.459121E+2	-9.925184E+3	-4.370000E-1	-4.775830E-18	6.138991E-18	7.662165E-7	0.000000E+0	4.517482E-6	1.005508E-4	0.000000E+0	0.000000E+0	0.000000E+0
5.375576E+2	-1.097630E+4	-4.750000E-1	-1.827512E-18	1.580559E+17	-2.253801E-7	0.000000E+0	4.451154E-6	9.088739E-5	0.000000E+0	0.000000E+0	0.000000E+0
5.919463E+2	-1.183245E+4	-5.130000E-1	-7.964855E+16	-3.372652E-18	1.336684E-6	0.000000E+0	4.217425E-6	8.430236E-5	0.000000E+0	0.000000E+0	0.000000E+0
6.775610E+2	-1.251342E+4	-5.510000E-1	2.088264E+17	-2.196584E+17	3.450878E-7	0.000000E+0	4.314445E-6	7.968059E-5	0.000000E+0	0.000000E+0	0.000000E+0
5.930601E+2	-1.318153E+4	-5.890000E-1	-5.319197E+16	-3.553127E+17	1.907149E-6	0.000000E+0	3.406347E-6	7.571047E-5	0.000000E+0	0.000000E+0	0.000000E+0
5.851313E+2	-1.376588E+4	-6.270000E-1	-1.183523E-18	-5.342346E-18	4.048379E-7	0.000000E+0	3.082204E-6	7.251236E-5	0.000000E+0	0.000000E+0	0.000000E+0
5.431196E+2	-1.419573E+4	-6.650000E-1	-5.203440E-18	3.830367E-18	1.966873E-6	0.000000E+0	2.691193E-6	7.034075E-5	0.000000E+0	0.000000E+0	0.000000E+0
5.805591E+2	-1.477251E+4	-7.030000E-1	2.540081E-19	-1.518024E+17	-5.568654E-7	0.000000E+0	2.656242E-6	6.758891E-5	0.000000E+0	0.000000E+0	0.000000E+0
6.001040E+2	-1.517353E+4	-7.410000E-1	1.311717E+15	5.157902E-18	3.048051E-6	0.000000E+0	2.602403E-6	6.580132E-5	0.000000E+0	0.000000E+0	0.000000E+0
5.568750E+2	-1.556896E+4	-7.780000E-1	-1.006173E-18	-5.687810E-18	1.007364E-6	0.000000E+0	2.294475E-6	6.414830E-5	0.000000E+0	0.000000E+0	0.000000E+0
4.797656E+2	-1.587218E+4	-8.160000E-1	-6.256276E-18	1.398985E+17	4.101599E-6	0.000000E+0	1.902652E-6	6.294581E-5	0.000000E+0	0.000000E+0	0.000000E+0
5.011426E+2	-1.627824E+4	-8.540000E-1	2.698511E+17	-3.360764E+17	4.566027E-8	0.000000E+0	1.889448E-6	6.137353E-5	0.000000E+0	0.000000E+0	0.000000E+0
4.839082E+2	-1.666771E+4	-8.920000E-1	-4.014473E-19	-2.240669E+17	1.607692E-6	0.000000E+0	1.740384E-6	5.994572E-5	0.000000E+0	0.000000E+0	0.000000E+0
5.216260E+2	-1.704255E+4	-9.300000E-1	8.607197E+16	4.249670E-18	6.161245E-7	0.000000E+0	1.794252E-6	5.862175E-5	0.000000E+0	0.000000E+0	0.000000E+0
5.868340E+2	-1.726271E+4	-9.680000E-1	2.127762E-18	3.293656E+15	-1.396897E-6	0.000000E+0	1.966961E-6	5.786147E-5	0.000000E+0	0.000000E+0	0.000000E+0
4.886924E+2	-1.765072E+4	-1.006000E+0	-4.960950E+17	8.277014E+16	2.718763E-6	0.000000E+0	1.567393E-6	5.661152E-5	0.000000E+0	0.000000E+0	0.000000E+0
4.889521E+2	-1.792518E+4	-1.044000E+0	-6.504745E+16	2.346692E+17	1.216453E-6	0.000000E+0	1.520604E-6	5.574597E-5	0.000000E+0	0.000000E+0	0.000000E+0
5.095215E+2	-1.813678E+4	-1.082000E+0	5.291893E-18	5.135446E+17	-1.307286E-6	0.000000E+0	1.547745E-6	5.509310E-5	0.000000E+0	0.000000E+0	0.000000E+0
4.904873E+2	-1.844969E+4	-1.120000E+0	-2.052875E-18	3.493290E-18	2.297660E-6	0.000000E+0	1.439935E-6	5.416317E-5	0.000000E+0	0.000000E+0	0.000000E+0
4.743135E+2	-1.866964E+4	-1.158000E+0	2.907620E+17	-1.496570E-18	2.846136E-7	0.000000E+0	1.359920E-6	5.352835E-5	0.000000E+0	0.000000E+0	0.000000E+0
4.701533E+2	-1.888575E+4	-1.196000E+0	4.284782E-18	4.664211E-18	1.846667E-6	0.000000E+0	1.317352E-6	5.291718E-5	0.000000E+0	0.000000E+0	0.000000E+0
4.277393E+2	-1.897792E+4	-1.234000E+0	6.288344E-18	-3.929323E-18	-1.187836E-6	0.000000E+0	1.187029E-6	5.266606E-5	0.000000E+0	0.000000E+0	0.000000E+0
4.815820E+2	-1.923743E+4	-1.272000E+0	8.250878E-19	3.410070E-18	-1.668719E-6	0.000000E+0	1.300481E-6	5.194944E-5	0.000000E+0	0.000000E+0	0.000000E+0
4.876738E+2	-1.941976E+4	-1.310000E+0	4.553607E+17	-2.686618E+17	9.147989E-7	0.000000E+0	1.292314E-6	5.146149E-5	0.000000E+0	0.000000E+0	0.000000E+0
5.009873E+2	-1.955012E+4	-1.348000E+0	2.517955E+17	3.793721E+16	-5.875045E-7	0.000000E+0	1.309914E-6	5.111701E-5	0.000000E+0	0.000000E+0	0.000000E+0
5.282783E+2	-1.954393E+4	-1.386000E+0	-6.627991E-18	5.175899E+17	-2.600529E-6	0.000000E+0	1.382044E-6	5.112942E-5	0.000000E+0	0.000000E+0	0.000000E+0
4.875225E+2	-1.973646E+4	-1.424000E+0	-5.704680E+17	6.512875E+16	-1.701119E-8	0.000000E+0	1.250810E-6	5.063675E-5	0.000000E+0	0.000000E+0	0.000000E+0
4.940391E+2	-1.978188E+4	-1.462000E+0	-4.691026E+17	6.906363E-18	1.034306E-6	0.000000E+0	1.261698E-6	5.051980E-5	0.000000E+0	0.000000E+0	0.000000E+0
4.938750E+2	-1.981844E+4	-1.500000E+0	-3.567381E+17	-4.286482E-18	4.270987E-8	0.000000E+0	1.256633E-6	5.042674E-5	0.000000E+0	0.000000E+0	0.000000E+0
