Real / Ohm	Ximag / Ohm	V_DC / V	I_a c / A	V_ac / V	I_DC / A
2.541250E+3	-1.021670E+5	-2.000000E+0	-3.567381E+17	-4.286482E-18	3.150621E-6	1.000000E+6	2.433086E-7	9.781844E-6	0.000000E+0	0.000000E+0	0.000000E+0
2.615242E+3	-9.777525E+4	-1.949000E+0	-4.691026E+17	6.906363E-18	1.228931E-6	0.000000E+0	2.733653E-7	1.022023E-5	0.000000E+0	0.000000E+0	0.000000E+0
2.597180E+3	-9.386272E+4	-1.899000E+0	-5.704680E+17	6.512875E+16	-1.175809E-6	0.000000E+0	2.945665E-7	1.064571E-5	0.000000E+0	0.000000E+0	0.000000E+0
2.692781E+3	-8.994472E+4	-1.848000E+0	-6.627991E-18	5.175899E+17	2.009700E-6	0.000000E+0	3.325528E-7	1.110798E-5	0.000000E+0	0.000000E+0	0.000000E+0
2.700645E+3	-8.592041E+4	-1.797000E+0	2.517955E+17	3.793721E+16	1.109431E-6	0.000000E+0	3.654651E-7	1.162719E-5	0.000000E+0	0.000000E+0	0.000000E+0
2.648742E+3	-8.180588E+4	-1.747000E+0	4.553607E+17	-2.686618E+17	2.368906E-7	0.000000E+0	3.953808E-7	1.221126E-5	0.000000E+0	0.000000E+0	0.000000E+0
2.730281E+3	-7.725028E+4	-1.696000E+0	8.250878E-19	3.410070E-18	8.687566E-7	0.000000E+0	4.569462E-7	1.292879E-5	0.000000E+0	0.000000E+0	0.000000E+0
2.681617E+3	-7.249000E+4	-1.646000E+0	6.288344E-18	-3.929323E-18	1.528359E-6	0.000000E+0	5.096202E-7	1.377615E-5	0.000000E+0	0.000000E+0	0.000000E+0
2.720316E+3	-6.717728E+4	-1.595000E+0	4.284782E-18	4.664211E-18	-9.040450E-7	0.000000E+0	6.018149E-7	1.486162E-5	0.000000E+0	0.000000E+0	0.000000E+0
2.741754E+3	-6.191152E+4	-1.544000E+0	2.907620E+17	-1.496570E-18	1.260029E-6	0.000000E+0	7.138955E-7	1.612047E-5	0.000000E+0	0.000000E+0	0.000000E+0
2.769129E+3	-5.874298E+4	-1.494000E+0	-2.052875E-18	3.493290E-18	-1.655484E-6	0.000000E+0	8.006952E-7	1.698557E-5	0.000000E+0	0.000000E+0	0.000000E+0
2.795395E+3	-5.668099E+4	-1.443000E+0	5.291893E-18	5.135446E+17	-2.124580E-9	0.000000E+0	8.679871E-7	1.759979E-5	0.000000E+0	0.000000E+0	0.000000E+0
2.804836E+3	-5.464226E+4	-1.392000E+0	-6.504745E+16	2.346692E+17	6.298069E-7	0.000000E+0	9.369305E-7	1.825276E-5	0.000000E+0	0.000000E+0	0.000000E+0
2.806852E+3	-5.256260E+4	-1.342000E+0	-4.960950E+17	8.277014E+16	7.786948E-7	0.000000E+0	1.013046E-6	1.897084E-5	0.000000E+0	0.000000E+0	0.000000E+0
2.819078E+3	-5.038651E+4	-1.291000E+0	2.127762E-18	3.293656E+15	1.410568E-6	0.000000E+0	1.106933E-6	1.978465E-5	0.000000E+0	0.000000E+0	0.000000E+0
2.775855E+3	-4.847923E+4	-1.241000E+0	8.607197E+16	4.249670E-18	3.091656E-6	0.000000E+0	1.177237E-6	2.055998E-5	0.000000E+0	0.000000E+0	0.000000E+0
2.642910E+3	-4.675925E+4	-1.190000E+0	-4.014473E-19	-2.240669E+17	1.680681E-6	0.000000E+0	1.204931E-6	2.131804E-5	0.000000E+0	0.000000E+0	0.000000E+0
2.484961E+3	-4.501067E+4	-1.139000E+0	2.698511E+17	-3.360764E+17	3.844747E-6	0.000000E+0	1.222832E-6	2.214944E-5	0.000000E+0	0.000000E+0	0.000000E+0
2.407375E+3	-4.282352E+4	-1.089000E+0	-6.256276E-18	1.398985E+17	-6.029077E-7	0.000000E+0	1.308605E-6	2.327809E-5	0.000000E+0	0.000000E+0	0.000000E+0
2.303748E+3	-3.934043E+4	-1.038000E+0	-1.006173E-18	-5.687810E-18	3.604080E-6	0.000000E+0	1.483440E-6	2.533227E-5	0.000000E+0	0.000000E+0	0.000000E+0
2.069953E+3	-3.423158E+4	-9.870000E-1	1.311717E+15	5.157902E-18	1.502194E-7	0.000000E+0	1.760036E-6	2.910636E-5	0.000000E+0	0.000000E+0	0.000000E+0
1.730180E+3	-2.837260E+4	-9.370000E-1	2.540081E-19	-1.518024E+17	1.320503E-6	0.000000E+0	2.141317E-6	3.511469E-5	0.000000E+0	0.000000E+0	0.000000E+0
1.325527E+3	-2.248039E+4	-8.860000E-1	-5.203440E-18	3.830367E-18	9.309806E-7	0.000000E+0	2.613807E-6	4.432909E-5	0.000000E+0	0.000000E+0	0.000000E+0
9.809893E+2	-1.793966E+4	-8.350000E-1	-1.183523E-18	-5.342346E-18	2.584340E-6	0.000000E+0	3.039059E-6	5.557623E-5	0.000000E+0	0.000000E+0	0.000000E+0
7.144619E+2	-1.478303E+4	-7.850000E-1	-5.319197E+16	-3.553127E+17	1.711771E-6	0.000000E+0	3.261662E-6	6.748750E-5	0.000000E+0	0.000000E+0	0.000000E+0
5.662949E+2	-1.259795E+4	-7.340000E-1	2.088264E+17	-2.196584E+17	2.854391E-6	0.000000E+0	3.560953E-6	7.921792E-5	0.000000E+0	0.000000E+0	0.000000E+0
4.565586E+2	-1.116529E+4	-6.840000E-1	-7.964855E+16	-3.372652E-18	1.471075E-6	0.000000E+0	3.656208E-6	8.941377E-5	0.000000E+0	0.000000E+0	0.000000E+0
3.782065E+2	-1.015039E+4	-6.330000E-1	-1.827512E-18	1.580559E+17	1.592267E-6	0.000000E+0	3.665734E-6	9.838180E-5	0.000000E+0	0.000000E+0	0.000000E+0
2.893696E+2	-9.411070E+3	-5.820000E-1	-4.775830E-18	6.138991E-18	2.224198E-6	0.000000E+0	3.264108E-6	1.061575E-4	0.000000E+0	0.000000E+0	0.000000E+0
2.460669E+2	-8.843691E+3	-5.320000E-1	2.010006E+17	1.860550E+17	3.301684E-7	0.000000E+0	3.143764E-6	1.129875E-4	0.000000E+0	0.000000E+0	0.000000E+0
2.371235E+2	-8.374801E+3	-4.810000E-1	4.410889E+17	3.939340E-18	9.620762E-7	0.000000E+0	3.378139E-6	1.193102E-4	0.000000E+0	0.000000E+0	0.000000E+0
2.049800E+2	-7.985249E+3	-4.300000E-1	-5.506670E-18	3.318154E+17	3.126152E-6	0.000000E+0	3.212540E-6	1.251484E-4	0.000000E+0	0.000000E+0	0.000000E+0
1.898926E+2	-7.660084E+3	-3.800000E-1	-5.761072E+17	-4.172230E+17	2.253581E-6	0.000000E+0	3.234254E-6	1.304667E-4	0.000000E+0	0.000000E+0	0.000000E+0
1.774116E+2	-7.369225E+3	-3.290000E-1	6.303170E-18	-1.599031E-19	4.417656E-6	0.000000E+0	3.265027E-6	1.356209E-4	0.000000E+0	0.000000E+0	0.000000E+0
1.565156E+2	-7.112986E+3	-2.780000E-1	-1.696221E+17	-6.410774E-19	4.530757E-7	0.000000E+0	3.092029E-6	1.405199E-4	0.000000E+0	0.000000E+0	0.000000E+0
1.284023E+2	-6.887788E+3	-2.280000E-1	-2.816971E+17	1.903750E-18	-1.440982E-6	0.000000E+0	2.705592E-6	1.451341E-4	0.000000E+0	0.000000E+0	0.000000E+0
1.431519E+2	-6.680093E+3	-1.770000E-1	-1.478400E+17	2.700591E+17	-8.090483E-7	0.000000E+0	3.206511E-6	1.496298E-4	0.000000E+0	0.000000E+0	0.000000E+0
1.366079E+2	-6.493866E+3	-1.270000E-1	-2.949171E+17	-4.956124E-18	-6.601913E-7	0.000000E+0	3.238001E-6	1.539234E-4	0.000000E+0	0.000000E+0	0.000000E+0
1.367920E+2	-6.318312E+3	-7.600000E-2	-4.717429E+17	-4.928282E+17	-5.390007E-7	0.000000E+0	3.424956E-6	1.581960E-4	0.000000E+0	0.000000E+0	0.000000E+0
1.058857E+2	-6.158972E+3	-2.500000E-2	-9.427576E-19	-9.426377E-19	6.036181E-7	0.000000E+0	2.790567E-6	1.623168E-4	0.000000E+0	0.000000E+0	0.000000E+0
1.095659E+2	-6.009873E+3	2.500000E-2	-3.093320E+17	4.406614E-18	1.773932E-6	0.000000E+0	3.032498E-6	1.663376E-4	0.000000E+0	0.000000E+0	0.000000E+0
1.290142E+2	-5.867285E+3	7.600000E-2	-4.715212E+17	-5.436513E+17	8.736947E-7	0.000000E+0	3.745874E-6	1.703542E-4	0.000000E+0	0.000000E+0	0.000000E+0
1.252915E+2	-5.733807E+3	1.270000E-1	4.697582E+17	-5.230656E+17	2.016313E-6	0.000000E+0	3.809151E-6	1.743210E-4	0.000000E+0	0.000000E+0	0.000000E+0
1.275889E+2	-5.609565E+3	1.770000E-1	-3.021231E-18	1.735786E-18	1.143742E-6	0.000000E+0	4.052564E-6	1.781748E-4	0.000000E+0	0.000000E+0	0.000000E+0
1.345281E+2	-5.489551E+3	2.280000E-1	-3.194760E-18	5.558819E-18	-2.672386E-7	0.000000E+0	4.461477E-6	1.820549E-4	0.000000E+0	0.000000E+0	0.000000E+0
1.255635E+2	-5.378236E+3	2.780000E-1	4.155990E+17	-1.817843E+17	3.456675E-6	0.000000E+0	4.338574E-6	1.858333E-4	0.000000E+0	0.000000E+0	0.000000E+0
1.183235E+2	-5.272278E+3	3.290000E-1	-4.136209E+17	4.857998E-18	2.808520E-9	0.000000E+0	4.254570E-6	1.895759E-4	0.000000E+0	0.000000E+0	0.000000E+0
1.398962E+2	-5.172891E+3	3.800000E-1	-3.851510E-18	-6.440443E-18	2.677627E-6	0.000000E+0	5.224223E-6	1.931742E-4	0.000000E+0	0.000000E+0	0.000000E+0
1.431995E+2	-5.082289E+3	4.300000E-1	4.766215E-20	4.558806E+17	2.315741E-6	0.000000E+0	5.539597E-6	1.966057E-4	0.000000E+0	0.000000E+0	0.000000E+0
1.454897E+2	-4.995659E+3	4.810000E-1	1.388541E-18	6.784133E-18	-2.159582E-6	0.000000E+0	5.824766E-6	2.000042E-4	0.000000E+0	0.000000E+0	0.000000E+0
1.218362E+2	-4.917823E+3	5.320000E-1	4.707193E+17	-3.632098E-18	1.025983E-6	0.000000E+0	5.034590E-6	2.032173E-4	0.000000E+0	0.000000E+0	0.000000E+0
1.244441E+2	-4.846020E+3	5.820000E-1	-7.975154E-19	6.323277E-18	6.640948E-7	0.000000E+0	5.295630E-6	2.062189E-4	0.000000E+0	0.000000E+0	0.000000E+0
1.303735E+2	-4.778156E+3	6.330000E-1	-4.524462E+17	2.055148E+17	-2.361448E-7	0.000000E+0	5.706180E-6	2.091301E-4	0.000000E+0	0.000000E+0	0.000000E+0
1.301467E+2	-4.716191E+3	6.840000E-1	-6.904434E-18	-8.375564E+16	-3.179295E-6	0.000000E+0	5.846821E-6	2.118742E-4	0.000000E+0	0.000000E+0	0.000000E+0
1.559058E+2	-4.661010E+3	7.340000E-1	2.547933E-18	-2.672116E+16	2.076787E-6	0.000000E+0	7.168307E-6	2.143060E-4	0.000000E+0	0.000000E+0	0.000000E+0
1.491646E+2	-4.608566E+3	7.850000E-1	-1.554615E+17	1.089529E+17	6.658083E-7	0.000000E+0	7.015836E-6	2.167602E-4	0.000000E+0	0.000000E+0	0.000000E+0
1.316553E+2	-4.561848E+3	8.350000E-1	-2.314515E+17	1.796536E+17	2.346838E-6	0.000000E+0	6.321136E-6	2.190270E-4	0.000000E+0	0.000000E+0	0.000000E+0
1.325991E+2	-4.518299E+3	8.860000E-1	4.674714E-18	-5.707470E+17	-8.557254E-8	0.000000E+0	6.489583E-6	2.211318E-4	0.000000E+0	0.000000E+0	0.000000E+0
1.341528E+2	-4.478289E+3	9.370000E-1	-2.820974E+17	-3.573550E+17	-2.007295E-6	0.000000E+0	6.683223E-6	2.230994E-4	0.000000E+0	0.000000E+0	0.000000E+0
1.338157E+2	-4.442600E+3	9.870000E-1	7.433461E+16	-3.421240E+17	1.844746E-7	0.000000E+0	6.773900E-6	2.248894E-4	0.000000E+0	0.000000E+0	0.000000E+0
1.344978E+2	-4.408518E+3	1.038000E+0	4.333500E+17	8.421242E+16	-1.226501E-6	0.000000E+0	6.913945E-6	2.266227E-4	0.000000E+0	0.000000E+0	0.000000E+0
1.341643E+2	-4.377051E+3	1.089000E+0	5.364300E+17	-2.871878E+17	-5.945985E-7	0.000000E+0	6.996260E-6	2.282499E-4	0.000000E+0	0.000000E+0	0.000000E+0
1.347949E+2	-4.349011E+3	1.139000E+0	-4.075705E-18	1.659667E-18	-9.564537E-7	0.000000E+0	7.119925E-6	2.297167E-4	0.000000E+0	0.000000E+0	0.000000E+0
1.346257E+2	-4.322209E+3	1.190000E+0	9.225665E+16	1.907244E+17	-3.899615E-6	0.000000E+0	7.199384E-6	2.311389E-4	0.000000E+0	0.000000E+0	0.000000E+0
1.347522E+2	-4.296553E+3	1.241000E+0	4.020179E+17	1.832659E+17	1.328808E-6	0.000000E+0	7.292367E-6	2.325160E-4	0.000000E+0	0.000000E+0	0.000000E+0
1.578557E+2	-4.273289E+3	1.291000E+0	1.676928E-18	4.035830E-18	1.477667E-6	0.000000E+0	8.632638E-6	2.336929E-4	0.000000E+0	0.000000E+0	0.000000E+0
1.346753E+2	-4.251318E+3	1.342000E+0	-2.658310E+17	-5.132058E+17	-4.440299E-7	0.000000E+0	7.443979E-6	2.349854E-4	0.000000E+0	0.000000E+0	0.000000E+0
1.492246E+2	-4.231907E+3	1.392000E+0	5.241928E+17	2.782928E-18	2.155430E-7	0.000000E+0	8.322016E-6	2.360066E-4	0.000000E+0	0.000000E+0	0.000000E+0
1.492686E+2	-4.211879E+3	1.443000E+0	2.579781E+17	4.568510E-19	1.868932E-6	0.000000E+0	8.403720E-6	2.371259E-4	0.000000E+0	0.000000E+0	0.000000E+0
1.597571E+2	-4.193055E+3	1.494000E+0	-4.023263E-18	5.325189E+16	-5.279435E-8	0.000000E+0	9.073379E-6	2.381439E-4	0.000000E+0	0.000000E+0	0.000000E+0
1.594727E+2	-4.177488E+3	1.544000E+0	-1.980656E+17	2.858813E+16	-9.253636E-7	0.000000E+0	9.124803E-6	2.390300E-4	0.000000E+0	0.000000E+0	0.000000E+0
1.427593E+2	-4.162436E+3	1.595000E+0	-2.714796E-18	5.985466E+14	-2.336346E-6	0.000000E+0	8.229979E-6	2.399617E-4	0.000000E+0	0.000000E+0	0.000000E+0
1.366584E+2	-4.149584E+3	1.646000E+0	5.785012E-19	5.234687E+17	2.381363E-6	0.000000E+0	7.927868E-6	2.407269E-4	0.000000E+0	0.000000E+0	0.000000E+0
1.414055E+2	-4.139670E+3	1.696000E+0	-2.373659E+17	1.295985E-19	-2.340676E-8	0.000000E+0	8.241920E-6	2.412836E-4	0.000000E+0	0.000000E+0	0.000000E+0
1.586758E+2	-4.132068E+3	1.747000E+0	-5.351627E-18	2.391872E+17	-4.129397E-7	0.000000E+0	9.279740E-6	2.416532E-4	0.000000E+0	0.000000E+0	0.000000E+0
1.591443E+2	-4.127914E+3	1.797000E+0	2.587907E+17	1.873793E-18	7.573763E-7	0.000000E+0	9.325772E-6	2.418936E-4	0.000000E+0	0.000000E+0	0.000000E+0
1.615767E+2	-4.125163E+3	1.848000E+0	-3.127958E+17	-9.739241E-19	8.785646E-7	0.000000E+0	9.480489E-6	2.420433E-4	0.000000E+0	0.000000E+0	0.000000E+0
1.593818E+2	-4.124045E+3	1.899000E+0	6.653843E-18	-4.395667E+17	-1.043154E-6	0.000000E+0	9.357154E-6	2.421188E-4	0.000000E+0	0.000000E+0	0.000000E+0
1.537654E+2	-4.124381E+3	1.949000E+0	-1.571544E-18	-4.190346E+17	-1.405009E-6	0.000000E+0	9.026884E-6	2.421241E-4	0.000000E+0	0.000000E+0	0.000000E+0
1.532974E+2	-4.124473E+3	2.000000E+0	-9.275714E-19	-3.780201E-18	2.483575E-7	0.000000E+0	8.999084E-6	2.421207E-4	0.000000E+0	0.000000E+0	0.000000E+0
