Real / Ohm	Ximag / Ohm	V_DC / V	I_a c / A	V_ac / V	I_DC / A
8.547604E+1	-1.057515E+0	-2.000000E+0	-3.567381E+17	-4.286482E-18	-8.865070E-3	1.000000E+3	1.169739E-2	1.447209E-4	0.000000E+0	0.000000E+0	0.000000E+0
3.389997E+1	5.542036E+0	-1.949000E+0	-4.691026E+17	6.906363E-18	-8.073326E-3	0.000000E+0	2.873068E-2	-4.696951E-3	0.000000E+0	0.000000E+0	0.000000E+0
7.987793E+1	3.554915E-1	-1.899000E+0	-5.704680E+17	6.512875E+16	-7.285127E-3	0.000000E+0	1.251885E-2	-5.571434E-5	0.000000E+0	0.000000E+0	0.000000E+0
2.220413E+1	3.112826E-1	-1.848000E+0	-6.627991E-18	5.175899E+17	-1.027888E-2	0.000000E+0	4.502782E-2	-6.312509E-4	0.000000E+0	0.000000E+0	0.000000E+0
7.623776E+1	-1.771390E+0	-1.797000E+0	2.517955E+17	3.793721E+16	-7.278757E-3	0.000000E+0	1.310978E-2	3.046068E-4	0.000000E+0	0.000000E+0	0.000000E+0
1.245944E+2	6.973119E-1	-1.747000E+0	4.553607E+17	-2.686618E+17	-6.686678E-3	0.000000E+0	8.025792E-3	-4.491759E-5	0.000000E+0	0.000000E+0	0.000000E+0
1.292933E+2	-8.052371E-1	-1.696000E+0	8.250878E-19	3.410070E-18	-7.018528E-3	0.000000E+0	7.734053E-3	4.816759E-5	0.000000E+0	0.000000E+0	0.000000E+0
9.339052E+1	6.977529E+0	-1.646000E+0	6.288344E-18	-3.929323E-18	-5.945859E-3	0.000000E+0	1.064829E-2	-7.955702E-4	0.000000E+0	0.000000E+0	0.000000E+0
1.506758E+2	2.149590E-1	-1.595000E+0	4.284782E-18	4.664211E-18	-5.607127E-3	0.000000E+0	6.636752E-3	-9.468207E-6	0.000000E+0	0.000000E+0	0.000000E+0
1.600851E+2	2.458960E-1	-1.544000E+0	2.907620E+17	-1.496570E-18	-5.356750E-3	0.000000E+0	6.246663E-3	-9.595080E-6	0.000000E+0	0.000000E+0	0.000000E+0
1.742424E+2	-8.299552E-1	-1.494000E+0	-2.052875E-18	3.493290E-18	-4.890310E-3	0.000000E+0	5.739001E-3	2.733613E-5	0.000000E+0	0.000000E+0	0.000000E+0
1.847434E+2	2.837212E-1	-1.443000E+0	5.291893E-18	5.135446E+17	-4.600097E-3	0.000000E+0	5.412900E-3	-8.312907E-6	0.000000E+0	0.000000E+0	0.000000E+0
1.932029E+2	3.581941E-2	-1.392000E+0	-6.504745E+16	2.346692E+17	-4.436034E-3	0.000000E+0	5.175906E-3	-9.596020E-7	0.000000E+0	0.000000E+0	0.000000E+0
1.991761E+2	4.414245E-1	-1.342000E+0	-4.960950E+17	8.277014E+16	-4.290328E-3	0.000000E+0	5.020658E-3	-1.112705E-5	0.000000E+0	0.000000E+0	0.000000E+0
2.075786E+2	-1.056812E+0	-1.291000E+0	2.127762E-18	3.293656E+15	-3.908185E-3	0.000000E+0	4.817327E-3	2.452569E-5	0.000000E+0	0.000000E+0	0.000000E+0
1.734075E+2	1.060371E+1	-1.241000E+0	8.607197E+16	4.249670E-18	-3.784952E-3	0.000000E+0	5.745280E-3	-3.513186E-4	0.000000E+0	0.000000E+0	0.000000E+0
2.195252E+2	1.131298E+0	-1.190000E+0	-4.014473E-19	-2.240669E+17	-4.094841E-3	0.000000E+0	4.555165E-3	-2.347452E-5	0.000000E+0	0.000000E+0	0.000000E+0
2.153402E+2	-2.915247E+0	-1.139000E+0	2.698511E+17	-3.360764E+17	-3.814842E-3	0.000000E+0	4.642964E-3	6.285583E-5	0.000000E+0	0.000000E+0	0.000000E+0
2.564472E+2	-5.997320E-1	-1.089000E+0	-6.256276E-18	1.398985E+17	-3.185480E-3	0.000000E+0	3.899417E-3	9.119246E-6	0.000000E+0	0.000000E+0	0.000000E+0
2.646053E+2	-1.629697E+0	-1.038000E+0	-1.006173E-18	-5.687810E-18	-3.064318E-3	0.000000E+0	3.779070E-3	2.327519E-5	0.000000E+0	0.000000E+0	0.000000E+0
2.791420E+2	-7.880136E-1	-9.870000E-1	1.311717E+15	5.157902E-18	-2.904340E-3	0.000000E+0	3.582378E-3	1.011300E-5	0.000000E+0	0.000000E+0	0.000000E+0
2.553490E+2	6.211544E+0	-9.370000E-1	2.540081E-19	-1.518024E+17	-2.721352E-3	0.000000E+0	3.913893E-3	-9.520819E-5	0.000000E+0	0.000000E+0	0.000000E+0
3.188521E+2	-1.457368E+0	-8.860000E-1	-5.203440E-18	3.830367E-18	-2.814182E-3	0.000000E+0	3.136185E-3	1.433447E-5	0.000000E+0	0.000000E+0	0.000000E+0
3.384746E+2	4.071161E-1	-8.350000E-1	-1.183523E-18	-5.342346E-18	-2.410078E-3	0.000000E+0	2.954427E-3	-3.553575E-6	0.000000E+0	0.000000E+0	0.000000E+0
3.568512E+2	-6.040816E-1	-7.850000E-1	-5.319197E+16	-3.553127E+17	-2.261819E-3	0.000000E+0	2.802280E-3	4.743731E-6	0.000000E+0	0.000000E+0	0.000000E+0
3.537253E+2	-2.077038E+0	-7.340000E-1	2.088264E+17	-2.196584E+17	-2.130952E-3	0.000000E+0	2.826955E-3	1.659958E-5	0.000000E+0	0.000000E+0	0.000000E+0
3.885206E+2	7.266688E-1	-6.840000E-1	-7.964855E+16	-3.372652E-18	-2.028148E-3	0.000000E+0	2.573857E-3	-4.814009E-6	0.000000E+0	0.000000E+0	0.000000E+0
3.988697E+2	2.696120E-1	-6.330000E-1	-1.827512E-18	1.580559E+17	-1.865617E-3	0.000000E+0	2.507083E-3	-1.694638E-6	0.000000E+0	0.000000E+0	0.000000E+0
4.030602E+2	9.383579E-1	-5.820000E-1	-4.775830E-18	6.138991E-18	-1.907375E-3	0.000000E+0	2.481006E-3	-5.775989E-6	0.000000E+0	0.000000E+0	0.000000E+0
4.044081E+2	1.583495E+0	-5.320000E-1	2.010006E+17	1.860550E+17	-1.656971E-3	0.000000E+0	2.472712E-3	-9.682117E-6	0.000000E+0	0.000000E+0	0.000000E+0
3.961963E+2	1.629489E+0	-4.810000E-1	4.410889E+17	3.939340E-18	-1.523550E-3	0.000000E+0	2.523959E-3	-1.038062E-5	0.000000E+0	0.000000E+0	0.000000E+0
3.858581E+2	2.670239E+0	-4.300000E-1	-5.506670E-18	3.318154E+17	-1.394727E-3	0.000000E+0	2.591502E-3	-1.793387E-5	0.000000E+0	0.000000E+0	0.000000E+0
3.709116E+2	3.054107E+0	-3.800000E-1	-5.761072E+17	-4.172230E+17	-1.269961E-3	0.000000E+0	2.695877E-3	-2.219801E-5	0.000000E+0	0.000000E+0	0.000000E+0
3.550143E+2	3.225734E+0	-3.290000E-1	6.303170E-18	-1.599031E-19	-1.111515E-3	0.000000E+0	2.816555E-3	-2.559181E-5	0.000000E+0	0.000000E+0	0.000000E+0
3.304902E+2	9.048544E-1	-2.780000E-1	-1.696221E+17	-6.410774E-19	-9.837132E-4	0.000000E+0	3.025786E-3	-8.284347E-6	0.000000E+0	0.000000E+0	0.000000E+0
3.077139E+2	1.100051E-1	-2.280000E-1	-2.816971E+17	1.903750E-18	-8.329004E-4	0.000000E+0	3.249772E-3	-1.161766E-6	0.000000E+0	0.000000E+0	0.000000E+0
2.796159E+2	-1.759159E-1	-1.770000E-1	-1.478400E+17	2.700591E+17	-6.560686E-4	0.000000E+0	3.576333E-3	2.249993E-6	0.000000E+0	0.000000E+0	0.000000E+0
2.558433E+2	-1.431682E-1	-1.270000E-1	-2.949171E+17	-4.956124E-18	-4.884021E-4	0.000000E+0	3.908641E-3	2.187250E-6	0.000000E+0	0.000000E+0	0.000000E+0
2.404644E+2	2.639264E-2	-7.600000E-2	-4.717429E+17	-4.928282E+17	-2.926734E-4	0.000000E+0	4.158620E-3	-4.564374E-7	0.000000E+0	0.000000E+0	0.000000E+0
2.367940E+2	-1.085932E-1	-2.500000E-2	-9.427576E-19	-9.426377E-19	-9.745549E-5	0.000000E+0	4.223079E-3	1.936695E-6	0.000000E+0	0.000000E+0	0.000000E+0
2.653943E+2	-1.233807E-1	2.500000E-2	-3.093320E+17	4.406614E-18	8.706491E-5	0.000000E+0	3.767978E-3	1.751717E-6	0.000000E+0	0.000000E+0	0.000000E+0
2.742515E+2	-4.948680E-1	7.600000E-2	-4.715212E+17	-5.436513E+17	2.868793E-4	0.000000E+0	3.646276E-3	6.579455E-6	0.000000E+0	0.000000E+0	0.000000E+0
3.120994E+2	-2.525334E-1	1.270000E-1	4.697582E+17	-5.230656E+17	4.182566E-4	0.000000E+0	3.204105E-3	2.592583E-6	0.000000E+0	0.000000E+0	0.000000E+0
3.246667E+2	6.922026E-1	1.770000E-1	-3.021231E-18	1.735786E-18	5.675369E-4	0.000000E+0	3.080068E-3	-6.566830E-6	0.000000E+0	0.000000E+0	0.000000E+0
3.449349E+2	-6.125470E-1	2.280000E-1	-3.194760E-18	5.558819E-18	6.927856E-4	0.000000E+0	2.899089E-3	5.148299E-6	0.000000E+0	0.000000E+0	0.000000E+0
3.600501E+2	-5.155170E-1	2.780000E-1	4.155990E+17	-1.817843E+17	8.282764E-4	0.000000E+0	2.777386E-3	3.976640E-6	0.000000E+0	0.000000E+0	0.000000E+0
3.724513E+2	-5.114659E-1	3.290000E-1	-4.136209E+17	4.857998E-18	1.051584E-3	0.000000E+0	2.684910E-3	3.687032E-6	0.000000E+0	0.000000E+0	0.000000E+0
3.884235E+2	-1.853851E-1	3.800000E-1	-3.851510E-18	-6.440443E-18	1.101756E-3	0.000000E+0	2.574509E-3	1.228751E-6	0.000000E+0	0.000000E+0	0.000000E+0
4.003364E+2	1.169007E-1	4.300000E-1	4.766215E-20	4.558806E+17	1.208646E-3	0.000000E+0	2.497899E-3	-7.294019E-7	0.000000E+0	0.000000E+0	0.000000E+0
4.081810E+2	-7.511365E-1	4.810000E-1	1.388541E-18	6.784133E-18	1.337470E-3	0.000000E+0	2.449885E-3	4.508290E-6	0.000000E+0	0.000000E+0	0.000000E+0
4.135334E+2	-4.113711E-1	5.320000E-1	4.707193E+17	-3.632098E-18	1.459654E-3	0.000000E+0	2.418182E-3	2.405538E-6	0.000000E+0	0.000000E+0	0.000000E+0
4.083982E+2	-6.930481E+0	5.820000E-1	-7.975154E-19	6.323277E-18	1.557352E-3	0.000000E+0	2.447886E-3	4.154040E-5	0.000000E+0	0.000000E+0	0.000000E+0
4.231995E+2	-3.168504E-1	6.330000E-1	-4.524462E+17	2.055148E+17	1.699965E-3	0.000000E+0	2.362950E-3	1.769146E-6	0.000000E+0	0.000000E+0	0.000000E+0
4.192094E+2	2.131390E-1	6.840000E-1	-6.904434E-18	-8.375564E+16	1.799167E-3	0.000000E+0	2.385442E-3	-1.212832E-6	0.000000E+0	0.000000E+0	0.000000E+0
4.191651E+2	6.739157E-2	7.340000E-1	2.547933E-18	-2.672116E+16	1.906567E-3	0.000000E+0	2.385695E-3	-3.835618E-7	0.000000E+0	0.000000E+0	0.000000E+0
4.163917E+2	-5.640482E-1	7.850000E-1	-1.554615E+17	1.089529E+17	2.001683E-3	0.000000E+0	2.401580E-3	3.253204E-6	0.000000E+0	0.000000E+0	0.000000E+0
4.000167E+2	-1.309165E+0	8.350000E-1	-2.314515E+17	1.796536E+17	2.154539E-3	0.000000E+0	2.499869E-3	8.181510E-6	0.000000E+0	0.000000E+0	0.000000E+0
3.751262E+2	9.279792E-1	8.860000E-1	4.674714E-18	-5.707470E+17	2.305835E-3	0.000000E+0	2.665753E-3	-6.594484E-6	0.000000E+0	0.000000E+0	0.000000E+0
3.820605E+2	-8.090551E-1	9.370000E-1	-2.820974E+17	-3.573550E+17	2.293188E-3	0.000000E+0	2.617375E-3	5.542579E-6	0.000000E+0	0.000000E+0	0.000000E+0
3.400038E+2	1.100420E+1	9.870000E-1	7.433461E+16	-3.421240E+17	2.436339E-3	0.000000E+0	2.938066E-3	-9.509031E-5	0.000000E+0	0.000000E+0	0.000000E+0
3.732807E+2	-2.911316E+0	1.038000E+0	4.333500E+17	8.421242E+16	2.549841E-3	0.000000E+0	2.678786E-3	2.089257E-5	0.000000E+0	0.000000E+0	0.000000E+0
3.485733E+2	-1.637227E+0	1.089000E+0	5.364300E+17	-2.871878E+17	2.552516E-3	0.000000E+0	2.868774E-3	1.347445E-5	0.000000E+0	0.000000E+0	0.000000E+0
3.190779E+2	-4.193095E+0	1.139000E+0	-4.075705E-18	1.659667E-18	2.690050E-3	0.000000E+0	3.133490E-3	4.117810E-5	0.000000E+0	0.000000E+0	0.000000E+0
2.979613E+2	-5.101241E-1	1.190000E+0	9.225665E+16	1.907244E+17	2.867392E-3	0.000000E+0	3.356131E-3	5.745857E-6	0.000000E+0	0.000000E+0	0.000000E+0
2.116802E+2	1.377929E+1	1.241000E+0	4.020179E+17	1.832659E+17	2.881814E-3	0.000000E+0	4.704174E-3	-3.062175E-4	0.000000E+0	0.000000E+0	0.000000E+0
3.764177E+2	3.611435E+0	1.291000E+0	1.676928E-18	4.035830E-18	1.606173E-3	0.000000E+0	2.656379E-3	-2.548589E-5	0.000000E+0	0.000000E+0	0.000000E+0
3.988166E+2	8.048229E-1	1.342000E+0	-2.658310E+17	-5.132058E+17	1.933668E-3	0.000000E+0	2.507408E-3	-5.060018E-6	0.000000E+0	0.000000E+0	0.000000E+0
3.786826E+2	2.224860E+0	1.392000E+0	5.241928E+17	2.782928E-18	1.916964E-3	0.000000E+0	2.640643E-3	-1.551447E-5	0.000000E+0	0.000000E+0	0.000000E+0
2.541232E+2	-1.384707E+1	1.443000E+0	2.579781E+17	4.568510E-19	2.002887E-3	0.000000E+0	3.923450E-3	2.137872E-4	0.000000E+0	0.000000E+0	0.000000E+0
2.305213E+2	7.787192E-2	1.494000E+0	-4.023263E-18	5.325189E+16	3.114855E-3	0.000000E+0	4.337993E-3	-1.465409E-6	0.000000E+0	0.000000E+0	0.000000E+0
2.421600E+2	1.940163E+0	1.544000E+0	-1.980656E+17	2.858813E+16	3.621642E-3	0.000000E+0	4.129236E-3	-3.308305E-5	0.000000E+0	0.000000E+0	0.000000E+0
2.145677E+2	4.227959E+0	1.595000E+0	-2.714796E-18	5.985466E+14	3.663132E-3	0.000000E+0	4.658725E-3	-9.179806E-5	0.000000E+0	0.000000E+0	0.000000E+0
2.218806E+2	3.212191E+0	1.646000E+0	5.785012E-19	5.234687E+17	3.933427E-3	0.000000E+0	4.505984E-3	-6.523365E-5	0.000000E+0	0.000000E+0	0.000000E+0
2.101543E+2	1.124296E+0	1.696000E+0	-2.373659E+17	1.295985E-19	4.567383E-3	0.000000E+0	4.758272E-3	-2.545609E-5	0.000000E+0	0.000000E+0	0.000000E+0
2.027837E+2	5.072374E-1	1.747000E+0	-5.351627E-18	2.391872E+17	4.909690E-3	0.000000E+0	4.931332E-3	-1.233509E-5	0.000000E+0	0.000000E+0	0.000000E+0
2.242083E+2	-3.791317E+0	1.797000E+0	2.587907E+17	1.873793E-18	6.181543E-3	0.000000E+0	4.458863E-3	7.539847E-5	0.000000E+0	0.000000E+0	0.000000E+0
2.548237E+2	-1.867383E+1	1.848000E+0	-3.127958E+17	-9.739241E-19	7.688301E-3	0.000000E+0	3.903320E-3	2.860407E-4	0.000000E+0	0.000000E+0	0.000000E+0
1.451984E+2	2.059853E+1	1.899000E+0	6.653843E-18	-4.395667E+17	7.544397E-3	0.000000E+0	6.751255E-3	-9.577649E-4	0.000000E+0	0.000000E+0	0.000000E+0
1.358334E+2	3.338214E+0	1.949000E+0	-1.571544E-18	-4.190346E+17	1.141635E-2	0.000000E+0	7.357516E-3	-1.808168E-4	0.000000E+0	0.000000E+0	0.000000E+0
1.373585E+2	9.002716E+0	2.000000E+0	-9.275714E-19	-3.780201E-18	1.159318E-2	0.000000E+0	7.249079E-3	-4.751173E-4	0.000000E+0	0.000000E+0	0.000000E+0
