Real / Ohm	Ximag / Ohm	V_DC / V	I_a c / A	V_ac / V	I_DC / A
3.368727E+3	-7.634859E+4	-1.500000E+0	-3.567381E+17	-4.286482E-18	1.574852E-6	1.000000E+6	5.767918E-7	1.307237E-5	0.000000E+0	0.000000E+0	0.000000E+0
3.358980E+3	-7.119370E+4	-1.462000E+0	-4.691026E+17	6.906363E-18	1.282024E-8	0.000000E+0	6.612392E-7	1.401499E-5	0.000000E+0	0.000000E+0	0.000000E+0
3.453609E+3	-6.587808E+4	-1.424000E+0	-5.704680E+17	6.512875E+16	3.047331E-6	0.000000E+0	7.935958E-7	1.513795E-5	0.000000E+0	0.000000E+0	0.000000E+0
3.551539E+3	-6.093052E+4	-1.386000E+0	-6.627991E-18	5.175899E+17	1.996013E-6	0.000000E+0	9.533970E-7	1.635656E-5	0.000000E+0	0.000000E+0	0.000000E+0
3.539879E+3	-5.697480E+4	-1.348000E+0	2.517955E+17	3.793721E+16	1.966124E-6	0.000000E+0	1.086299E-6	1.748413E-5	0.000000E+0	0.000000E+0	0.000000E+0
3.547203E+3	-5.404439E+4	-1.310000E+0	4.553607E+17	-2.686618E+17	9.147989E-7	0.000000E+0	1.209255E-6	1.842394E-5	0.000000E+0	0.000000E+0	0.000000E+0
3.403375E+3	-5.193777E+4	-1.272000E+0	8.250878E-19	3.410070E-18	-1.365188E-7	0.000000E+0	1.256268E-6	1.917149E-5	0.000000E+0	0.000000E+0	0.000000E+0
3.187320E+3	-5.037795E+4	-1.234000E+0	6.288344E-18	-3.929323E-18	1.876535E-6	0.000000E+0	1.250863E-6	1.977081E-5	0.000000E+0	0.000000E+0	0.000000E+0
3.005316E+3	-4.901491E+4	-1.196000E+0	4.284782E-18	4.664211E-18	8.252100E-7	0.000000E+0	1.246247E-6	2.032554E-5	0.000000E+0	0.000000E+0	0.000000E+0
2.911125E+3	-4.707705E+4	-1.158000E+0	2.907620E+17	-1.496570E-18	4.370413E-6	0.000000E+0	1.308534E-6	2.116086E-5	0.000000E+0	0.000000E+0	0.000000E+0
2.851844E+3	-4.359791E+4	-1.120000E+0	-2.052875E-18	3.493290E-18	3.319088E-6	0.000000E+0	1.493964E-6	2.283916E-5	0.000000E+0	0.000000E+0	0.000000E+0
2.623742E+3	-3.801764E+4	-1.082000E+0	5.291893E-18	5.135446E+17	-7.965718E-7	0.000000E+0	1.806705E-6	2.617889E-5	0.000000E+0	0.000000E+0	0.000000E+0
2.118406E+3	-3.121021E+4	-1.044000E+0	-6.504745E+16	2.346692E+17	2.237910E-6	0.000000E+0	2.164809E-6	3.189386E-5	0.000000E+0	0.000000E+0	0.000000E+0
1.561303E+3	-2.493140E+4	-1.006000E+0	-4.960950E+17	8.277014E+16	2.718763E-6	0.000000E+0	2.502039E-6	3.995337E-5	0.000000E+0	0.000000E+0	0.000000E+0
1.089847E+3	-2.003293E+4	-9.680000E-1	2.127762E-18	3.293656E+15	-8.861825E-7	0.000000E+0	2.707654E-6	4.977051E-5	0.000000E+0	0.000000E+0	0.000000E+0
7.704463E+2	-1.671889E+4	-9.300000E-1	8.607197E+16	4.249670E-18	1.637582E-6	0.000000E+0	2.750466E-6	5.968584E-5	0.000000E+0	0.000000E+0	0.000000E+0
5.600498E+2	-1.456959E+4	-8.920000E-1	-4.014473E-19	-2.240669E+17	5.862639E-7	0.000000E+0	2.634455E-6	6.853484E-5	0.000000E+0	0.000000E+0	0.000000E+0
4.240303E+2	-1.315634E+4	-8.540000E-1	2.698511E+17	-3.360764E+17	4.566027E-8	0.000000E+0	2.447236E-6	7.593011E-5	0.000000E+0	0.000000E+0	0.000000E+0
3.291875E+2	-1.218592E+4	-8.160000E-1	-6.256276E-18	1.398985E+17	2.058685E-6	0.000000E+0	2.215184E-6	8.200208E-5	0.000000E+0	0.000000E+0	0.000000E+0
2.594092E+2	-1.146845E+4	-7.780000E-1	-1.006173E-18	-5.687810E-18	1.518107E-6	0.000000E+0	1.971305E-6	8.715115E-5	0.000000E+0	0.000000E+0	0.000000E+0
2.116587E+2	-1.091855E+4	-7.410000E-1	1.311717E+15	5.157902E-18	1.005166E-6	0.000000E+0	1.774774E-6	9.155285E-5	0.000000E+0	0.000000E+0	0.000000E+0
1.745571E+2	-1.044912E+4	-7.030000E-1	2.540081E-19	-1.518024E+17	1.486020E-6	0.000000E+0	1.598295E-6	9.567514E-5	0.000000E+0	0.000000E+0	0.000000E+0
1.474458E+2	-1.005769E+4	-6.650000E-1	-5.203440E-18	3.830367E-18	4.347021E-7	0.000000E+0	1.457279E-6	9.940505E-5	0.000000E+0	0.000000E+0	0.000000E+0
1.233188E+2	-9.723006E+3	-6.270000E-1	-1.183523E-18	-5.342346E-18	1.426266E-6	0.000000E+0	1.304242E-6	1.028323E-4	0.000000E+0	0.000000E+0	0.000000E+0
1.084258E+2	-9.429207E+3	-5.890000E-1	-5.319197E+16	-3.553127E+17	-1.667937E-6	0.000000E+0	1.219340E-6	1.060394E-4	0.000000E+0	0.000000E+0	0.000000E+0
9.535791E+1	-9.175377E+3	-5.510000E-1	2.088264E+17	-2.196584E+17	8.558309E-7	0.000000E+0	1.132562E-6	1.089756E-4	0.000000E+0	0.000000E+0	0.000000E+0
8.536182E+1	-8.950947E+3	-5.130000E-1	-7.964855E+16	-3.372652E-18	-7.062299E-7	0.000000E+0	1.065335E-6	1.117099E-4	0.000000E+0	0.000000E+0	0.000000E+0
7.711572E+1	-8.751953E+3	-4.750000E-1	-1.827512E-18	1.580559E+17	2.853631E-7	0.000000E+0	1.006698E-6	1.142513E-4	0.000000E+0	0.000000E+0	0.000000E+0
7.153418E+1	-8.568762E+3	-4.370000E-1	-4.775830E-18	6.138991E-18	2.554734E-7	0.000000E+0	9.741979E-7	1.166948E-4	0.000000E+0	0.000000E+0	0.000000E+0
6.732471E+1	-8.403988E+3	-3.990000E-1	2.010006E+17	1.860550E+17	7.363251E-7	0.000000E+0	9.531819E-7	1.189835E-4	0.000000E+0	0.000000E+0	0.000000E+0
6.167578E+1	-8.251949E+3	-3.610000E-1	4.410889E+17	3.939340E-18	3.770807E-6	0.000000E+0	9.056853E-7	1.211767E-4	0.000000E+0	0.000000E+0	0.000000E+0
5.814600E+1	-8.111985E+3	-3.230000E-1	-5.506670E-18	3.318154E+17	1.187316E-6	0.000000E+0	8.835747E-7	1.232681E-4	0.000000E+0	0.000000E+0	0.000000E+0
5.472021E+1	-7.981262E+3	-2.850000E-1	-5.761072E+17	-4.172230E+17	-3.747173E-7	0.000000E+0	8.589823E-7	1.252876E-4	0.000000E+0	0.000000E+0	0.000000E+0
5.303223E+1	-7.859385E+3	-2.470000E-1	6.303170E-18	-1.599031E-19	3.170478E-6	0.000000E+0	8.585053E-7	1.272306E-4	0.000000E+0	0.000000E+0	0.000000E+0
5.036670E+1	-7.745308E+3	-2.090000E-1	-1.696221E+17	-6.410774E-19	1.608444E-6	0.000000E+0	8.395523E-7	1.291050E-4	0.000000E+0	0.000000E+0	0.000000E+0
4.888574E+1	-7.639451E+3	-1.710000E-1	-2.816971E+17	1.903750E-18	1.067840E-6	0.000000E+0	8.376066E-7	1.308941E-4	0.000000E+0	0.000000E+0	0.000000E+0
4.864404E+1	-7.538547E+3	-1.330000E-1	-1.478400E+17	2.700591E+17	1.652006E-8	0.000000E+0	8.559261E-7	1.326460E-4	0.000000E+0	0.000000E+0	0.000000E+0
4.693213E+1	-7.444385E+3	-9.500000E-2	-2.949171E+17	-4.956124E-18	2.029544E-6	0.000000E+0	8.468283E-7	1.343241E-4	0.000000E+0	0.000000E+0	0.000000E+0
4.766992E+1	-7.353186E+3	-5.700000E-2	-4.717429E+17	-4.928282E+17	1.488939E-6	0.000000E+0	8.816071E-7	1.359898E-4	0.000000E+0	0.000000E+0	0.000000E+0
4.588477E+1	-7.266147E+3	-1.900000E-2	-9.427576E-19	-9.426377E-19	-7.309370E-8	0.000000E+0	8.690462E-7	1.376190E-4	0.000000E+0	0.000000E+0	0.000000E+0
4.665479E+1	-7.183063E+3	1.900000E-2	-3.093320E+17	4.406614E-18	-1.029554E-7	0.000000E+0	9.041876E-7	1.392105E-4	0.000000E+0	0.000000E+0	0.000000E+0
4.759912E+1	-7.103134E+3	5.700000E-2	-4.715212E+17	-5.436513E+17	3.442239E-6	0.000000E+0	9.433642E-7	1.407766E-4	0.000000E+0	0.000000E+0	0.000000E+0
4.901025E+1	-7.026728E+3	9.500000E-2	4.697582E+17	-5.230656E+17	1.369463E-6	0.000000E+0	9.925663E-7	1.423068E-4	0.000000E+0	0.000000E+0	0.000000E+0
5.088477E+1	-6.952553E+3	1.330000E-1	-3.021231E-18	1.735786E-18	1.339602E-6	0.000000E+0	1.052630E-6	1.438244E-4	0.000000E+0	0.000000E+0	0.000000E+0
5.219287E+1	-6.882082E+3	1.710000E-1	-3.194760E-18	5.558819E-18	1.820454E-6	0.000000E+0	1.101911E-6	1.452965E-4	0.000000E+0	0.000000E+0	0.000000E+0
5.514502E+1	-6.814745E+3	2.090000E-1	4.155990E+17	-1.817843E+17	2.301305E-6	0.000000E+0	1.187350E-6	1.467310E-4	0.000000E+0	0.000000E+0	0.000000E+0
5.664160E+1	-6.750139E+3	2.470000E-1	-4.136209E+17	4.857998E-18	2.782157E-6	0.000000E+0	1.243024E-6	1.481347E-4	0.000000E+0	0.000000E+0	0.000000E+0
5.832422E+1	-6.687721E+3	2.850000E-1	-3.851510E-18	-6.440443E-18	-8.227889E-7	0.000000E+0	1.303946E-6	1.495164E-4	0.000000E+0	0.000000E+0	0.000000E+0
6.139014E+1	-6.628503E+3	3.230000E-1	4.766215E-20	4.558806E+17	-1.363365E-6	0.000000E+0	1.397110E-6	1.508507E-4	0.000000E+0	0.000000E+0	0.000000E+0
6.337500E+1	-6.571605E+3	3.610000E-1	1.388541E-18	6.784133E-18	-3.717996E-7	0.000000E+0	1.467353E-6	1.521557E-4	0.000000E+0	0.000000E+0	0.000000E+0
6.497412E+1	-6.517409E+3	3.990000E-1	4.707193E+17	-3.632098E-18	1.130511E-6	0.000000E+0	1.529492E-6	1.534200E-4	0.000000E+0	0.000000E+0	0.000000E+0
6.799561E+1	-6.465069E+3	4.370000E-1	-7.975154E-19	6.323277E-18	7.919152E-8	0.000000E+0	1.626622E-6	1.546603E-4	0.000000E+0	0.000000E+0	0.000000E+0
7.009229E+1	-6.416370E+3	4.750000E-1	-4.524462E+17	2.055148E+17	5.600450E-7	0.000000E+0	1.702314E-6	1.558328E-4	0.000000E+0	0.000000E+0	0.000000E+0
7.246973E+1	-6.369675E+3	5.130000E-1	-6.904434E-18	-8.375564E+16	1.040895E-6	0.000000E+0	1.785936E-6	1.569736E-4	0.000000E+0	0.000000E+0	0.000000E+0
7.403027E+1	-6.325200E+3	5.510000E-1	2.547933E-18	-2.672116E+16	-5.211368E-7	0.000000E+0	1.850126E-6	1.580761E-4	0.000000E+0	0.000000E+0	0.000000E+0
7.671289E+1	-6.282953E+3	5.890000E-1	-1.554615E+17	1.089529E+17	4.704307E-7	0.000000E+0	1.943014E-6	1.591371E-4	0.000000E+0	0.000000E+0	0.000000E+0
7.845898E+1	-6.243122E+3	6.270000E-1	-2.314515E+17	1.796536E+17	1.462027E-6	0.000000E+0	2.012660E-6	1.601510E-4	0.000000E+0	0.000000E+0	0.000000E+0
8.035059E+1	-6.205117E+3	6.650000E-1	4.674714E-18	-5.707470E+17	2.453591E-6	0.000000E+0	2.086490E-6	1.611303E-4	0.000000E+0	0.000000E+0	0.000000E+0
8.200098E+1	-6.170303E+3	7.030000E-1	-2.820974E+17	-3.573550E+17	3.808163E-7	0.000000E+0	2.153423E-6	1.620380E-4	0.000000E+0	0.000000E+0	0.000000E+0
8.338721E+1	-6.136706E+3	7.410000E-1	7.433461E+16	-3.421240E+17	1.372413E-6	0.000000E+0	2.213852E-6	1.629238E-4	0.000000E+0	0.000000E+0	0.000000E+0
8.547656E+1	-6.105925E+3	7.780000E-1	4.333500E+17	8.421242E+16	-1.183413E-6	0.000000E+0	2.292234E-6	1.637433E-4	0.000000E+0	0.000000E+0	0.000000E+0
8.630811E+1	-6.076577E+3	8.160000E-1	5.364300E+17	-2.871878E+17	-1.724020E-6	0.000000E+0	2.336932E-6	1.645331E-4	0.000000E+0	0.000000E+0	0.000000E+0
8.734375E+1	-6.048537E+3	8.540000E-1	-4.075705E-18	1.659667E-18	7.997478E-7	0.000000E+0	2.386935E-6	1.652948E-4	0.000000E+0	0.000000E+0	0.000000E+0
8.973145E+1	-6.022342E+3	8.920000E-1	9.225665E+16	1.907244E+17	-2.805198E-6	0.000000E+0	2.473532E-6	1.660115E-4	0.000000E+0	0.000000E+0	0.000000E+0
8.967529E+1	-5.997305E+3	9.300000E-1	4.020179E+17	1.832659E+17	2.292836E-7	0.000000E+0	2.492662E-6	1.667043E-4	0.000000E+0	0.000000E+0	0.000000E+0
9.083691E+1	-5.974273E+3	9.680000E-1	1.676928E-18	4.035830E-18	-1.843495E-6	0.000000E+0	2.544438E-6	1.673457E-4	0.000000E+0	0.000000E+0	0.000000E+0
9.157227E+1	-5.952759E+3	1.006000E+0	-2.658310E+17	-5.132058E+17	1.695298E-7	0.000000E+0	2.583596E-6	1.679496E-4	0.000000E+0	0.000000E+0	0.000000E+0
9.217871E+1	-5.932130E+3	1.044000E+0	5.241928E+17	2.782928E-18	-2.413959E-6	0.000000E+0	2.618813E-6	1.685328E-4	0.000000E+0	0.000000E+0	0.000000E+0
9.320312E+1	-5.913120E+3	1.082000E+0	2.579781E+17	4.568510E-19	6.205228E-7	0.000000E+0	2.664951E-6	1.690735E-4	0.000000E+0	0.000000E+0	0.000000E+0
9.317822E+1	-5.894773E+3	1.120000E+0	-4.023263E-18	5.325189E+16	-9.415380E-7	0.000000E+0	2.680845E-6	1.695994E-4	0.000000E+0	0.000000E+0	0.000000E+0
9.332275E+1	-5.877756E+3	1.158000E+0	-1.980656E+17	2.858813E+16	-4.606627E-7	0.000000E+0	2.700567E-6	1.700901E-4	0.000000E+0	0.000000E+0	0.000000E+0
9.425146E+1	-5.862381E+3	1.196000E+0	-2.714796E-18	5.985466E+14	-4.905451E-7	0.000000E+0	2.741749E-6	1.705351E-4	0.000000E+0	0.000000E+0	0.000000E+0
9.445752E+1	-5.846673E+3	1.234000E+0	5.785012E-19	5.234687E+17	5.010443E-7	0.000000E+0	2.762521E-6	1.709928E-4	0.000000E+0	0.000000E+0	0.000000E+0
9.586230E+1	-5.832504E+3	1.272000E+0	-2.373659E+17	1.295985E-19	-5.502734E-7	0.000000E+0	2.817218E-6	1.714066E-4	0.000000E+0	0.000000E+0	0.000000E+0
9.613184E+1	-5.819345E+3	1.310000E+0	-5.351627E-18	2.391872E+17	-2.623048E-6	0.000000E+0	2.837923E-6	1.717938E-4	0.000000E+0	0.000000E+0	0.000000E+0
9.539600E+1	-5.807157E+3	1.348000E+0	2.587907E+17	1.873793E-18	-2.142202E-6	0.000000E+0	2.828042E-6	1.721548E-4	0.000000E+0	0.000000E+0	0.000000E+0
9.528613E+1	-5.795674E+3	1.386000E+0	-3.127958E+17	-9.739241E-19	-2.682806E-6	0.000000E+0	2.835988E-6	1.724959E-4	0.000000E+0	0.000000E+0	0.000000E+0
9.562939E+1	-5.784031E+3	1.424000E+0	6.653843E-18	-4.395667E+17	-6.697810E-7	0.000000E+0	2.857666E-6	1.728426E-4	0.000000E+0	0.000000E+0	0.000000E+0
9.591406E+1	-5.773936E+3	1.462000E+0	-1.571544E-18	-4.190346E+17	-1.888984E-7	0.000000E+0	2.876196E-6	1.731443E-4	0.000000E+0	0.000000E+0	0.000000E+0
9.583887E+1	-5.764365E+3	1.500000E+0	-9.275714E-19	-3.780201E-18	-2.261673E-6	0.000000E+0	2.883492E-6	1.734317E-4	0.000000E+0	0.000000E+0	0.000000E+0
