Real / Ohm	Ximag / Ohm	V_DC / V	I_a c / A	V_ac / V	I_DC / A
7.034537E+1	-4.909468E+2	2.500000E+0	-9.275714E-19	-3.780201E-18	-1.838140E-6	1.000000E+7	2.859833E-4	1.995903E-3	0.000000E+0	0.000000E+0	0.000000E+0
7.085718E+1	-4.924133E+2	2.437000E+0	-1.571544E-18	-4.190346E+17	-1.627326E-6	0.000000E+0	2.863014E-4	1.989616E-3	0.000000E+0	0.000000E+0	0.000000E+0
7.070392E+1	-4.941648E+2	2.373000E+0	6.653843E-18	-4.395667E+17	-1.899563E-6	0.000000E+0	2.837260E-4	1.983022E-3	0.000000E+0	0.000000E+0	0.000000E+0
5.787833E+1	-4.948271E+2	2.310000E+0	-3.127958E+17	-9.739241E-19	-1.178050E-6	0.000000E+0	2.331888E-4	1.993633E-3	0.000000E+0	0.000000E+0	0.000000E+0
7.140097E+1	-5.018953E+2	2.247000E+0	2.587907E+17	1.873793E-18	-1.477965E-6	0.000000E+0	2.778280E-4	1.952923E-3	0.000000E+0	0.000000E+0	0.000000E+0
7.284741E+1	-5.007639E+2	2.184000E+0	-5.351627E-18	2.391872E+17	-1.777909E-6	0.000000E+0	2.844810E-4	1.955565E-3	0.000000E+0	0.000000E+0	0.000000E+0
7.363376E+1	-5.035653E+2	2.120000E+0	-2.373659E+17	1.295985E-19	-2.050147E-6	0.000000E+0	2.843003E-4	1.944268E-3	0.000000E+0	0.000000E+0	0.000000E+0
7.490689E+1	-5.062086E+2	2.057000E+0	5.785012E-19	5.234687E+17	2.035522E-7	0.000000E+0	2.860590E-4	1.933140E-3	0.000000E+0	0.000000E+0	0.000000E+0
7.280444E+1	-5.087189E+2	1.994000E+0	-2.714796E-18	5.985466E+14	-2.649998E-6	0.000000E+0	2.756748E-4	1.926269E-3	0.000000E+0	0.000000E+0	0.000000E+0
7.240659E+1	-5.115621E+2	1.930000E+0	-1.980656E+17	2.858813E+16	-3.432979E-6	0.000000E+0	2.712482E-4	1.916404E-3	0.000000E+0	0.000000E+0	0.000000E+0
7.292731E+1	-5.146567E+2	1.867000E+0	-4.023263E-18	5.325189E+16	-2.711429E-6	0.000000E+0	2.699113E-4	1.904796E-3	0.000000E+0	0.000000E+0	0.000000E+0
7.221509E+1	-5.177412E+2	1.804000E+0	2.579781E+17	4.568510E-19	-3.011373E-6	0.000000E+0	2.642618E-4	1.894607E-3	0.000000E+0	0.000000E+0	0.000000E+0
7.113116E+1	-5.206255E+2	1.741000E+0	5.241928E+17	2.782928E-18	-1.268396E-6	0.000000E+0	2.576184E-4	1.885569E-3	0.000000E+0	0.000000E+0	0.000000E+0
7.157489E+1	-5.242148E+2	1.677000E+0	-2.658310E+17	-5.132058E+17	-1.029926E-6	0.000000E+0	2.556939E-4	1.872703E-3	0.000000E+0	0.000000E+0	0.000000E+0
5.680832E+1	-5.263579E+2	1.614000E+0	1.676928E-18	4.035830E-18	1.223772E-6	0.000000E+0	2.026843E-4	1.877973E-3	0.000000E+0	0.000000E+0	0.000000E+0
7.337808E+1	-5.341140E+2	1.551000E+0	4.020179E+17	1.832659E+17	-9.759970E-8	0.000000E+0	2.524515E-4	1.837577E-3	0.000000E+0	0.000000E+0	0.000000E+0
7.203195E+1	-5.371198E+2	1.487000E+0	9.225665E+16	1.907244E+17	-2.412758E-6	0.000000E+0	2.452684E-4	1.828890E-3	0.000000E+0	0.000000E+0	0.000000E+0
7.327670E+1	-5.386814E+2	1.424000E+0	-4.075705E-18	1.659667E-18	-1.691209E-6	0.000000E+0	2.479358E-4	1.822658E-3	0.000000E+0	0.000000E+0	0.000000E+0
7.627228E+1	-5.430693E+2	1.361000E+0	5.364300E+17	-2.871878E+17	-1.991146E-6	0.000000E+0	2.536139E-4	1.805766E-3	0.000000E+0	0.000000E+0	0.000000E+0
7.273648E+1	-5.473010E+2	1.297000E+0	4.333500E+17	8.421242E+16	-4.306276E-6	0.000000E+0	2.386141E-4	1.795436E-3	0.000000E+0	0.000000E+0	0.000000E+0
7.183401E+1	-5.515619E+2	1.234000E+0	7.433461E+16	-3.421240E+17	-9.698851E-9	0.000000E+0	2.321865E-4	1.782794E-3	0.000000E+0	0.000000E+0	0.000000E+0
7.338196E+1	-5.562490E+2	1.171000E+0	-2.820974E+17	-3.573550E+17	7.118506E-7	0.000000E+0	2.331082E-4	1.767004E-3	0.000000E+0	0.000000E+0	0.000000E+0
6.987085E+1	-5.616849E+2	1.108000E+0	4.674714E-18	-5.707470E+17	-9.880750E-8	0.000000E+0	2.180930E-4	1.753228E-3	0.000000E+0	0.000000E+0	0.000000E+0
7.071945E+1	-5.664316E+2	1.044000E+0	-2.314515E+17	1.796536E+17	-3.710738E-7	0.000000E+0	2.170334E-4	1.738341E-3	0.000000E+0	0.000000E+0	0.000000E+0
7.075906E+1	-5.720518E+2	9.810000E-1	-1.554615E+17	1.089529E+17	-1.602712E-7	0.000000E+0	2.129693E-4	1.721751E-3	0.000000E+0	0.000000E+0	0.000000E+0
6.351883E+1	-5.776382E+2	9.180000E-1	2.547933E-18	-2.672116E+16	-4.601789E-7	0.000000E+0	1.880922E-4	1.710504E-3	0.000000E+0	0.000000E+0	0.000000E+0
7.397238E+1	-5.864065E+2	8.540000E-1	-6.904434E-18	-8.375564E+16	2.890047E-7	0.000000E+0	2.117462E-4	1.678591E-3	0.000000E+0	0.000000E+0	0.000000E+0
6.914999E+1	-5.905143E+2	7.910000E-1	-4.524462E+17	2.055148E+17	-1.543074E-6	0.000000E+0	1.956214E-4	1.670532E-3	0.000000E+0	0.000000E+0	0.000000E+0
7.312085E+1	-5.982034E+2	7.280000E-1	-7.975154E-19	6.323277E-18	-1.843011E-6	0.000000E+0	2.013273E-4	1.647063E-3	0.000000E+0	0.000000E+0	0.000000E+0
7.459567E+1	-6.064727E+2	6.650000E-1	4.707193E+17	-3.632098E-18	-1.000371E-7	0.000000E+0	1.997883E-4	1.624305E-3	0.000000E+0	0.000000E+0	0.000000E+0
7.006357E+1	-6.159619E+2	6.010000E-1	1.388541E-18	6.784133E-18	1.159893E-6	0.000000E+0	1.823063E-4	1.602740E-3	0.000000E+0	0.000000E+0	0.000000E+0
7.063702E+1	-6.265547E+2	5.380000E-1	4.766215E-20	4.558806E+17	-2.204390E-6	0.000000E+0	1.776762E-4	1.575999E-3	0.000000E+0	0.000000E+0	0.000000E+0
7.193115E+1	-6.381685E+2	4.750000E-1	-3.851510E-18	-6.440443E-18	2.602959E-6	0.000000E+0	1.744068E-4	1.547326E-3	0.000000E+0	0.000000E+0	0.000000E+0
6.850909E+1	-6.516765E+2	4.110000E-1	-4.136209E+17	4.857998E-18	-1.244371E-6	0.000000E+0	1.595551E-4	1.517730E-3	0.000000E+0	0.000000E+0	0.000000E+0
6.691562E+1	-6.657670E+2	3.480000E-1	4.155990E+17	-1.817843E+17	2.541492E-6	0.000000E+0	1.494575E-4	1.487005E-3	0.000000E+0	0.000000E+0	0.000000E+0
6.773666E+1	-6.817644E+2	2.850000E-1	-3.194760E-18	5.558819E-18	3.773754E-6	0.000000E+0	1.443076E-4	1.452445E-3	0.000000E+0	0.000000E+0	0.000000E+0
7.167911E+1	-6.989590E+2	2.220000E-1	-3.021231E-18	1.735786E-18	9.201867E-7	0.000000E+0	1.451930E-4	1.415809E-3	0.000000E+0	0.000000E+0	0.000000E+0
7.546112E+1	-7.183422E+2	1.580000E-1	4.697582E+17	-5.230656E+17	1.669401E-6	0.000000E+0	1.446419E-4	1.376900E-3	0.000000E+0	0.000000E+0	0.000000E+0
7.115869E+1	-7.368425E+2	9.500000E-2	-4.715212E+17	-5.436513E+17	8.587490E-7	0.000000E+0	1.298515E-4	1.344602E-3	0.000000E+0	0.000000E+0	0.000000E+0
7.699780E+1	-7.587253E+2	3.200000E-2	-3.093320E+17	4.406614E-18	1.069554E-6	0.000000E+0	1.323913E-4	1.304565E-3	0.000000E+0	0.000000E+0	0.000000E+0
7.972549E+1	-7.831688E+2	-3.200000E-2	-9.427576E-19	-9.426377E-19	-7.348892E-7	0.000000E+0	1.286498E-4	1.263768E-3	0.000000E+0	0.000000E+0	0.000000E+0
7.944730E+1	-8.096204E+2	-9.500000E-2	-4.717429E+17	-4.928282E+17	-1.334092E-8	0.000000E+0	1.200478E-4	1.223367E-3	0.000000E+0	0.000000E+0	0.000000E+0
8.403314E+1	-8.391534E+2	-1.580000E-1	-2.949171E+17	-4.956124E-18	3.261806E-6	0.000000E+0	1.181502E-4	1.179846E-3	0.000000E+0	0.000000E+0	0.000000E+0
9.175055E+1	-8.741533E+2	-2.220000E-1	-1.478400E+17	2.700591E+17	3.500278E-6	0.000000E+0	1.187614E-4	1.131499E-3	0.000000E+0	0.000000E+0	0.000000E+0
9.495532E+1	-9.158657E+2	-2.850000E-1	-2.816971E+17	1.903750E-18	2.178911E-6	0.000000E+0	1.119985E-4	1.080251E-3	0.000000E+0	0.000000E+0	0.000000E+0
1.014370E+2	-9.689683E+2	-3.480000E-1	-1.696221E+17	-6.410774E-19	8.575153E-7	0.000000E+0	1.068670E-4	1.020838E-3	0.000000E+0	0.000000E+0	0.000000E+0
1.196513E+2	-1.048843E+3	-4.110000E-1	6.303170E-18	-1.599031E-19	1.068322E-6	0.000000E+0	1.073695E-4	9.411829E-4	0.000000E+0	0.000000E+0	0.000000E+0
1.564139E+2	-1.171803E+3	-4.750000E-1	-5.761072E+17	-4.172230E+17	1.306791E-6	0.000000E+0	1.119171E-4	8.384469E-4	0.000000E+0	0.000000E+0	0.000000E+0
2.497098E+2	-1.352978E+3	-5.380000E-1	-5.506670E-18	3.318154E+17	-1.457374E-8	0.000000E+0	1.319189E-4	7.147630E-4	0.000000E+0	0.000000E+0	0.000000E+0
4.017494E+2	-1.551433E+3	-6.010000E-1	4.410889E+17	3.939340E-18	1.962289E-7	0.000000E+0	1.564233E-4	6.040590E-4	0.000000E+0	0.000000E+0	0.000000E+0
4.437537E+2	-1.845819E+3	-6.650000E-1	2.010006E+17	1.860550E+17	-7.601193E-8	0.000000E+0	1.231293E-4	5.121634E-4	0.000000E+0	0.000000E+0	0.000000E+0
4.261816E+2	-2.406924E+3	-7.280000E-1	-4.775830E-18	6.138991E-18	1.347908E-7	0.000000E+0	7.132849E-5	4.028383E-4	0.000000E+0	0.000000E+0	0.000000E+0
4.016873E+2	-3.169363E+3	-7.910000E-1	-1.827512E-18	1.580559E+17	3.455971E-7	0.000000E+0	3.935713E-5	3.105327E-4	0.000000E+0	0.000000E+0	0.000000E+0
4.005637E+2	-3.997714E+3	-8.540000E-1	-7.964855E+16	-3.372652E-18	1.067117E-6	0.000000E+0	2.481474E-5	2.476566E-4	0.000000E+0	0.000000E+0	0.000000E+0
4.479917E+2	-4.723202E+3	-9.180000E-1	2.088264E+17	-2.196584E+17	-7.373274E-7	0.000000E+0	1.990249E-5	2.098330E-4	0.000000E+0	0.000000E+0	0.000000E+0
5.416492E+2	-5.230513E+3	-9.810000E-1	-5.319197E+16	-3.553127E+17	2.537821E-6	0.000000E+0	1.958831E-5	1.891574E-4	0.000000E+0	0.000000E+0	0.000000E+0
6.711108E+2	-5.589597E+3	-1.044000E+0	-1.183523E-18	-5.342346E-18	-3.157184E-7	0.000000E+0	2.117471E-5	1.763614E-4	0.000000E+0	0.000000E+0	0.000000E+0
8.147715E+2	-5.879086E+3	-1.108000E+0	-5.203440E-18	3.830367E-18	9.442156E-7	0.000000E+0	2.312885E-5	1.668891E-4	0.000000E+0	0.000000E+0	0.000000E+0
9.316030E+2	-6.151634E+3	-1.171000E+0	2.540081E-19	-1.518024E+17	1.665729E-6	0.000000E+0	2.406591E-5	1.589139E-4	0.000000E+0	0.000000E+0	0.000000E+0
9.961147E+2	-6.425234E+3	-1.234000E+0	1.311717E+15	5.157902E-18	1.876535E-6	0.000000E+0	2.356225E-5	1.519835E-4	0.000000E+0	0.000000E+0	0.000000E+0
1.026498E+3	-6.787729E+3	-1.297000E+0	-1.006173E-18	-5.687810E-18	3.108769E-6	0.000000E+0	2.178154E-5	1.440307E-4	0.000000E+0	0.000000E+0	0.000000E+0
1.025384E+3	-7.170869E+3	-1.361000E+0	-6.256276E-18	1.398985E+17	1.304354E-6	0.000000E+0	1.954126E-5	1.366588E-4	0.000000E+0	0.000000E+0	0.000000E+0
1.002192E+3	-7.531753E+3	-1.424000E+0	2.698511E+17	-3.360764E+17	-1.549211E-6	0.000000E+0	1.735948E-5	1.304613E-4	0.000000E+0	0.000000E+0	0.000000E+0
9.798325E+2	-7.865896E+3	-1.487000E+0	-4.014473E-19	-2.240669E+17	2.747394E-6	0.000000E+0	1.559438E-5	1.251886E-4	0.000000E+0	0.000000E+0	0.000000E+0
9.618594E+2	-8.202641E+3	-1.551000E+0	8.607197E+16	4.249670E-18	9.429787E-7	0.000000E+0	1.410175E-5	1.202584E-4	0.000000E+0	0.000000E+0	0.000000E+0
9.575752E+2	-8.486475E+3	-1.614000E+0	2.127762E-18	3.293656E+15	-8.891657E-7	0.000000E+0	1.312876E-5	1.163532E-4	0.000000E+0	0.000000E+0	0.000000E+0
9.383032E+2	-8.763703E+3	-1.677000E+0	-4.960950E+17	8.277014E+16	2.386019E-6	0.000000E+0	1.207863E-5	1.128138E-4	0.000000E+0	0.000000E+0	0.000000E+0
9.314937E+2	-9.033041E+3	-1.741000E+0	-6.504745E+16	2.346692E+17	-2.482739E-6	0.000000E+0	1.129583E-5	1.095399E-4	0.000000E+0	0.000000E+0	0.000000E+0
9.346943E+2	-9.274914E+3	-1.804000E+0	5.291893E-18	5.135446E+17	-2.290471E-7	0.000000E+0	1.075626E-5	1.067337E-4	0.000000E+0	0.000000E+0	0.000000E+0
9.292222E+2	-9.520049E+3	-1.867000E+0	-2.052875E-18	3.493290E-18	1.513923E-6	0.000000E+0	1.015601E-5	1.040502E-4	0.000000E+0	0.000000E+0	0.000000E+0
9.075249E+2	-9.736154E+3	-1.930000E+0	2.907620E+17	-1.496570E-18	2.746187E-6	0.000000E+0	9.491320E-6	1.018253E-4	0.000000E+0	0.000000E+0	0.000000E+0
9.144429E+2	-9.947908E+3	-1.994000E+0	4.284782E-18	4.664211E-18	9.417199E-7	0.000000E+0	9.163023E-6	9.968135E-5	0.000000E+0	0.000000E+0	0.000000E+0
9.149888E+2	-1.014652E+4	-2.057000E+0	6.288344E-18	-3.929323E-18	6.418268E-7	0.000000E+0	8.815849E-6	9.776097E-5	0.000000E+0	0.000000E+0	0.000000E+0
9.154746E+2	-1.034038E+4	-2.120000E+0	8.250878E-19	3.410070E-18	2.895526E-6	0.000000E+0	8.495373E-6	9.595612E-5	0.000000E+0	0.000000E+0	0.000000E+0
9.115303E+2	-1.052704E+4	-2.184000E+0	4.553607E+17	-2.686618E+17	1.601831E-6	0.000000E+0	8.164216E-6	9.428653E-5	0.000000E+0	0.000000E+0	0.000000E+0
8.991240E+2	-1.070011E+4	-2.247000E+0	2.517955E+17	3.793721E+16	2.323315E-6	0.000000E+0	7.798074E-6	9.280172E-5	0.000000E+0	0.000000E+0	0.000000E+0
8.999438E+2	-1.086157E+4	-2.310000E+0	-6.627991E-18	5.175899E+17	-1.040913E-6	0.000000E+0	7.576330E-6	9.143998E-5	0.000000E+0	0.000000E+0	0.000000E+0
8.977896E+2	-1.101036E+4	-2.373000E+0	-5.704680E+17	6.512875E+16	-8.301431E-7	0.000000E+0	7.356878E-6	9.022367E-5	0.000000E+0	0.000000E+0	0.000000E+0
8.941914E+2	-1.115213E+4	-2.437000E+0	-4.691026E+17	6.906363E-18	9.405048E-7	0.000000E+0	7.143839E-6	8.909617E-5	0.000000E+0	0.000000E+0	0.000000E+0
9.032363E+2	-1.129520E+4	-2.500000E+0	-3.567381E+17	-4.286482E-18	1.151348E-6	0.000000E+0	7.034694E-6	8.797064E-5	0.000000E+0	0.000000E+0	0.000000E+0
