Real / Ohm	Ximag / Ohm	V_DC / V	I_a c / A	V_ac / V	I_DC / A
1.570713E+2	-2.008950E+4	-3.000000E+0	-3.567381E+17	-4.286482E-18	6.842020E-7	1.000000E+7	3.891634E-7	4.977420E-5	0.000000E+0	0.000000E+0	0.000000E+0
1.285586E+2	-1.919272E+4	-2.924000E+0	-4.691026E+17	6.906363E-18	2.156623E-6	0.000000E+0	3.489865E-7	5.210075E-5	0.000000E+0	0.000000E+0	0.000000E+0
1.260605E+2	-1.824724E+4	-2.848000E+0	-5.704680E+17	6.512875E+16	2.096902E-6	0.000000E+0	3.785855E-7	5.480019E-5	0.000000E+0	0.000000E+0	0.000000E+0
1.421270E+2	-1.721162E+4	-2.772000E+0	-6.627991E-18	5.175899E+17	5.049806E-7	0.000000E+0	4.797373E-7	5.809632E-5	0.000000E+0	0.000000E+0	0.000000E+0
1.211138E+2	-1.616733E+4	-2.696000E+0	2.517955E+17	3.793721E+16	1.977402E-6	0.000000E+0	4.633324E-7	6.184966E-5	0.000000E+0	0.000000E+0	0.000000E+0
1.234136E+2	-1.515621E+4	-2.620000E+0	4.553607E+17	-2.686618E+17	1.917666E-6	0.000000E+0	5.372210E-7	6.597518E-5	0.000000E+0	0.000000E+0	0.000000E+0
1.386255E+2	-1.413978E+4	-2.544000E+0	8.250878E-19	3.410070E-18	1.857887E-6	0.000000E+0	6.932918E-7	7.071566E-5	0.000000E+0	0.000000E+0	0.000000E+0
1.270371E+2	-1.396350E+4	-2.468000E+0	6.288344E-18	-3.929323E-18	1.287452E-6	0.000000E+0	6.514874E-7	7.160936E-5	0.000000E+0	0.000000E+0	0.000000E+0
1.354507E+2	-1.391582E+4	-2.392000E+0	4.284782E-18	4.664211E-18	2.249144E-6	0.000000E+0	6.993950E-7	7.185385E-5	0.000000E+0	0.000000E+0	0.000000E+0
1.410249E+2	-1.380578E+4	-2.316000E+0	2.907620E+17	-1.496570E-18	-3.641908E-7	0.000000E+0	7.398243E-7	7.242587E-5	0.000000E+0	0.000000E+0	0.000000E+0
1.527095E+2	-1.373885E+4	-2.241000E+0	-2.052875E-18	3.493290E-18	1.144508E-7	0.000000E+0	8.089313E-7	7.277730E-5	0.000000E+0	0.000000E+0	0.000000E+0
1.530488E+2	-1.363725E+4	-2.165000E+0	5.291893E-18	5.135446E+17	2.608314E-6	0.000000E+0	8.228518E-7	7.331933E-5	0.000000E+0	0.000000E+0	0.000000E+0
1.611880E+2	-1.349715E+4	-2.089000E+0	-6.504745E+16	2.346692E+17	1.527151E-6	0.000000E+0	8.846808E-7	7.407915E-5	0.000000E+0	0.000000E+0	0.000000E+0
1.308721E+2	-1.330894E+4	-2.013000E+0	-4.960950E+17	8.277014E+16	1.978144E-6	0.000000E+0	7.387851E-7	7.513020E-5	0.000000E+0	0.000000E+0	0.000000E+0
1.431055E+2	-1.307444E+4	-1.937000E+0	2.127762E-18	3.293656E+15	3.961286E-6	0.000000E+0	8.370629E-7	7.647595E-5	0.000000E+0	0.000000E+0	0.000000E+0
1.391714E+2	-1.274311E+4	-1.861000E+0	8.607197E+16	4.249670E-18	1.858643E-6	0.000000E+0	8.569339E-7	7.846442E-5	0.000000E+0	0.000000E+0	0.000000E+0
1.456665E+2	-1.228544E+4	-1.785000E+0	-4.014473E-19	-2.240669E+17	1.798915E-6	0.000000E+0	9.649775E-7	8.138572E-5	0.000000E+0	0.000000E+0	0.000000E+0
1.441978E+2	-1.168335E+4	-1.709000E+0	2.698511E+17	-3.360764E+17	-3.037203E-7	0.000000E+0	1.056228E-6	8.557885E-5	0.000000E+0	0.000000E+0	0.000000E+0
1.454106E+2	-1.091462E+4	-1.633000E+0	-6.256276E-18	1.398985E+17	6.579867E-7	0.000000E+0	1.220399E-6	9.160397E-5	0.000000E+0	0.000000E+0	0.000000E+0
1.461064E+2	-9.985014E+3	-1.557000E+0	-1.006173E-18	-5.687810E-18	2.130400E-6	0.000000E+0	1.465139E-6	1.001286E-4	0.000000E+0	0.000000E+0	0.000000E+0
1.560483E+2	-8.756051E+3	-1.481000E+0	1.311717E+15	5.157902E-18	3.602821E-6	0.000000E+0	2.034720E-6	1.141705E-4	0.000000E+0	0.000000E+0	0.000000E+0
1.633030E+2	-7.085369E+3	-1.405000E+0	2.540081E-19	-1.518024E+17	4.787580E-7	0.000000E+0	3.251162E-6	1.410610E-4	0.000000E+0	0.000000E+0	0.000000E+0
1.666233E+2	-5.290193E+3	-1.329000E+0	-5.203440E-18	3.830367E-18	-6.024493E-7	0.000000E+0	5.947878E-6	1.888417E-4	0.000000E+0	0.000000E+0	0.000000E+0
1.610181E+2	-3.908971E+3	-1.253000E+0	-1.183523E-18	-5.342346E-18	1.891451E-6	0.000000E+0	1.051995E-5	2.553885E-4	0.000000E+0	0.000000E+0	0.000000E+0
1.256403E+2	-2.967398E+3	-1.177000E+0	-5.319197E+16	-3.553127E+17	2.342473E-6	0.000000E+0	1.424294E-5	3.363925E-4	0.000000E+0	0.000000E+0	0.000000E+0
9.614539E+1	-2.429831E+3	-1.101000E+0	2.088264E+17	-2.196584E+17	2.793429E-6	0.000000E+0	1.625911E-5	4.109079E-4	0.000000E+0	0.000000E+0	0.000000E+0
7.744409E+1	-2.116187E+3	-1.025000E+0	-7.964855E+16	-3.372652E-18	-3.306341E-7	0.000000E+0	1.727026E-5	4.719160E-4	0.000000E+0	0.000000E+0	0.000000E+0
6.506653E+1	-1.910367E+3	-9.490000E-1	-1.827512E-18	1.580559E+17	-1.411841E-6	0.000000E+0	1.780822E-5	5.228531E-4	0.000000E+0	0.000000E+0	0.000000E+0
5.345862E+1	-1.762390E+3	-8.730000E-1	-4.775830E-18	6.138991E-18	-1.982309E-6	0.000000E+0	1.719548E-5	5.668897E-4	0.000000E+0	0.000000E+0	0.000000E+0
4.352081E+1	-1.651607E+3	-7.970000E-1	2.010006E+17	1.860550E+17	2.043766E-6	0.000000E+0	1.594344E-5	6.050508E-4	0.000000E+0	0.000000E+0	0.000000E+0
3.496228E+1	-1.567294E+3	-7.220000E-1	4.410889E+17	3.939340E-18	-3.120294E-8	0.000000E+0	1.422600E-5	6.377250E-4	0.000000E+0	0.000000E+0	0.000000E+0
3.154749E+1	-1.499537E+3	-6.460000E-1	-5.506670E-18	3.318154E+17	-2.644585E-6	0.000000E+0	1.402356E-5	6.665775E-4	0.000000E+0	0.000000E+0	0.000000E+0
2.815741E+1	-1.443794E+3	-5.700000E-1	-5.761072E+17	-4.172230E+17	-1.507105E-7	0.000000E+0	1.350259E-5	6.923563E-4	0.000000E+0	0.000000E+0	0.000000E+0
2.623517E+1	-1.396691E+3	-4.940000E-1	6.303170E-18	-1.599031E-19	2.343195E-6	0.000000E+0	1.344405E-5	7.157254E-4	0.000000E+0	0.000000E+0	0.000000E+0
2.585297E+1	-1.356636E+3	-4.180000E-1	-1.696221E+17	-6.410774E-19	-2.701872E-7	0.000000E+0	1.404191E-5	7.368498E-4	0.000000E+0	0.000000E+0	0.000000E+0
2.339215E+1	-1.320185E+3	-3.420000E-1	-2.816971E+17	1.903750E-18	2.734432E-6	0.000000E+0	1.341727E-5	7.572319E-4	0.000000E+0	0.000000E+0	0.000000E+0
2.262732E+1	-1.288385E+3	-2.660000E-1	-1.478400E+17	2.700591E+17	6.317932E-7	0.000000E+0	1.362724E-5	7.759262E-4	0.000000E+0	0.000000E+0	0.000000E+0
2.224036E+1	-1.259848E+3	-1.900000E-1	-2.949171E+17	-4.956124E-18	1.593499E-6	0.000000E+0	1.400781E-5	7.934993E-4	0.000000E+0	0.000000E+0	0.000000E+0
2.182074E+1	-1.234010E+3	-1.140000E-1	-4.717429E+17	-4.928282E+17	5.123184E-7	0.000000E+0	1.432506E-5	8.101129E-4	0.000000E+0	0.000000E+0	0.000000E+0
2.124365E+1	-1.210440E+3	-3.800000E-2	-9.427576E-19	-9.426377E-19	-5.688914E-7	0.000000E+0	1.449469E-5	8.258915E-4	0.000000E+0	0.000000E+0	0.000000E+0
2.095142E+1	-1.188755E+3	3.800000E-2	-3.093320E+17	4.406614E-18	-1.179008E-7	0.000000E+0	1.482156E-5	8.409550E-4	0.000000E+0	0.000000E+0	0.000000E+0
1.970392E+1	-1.168781E+3	1.140000E-1	-4.715212E+17	-5.436513E+17	8.438037E-7	0.000000E+0	1.441992E-5	8.553492E-4	0.000000E+0	0.000000E+0	0.000000E+0
2.118811E+1	-1.150358E+3	1.900000E-1	4.697582E+17	-5.230656E+17	2.733368E-7	0.000000E+0	1.600585E-5	8.689998E-4	0.000000E+0	0.000000E+0	0.000000E+0
2.004803E+1	-1.133011E+3	2.660000E-1	-3.021231E-18	1.735786E-18	-1.829299E-6	0.000000E+0	1.561232E-5	8.823277E-4	0.000000E+0	0.000000E+0	0.000000E+0
2.109229E+1	-1.116906E+3	3.420000E-1	-3.194760E-18	5.558819E-18	2.196775E-6	0.000000E+0	1.690190E-5	8.950113E-4	0.000000E+0	0.000000E+0	0.000000E+0
2.194202E+1	-1.102645E+3	4.180000E-1	4.155990E+17	-1.817843E+17	6.048522E-7	0.000000E+0	1.803986E-5	9.065512E-4	0.000000E+0	0.000000E+0	0.000000E+0
2.165460E+1	-1.087925E+3	4.940000E-1	-4.136209E+17	4.857998E-18	-2.008501E-6	0.000000E+0	1.828859E-5	9.188170E-4	0.000000E+0	0.000000E+0	0.000000E+0
2.112421E+1	-1.074688E+3	5.700000E-1	-3.851510E-18	-6.440443E-18	-1.046796E-6	0.000000E+0	1.828302E-5	9.301432E-4	0.000000E+0	0.000000E+0	0.000000E+0
2.234814E+1	-1.062126E+3	6.460000E-1	4.766215E-20	4.558806E+17	-1.106549E-6	0.000000E+0	1.980145E-5	9.410912E-4	0.000000E+0	0.000000E+0	0.000000E+0
2.283060E+1	-1.050364E+3	7.220000E-1	1.388541E-18	6.784133E-18	-1.677017E-6	0.000000E+0	2.068391E-5	9.516013E-4	0.000000E+0	0.000000E+0	0.000000E+0
2.240732E+1	-1.039576E+3	7.970000E-1	4.707193E+17	-3.632098E-18	2.376728E-6	0.000000E+0	2.072410E-5	9.614839E-4	0.000000E+0	0.000000E+0	0.000000E+0
2.254178E+1	-1.029489E+3	8.730000E-1	-7.975154E-19	6.323277E-18	-1.258111E-6	0.000000E+0	2.125870E-5	9.708902E-4	0.000000E+0	0.000000E+0	0.000000E+0
2.069135E+1	-1.020087E+3	9.490000E-1	-4.524462E+17	2.055148E+17	-8.071220E-7	0.000000E+0	1.987631E-5	9.799054E-4	0.000000E+0	0.000000E+0	0.000000E+0
2.278619E+1	-1.011425E+3	1.025000E+0	-6.904434E-18	-8.375564E+16	-1.888300E-6	0.000000E+0	2.226301E-5	9.882025E-4	0.000000E+0	0.000000E+0	0.000000E+0
2.314096E+1	-1.003413E+3	1.101000E+0	2.547933E-18	-2.672116E+16	-2.969478E-6	0.000000E+0	2.297159E-5	9.960688E-4	0.000000E+0	0.000000E+0	0.000000E+0
2.356952E+1	-9.961091E+2	1.177000E+0	-1.554615E+17	1.089529E+17	3.510650E-8	0.000000E+0	2.374072E-5	1.003344E-3	0.000000E+0	0.000000E+0	0.000000E+0
2.391046E+1	-9.899351E+2	1.253000E+0	-2.314515E+17	1.796536E+17	-1.556786E-6	0.000000E+0	2.438491E-5	1.009578E-3	0.000000E+0	0.000000E+0	0.000000E+0
2.416489E+1	-9.833914E+2	1.329000E+0	4.674714E-18	-5.707470E+17	-2.638000E-6	0.000000E+0	2.497295E-5	1.016275E-3	0.000000E+0	0.000000E+0	0.000000E+0
2.405832E+1	-9.778879E+2	1.405000E+0	-2.820974E+17	-3.573550E+17	-1.165550E-6	0.000000E+0	2.514342E-5	1.021994E-3	0.000000E+0	0.000000E+0	0.000000E+0
2.462772E+1	-9.727260E+2	1.481000E+0	7.433461E+16	-3.421240E+17	-2.757472E-6	0.000000E+0	2.601147E-5	1.027380E-3	0.000000E+0	0.000000E+0	0.000000E+0
2.475525E+1	-9.679946E+2	1.557000E+0	4.333500E+17	8.421242E+16	-2.635934E-7	0.000000E+0	2.640204E-5	1.032388E-3	0.000000E+0	0.000000E+0	0.000000E+0
2.474741E+1	-9.638346E+2	1.633000E+0	5.364300E+17	-2.871878E+17	-2.366236E-6	0.000000E+0	2.662187E-5	1.036839E-3	0.000000E+0	0.000000E+0	0.000000E+0
2.475873E+1	-9.600171E+2	1.709000E+0	-4.075705E-18	1.659667E-18	-2.425957E-6	0.000000E+0	2.684613E-5	1.040956E-3	0.000000E+0	0.000000E+0	0.000000E+0
2.289243E+1	-9.565413E+2	1.785000E+0	9.225665E+16	1.907244E+17	-2.485707E-6	0.000000E+0	2.500551E-5	1.044835E-3	0.000000E+0	0.000000E+0	0.000000E+0
2.459418E+1	-9.535493E+2	1.861000E+0	4.020179E+17	1.832659E+17	8.163624E-9	0.000000E+0	2.703070E-5	1.048016E-3	0.000000E+0	0.000000E+0	0.000000E+0
2.523682E+1	-9.505773E+2	1.937000E+0	1.676928E-18	4.035830E-18	-1.583736E-6	0.000000E+0	2.790961E-5	1.051251E-3	0.000000E+0	0.000000E+0	0.000000E+0
2.553113E+1	-9.479817E+2	2.013000E+0	-2.658310E+17	-5.132058E+17	-1.643479E-6	0.000000E+0	2.838934E-5	1.054108E-3	0.000000E+0	0.000000E+0	0.000000E+0
2.543643E+1	-9.458947E+2	2.089000E+0	5.241928E+17	2.782928E-18	-3.235371E-6	0.000000E+0	2.840904E-5	1.056436E-3	0.000000E+0	0.000000E+0	0.000000E+0
2.318985E+1	-9.436556E+2	2.165000E+0	2.579781E+17	4.568510E-19	-2.784422E-6	0.000000E+0	2.602608E-5	1.059069E-3	0.000000E+0	0.000000E+0	0.000000E+0
2.327167E+1	-9.418993E+2	2.241000E+0	-4.023263E-18	5.325189E+16	-2.844128E-6	0.000000E+0	2.621522E-5	1.061037E-3	0.000000E+0	0.000000E+0	0.000000E+0
2.332651E+1	-9.402349E+2	2.316000E+0	-1.980656E+17	2.858813E+16	-3.226014E-7	0.000000E+0	2.636998E-5	1.062910E-3	0.000000E+0	0.000000E+0	0.000000E+0
2.441919E+1	-9.386263E+2	2.392000E+0	-2.714796E-18	5.985466E+14	-1.914508E-6	0.000000E+0	2.769823E-5	1.064666E-3	0.000000E+0	0.000000E+0	0.000000E+0
2.442349E+1	-9.373173E+2	2.468000E+0	5.785012E-19	5.234687E+17	-5.038586E-6	0.000000E+0	2.778048E-5	1.066151E-3	0.000000E+0	0.000000E+0	0.000000E+0
2.425272E+1	-9.362001E+2	2.544000E+0	-2.373659E+17	1.295985E-19	-2.033994E-6	0.000000E+0	2.765233E-5	1.067431E-3	0.000000E+0	0.000000E+0	0.000000E+0
2.404898E+1	-9.351843E+2	2.620000E+0	-5.351627E-18	2.391872E+17	4.598842E-7	0.000000E+0	2.747990E-5	1.068601E-3	0.000000E+0	0.000000E+0	0.000000E+0
2.532770E+1	-9.342941E+2	2.696000E+0	2.587907E+17	1.873793E-18	4.001486E-7	0.000000E+0	2.899409E-5	1.069541E-3	0.000000E+0	0.000000E+0	0.000000E+0
2.536404E+1	-9.333075E+2	2.772000E+0	-3.127958E+17	-9.739241E-19	-3.234658E-6	0.000000E+0	2.909700E-5	1.070667E-3	0.000000E+0	0.000000E+0	0.000000E+0
2.546533E+1	-9.324559E+2	2.848000E+0	6.653843E-18	-4.395667E+17	-7.407798E-7	0.000000E+0	2.926637E-5	1.071638E-3	0.000000E+0	0.000000E+0	0.000000E+0
2.549261E+1	-9.316390E+2	2.924000E+0	-1.571544E-18	-4.190346E+17	-8.005300E-7	0.000000E+0	2.934904E-5	1.072574E-3	0.000000E+0	0.000000E+0	0.000000E+0
2.234082E+1	-9.309031E+2	3.000000E+0	-9.275714E-19	-3.780201E-18	-4.946050E-6	0.000000E+0	2.576559E-5	1.073607E-3	0.000000E+0	0.000000E+0	0.000000E+0
