Real / Ohm	Ximag / Ohm	V_DC / V	I_a c / A	V_ac / V	I_DC / A
1.678151E+4	-1.160090E+6	-2.500000E+0	-3.567381E+17	-4.286482E-18	-8.915667E-7	1.000000E+5	1.246685E-8	8.618217E-7	0.000000E+0	0.000000E+0	0.000000E+0
3.596156E+3	-1.085403E+6	-2.437000E+0	-4.691026E+17	6.906363E-18	-1.102409E-6	0.000000E+0	3.052472E-9	9.213067E-7	0.000000E+0	0.000000E+0	0.000000E+0
1.582991E+4	-1.020835E+6	-2.373000E+0	-5.704680E+17	6.512875E+16	-8.301431E-7	0.000000E+0	1.518668E-8	9.793547E-7	0.000000E+0	0.000000E+0	0.000000E+0
1.188081E+4	-9.582129E+5	-2.310000E+0	-6.627991E-18	5.175899E+17	2.023429E-6	0.000000E+0	1.293765E-8	1.043449E-6	0.000000E+0	0.000000E+0	0.000000E+0
9.671625E+3	-8.963105E+5	-2.247000E+0	2.517955E+17	3.793721E+16	1.812601E-6	0.000000E+0	1.203738E-8	1.115555E-6	0.000000E+0	0.000000E+0	0.000000E+0
1.072058E+4	-8.271071E+5	-2.184000E+0	4.553607E+17	-2.686618E+17	2.623259E-6	0.000000E+0	1.566830E-8	1.208830E-6	0.000000E+0	0.000000E+0	0.000000E+0
7.532836E+3	-7.565055E+5	-2.120000E+0	8.250878E-19	3.410070E-18	1.874098E-6	0.000000E+0	1.316107E-8	1.321736E-6	0.000000E+0	0.000000E+0	0.000000E+0
7.404996E+3	-6.810437E+5	-2.057000E+0	6.288344E-18	-3.929323E-18	3.195455E-6	0.000000E+0	1.596333E-8	1.468161E-6	0.000000E+0	0.000000E+0	0.000000E+0
8.103836E+3	-6.136038E+5	-1.994000E+0	4.284782E-18	4.664211E-18	2.984634E-6	0.000000E+0	2.151983E-8	1.629432E-6	0.000000E+0	0.000000E+0	0.000000E+0
8.894676E+3	-5.824039E+5	-1.930000E+0	2.907620E+17	-1.496570E-18	3.256901E-6	0.000000E+0	2.621684E-8	1.716621E-6	0.000000E+0	0.000000E+0	0.000000E+0
8.223535E+3	-5.603927E+5	-1.867000E+0	-2.052875E-18	3.493290E-18	4.924368E-7	0.000000E+0	2.618063E-8	1.784079E-6	0.000000E+0	0.000000E+0	0.000000E+0
9.110988E+3	-5.371310E+5	-1.804000E+0	5.291893E-18	5.135446E+17	2.324581E-6	0.000000E+0	3.157040E-8	1.861208E-6	0.000000E+0	0.000000E+0	0.000000E+0
1.081905E+4	-5.146922E+5	-1.741000E+0	-6.504745E+16	2.346692E+17	2.624460E-6	0.000000E+0	4.082274E-8	1.942051E-6	0.000000E+0	0.000000E+0	0.000000E+0
1.569496E+4	-4.945388E+5	-1.677000E+0	-4.960950E+17	8.277014E+16	8.538191E-7	0.000000E+0	6.410948E-8	2.020051E-6	0.000000E+0	0.000000E+0	0.000000E+0
2.643321E+4	-4.738839E+5	-1.614000E+0	2.127762E-18	3.293656E+15	6.430346E-7	0.000000E+0	1.173429E-7	2.103676E-6	0.000000E+0	0.000000E+0	0.000000E+0
4.007800E+4	-4.441618E+5	-1.551000E+0	8.607197E+16	4.249670E-18	4.322064E-7	0.000000E+0	2.015125E-7	2.233249E-6	0.000000E+0	0.000000E+0	0.000000E+0
5.065114E+4	-3.954213E+5	-1.487000E+0	-4.014473E-19	-2.240669E+17	-8.276620E-7	0.000000E+0	3.187139E-7	2.488123E-6	0.000000E+0	0.000000E+0	0.000000E+0
4.734884E+4	-3.312481E+5	-1.424000E+0	2.698511E+17	-3.360764E+17	1.515131E-6	0.000000E+0	4.228813E-7	2.958438E-6	0.000000E+0	0.000000E+0	0.000000E+0
3.444394E+4	-2.611040E+5	-1.361000E+0	-6.256276E-18	1.398985E+17	1.815068E-6	0.000000E+0	4.965845E-7	3.764384E-6	0.000000E+0	0.000000E+0	0.000000E+0
2.164013E+4	-2.025819E+5	-1.297000E+0	-1.006173E-18	-5.687810E-18	4.130226E-6	0.000000E+0	5.213519E-7	4.880583E-6	0.000000E+0	0.000000E+0	0.000000E+0
1.319587E+4	-1.621360E+5	-1.234000E+0	1.311717E+15	5.157902E-18	8.550778E-7	0.000000E+0	4.986684E-7	6.127076E-6	0.000000E+0	0.000000E+0	0.000000E+0
8.502395E+3	-1.384316E+5	-1.171000E+0	2.540081E-19	-1.518024E+17	-3.771856E-7	0.000000E+0	4.420135E-7	7.196636E-6	0.000000E+0	0.000000E+0	0.000000E+0
5.887169E+3	-1.241967E+5	-1.108000E+0	-5.203440E-18	3.830367E-18	9.442156E-7	0.000000E+0	3.808129E-7	8.033692E-6	0.000000E+0	0.000000E+0	0.000000E+0
4.297981E+3	-1.149723E+5	-1.044000E+0	-1.183523E-18	-5.342346E-18	2.237910E-6	0.000000E+0	3.246920E-7	8.685609E-6	0.000000E+0	0.000000E+0	0.000000E+0
3.218172E+3	-1.085146E+5	-9.810000E-1	-5.319197E+16	-3.553127E+17	-5.265210E-7	0.000000E+0	2.730556E-7	9.207252E-6	0.000000E+0	0.000000E+0	0.000000E+0
2.493144E+3	-1.035203E+5	-9.180000E-1	2.088264E+17	-2.196584E+17	1.816301E-6	0.000000E+0	2.325115E-7	9.654341E-6	0.000000E+0	0.000000E+0	0.000000E+0
1.904487E+3	-9.951617E+4	-8.540000E-1	-7.964855E+16	-3.372652E-18	-1.486511E-6	0.000000E+0	1.922347E-7	1.004494E-5	0.000000E+0	0.000000E+0	0.000000E+0
1.584718E+3	-9.613473E+4	-7.910000E-1	-1.827512E-18	1.580559E+17	-1.697317E-6	0.000000E+0	1.714247E-7	1.039924E-5	0.000000E+0	0.000000E+0	0.000000E+0
1.313318E+3	-9.321809E+4	-7.280000E-1	-4.775830E-18	6.138991E-18	2.177676E-6	0.000000E+0	1.511066E-7	1.072540E-5	0.000000E+0	0.000000E+0	0.000000E+0
1.125738E+3	-9.062823E+4	-6.650000E-1	2.010006E+17	1.860550E+17	9.454161E-7	0.000000E+0	1.370387E-7	1.103239E-5	0.000000E+0	0.000000E+0	0.000000E+0
9.385029E+2	-8.827377E+4	-6.010000E-1	4.410889E+17	3.939340E-18	-2.357399E-6	0.000000E+0	1.204268E-7	1.132711E-5	0.000000E+0	0.000000E+0	0.000000E+0
8.925122E+2	-8.619392E+4	-5.380000E-1	-5.506670E-18	3.318154E+17	-1.036031E-6	0.000000E+0	1.201197E-7	1.160050E-5	0.000000E+0	0.000000E+0	0.000000E+0
7.817378E+2	-8.430486E+4	-4.750000E-1	-5.761072E+17	-4.172230E+17	-1.246808E-6	0.000000E+0	1.099812E-7	1.186069E-5	0.000000E+0	0.000000E+0	0.000000E+0
6.800972E+2	-8.253492E+4	-4.110000E-1	6.303170E-18	-1.599031E-19	2.089779E-6	0.000000E+0	9.983114E-8	1.211526E-5	0.000000E+0	0.000000E+0	0.000000E+0
6.679951E+2	-8.094597E+4	-3.480000E-1	-1.696221E+17	-6.410774E-19	8.575153E-7	0.000000E+0	1.019420E-7	1.235308E-5	0.000000E+0	0.000000E+0	0.000000E+0
5.883604E+2	-7.945378E+4	-2.850000E-1	-2.816971E+17	1.903750E-18	2.178911E-6	0.000000E+0	9.319455E-8	1.258524E-5	0.000000E+0	0.000000E+0	0.000000E+0
6.051367E+2	-7.807814E+4	-2.220000E-1	-1.478400E+17	2.700591E+17	4.359354E-7	0.000000E+0	9.925868E-8	1.280691E-5	0.000000E+0	0.000000E+0	0.000000E+0
5.527725E+2	-7.676931E+4	-1.580000E-1	-2.949171E+17	-4.956124E-18	-3.132791E-7	0.000000E+0	9.378829E-8	1.302536E-5	0.000000E+0	0.000000E+0	0.000000E+0
5.268779E+2	-7.558586E+4	-9.500000E-2	-4.717429E+17	-4.928282E+17	4.973731E-7	0.000000E+0	9.221631E-8	1.322934E-5	0.000000E+0	0.000000E+0	0.000000E+0
5.008354E+2	-7.444875E+4	-3.200000E-2	-9.427576E-19	-9.426377E-19	4.372367E-6	0.000000E+0	9.035674E-8	1.343145E-5	0.000000E+0	0.000000E+0	0.000000E+0
5.152236E+2	-7.331894E+4	3.200000E-2	-3.093320E+17	4.406614E-18	1.580268E-6	0.000000E+0	9.583893E-8	1.363837E-5	0.000000E+0	0.000000E+0	0.000000E+0
5.344556E+2	-7.230514E+4	9.500000E-2	-4.715212E+17	-5.436513E+17	8.587490E-7	0.000000E+0	1.022232E-7	1.382952E-5	0.000000E+0	0.000000E+0	0.000000E+0
5.287549E+2	-7.126906E+4	1.580000E-1	4.697582E+17	-5.230656E+17	1.372300E-7	0.000000E+0	1.040947E-7	1.403056E-5	0.000000E+0	0.000000E+0	0.000000E+0
5.226123E+2	-7.029242E+4	2.220000E-1	-3.021231E-18	1.735786E-18	-6.119844E-7	0.000000E+0	1.057642E-7	1.422550E-5	0.000000E+0	0.000000E+0	0.000000E+0
5.587314E+2	-6.938547E+4	2.850000E-1	-3.194760E-18	5.558819E-18	-3.120458E-7	0.000000E+0	1.160481E-7	1.441130E-5	0.000000E+0	0.000000E+0	0.000000E+0
5.770044E+2	-6.846788E+4	3.480000E-1	4.155990E+17	-1.817843E+17	4.986068E-7	0.000000E+0	1.230763E-7	1.460435E-5	0.000000E+0	0.000000E+0	0.000000E+0
6.249126E+2	-6.760583E+4	4.110000E-1	-4.136209E+17	4.857998E-18	1.819972E-6	0.000000E+0	1.367143E-7	1.479036E-5	0.000000E+0	0.000000E+0	0.000000E+0
6.627344E+2	-6.679413E+4	4.750000E-1	-3.851510E-18	-6.440443E-18	1.070759E-6	0.000000E+0	1.485320E-7	1.496990E-5	0.000000E+0	0.000000E+0	0.000000E+0
6.719121E+2	-6.601213E+4	5.380000E-1	4.766215E-20	4.558806E+17	1.370696E-6	0.000000E+0	1.541771E-7	1.514716E-5	0.000000E+0	0.000000E+0	0.000000E+0
7.210791E+2	-6.523994E+4	6.010000E-1	1.388541E-18	6.784133E-18	-8.829920E-7	0.000000E+0	1.693958E-7	1.532616E-5	0.000000E+0	0.000000E+0	0.000000E+0
7.482803E+2	-6.455643E+4	6.650000E-1	4.707193E+17	-3.632098E-18	-1.121465E-6	0.000000E+0	1.795258E-7	1.548824E-5	0.000000E+0	0.000000E+0	0.000000E+0
7.886982E+2	-6.388436E+4	7.280000E-1	-7.975154E-19	6.323277E-18	1.221331E-6	0.000000E+0	1.932216E-7	1.565090E-5	0.000000E+0	0.000000E+0	0.000000E+0
8.073799E+2	-6.330225E+4	7.910000E-1	-4.524462E+17	2.055148E+17	-2.053817E-6	0.000000E+0	2.014508E-7	1.579466E-5	0.000000E+0	0.000000E+0	0.000000E+0
8.364175E+2	-6.271895E+4	8.540000E-1	-6.904434E-18	-8.375564E+16	1.821176E-6	0.000000E+0	2.125927E-7	1.594131E-5	0.000000E+0	0.000000E+0	0.000000E+0
8.653867E+2	-6.218510E+4	9.180000E-1	2.547933E-18	-2.672116E+16	-2.503093E-6	0.000000E+0	2.237451E-7	1.607791E-5	0.000000E+0	0.000000E+0	0.000000E+0
8.644780E+2	-6.170526E+4	9.810000E-1	-1.554615E+17	1.089529E+17	-2.203156E-6	0.000000E+0	2.269992E-7	1.620289E-5	0.000000E+0	0.000000E+0	0.000000E+0
8.853115E+2	-6.127313E+4	1.044000E+0	-2.314515E+17	1.796536E+17	-3.710738E-7	0.000000E+0	2.357574E-7	1.631696E-5	0.000000E+0	0.000000E+0	0.000000E+0
9.031680E+2	-6.085426E+4	1.108000E+0	4.674714E-18	-5.707470E+17	-1.630979E-6	0.000000E+0	2.438321E-7	1.642908E-5	0.000000E+0	0.000000E+0	0.000000E+0
9.361636E+2	-6.050855E+4	1.171000E+0	-2.820974E+17	-3.573550E+17	-1.841778E-6	0.000000E+0	2.556315E-7	1.652264E-5	0.000000E+0	0.000000E+0	0.000000E+0
9.456992E+2	-6.016776E+4	1.234000E+0	7.433461E+16	-3.421240E+17	-1.541870E-6	0.000000E+0	2.611669E-7	1.661609E-5	0.000000E+0	0.000000E+0	0.000000E+0
9.525308E+2	-5.987145E+4	1.297000E+0	4.333500E+17	8.421242E+16	-2.205052E-7	0.000000E+0	2.656621E-7	1.669823E-5	0.000000E+0	0.000000E+0	0.000000E+0
9.544995E+2	-5.958048E+4	1.361000E+0	5.364300E+17	-2.871878E+17	-3.523317E-6	0.000000E+0	2.688167E-7	1.677971E-5	0.000000E+0	0.000000E+0	0.000000E+0
9.743843E+2	-5.935463E+4	1.424000E+0	-4.075705E-18	1.659667E-18	-2.712666E-6	0.000000E+0	2.765057E-7	1.684335E-5	0.000000E+0	0.000000E+0	0.000000E+0
9.583340E+2	-5.912633E+4	1.487000E+0	9.225665E+16	1.907244E+17	-3.698442E-7	0.000000E+0	2.740570E-7	1.690850E-5	0.000000E+0	0.000000E+0	0.000000E+0
9.741240E+2	-5.893953E+4	1.551000E+0	4.020179E+17	1.832659E+17	-1.119028E-6	0.000000E+0	2.803382E-7	1.696191E-5	0.000000E+0	0.000000E+0	0.000000E+0
9.804658E+2	-5.873520E+4	1.614000E+0	1.676928E-18	4.035830E-18	-4.904912E-6	0.000000E+0	2.841283E-7	1.702082E-5	0.000000E+0	0.000000E+0	0.000000E+0
9.681577E+2	-5.857795E+4	1.677000E+0	-2.658310E+17	-5.132058E+17	-1.029926E-6	0.000000E+0	2.820715E-7	1.706661E-5	0.000000E+0	0.000000E+0	0.000000E+0
9.925889E+2	-5.844213E+4	1.741000E+0	5.241928E+17	2.782928E-18	2.637753E-7	0.000000E+0	2.905307E-7	1.710601E-5	0.000000E+0	0.000000E+0	0.000000E+0
9.821982E+2	-5.830563E+4	1.804000E+0	2.579781E+17	4.568510E-19	5.296897E-8	0.000000E+0	2.888384E-7	1.714614E-5	0.000000E+0	0.000000E+0	0.000000E+0
9.856201E+2	-5.819697E+4	1.867000E+0	-4.023263E-18	5.325189E+16	-1.179258E-6	0.000000E+0	2.909272E-7	1.717810E-5	0.000000E+0	0.000000E+0	0.000000E+0
9.951396E+2	-5.808556E+4	1.930000E+0	-1.980656E+17	2.858813E+16	1.421067E-7	0.000000E+0	2.948629E-7	1.721093E-5	0.000000E+0	0.000000E+0	0.000000E+0
9.796865E+2	-5.801126E+4	1.994000E+0	-2.714796E-18	5.985466E+14	-2.649998E-6	0.000000E+0	2.910306E-7	1.723312E-5	0.000000E+0	0.000000E+0	0.000000E+0
9.676055E+2	-5.792289E+4	2.057000E+0	5.785012E-19	5.234687E+17	-2.350047E-6	0.000000E+0	2.883213E-7	1.725952E-5	0.000000E+0	0.000000E+0	0.000000E+0
9.765552E+2	-5.785350E+4	2.120000E+0	-2.373659E+17	1.295985E-19	-5.179754E-7	0.000000E+0	2.916848E-7	1.728012E-5	0.000000E+0	0.000000E+0	0.000000E+0
9.738853E+2	-5.780655E+4	2.184000E+0	-5.351627E-18	2.391872E+17	-2.457382E-7	0.000000E+0	2.913604E-7	1.729417E-5	0.000000E+0	0.000000E+0	0.000000E+0
9.827148E+2	-5.776124E+4	2.247000E+0	2.587907E+17	1.873793E-18	-4.565372E-7	0.000000E+0	2.944617E-7	1.730764E-5	0.000000E+0	0.000000E+0	0.000000E+0
9.679946E+2	-5.772245E+4	2.310000E+0	-3.127958E+17	-9.739241E-19	-1.178050E-6	0.000000E+0	2.904433E-7	1.731941E-5	0.000000E+0	0.000000E+0	0.000000E+0
9.502417E+2	-5.769916E+4	2.373000E+0	6.653843E-18	-4.395667E+17	6.540649E-7	0.000000E+0	2.853496E-7	1.732658E-5	0.000000E+0	0.000000E+0	0.000000E+0
9.662358E+2	-5.766655E+4	2.437000E+0	-1.571544E-18	-4.190346E+17	-1.116583E-6	0.000000E+0	2.904780E-7	1.733621E-5	0.000000E+0	0.000000E+0	0.000000E+0
9.493296E+2	-5.764244E+4	2.500000E+0	-9.275714E-19	-3.780201E-18	-2.859568E-6	0.000000E+0	2.856370E-7	1.734362E-5	0.000000E+0	0.000000E+0	0.000000E+0
