Real / Ohm	Ximag / Ohm	V_DC / V	I_a c / A	V_ac / V	I_DC / A
1.386863E+4	-4.116796E+5	1.500000E+0	-9.275714E-19	-3.780201E-18	-2.772416E-6	1.000000E+4	8.173767E-8	2.426320E-6	0.000000E+0	0.000000E+0	0.000000E+0
1.486798E+4	-4.122977E+5	1.462000E+0	-1.571544E-18	-4.190346E+17	-1.721099E-6	0.000000E+0	8.735057E-8	2.422282E-6	0.000000E+0	0.000000E+0	0.000000E+0
1.555240E+4	-4.138676E+5	1.424000E+0	6.653843E-18	-4.395667E+17	-6.697810E-7	0.000000E+0	9.066960E-8	2.412824E-6	0.000000E+0	0.000000E+0	0.000000E+0
1.586415E+4	-4.159054E+5	1.386000E+0	-3.127958E+17	-9.739241E-19	-1.150634E-6	0.000000E+0	9.157908E-8	2.400900E-6	0.000000E+0	0.000000E+0	0.000000E+0
1.610414E+4	-4.187423E+5	1.348000E+0	2.587907E+17	1.873793E-18	2.454311E-6	0.000000E+0	9.170690E-8	2.384577E-6	0.000000E+0	0.000000E+0	0.000000E+0
1.606977E+4	-4.224222E+5	1.310000E+0	-5.351627E-18	2.391872E+17	-1.601591E-6	0.000000E+0	8.992659E-8	2.363879E-6	0.000000E+0	0.000000E+0	0.000000E+0
1.597428E+4	-4.262687E+5	1.272000E+0	-2.373659E+17	1.295985E-19	4.711546E-7	0.000000E+0	8.778998E-8	2.342648E-6	0.000000E+0	0.000000E+0	0.000000E+0
1.620081E+4	-4.305889E+5	1.234000E+0	5.785012E-19	5.234687E+17	1.522472E-6	0.000000E+0	8.725628E-8	2.319118E-6	0.000000E+0	0.000000E+0	0.000000E+0
1.598382E+4	-4.350220E+5	1.196000E+0	-2.714796E-18	5.985466E+14	1.552369E-6	0.000000E+0	8.434750E-8	2.295635E-6	0.000000E+0	0.000000E+0	0.000000E+0
1.629224E+4	-4.401329E+5	1.158000E+0	-1.980656E+17	2.858813E+16	1.071508E-6	0.000000E+0	8.398824E-8	2.268932E-6	0.000000E+0	0.000000E+0	0.000000E+0
1.606220E+4	-4.453409E+5	1.120000E+0	-4.023263E-18	5.325189E+16	-1.452252E-6	0.000000E+0	8.088263E-8	2.242554E-6	0.000000E+0	0.000000E+0	0.000000E+0
1.579215E+4	-4.511268E+5	1.082000E+0	2.579781E+17	4.568510E-19	1.097796E-7	0.000000E+0	7.750186E-8	2.213959E-6	0.000000E+0	0.000000E+0	0.000000E+0
1.571785E+4	-4.570588E+5	1.044000E+0	5.241928E+17	2.782928E-18	6.503833E-7	0.000000E+0	7.515116E-8	2.185318E-6	0.000000E+0	0.000000E+0	0.000000E+0
1.553036E+4	-4.632086E+5	1.006000E+0	-2.658310E+17	-5.132058E+17	1.190987E-6	0.000000E+0	7.230035E-8	2.156430E-6	0.000000E+0	0.000000E+0	0.000000E+0
1.539278E+4	-4.700052E+5	9.680000E-1	1.676928E-18	4.035830E-18	-2.354209E-6	0.000000E+0	6.960592E-8	2.125356E-6	0.000000E+0	0.000000E+0	0.000000E+0
1.512949E+4	-4.767160E+5	9.300000E-1	4.020179E+17	1.832659E+17	7.399976E-7	0.000000E+0	6.650704E-8	2.095574E-6	0.000000E+0	0.000000E+0	0.000000E+0
1.532804E+4	-4.841221E+5	8.920000E-1	9.225665E+16	1.907244E+17	-7.623130E-7	0.000000E+0	6.533436E-8	2.063526E-6	0.000000E+0	0.000000E+0	0.000000E+0
1.431047E+4	-4.917386E+5	8.540000E-1	-4.075705E-18	1.659667E-18	-7.324525E-7	0.000000E+0	5.913133E-8	2.031880E-6	0.000000E+0	0.000000E+0	0.000000E+0
1.414558E+4	-4.993499E+5	8.160000E-1	5.364300E+17	-2.871878E+17	-7.025628E-7	0.000000E+0	5.668426E-8	2.000998E-6	0.000000E+0	0.000000E+0	0.000000E+0
1.377662E+4	-5.081157E+5	7.780000E-1	4.333500E+17	8.421242E+16	-1.619846E-7	0.000000E+0	5.332100E-8	1.966610E-6	0.000000E+0	0.000000E+0	0.000000E+0
1.330530E+4	-5.165416E+5	7.410000E-1	7.433461E+16	-3.421240E+17	1.883127E-6	0.000000E+0	4.983403E-8	1.934669E-6	0.000000E+0	0.000000E+0	0.000000E+0
1.272780E+4	-5.263452E+5	7.030000E-1	-2.820974E+17	-3.573550E+17	8.915595E-7	0.000000E+0	4.591537E-8	1.898784E-6	0.000000E+0	0.000000E+0	0.000000E+0
1.230619E+4	-5.360545E+5	6.650000E-1	4.674714E-18	-5.707470E+17	-1.632208E-6	0.000000E+0	4.280327E-8	1.864499E-6	0.000000E+0	0.000000E+0	0.000000E+0
1.165895E+4	-5.463379E+5	6.270000E-1	-2.314515E+17	1.796536E+17	-5.808870E-7	0.000000E+0	3.904263E-8	1.829536E-6	0.000000E+0	0.000000E+0	0.000000E+0
1.051141E+4	-5.575620E+5	5.890000E-1	-1.554615E+17	1.089529E+17	-1.572454E-6	0.000000E+0	3.380028E-8	1.792885E-6	0.000000E+0	0.000000E+0	0.000000E+0
1.068739E+4	-5.686370E+5	5.510000E-1	2.547933E-18	-2.672116E+16	-1.542594E-6	0.000000E+0	3.304061E-8	1.757970E-6	0.000000E+0	0.000000E+0	0.000000E+0
9.956828E+3	-5.805641E+5	5.130000E-1	-6.904434E-18	-8.375564E+16	1.943772E-8	0.000000E+0	2.953200E-8	1.721956E-6	0.000000E+0	0.000000E+0	0.000000E+0
9.290604E+3	-5.926241E+5	4.750000E-1	-4.524462E+17	2.055148E+17	4.933099E-8	0.000000E+0	2.644713E-8	1.686996E-6	0.000000E+0	0.000000E+0	0.000000E+0
8.564438E+3	-6.057231E+5	4.370000E-1	-7.975154E-19	6.323277E-18	7.919152E-8	0.000000E+0	2.333801E-8	1.650589E-6	0.000000E+0	0.000000E+0	0.000000E+0
7.741108E+3	-6.195824E+5	3.990000E-1	4.707193E+17	-3.632098E-18	-1.423117E-6	0.000000E+0	2.016217E-8	1.613738E-6	0.000000E+0	0.000000E+0	0.000000E+0
7.539737E+3	-6.336641E+5	3.610000E-1	1.388541E-18	6.784133E-18	1.160372E-6	0.000000E+0	1.877485E-8	1.577900E-6	0.000000E+0	0.000000E+0	0.000000E+0
7.525467E+3	-6.491843E+5	3.230000E-1	4.766215E-20	4.558806E+17	3.233148E-6	0.000000E+0	1.785415E-8	1.540188E-6	0.000000E+0	0.000000E+0	0.000000E+0
7.669122E+3	-6.650046E+5	2.850000E-1	-3.851510E-18	-6.440443E-18	7.094113E-7	0.000000E+0	1.733958E-8	1.503549E-6	0.000000E+0	0.000000E+0	0.000000E+0
7.682140E+3	-6.817801E+5	2.470000E-1	-4.136209E+17	4.857998E-18	7.392728E-7	0.000000E+0	1.652488E-8	1.466562E-6	0.000000E+0	0.000000E+0	0.000000E+0
8.537398E+3	-7.004215E+5	2.090000E-1	4.155990E+17	-1.817843E+17	1.279849E-6	0.000000E+0	1.739971E-8	1.427500E-6	0.000000E+0	0.000000E+0	0.000000E+0
9.324727E+3	-7.194454E+5	1.710000E-1	-3.194760E-18	5.558819E-18	1.820454E-6	0.000000E+0	1.801223E-8	1.389726E-6	0.000000E+0	0.000000E+0	0.000000E+0
9.809445E+3	-7.426910E+5	1.330000E-1	-3.021231E-18	1.735786E-18	2.871773E-6	0.000000E+0	1.778084E-8	1.346220E-6	0.000000E+0	0.000000E+0	0.000000E+0
1.111885E+4	-7.666768E+5	9.500000E-2	4.697582E+17	-5.230656E+17	-6.734222E-7	0.000000E+0	1.891228E-8	1.304056E-6	0.000000E+0	0.000000E+0	0.000000E+0
1.150818E+4	-7.935747E+5	5.700000E-2	-4.715212E+17	-5.436513E+17	8.886109E-7	0.000000E+0	1.827005E-8	1.259856E-6	0.000000E+0	0.000000E+0	0.000000E+0
1.283845E+4	-8.243079E+5	1.900000E-2	-3.093320E+17	4.406614E-18	-1.635127E-6	0.000000E+0	1.888984E-8	1.212845E-6	0.000000E+0	0.000000E+0	0.000000E+0
1.313954E+4	-8.594346E+5	-1.900000E-2	-9.427576E-19	-9.426377E-19	1.459077E-6	0.000000E+0	1.778496E-8	1.163284E-6	0.000000E+0	0.000000E+0	0.000000E+0
1.642340E+4	-8.996884E+5	-5.700000E-2	-4.717429E+17	-4.928282E+17	1.488939E-6	0.000000E+0	2.028309E-8	1.111126E-6	0.000000E+0	0.000000E+0	0.000000E+0
1.864045E+4	-9.456636E+5	-9.500000E-2	-2.949171E+17	-4.956124E-18	4.583173E-6	0.000000E+0	2.083600E-8	1.057048E-6	0.000000E+0	0.000000E+0	0.000000E+0
2.246236E+4	-1.003922E+6	-1.330000E-1	-1.478400E+17	2.700591E+17	1.548691E-6	0.000000E+0	2.227604E-8	9.955949E-7	0.000000E+0	0.000000E+0	0.000000E+0
2.761604E+4	-1.075870E+6	-1.710000E-1	-2.816971E+17	1.903750E-18	5.571255E-7	0.000000E+0	2.384272E-8	9.288683E-7	0.000000E+0	0.000000E+0	0.000000E+0
3.464593E+4	-1.178435E+6	-2.090000E-1	-1.696221E+17	-6.410774E-19	4.672786E-6	0.000000E+0	2.492675E-8	8.478502E-7	0.000000E+0	0.000000E+0	0.000000E+0
4.686348E+4	-1.329899E+6	-2.470000E-1	6.303170E-18	-1.599031E-19	1.638306E-6	0.000000E+0	2.646417E-8	7.510042E-7	0.000000E+0	0.000000E+0	0.000000E+0
6.815438E+4	-1.573082E+6	-2.850000E-1	-5.761072E+17	-4.172230E+17	1.668168E-6	0.000000E+0	2.749012E-8	6.345037E-7	0.000000E+0	0.000000E+0	0.000000E+0
1.060642E+5	-1.956591E+6	-3.230000E-1	-5.506670E-18	3.318154E+17	-8.555689E-7	0.000000E+0	2.762450E-8	5.095955E-7	0.000000E+0	0.000000E+0	0.000000E+0
1.777896E+5	-2.521853E+6	-3.610000E-1	4.410889E+17	3.939340E-18	-3.149926E-7	0.000000E+0	2.781721E-8	3.945727E-7	0.000000E+0	0.000000E+0	0.000000E+0
2.692591E+5	-3.211427E+6	-3.990000E-1	2.010006E+17	1.860550E+17	2.268496E-6	0.000000E+0	2.592579E-8	3.092143E-7	0.000000E+0	0.000000E+0	0.000000E+0
2.945964E+5	-3.882126E+6	-4.370000E-1	-4.775830E-18	6.138991E-18	-1.276698E-6	0.000000E+0	1.943544E-8	2.561160E-7	0.000000E+0	0.000000E+0	0.000000E+0
2.708842E+5	-4.372509E+6	-4.750000E-1	-1.827512E-18	1.580559E+17	1.817534E-6	0.000000E+0	1.411428E-8	2.278272E-7	0.000000E+0	0.000000E+0	0.000000E+0
1.673800E+5	-4.756360E+6	-5.130000E-1	-7.964855E+16	-3.372652E-18	8.259412E-7	0.000000E+0	7.389527E-9	2.099848E-7	0.000000E+0	0.000000E+0	0.000000E+0
8.937011E+4	-5.124269E+6	-5.510000E-1	2.088264E+17	-2.196584E+17	3.450878E-7	0.000000E+0	3.402486E-9	1.950904E-7	0.000000E+0	0.000000E+0	0.000000E+0
7.263331E+4	-5.580504E+6	-5.890000E-1	-5.319197E+16	-3.553127E+17	2.417863E-6	0.000000E+0	2.331930E-9	1.791649E-7	0.000000E+0	0.000000E+0	0.000000E+0
-4.510727E+3	-5.976783E+6	-6.270000E-1	-1.183523E-18	-5.342346E-18	1.426266E-6	0.000000E+0	-1.262732E-10	1.673140E-7	0.000000E+0	0.000000E+0	0.000000E+0
4.339266E+4	-6.456788E+6	-6.650000E-1	-5.203440E-18	3.830367E-18	-1.097469E-6	0.000000E+0	1.040791E-9	1.548688E-7	0.000000E+0	0.000000E+0	0.000000E+0
3.073668E+4	-6.817699E+6	-7.030000E-1	2.540081E-19	-1.518024E+17	1.486020E-6	0.000000E+0	6.612603E-10	1.466741E-7	0.000000E+0	0.000000E+0	0.000000E+0
7.817094E+3	-7.219593E+6	-7.410000E-1	1.311717E+15	5.157902E-18	-1.629087E-8	0.000000E+0	1.499752E-10	1.385118E-7	0.000000E+0	0.000000E+0	0.000000E+0
5.963180E+4	-7.614353E+6	-7.780000E-1	-1.006173E-18	-5.687810E-18	1.007364E-6	0.000000E+0	1.028455E-9	1.313229E-7	0.000000E+0	0.000000E+0	0.000000E+0
1.482866E+4	-7.878047E+6	-8.160000E-1	-6.256276E-18	1.398985E+17	2.058685E-6	0.000000E+0	2.389259E-10	1.269346E-7	0.000000E+0	0.000000E+0	0.000000E+0
5.360957E+4	-8.161022E+6	-8.540000E-1	2.698511E+17	-3.360764E+17	1.577831E-6	0.000000E+0	8.048862E-10	1.225284E-7	0.000000E+0	0.000000E+0	0.000000E+0
-5.889233E+4	-8.540122E+6	-8.920000E-1	-4.014473E-19	-2.240669E+17	2.118435E-6	0.000000E+0	-8.074394E-10	1.170888E-7	0.000000E+0	0.000000E+0	0.000000E+0
7.080219E+4	-8.873192E+6	-9.300000E-1	8.607197E+16	4.249670E-18	2.659010E-6	0.000000E+0	8.992062E-10	1.126918E-7	0.000000E+0	0.000000E+0	0.000000E+0
-3.378459E+4	-9.018174E+6	-9.680000E-1	2.127762E-18	3.293656E+15	-3.754394E-7	0.000000E+0	-4.154085E-10	1.108856E-7	0.000000E+0	0.000000E+0	0.000000E+0
-2.028750E+4	-9.309090E+6	-1.006000E+0	-4.960950E+17	8.277014E+16	-8.562929E-7	0.000000E+0	-2.341057E-10	1.074214E-7	0.000000E+0	0.000000E+0	0.000000E+0
4.716910E+4	-9.570316E+6	-1.044000E+0	-6.504745E+16	2.346692E+17	-3.157184E-7	0.000000E+0	5.149849E-10	1.044872E-7	0.000000E+0	0.000000E+0	0.000000E+0
5.343864E+4	-9.788898E+6	-1.082000E+0	5.291893E-18	5.135446E+17	1.757056E-6	0.000000E+0	5.576669E-10	1.021535E-7	0.000000E+0	0.000000E+0	0.000000E+0
3.668698E+4	-9.982696E+6	-1.120000E+0	-2.052875E-18	3.493290E-18	2.547458E-7	0.000000E+0	3.681378E-10	1.001720E-7	0.000000E+0	0.000000E+0	0.000000E+0
4.186603E+4	-1.012566E+7	-1.158000E+0	2.907620E+17	-1.496570E-18	-7.368435E-7	0.000000E+0	4.083266E-10	9.875731E-8	0.000000E+0	0.000000E+0	0.000000E+0
1.658125E+2	-1.033227E+7	-1.196000E+0	4.284782E-18	4.664211E-18	2.868124E-6	0.000000E+0	1.553194E-12	9.678415E-8	0.000000E+0	0.000000E+0	0.000000E+0
-3.894094E+4	-1.046944E+7	-1.234000E+0	6.288344E-18	-3.929323E-18	1.365792E-6	0.000000E+0	-3.552659E-10	9.551477E-8	0.000000E+0	0.000000E+0	0.000000E+0
-1.031203E+3	-1.066716E+7	-1.272000E+0	8.250878E-19	3.410070E-18	3.741952E-7	0.000000E+0	-9.062469E-12	9.374566E-8	0.000000E+0	0.000000E+0	0.000000E+0
6.224398E+3	-1.079921E+7	-1.310000E+0	4.553607E+17	-2.686618E+17	2.446999E-6	0.000000E+0	5.337197E-11	9.259934E-8	0.000000E+0	0.000000E+0	0.000000E+0
1.709559E+4	-1.095933E+7	-1.348000E+0	2.517955E+17	3.793721E+16	-5.875045E-7	0.000000E+0	1.423361E-10	9.124623E-8	0.000000E+0	0.000000E+0	0.000000E+0
1.993700E+4	-1.119758E+7	-1.386000E+0	-6.627991E-18	5.175899E+17	2.506727E-6	0.000000E+0	1.590047E-10	8.930473E-8	0.000000E+0	0.000000E+0	0.000000E+0
-2.070828E+4	-1.103166E+7	-1.424000E+0	-5.704680E+17	6.512875E+16	-2.570639E-6	0.000000E+0	-1.701613E-10	9.064787E-8	0.000000E+0	0.000000E+0	0.000000E+0
3.139152E+4	-1.123511E+7	-1.462000E+0	-4.691026E+17	6.906363E-18	1.545020E-6	0.000000E+0	2.486877E-10	8.900600E-8	0.000000E+0	0.000000E+0	0.000000E+0
-1.570325E+4	-1.119966E+7	-1.500000E+0	-3.567381E+17	-4.286482E-18	3.617766E-6	0.000000E+0	-1.251927E-10	8.928825E-8	0.000000E+0	0.000000E+0	0.000000E+0
