Real / Ohm	Ximag / Ohm	V_DC / V	I_a c / A	V_ac / V	I_DC / A
1.470092E+2	-4.344739E+2	2.500000E+0	-9.275714E-19	-3.780201E-18	-1.838140E-6	1.000000E+7	6.987818E-4	2.065193E-3	0.000000E+0	0.000000E+0	0.000000E+0
9.396060E+1	-4.355261E+2	2.437000E+0	-1.571544E-18	-4.190346E+17	-2.648754E-6	0.000000E+0	4.733255E-4	2.193958E-3	0.000000E+0	0.000000E+0	0.000000E+0
1.222574E+2	-4.373593E+2	2.373000E+0	6.653843E-18	-4.395667E+17	-1.899563E-6	0.000000E+0	5.928206E-4	2.120735E-3	0.000000E+0	0.000000E+0	0.000000E+0
6.117505E+1	-4.351381E+2	2.310000E+0	-3.127958E+17	-9.739241E-19	-1.688764E-6	0.000000E+0	3.168254E-4	2.253579E-3	0.000000E+0	0.000000E+0	0.000000E+0
9.812921E+1	-4.425206E+2	2.247000E+0	2.587907E+17	1.873793E-18	-1.477965E-6	0.000000E+0	4.776217E-4	2.153869E-3	0.000000E+0	0.000000E+0	0.000000E+0
1.320529E+2	-4.402454E+2	2.184000E+0	-5.351627E-18	2.391872E+17	2.650049E-7	0.000000E+0	6.250907E-4	2.083963E-3	0.000000E+0	0.000000E+0	0.000000E+0
1.395951E+2	-4.428294E+2	2.120000E+0	-2.373659E+17	1.295985E-19	-2.560861E-6	0.000000E+0	6.475187E-4	2.054086E-3	0.000000E+0	0.000000E+0	0.000000E+0
1.444987E+2	-4.453725E+2	2.057000E+0	5.785012E-19	5.234687E+17	-2.860790E-6	0.000000E+0	6.590995E-4	2.031470E-3	0.000000E+0	0.000000E+0	0.000000E+0
1.406692E+2	-4.468960E+2	1.994000E+0	-2.714796E-18	5.985466E+14	-3.671455E-6	0.000000E+0	6.408507E-4	2.035937E-3	0.000000E+0	0.000000E+0	0.000000E+0
1.427018E+2	-4.483135E+2	1.930000E+0	-1.980656E+17	2.858813E+16	-1.900808E-6	0.000000E+0	6.446920E-4	2.025371E-3	0.000000E+0	0.000000E+0	0.000000E+0
1.449174E+2	-4.506280E+2	1.867000E+0	-4.023263E-18	5.325189E+16	-1.690001E-6	0.000000E+0	6.467602E-4	2.011134E-3	0.000000E+0	0.000000E+0	0.000000E+0
1.462571E+2	-4.527919E+2	1.804000E+0	2.579781E+17	4.568510E-19	-4.577450E-7	0.000000E+0	6.459787E-4	1.999861E-3	0.000000E+0	0.000000E+0	0.000000E+0
1.147489E+2	-4.533484E+2	1.741000E+0	5.241928E+17	2.782928E-18	-2.800567E-6	0.000000E+0	5.247053E-4	2.072999E-3	0.000000E+0	0.000000E+0	0.000000E+0
5.934149E+1	-4.516765E+2	1.677000E+0	-2.658310E+17	-5.132058E+17	-5.192123E-7	0.000000E+0	2.859375E-4	2.176407E-3	0.000000E+0	0.000000E+0	0.000000E+0
1.166559E+2	-4.623890E+2	1.614000E+0	1.676928E-18	4.035830E-18	-2.351284E-6	0.000000E+0	5.129712E-4	2.033264E-3	0.000000E+0	0.000000E+0	0.000000E+0
5.022250E+1	-4.488046E+2	1.551000E+0	4.020179E+17	1.832659E+17	-1.629771E-6	0.000000E+0	2.462517E-4	2.200585E-3	0.000000E+0	0.000000E+0	0.000000E+0
1.319218E+2	-4.614215E+2	1.487000E+0	9.225665E+16	1.907244E+17	-3.944930E-6	0.000000E+0	5.727931E-4	2.003453E-3	0.000000E+0	0.000000E+0	0.000000E+0
1.017838E+2	-4.692440E+2	1.424000E+0	-4.075705E-18	1.659667E-18	-6.697810E-7	0.000000E+0	4.414828E-4	2.035325E-3	0.000000E+0	0.000000E+0	0.000000E+0
1.456415E+2	-4.676588E+2	1.361000E+0	5.364300E+17	-2.871878E+17	-1.991146E-6	0.000000E+0	6.070515E-4	1.949259E-3	0.000000E+0	0.000000E+0	0.000000E+0
1.364079E+2	-4.709299E+2	1.297000E+0	4.333500E+17	8.421242E+16	-1.241933E-6	0.000000E+0	5.674628E-4	1.959089E-3	0.000000E+0	0.000000E+0	0.000000E+0
1.430910E+2	-4.719160E+2	1.234000E+0	7.433461E+16	-3.421240E+17	-2.563298E-6	0.000000E+0	5.884166E-4	1.940606E-3	0.000000E+0	0.000000E+0	0.000000E+0
1.456457E+2	-4.749764E+2	1.171000E+0	-2.820974E+17	-3.573550E+17	-3.884692E-6	0.000000E+0	5.901001E-4	1.924421E-3	0.000000E+0	0.000000E+0	0.000000E+0
1.478557E+2	-4.785606E+2	1.108000E+0	4.674714E-18	-5.707470E+17	-9.880750E-8	0.000000E+0	5.893446E-4	1.907516E-3	0.000000E+0	0.000000E+0	0.000000E+0
1.160638E+2	-4.838262E+2	1.044000E+0	-2.314515E+17	1.796536E+17	-8.817879E-7	0.000000E+0	4.688336E-4	1.954391E-3	0.000000E+0	0.000000E+0	0.000000E+0
5.228647E+1	-4.738820E+2	9.810000E-1	-1.554615E+17	1.089529E+17	2.393357E-6	0.000000E+0	2.300349E-4	2.084849E-3	0.000000E+0	0.000000E+0	0.000000E+0
1.245516E+2	-4.878770E+2	9.180000E-1	2.547933E-18	-2.672116E+16	5.053516E-8	0.000000E+0	4.912560E-4	1.924283E-3	0.000000E+0	0.000000E+0	0.000000E+0
1.188749E+2	-4.910670E+2	8.540000E-1	-6.904434E-18	-8.375564E+16	-2.775338E-6	0.000000E+0	4.656683E-4	1.923655E-3	0.000000E+0	0.000000E+0	0.000000E+0
1.306378E+2	-4.946713E+2	7.910000E-1	-4.524462E+17	2.055148E+17	1.521268E-6	0.000000E+0	4.990634E-4	1.889747E-3	0.000000E+0	0.000000E+0	0.000000E+0
6.094632E+1	-4.964507E+2	7.280000E-1	-7.975154E-19	6.323277E-18	-1.843011E-6	0.000000E+0	2.436121E-4	1.984392E-3	0.000000E+0	0.000000E+0	0.000000E+0
1.449564E+2	-5.058812E+2	6.650000E-1	4.707193E+17	-3.632098E-18	-1.632208E-6	0.000000E+0	5.234441E-4	1.826760E-3	0.000000E+0	0.000000E+0	0.000000E+0
1.391252E+2	-5.118228E+2	6.010000E-1	1.388541E-18	6.784133E-18	2.692064E-6	0.000000E+0	4.945471E-4	1.819372E-3	0.000000E+0	0.000000E+0	0.000000E+0
1.430410E+2	-5.180236E+2	5.380000E-1	4.766215E-20	4.558806E+17	-1.182932E-6	0.000000E+0	4.952786E-4	1.793654E-3	0.000000E+0	0.000000E+0	0.000000E+0
1.443741E+2	-5.257021E+2	4.750000E-1	-3.851510E-18	-6.440443E-18	4.933099E-8	0.000000E+0	4.857702E-4	1.768810E-3	0.000000E+0	0.000000E+0	0.000000E+0
1.436753E+2	-5.344817E+2	4.110000E-1	-4.136209E+17	4.857998E-18	-2.229426E-7	0.000000E+0	4.690469E-4	1.744886E-3	0.000000E+0	0.000000E+0	0.000000E+0
1.018665E+2	-5.453467E+2	3.480000E-1	4.155990E+17	-1.817843E+17	-1.033564E-6	0.000000E+0	3.309720E-4	1.771873E-3	0.000000E+0	0.000000E+0	0.000000E+0
5.436774E+1	-5.515371E+2	2.850000E-1	-3.194760E-18	5.558819E-18	7.094113E-7	0.000000E+0	1.770077E-4	1.795666E-3	0.000000E+0	0.000000E+0	0.000000E+0
1.429879E+2	-5.666306E+2	2.220000E-1	-3.021231E-18	1.735786E-18	1.430930E-6	0.000000E+0	4.186861E-4	1.659164E-3	0.000000E+0	0.000000E+0	0.000000E+0
5.826819E+1	-5.765549E+2	1.580000E-1	4.697582E+17	-5.230656E+17	-1.905684E-6	0.000000E+0	1.735150E-4	1.716904E-3	0.000000E+0	0.000000E+0	0.000000E+0
1.321237E+2	-5.978428E+2	9.500000E-2	-4.715212E+17	-5.436513E+17	-1.627081E-7	0.000000E+0	3.524495E-4	1.594789E-3	0.000000E+0	0.000000E+0	0.000000E+0
1.388063E+2	-6.183225E+2	3.200000E-2	-3.093320E+17	4.406614E-18	-9.733601E-7	0.000000E+0	3.456419E-4	1.539686E-3	0.000000E+0	0.000000E+0	0.000000E+0
1.470582E+2	-6.394733E+2	-3.200000E-2	-9.427576E-19	-9.426377E-19	-2.777775E-6	0.000000E+0	3.415572E-4	1.485240E-3	0.000000E+0	0.000000E+0	0.000000E+0
1.467272E+2	-6.672335E+2	-9.500000E-2	-4.717429E+17	-4.928282E+17	2.540258E-6	0.000000E+0	3.143732E-4	1.429594E-3	0.000000E+0	0.000000E+0	0.000000E+0
1.525076E+2	-6.989373E+2	-1.580000E-1	-2.949171E+17	-4.956124E-18	1.218892E-6	0.000000E+0	2.979992E-4	1.365720E-3	0.000000E+0	0.000000E+0	0.000000E+0
1.573511E+2	-7.378435E+2	-2.220000E-1	-1.478400E+17	2.700591E+17	-7.480776E-8	0.000000E+0	2.764560E-4	1.296344E-3	0.000000E+0	0.000000E+0	0.000000E+0
1.576868E+2	-7.832004E+2	-2.850000E-1	-2.816971E+17	1.903750E-18	1.668168E-6	0.000000E+0	2.470542E-4	1.227071E-3	0.000000E+0	0.000000E+0	0.000000E+0
1.313036E+2	-8.420580E+2	-3.480000E-1	-1.696221E+17	-6.410774E-19	-6.746559E-7	0.000000E+0	1.807837E-4	1.159377E-3	0.000000E+0	0.000000E+0	0.000000E+0
1.165464E+2	-9.169275E+2	-4.110000E-1	6.303170E-18	-1.599031E-19	-3.528192E-6	0.000000E+0	1.364170E-4	1.073259E-3	0.000000E+0	0.000000E+0	0.000000E+0
1.097929E+2	-1.022129E+3	-4.750000E-1	-5.761072E+17	-4.172230E+17	-1.246808E-6	0.000000E+0	1.038916E-4	9.671905E-4	0.000000E+0	0.000000E+0	0.000000E+0
1.257244E+2	-1.185130E+3	-5.380000E-1	-5.506670E-18	3.318154E+17	-1.546745E-6	0.000000E+0	8.851713E-5	8.343990E-4	0.000000E+0	0.000000E+0	0.000000E+0
2.819567E+2	-1.416134E+3	-6.010000E-1	4.410889E+17	3.939340E-18	-8.252282E-7	0.000000E+0	1.352352E-4	6.792221E-4	0.000000E+0	0.000000E+0	0.000000E+0
3.798002E+2	-1.744902E+3	-6.650000E-1	2.010006E+17	1.860550E+17	-7.601193E-8	0.000000E+0	1.190995E-4	5.471746E-4	0.000000E+0	0.000000E+0	0.000000E+0
3.917391E+2	-2.294118E+3	-7.280000E-1	-4.775830E-18	6.138991E-18	-3.759524E-7	0.000000E+0	7.232413E-5	4.235474E-4	0.000000E+0	0.000000E+0	0.000000E+0
3.810327E+2	-3.174314E+3	-7.910000E-1	-1.827512E-18	1.580559E+17	-1.697317E-6	0.000000E+0	3.727773E-5	3.105540E-4	0.000000E+0	0.000000E+0	0.000000E+0
4.114089E+2	-4.291596E+3	-8.540000E-1	-7.964855E+16	-3.372652E-18	-9.757969E-7	0.000000E+0	2.213416E-5	2.308917E-4	0.000000E+0	0.000000E+0	0.000000E+0
4.776338E+2	-5.479460E+3	-9.180000E-1	2.088264E+17	-2.196584E+17	-2.265842E-7	0.000000E+0	1.578818E-5	1.811235E-4	0.000000E+0	0.000000E+0	0.000000E+0
5.469890E+2	-6.502017E+3	-9.810000E-1	-5.319197E+16	-3.553127E+17	1.516393E-6	0.000000E+0	1.284753E-5	1.527176E-4	0.000000E+0	0.000000E+0	0.000000E+0
5.566030E+2	-7.383669E+3	-1.044000E+0	-1.183523E-18	-5.342346E-18	1.216453E-6	0.000000E+0	1.015173E-5	1.346688E-4	0.000000E+0	0.000000E+0	0.000000E+0
5.135410E+2	-8.053382E+3	-1.108000E+0	-5.203440E-18	3.830367E-18	2.987101E-6	0.000000E+0	7.885989E-6	1.236686E-4	0.000000E+0	0.000000E+0	0.000000E+0
5.231021E+2	-8.608178E+3	-1.171000E+0	2.540081E-19	-1.518024E+17	-1.398614E-6	0.000000E+0	7.033366E-6	1.157412E-4	0.000000E+0	0.000000E+0	0.000000E+0
5.176611E+2	-9.071449E+3	-1.234000E+0	1.311717E+15	5.157902E-18	8.550778E-7	0.000000E+0	6.270184E-6	1.098782E-4	0.000000E+0	0.000000E+0	0.000000E+0
5.031890E+2	-9.478207E+3	-1.297000E+0	-1.006173E-18	-5.687810E-18	2.598055E-6	0.000000E+0	5.585428E-6	1.052087E-4	0.000000E+0	0.000000E+0	0.000000E+0
5.082510E+2	-9.856344E+3	-1.361000E+0	-6.256276E-18	1.398985E+17	2.828674E-7	0.000000E+0	5.217870E-6	1.011884E-4	0.000000E+0	0.000000E+0	0.000000E+0
5.090518E+2	-1.019997E+4	-1.424000E+0	2.698511E+17	-3.360764E+17	1.515131E-6	0.000000E+0	4.880719E-6	9.779592E-5	0.000000E+0	0.000000E+0	0.000000E+0
4.958442E+2	-1.051534E+4	-1.487000E+0	-4.014473E-19	-2.240669E+17	-1.338434E-6	0.000000E+0	4.474392E-6	9.488817E-5	0.000000E+0	0.000000E+0	0.000000E+0
5.000303E+2	-1.082198E+4	-1.551000E+0	8.607197E+16	4.249670E-18	1.453693E-6	0.000000E+0	4.260462E-6	9.220768E-5	0.000000E+0	0.000000E+0	0.000000E+0
4.958306E+2	-1.108768E+4	-1.614000E+0	2.127762E-18	3.293656E+15	-2.421308E-6	0.000000E+0	4.025171E-6	9.001019E-5	0.000000E+0	0.000000E+0	0.000000E+0
4.965591E+2	-1.134126E+4	-1.677000E+0	-4.960950E+17	8.277014E+16	-1.189037E-6	0.000000E+0	3.853156E-6	8.800492E-5	0.000000E+0	0.000000E+0	0.000000E+0
4.656240E+2	-1.159034E+4	-1.741000E+0	-6.504745E+16	2.346692E+17	-1.461311E-6	0.000000E+0	3.460530E-6	8.613972E-5	0.000000E+0	0.000000E+0	0.000000E+0
4.124292E+2	-1.177796E+4	-1.804000E+0	5.291893E-18	5.135446E+17	2.324581E-6	0.000000E+0	2.969457E-6	8.480037E-5	0.000000E+0	0.000000E+0	0.000000E+0
4.578970E+2	-1.197969E+4	-1.867000E+0	-2.052875E-18	3.493290E-18	1.003209E-6	0.000000E+0	3.185977E-6	8.335284E-5	0.000000E+0	0.000000E+0	0.000000E+0
4.875864E+2	-1.215448E+4	-1.930000E+0	2.907620E+17	-1.496570E-18	-8.289280E-7	0.000000E+0	3.295190E-6	8.214200E-5	0.000000E+0	0.000000E+0	0.000000E+0
4.836484E+2	-1.232386E+4	-1.994000E+0	4.284782E-18	4.664211E-18	1.963206E-6	0.000000E+0	3.179566E-6	8.101863E-5	0.000000E+0	0.000000E+0	0.000000E+0
4.781768E+2	-1.244900E+4	-2.057000E+0	6.288344E-18	-3.929323E-18	6.418268E-7	0.000000E+0	3.080912E-6	8.020940E-5	0.000000E+0	0.000000E+0	0.000000E+0
4.912012E+2	-1.257088E+4	-2.120000E+0	8.250878E-19	3.410070E-18	8.526113E-7	0.000000E+0	3.103598E-6	7.942765E-5	0.000000E+0	0.000000E+0	0.000000E+0
4.846294E+2	-1.267307E+4	-2.184000E+0	4.553607E+17	-2.686618E+17	-4.410831E-7	0.000000E+0	3.013086E-6	7.879226E-5	0.000000E+0	0.000000E+0	0.000000E+0
4.860952E+2	-1.278154E+4	-2.247000E+0	2.517955E+17	3.793721E+16	-2.302550E-7	0.000000E+0	2.971168E-6	7.812484E-5	0.000000E+0	0.000000E+0	0.000000E+0
4.830669E+2	-1.287314E+4	-2.310000E+0	-6.627991E-18	5.175899E+17	-1.948501E-8	0.000000E+0	2.910899E-6	7.757189E-5	0.000000E+0	0.000000E+0	0.000000E+0
4.838135E+2	-1.296924E+4	-2.373000E+0	-5.704680E+17	6.512875E+16	1.912849E-7	0.000000E+0	2.872400E-6	7.699837E-5	0.000000E+0	0.000000E+0	0.000000E+0
4.666514E+2	-1.300893E+4	-2.437000E+0	-4.691026E+17	6.906363E-18	2.472705E-6	0.000000E+0	2.753918E-6	7.677149E-5	0.000000E+0	0.000000E+0	0.000000E+0
4.506460E+2	-1.308373E+4	-2.500000E+0	-3.567381E+17	-4.286482E-18	1.151348E-6	0.000000E+0	2.629405E-6	7.634024E-5	0.000000E+0	0.000000E+0	0.000000E+0
