Real / Ohm	Ximag / Ohm	V_DC / V	I_a c / A	V_ac / V	I_DC / A
5.625050E+5	-6.337380E+6	-2.000000E+0	-3.567381E+17	-4.286482E-18	1.107706E-6	1.000000E+4	1.389629E-8	1.565605E-7	0.000000E+0	0.000000E+0	0.000000E+0
9.156120E+5	-5.848293E+6	-1.949000E+0	-4.691026E+17	6.906363E-18	2.075030E-7	0.000000E+0	2.612983E-8	1.668992E-7	0.000000E+0	0.000000E+0	0.000000E+0
1.236657E+6	-5.103744E+6	-1.899000E+0	-5.704680E+17	6.512875E+16	-1.543813E-7	0.000000E+0	4.484293E-8	1.850690E-7	0.000000E+0	0.000000E+0	0.000000E+0
1.400740E+6	-4.210519E+6	-1.848000E+0	-6.627991E-18	5.175899E+17	4.052614E-6	0.000000E+0	7.113770E-8	2.138346E-7	0.000000E+0	0.000000E+0	0.000000E+0
1.314947E+6	-3.334261E+6	-1.797000E+0	2.517955E+17	3.793721E+16	5.987167E-7	0.000000E+0	1.023593E-7	2.595486E-7	0.000000E+0	0.000000E+0	0.000000E+0
1.073880E+6	-2.648008E+6	-1.747000E+0	4.553607E+17	-2.686618E+17	4.322661E-6	0.000000E+0	1.315197E-7	3.243055E-7	0.000000E+0	0.000000E+0	0.000000E+0
8.288671E+5	-2.163472E+6	-1.696000E+0	8.250878E-19	3.410070E-18	1.890243E-6	0.000000E+0	1.544195E-7	4.030589E-7	0.000000E+0	0.000000E+0	0.000000E+0
6.337589E+5	-1.851852E+6	-1.646000E+0	6.288344E-18	-3.929323E-18	2.039073E-6	0.000000E+0	1.654288E-7	4.833853E-7	0.000000E+0	0.000000E+0	0.000000E+0
4.779875E+5	-1.632947E+6	-1.595000E+0	4.284782E-18	4.664211E-18	1.138811E-6	0.000000E+0	1.651086E-7	5.640600E-7	0.000000E+0	0.000000E+0	0.000000E+0
3.699899E+5	-1.496911E+6	-1.544000E+0	2.907620E+17	-1.496570E-18	1.770743E-6	0.000000E+0	1.556126E-7	6.295798E-7	0.000000E+0	0.000000E+0	0.000000E+0
2.940783E+5	-1.404881E+6	-1.494000E+0	-2.052875E-18	3.493290E-18	-1.232838E-7	0.000000E+0	1.427445E-7	6.819239E-7	0.000000E+0	0.000000E+0	0.000000E+0
2.329594E+5	-1.346932E+6	-1.443000E+0	5.291893E-18	5.135446E+17	2.040790E-6	0.000000E+0	1.246775E-7	7.208643E-7	0.000000E+0	0.000000E+0	0.000000E+0
1.903954E+5	-1.303661E+6	-1.392000E+0	-6.504745E+16	2.346692E+17	1.190929E-7	0.000000E+0	1.096885E-7	7.510509E-7	0.000000E+0	0.000000E+0	0.000000E+0
1.516234E+5	-1.270287E+6	-1.342000E+0	-4.960950E+17	8.277014E+16	-7.535054E-7	0.000000E+0	9.264430E-8	7.761655E-7	0.000000E+0	0.000000E+0	0.000000E+0
1.217606E+5	-1.232461E+6	-1.291000E+0	2.127762E-18	3.293656E+15	3.891400E-7	0.000000E+0	7.938566E-8	8.035418E-7	0.000000E+0	0.000000E+0	0.000000E+0
9.935852E+4	-1.196553E+6	-1.241000E+0	8.607197E+16	4.249670E-18	-4.834583E-7	0.000000E+0	6.892186E-8	8.300109E-7	0.000000E+0	0.000000E+0	0.000000E+0
8.053861E+4	-1.160809E+6	-1.190000E+0	-4.014473E-19	-2.240669E+17	1.484805E-7	0.000000E+0	5.948357E-8	8.573411E-7	0.000000E+0	0.000000E+0	0.000000E+0
6.395898E+4	-1.123221E+6	-1.139000E+0	2.698511E+17	-3.360764E+17	-1.262510E-6	0.000000E+0	5.053185E-8	8.874193E-7	0.000000E+0	0.000000E+0	0.000000E+0
5.416628E+4	-1.094955E+6	-1.089000E+0	-6.256276E-18	1.398985E+17	-9.216456E-8	0.000000E+0	4.506869E-8	9.110500E-7	0.000000E+0	0.000000E+0	0.000000E+0
4.286882E+4	-1.065442E+6	-1.038000E+0	-1.006173E-18	-5.687810E-18	2.071909E-6	0.000000E+0	3.770330E-8	9.370606E-7	0.000000E+0	0.000000E+0	0.000000E+0
3.812182E+4	-1.039436E+6	-9.870000E-1	1.311717E+15	5.157902E-18	-1.381952E-6	0.000000E+0	3.523663E-8	9.607679E-7	0.000000E+0	0.000000E+0	0.000000E+0
3.334933E+4	-1.017980E+6	-9.370000E-1	2.540081E-19	-1.518024E+17	1.320503E-6	0.000000E+0	3.214717E-8	9.812844E-7	0.000000E+0	0.000000E+0	0.000000E+0
2.708339E+4	-9.975135E+5	-8.860000E-1	-5.203440E-18	3.830367E-18	-6.011905E-7	0.000000E+0	2.719853E-8	1.001754E-6	0.000000E+0	0.000000E+0	0.000000E+0
2.495613E+4	-9.803651E+5	-8.350000E-1	-1.183523E-18	-5.342346E-18	2.073626E-6	0.000000E+0	2.594898E-8	1.019368E-6	0.000000E+0	0.000000E+0	0.000000E+0
2.037589E+4	-9.646267E+5	-7.850000E-1	-5.319197E+16	-3.553127E+17	1.795997E-7	0.000000E+0	2.188791E-8	1.036208E-6	0.000000E+0	0.000000E+0	0.000000E+0
1.885073E+4	-9.493261E+5	-7.340000E-1	2.088264E+17	-2.196584E+17	-2.099514E-7	0.000000E+0	2.090866E-8	1.052964E-6	0.000000E+0	0.000000E+0	0.000000E+0
1.782891E+4	-9.329561E+5	-6.840000E-1	-7.964855E+16	-3.372652E-18	1.471075E-6	0.000000E+0	2.047594E-8	1.071470E-6	0.000000E+0	0.000000E+0	0.000000E+0
1.391497E+4	-9.184375E+5	-6.330000E-1	-1.827512E-18	1.580559E+17	-1.472075E-6	0.000000E+0	1.649238E-8	1.088556E-6	0.000000E+0	0.000000E+0	0.000000E+0
1.290537E+4	-9.054699E+5	-5.820000E-1	-4.775830E-18	6.138991E-18	2.734912E-6	0.000000E+0	1.573744E-8	1.104175E-6	0.000000E+0	0.000000E+0	0.000000E+0
1.141832E+4	-8.915139E+5	-5.320000E-1	2.010006E+17	1.860550E+17	1.351596E-6	0.000000E+0	1.436398E-8	1.121504E-6	0.000000E+0	0.000000E+0	0.000000E+0
1.090224E+4	-8.784810E+5	-4.810000E-1	4.410889E+17	3.939340E-18	9.620762E-7	0.000000E+0	1.412486E-8	1.138153E-6	0.000000E+0	0.000000E+0	0.000000E+0
9.630367E+3	-8.665022E+5	-4.300000E-1	-5.506670E-18	3.318154E+17	-4.489048E-7	0.000000E+0	1.282478E-8	1.153923E-6	0.000000E+0	0.000000E+0	0.000000E+0
9.309414E+3	-8.546486E+5	-3.800000E-1	-5.761072E+17	-4.172230E+17	-1.321505E-6	0.000000E+0	1.274370E-8	1.169933E-6	0.000000E+0	0.000000E+0	0.000000E+0
7.964936E+3	-8.420471E+5	-3.290000E-1	6.303170E-18	-1.599031E-19	2.885485E-6	0.000000E+0	1.123235E-8	1.187476E-6	0.000000E+0	0.000000E+0	0.000000E+0
8.531211E+3	-8.307116E+5	-2.780000E-1	-1.696221E+17	-6.410774E-19	-5.766742E-8	0.000000E+0	1.236131E-8	1.203660E-6	0.000000E+0	0.000000E+0	0.000000E+0
6.818280E+3	-8.204535E+5	-2.280000E-1	-2.816971E+17	1.903750E-18	2.134104E-6	0.000000E+0	1.012831E-8	1.218754E-6	0.000000E+0	0.000000E+0	0.000000E+0
5.750498E+3	-8.099445E+5	-1.770000E-1	-1.478400E+17	2.700591E+17	-1.830505E-6	0.000000E+0	8.765426E-9	1.234590E-6	0.000000E+0	0.000000E+0	0.000000E+0
6.477549E+3	-7.993255E+5	-1.270000E-1	-2.949171E+17	-4.956124E-18	-2.192362E-6	0.000000E+0	1.013759E-8	1.250973E-6	0.000000E+0	0.000000E+0	0.000000E+0
6.410473E+3	-7.892684E+5	-7.600000E-2	-4.717429E+17	-4.928282E+17	2.525342E-6	0.000000E+0	1.028992E-8	1.266913E-6	0.000000E+0	0.000000E+0	0.000000E+0
5.518577E+3	-7.790971E+5	-2.500000E-2	-9.427576E-19	-9.426377E-19	1.114361E-6	0.000000E+0	9.091219E-9	1.283473E-6	0.000000E+0	0.000000E+0	0.000000E+0
5.572235E+3	-7.697885E+5	2.500000E-2	-3.093320E+17	4.406614E-18	-2.689532E-7	0.000000E+0	9.402944E-9	1.298990E-6	0.000000E+0	0.000000E+0	0.000000E+0
5.266863E+3	-7.600137E+5	7.600000E-2	-4.715212E+17	-5.436513E+17	2.405865E-6	0.000000E+0	9.117764E-9	1.315703E-6	0.000000E+0	0.000000E+0	0.000000E+0
5.345152E+3	-7.501622E+5	1.270000E-1	4.697582E+17	-5.230656E+17	4.841422E-7	0.000000E+0	9.497901E-9	1.332977E-6	0.000000E+0	0.000000E+0	0.000000E+0
5.396633E+3	-7.416407E+5	1.770000E-1	-3.021231E-18	1.735786E-18	6.329992E-7	0.000000E+0	9.810989E-9	1.348290E-6	0.000000E+0	0.000000E+0	0.000000E+0
5.634539E+3	-7.323050E+5	2.280000E-1	-3.194760E-18	5.558819E-18	-2.310153E-6	0.000000E+0	1.050627E-8	1.365470E-6	0.000000E+0	0.000000E+0	0.000000E+0
5.683612E+3	-7.243719E+5	2.780000E-1	4.155990E+17	-1.817843E+17	-6.291248E-7	0.000000E+0	1.083115E-8	1.380421E-6	0.000000E+0	0.000000E+0	0.000000E+0
5.874869E+3	-7.156826E+5	3.290000E-1	-4.136209E+17	4.857998E-18	1.534980E-6	0.000000E+0	1.146906E-8	1.397173E-6	0.000000E+0	0.000000E+0	0.000000E+0
6.242025E+3	-7.071433E+5	3.800000E-1	-3.851510E-18	-6.440443E-18	1.656170E-6	0.000000E+0	1.248179E-8	1.414030E-6	0.000000E+0	0.000000E+0	0.000000E+0
6.821580E+3	-6.997631E+5	4.300000E-1	4.766215E-20	4.558806E+17	1.294313E-6	0.000000E+0	1.392970E-8	1.428919E-6	0.000000E+0	0.000000E+0	0.000000E+0
6.900715E+3	-6.920055E+5	4.810000E-1	1.388541E-18	6.784133E-18	1.926217E-6	0.000000E+0	1.440893E-8	1.444932E-6	0.000000E+0	0.000000E+0	0.000000E+0
7.166402E+3	-6.853442E+5	5.320000E-1	4.707193E+17	-3.632098E-18	2.047411E-6	0.000000E+0	1.525584E-8	1.458961E-6	0.000000E+0	0.000000E+0	0.000000E+0
7.333186E+3	-6.782915E+5	5.820000E-1	-7.975154E-19	6.323277E-18	-2.910961E-6	0.000000E+0	1.593710E-8	1.474120E-6	0.000000E+0	0.000000E+0	0.000000E+0
7.472863E+3	-6.724102E+5	6.330000E-1	-4.524462E+17	2.055148E+17	-7.468880E-7	0.000000E+0	1.652589E-8	1.487004E-6	0.000000E+0	0.000000E+0	0.000000E+0
7.846730E+3	-6.657970E+5	6.840000E-1	-6.904434E-18	-8.375564E+16	-3.179295E-6	0.000000E+0	1.769884E-8	1.501751E-6	0.000000E+0	0.000000E+0	0.000000E+0
7.931249E+3	-6.600565E+5	7.340000E-1	2.547933E-18	-2.672116E+16	-4.768408E-7	0.000000E+0	1.820190E-8	1.514803E-6	0.000000E+0	0.000000E+0	0.000000E+0
8.246344E+3	-6.546199E+5	7.850000E-1	-1.554615E+17	1.089529E+17	1.176522E-6	0.000000E+0	1.924040E-8	1.527362E-6	0.000000E+0	0.000000E+0	0.000000E+0
8.352246E+3	-6.493821E+5	8.350000E-1	-2.314515E+17	1.796536E+17	3.039531E-7	0.000000E+0	1.980299E-8	1.539671E-6	0.000000E+0	0.000000E+0	0.000000E+0
8.168970E+3	-6.442434E+5	8.860000E-1	4.674714E-18	-5.707470E+17	-5.963157E-7	0.000000E+0	1.967875E-8	1.551959E-6	0.000000E+0	0.000000E+0	0.000000E+0
8.641316E+3	-6.386585E+5	9.370000E-1	-2.820974E+17	-3.573550E+17	-2.518009E-6	0.000000E+0	2.118181E-8	1.565495E-6	0.000000E+0	0.000000E+0	0.000000E+0
8.747061E+3	-6.349882E+5	9.870000E-1	7.433461E+16	-3.421240E+17	-2.369154E-6	0.000000E+0	2.168945E-8	1.574534E-6	0.000000E+0	0.000000E+0	0.000000E+0
9.055734E+3	-6.304580E+5	1.038000E+0	4.333500E+17	8.421242E+16	-1.226501E-6	0.000000E+0	2.277832E-8	1.585821E-6	0.000000E+0	0.000000E+0	0.000000E+0
9.213361E+3	-6.263260E+5	1.089000E+0	5.364300E+17	-2.871878E+17	-8.388452E-8	0.000000E+0	2.348136E-8	1.596267E-6	0.000000E+0	0.000000E+0	0.000000E+0
9.408973E+3	-6.224310E+5	1.139000E+0	-4.075705E-18	1.659667E-18	-1.977911E-6	0.000000E+0	2.428066E-8	1.606237E-6	0.000000E+0	0.000000E+0	0.000000E+0
9.141932E+3	-6.193470E+5	1.190000E+0	9.225665E+16	1.907244E+17	-3.388901E-6	0.000000E+0	2.382733E-8	1.614252E-6	0.000000E+0	0.000000E+0	0.000000E+0
9.454820E+3	-6.158455E+5	1.241000E+0	4.020179E+17	1.832659E+17	-2.033630E-7	0.000000E+0	2.492340E-8	1.623401E-6	0.000000E+0	0.000000E+0	0.000000E+0
9.560859E+3	-6.129601E+5	1.291000E+0	1.676928E-18	4.035830E-18	-3.118847E-6	0.000000E+0	2.544057E-8	1.631031E-6	0.000000E+0	0.000000E+0	0.000000E+0
9.369727E+3	-6.097217E+5	1.342000E+0	-2.658310E+17	-5.132058E+17	6.668415E-8	0.000000E+0	2.519771E-8	1.639705E-6	0.000000E+0	0.000000E+0	0.000000E+0
9.678719E+3	-6.069536E+5	1.392000E+0	5.241928E+17	2.782928E-18	-1.316628E-6	0.000000E+0	2.626615E-8	1.647154E-6	0.000000E+0	0.000000E+0	0.000000E+0
9.603680E+3	-6.039709E+5	1.443000E+0	2.579781E+17	4.568510E-19	-6.846967E-7	0.000000E+0	2.632060E-8	1.655290E-6	0.000000E+0	0.000000E+0	0.000000E+0
1.005497E+4	-6.017790E+5	1.494000E+0	-4.023263E-18	5.325189E+16	-3.117137E-6	0.000000E+0	2.775783E-8	1.661276E-6	0.000000E+0	0.000000E+0	0.000000E+0
9.686043E+3	-5.991178E+5	1.544000E+0	-1.980656E+17	2.858813E+16	-2.457535E-6	0.000000E+0	2.697792E-8	1.668685E-6	0.000000E+0	0.000000E+0	0.000000E+0
1.013493E+4	-5.974274E+5	1.595000E+0	-2.714796E-18	5.985466E+14	-1.825632E-6	0.000000E+0	2.838739E-8	1.673362E-6	0.000000E+0	0.000000E+0	0.000000E+0
9.837795E+3	-5.948525E+5	1.646000E+0	5.785012E-19	5.234687E+17	-1.193723E-6	0.000000E+0	2.779460E-8	1.680629E-6	0.000000E+0	0.000000E+0	0.000000E+0
9.776813E+3	-5.930722E+5	1.696000E+0	-2.373659E+17	1.295985E-19	-2.340676E-8	0.000000E+0	2.778844E-8	1.685677E-6	0.000000E+0	0.000000E+0	0.000000E+0
9.622578E+3	-5.916143E+5	1.747000E+0	-5.351627E-18	2.391872E+17	-3.477282E-6	0.000000E+0	2.748522E-8	1.689843E-6	0.000000E+0	0.000000E+0	0.000000E+0
1.029550E+4	-5.894839E+5	1.797000E+0	2.587907E+17	1.873793E-18	-7.747949E-7	0.000000E+0	2.961905E-8	1.695882E-6	0.000000E+0	0.000000E+0	0.000000E+0
9.972301E+3	-5.882491E+5	1.848000E+0	-3.127958E+17	-9.739241E-19	-2.185778E-6	0.000000E+0	2.881032E-8	1.699472E-6	0.000000E+0	0.000000E+0	0.000000E+0
9.996078E+3	-5.863114E+5	1.899000E+0	6.653843E-18	-4.395667E+17	-1.553868E-6	0.000000E+0	2.907011E-8	1.705083E-6	0.000000E+0	0.000000E+0	0.000000E+0
9.991914E+3	-5.854496E+5	1.949000E+0	-1.571544E-18	-4.190346E+17	-1.405009E-6	0.000000E+0	2.914360E-8	1.707592E-6	0.000000E+0	0.000000E+0	0.000000E+0
9.986238E+3	-5.838085E+5	2.000000E+0	-9.275714E-19	-3.780201E-18	-1.283814E-6	0.000000E+0	2.929099E-8	1.712389E-6	0.000000E+0	0.000000E+0	0.000000E+0
