Real / Ohm	Ximag / Ohm	V_DC / V	I_a c / A	V_ac / V	I_DC / A
2.313677E+5	-4.514193E+6	-2.000000E+0	-3.567381E+17	-4.286482E-18	2.639907E-6	1.000000E+4	1.132409E-8	2.209431E-7	0.000000E+0	0.000000E+0	0.000000E+0
4.535212E+5	-4.227328E+6	-1.949000E+0	-4.691026E+17	6.906363E-18	1.228931E-6	0.000000E+0	2.508971E-8	2.338643E-7	0.000000E+0	0.000000E+0	0.000000E+0
7.124584E+5	-3.793371E+6	-1.899000E+0	-5.704680E+17	6.512875E+16	-1.175809E-6	0.000000E+0	4.782479E-8	2.546355E-7	0.000000E+0	0.000000E+0	0.000000E+0
8.770139E+5	-3.185578E+6	-1.848000E+0	-6.627991E-18	5.175899E+17	-3.321475E-8	0.000000E+0	8.033425E-8	2.917981E-7	0.000000E+0	0.000000E+0	0.000000E+0
8.710631E+5	-2.552888E+6	-1.797000E+0	2.517955E+17	3.793721E+16	2.130917E-6	0.000000E+0	1.197175E-7	3.508648E-7	0.000000E+0	0.000000E+0	0.000000E+0
7.464889E+5	-2.029354E+6	-1.747000E+0	4.553607E+17	-2.686618E+17	1.769033E-6	0.000000E+0	1.596589E-7	4.340378E-7	0.000000E+0	0.000000E+0	0.000000E+0
5.895136E+5	-1.651862E+6	-1.696000E+0	8.250878E-19	3.410070E-18	3.580426E-7	0.000000E+0	1.916386E-7	5.369858E-7	0.000000E+0	0.000000E+0	0.000000E+0
4.554839E+5	-1.399085E+6	-1.646000E+0	6.288344E-18	-3.929323E-18	5.069305E-7	0.000000E+0	2.103945E-7	6.462572E-7	0.000000E+0	0.000000E+0	0.000000E+0
3.413094E+5	-1.224575E+6	-1.595000E+0	4.284782E-18	4.664211E-18	1.649525E-6	0.000000E+0	2.111964E-7	7.577459E-7	0.000000E+0	0.000000E+0	0.000000E+0
2.614559E+5	-1.108285E+6	-1.544000E+0	2.907620E+17	-1.496570E-18	-7.828858E-7	0.000000E+0	2.016388E-7	8.547263E-7	0.000000E+0	0.000000E+0	0.000000E+0
2.038801E+5	-1.030445E+6	-1.494000E+0	-2.052875E-18	3.493290E-18	8.981442E-7	0.000000E+0	1.847771E-7	9.338952E-7	0.000000E+0	0.000000E+0	0.000000E+0
1.586359E+5	-9.748641E+5	-1.443000E+0	5.291893E-18	5.135446E+17	-2.124580E-9	0.000000E+0	1.626159E-7	9.993221E-7	0.000000E+0	0.000000E+0	0.000000E+0
1.245771E+5	-9.306567E+5	-1.392000E+0	-6.504745E+16	2.346692E+17	-1.923821E-6	0.000000E+0	1.413013E-7	1.055596E-6	0.000000E+0	0.000000E+0	0.000000E+0
9.772798E+4	-8.930255E+5	-1.342000E+0	-4.960950E+17	8.277014E+16	3.332323E-6	0.000000E+0	1.210935E-7	1.106537E-6	0.000000E+0	0.000000E+0	0.000000E+0
7.928155E+4	-8.594509E+5	-1.291000E+0	2.127762E-18	3.293656E+15	3.891400E-7	0.000000E+0	1.064266E-7	1.153716E-6	0.000000E+0	0.000000E+0	0.000000E+0
6.234573E+4	-8.281362E+5	-1.241000E+0	8.607197E+16	4.249670E-18	2.725574E-8	0.000000E+0	9.039588E-8	1.200725E-6	0.000000E+0	0.000000E+0	0.000000E+0
5.042334E+4	-7.985004E+5	-1.190000E+0	-4.014473E-19	-2.240669E+17	2.191395E-6	0.000000E+0	7.876857E-8	1.247373E-6	0.000000E+0	0.000000E+0	0.000000E+0
4.047727E+4	-7.736710E+5	-1.139000E+0	2.698511E+17	-3.360764E+17	2.696906E-7	0.000000E+0	6.743905E-8	1.289011E-6	0.000000E+0	0.000000E+0	0.000000E+0
3.396517E+4	-7.520775E+5	-1.089000E+0	-6.256276E-18	1.398985E+17	-1.624365E-6	0.000000E+0	5.992716E-8	1.326944E-6	0.000000E+0	0.000000E+0	0.000000E+0
2.886475E+4	-7.339304E+5	-1.038000E+0	-1.006173E-18	-5.687810E-18	-1.503147E-6	0.000000E+0	5.350407E-8	1.360423E-6	0.000000E+0	0.000000E+0	0.000000E+0
2.440114E+4	-7.199304E+5	-9.870000E-1	1.311717E+15	5.157902E-18	2.703819E-6	0.000000E+0	4.702518E-8	1.387429E-6	0.000000E+0	0.000000E+0	0.000000E+0
2.147672E+4	-7.068471E+5	-9.370000E-1	2.540081E-19	-1.518024E+17	-2.116685E-7	0.000000E+0	4.294536E-8	1.413428E-6	0.000000E+0	0.000000E+0	0.000000E+0
1.855049E+4	-6.950076E+5	-8.860000E-1	-5.203440E-18	3.830367E-18	-1.622648E-6	0.000000E+0	3.837664E-8	1.437809E-6	0.000000E+0	0.000000E+0	0.000000E+0
1.604018E+4	-6.835877E+5	-8.350000E-1	-1.183523E-18	-5.342346E-18	5.414549E-7	0.000000E+0	3.430692E-8	1.462065E-6	0.000000E+0	0.000000E+0	0.000000E+0
1.452003E+4	-6.735119E+5	-7.850000E-1	-5.319197E+16	-3.553127E+17	1.201028E-6	0.000000E+0	3.199449E-8	1.484065E-6	0.000000E+0	0.000000E+0	0.000000E+0
1.317788E+4	-6.640764E+5	-7.340000E-1	2.088264E+17	-2.196584E+17	3.365134E-6	0.000000E+0	2.987022E-8	1.505258E-6	0.000000E+0	0.000000E+0	0.000000E+0
1.206842E+4	-6.545948E+5	-6.840000E-1	-7.964855E+16	-3.372652E-18	9.603609E-7	0.000000E+0	2.815514E-8	1.527144E-6	0.000000E+0	0.000000E+0	0.000000E+0
9.958977E+3	-6.459723E+5	-6.330000E-1	-1.827512E-18	1.580559E+17	-3.004247E-6	0.000000E+0	2.386073E-8	1.547686E-6	0.000000E+0	0.000000E+0	0.000000E+0
8.920725E+3	-6.371381E+5	-5.820000E-1	-4.775830E-18	6.138991E-18	6.920272E-7	0.000000E+0	2.197090E-8	1.569211E-6	0.000000E+0	0.000000E+0	0.000000E+0
8.382266E+3	-6.285575E+5	-5.320000E-1	2.010006E+17	1.860550E+17	-6.912887E-7	0.000000E+0	2.121261E-8	1.590661E-6	0.000000E+0	0.000000E+0	0.000000E+0
7.274031E+3	-6.202937E+5	-4.810000E-1	4.410889E+17	3.939340E-18	-5.938091E-8	0.000000E+0	1.890256E-8	1.611918E-6	0.000000E+0	0.000000E+0	0.000000E+0
6.789389E+3	-6.114634E+5	-4.300000E-1	-5.506670E-18	3.318154E+17	-1.470362E-6	0.000000E+0	1.815667E-8	1.635219E-6	0.000000E+0	0.000000E+0	0.000000E+0
5.701568E+3	-6.041342E+5	-3.800000E-1	-5.761072E+17	-4.172230E+17	7.214094E-7	0.000000E+0	1.562028E-8	1.655114E-6	0.000000E+0	0.000000E+0	0.000000E+0
5.832873E+3	-5.969923E+5	-3.290000E-1	6.303170E-18	-1.599031E-19	-2.732486E-6	0.000000E+0	1.636453E-8	1.674904E-6	0.000000E+0	0.000000E+0	0.000000E+0
5.333102E+3	-5.897484E+5	-2.780000E-1	-1.696221E+17	-6.410774E-19	9.637897E-7	0.000000E+0	1.533242E-8	1.695500E-6	0.000000E+0	0.000000E+0	0.000000E+0
4.814688E+3	-5.829028E+5	-2.280000E-1	-2.816971E+17	1.903750E-18	3.155532E-6	0.000000E+0	1.416923E-8	1.715435E-6	0.000000E+0	0.000000E+0	0.000000E+0
4.948781E+3	-5.751390E+5	-1.770000E-1	-1.478400E+17	2.700591E+17	-1.319791E-6	0.000000E+0	1.495962E-8	1.738581E-6	0.000000E+0	0.000000E+0	0.000000E+0
4.328764E+3	-5.683854E+5	-1.270000E-1	-2.949171E+17	-4.956124E-18	1.382694E-6	0.000000E+0	1.339840E-8	1.759268E-6	0.000000E+0	0.000000E+0	0.000000E+0
4.033933E+3	-5.619445E+5	-7.600000E-2	-4.717429E+17	-4.928282E+17	2.014599E-6	0.000000E+0	1.277378E-8	1.779443E-6	0.000000E+0	0.000000E+0	0.000000E+0
3.732355E+3	-5.545926E+5	-2.500000E-2	-9.427576E-19	-9.426377E-19	2.135818E-6	0.000000E+0	1.213431E-8	1.803044E-6	0.000000E+0	0.000000E+0	0.000000E+0
3.712479E+3	-5.482261E+5	2.500000E-2	-3.093320E+17	4.406614E-18	1.263218E-6	0.000000E+0	1.235164E-8	1.823981E-6	0.000000E+0	0.000000E+0	0.000000E+0
4.024064E+3	-5.413339E+5	7.600000E-2	-4.715212E+17	-5.436513E+17	8.736947E-7	0.000000E+0	1.373126E-8	1.847187E-6	0.000000E+0	0.000000E+0	0.000000E+0
3.901493E+3	-5.349962E+5	1.270000E-1	4.697582E+17	-5.230656E+17	9.948853E-7	0.000000E+0	1.363033E-8	1.869073E-6	0.000000E+0	0.000000E+0	0.000000E+0
4.234053E+3	-5.289830E+5	1.770000E-1	-3.021231E-18	1.735786E-18	2.675913E-6	0.000000E+0	1.513021E-8	1.890299E-6	0.000000E+0	0.000000E+0	0.000000E+0
4.248083E+3	-5.234154E+5	2.280000E-1	-3.194760E-18	5.558819E-18	-1.288696E-6	0.000000E+0	1.550499E-8	1.910403E-6	0.000000E+0	0.000000E+0	0.000000E+0
4.521536E+3	-5.171642E+5	2.780000E-1	4.155990E+17	-1.817843E+17	-1.183816E-7	0.000000E+0	1.690425E-8	1.933474E-6	0.000000E+0	0.000000E+0	0.000000E+0
4.302242E+3	-5.121364E+5	3.290000E-1	-4.136209E+17	4.857998E-18	2.556437E-6	0.000000E+0	1.640185E-8	1.952467E-6	0.000000E+0	0.000000E+0	0.000000E+0
4.585047E+3	-5.069937E+5	3.800000E-1	-3.851510E-18	-6.440443E-18	-1.918886E-6	0.000000E+0	1.783623E-8	1.972250E-6	0.000000E+0	0.000000E+0	0.000000E+0
4.582035E+3	-5.017678E+5	4.300000E-1	4.766215E-20	4.558806E+17	2.728557E-7	0.000000E+0	1.819770E-8	1.992788E-6	0.000000E+0	0.000000E+0	0.000000E+0
4.922896E+3	-4.968087E+5	4.810000E-1	1.388541E-18	6.784133E-18	3.940459E-7	0.000000E+0	1.994342E-8	2.012650E-6	0.000000E+0	0.000000E+0	0.000000E+0
4.872254E+3	-4.921426E+5	5.320000E-1	4.707193E+17	-3.632098E-18	5.152397E-7	0.000000E+0	2.011432E-8	2.031732E-6	0.000000E+0	0.000000E+0	0.000000E+0
5.205852E+3	-4.877754E+5	5.820000E-1	-7.975154E-19	6.323277E-18	-2.400247E-6	0.000000E+0	2.187775E-8	2.049890E-6	0.000000E+0	0.000000E+0	0.000000E+0
5.082652E+3	-4.836195E+5	6.330000E-1	-4.524462E+17	2.055148E+17	-2.361448E-7	0.000000E+0	2.172875E-8	2.067513E-6	0.000000E+0	0.000000E+0	0.000000E+0
5.612535E+3	-4.793822E+5	6.840000E-1	-6.904434E-18	-8.375564E+16	-6.256960E-7	0.000000E+0	2.441944E-8	2.085732E-6	0.000000E+0	0.000000E+0	0.000000E+0
5.659637E+3	-4.755474E+5	7.340000E-1	2.547933E-18	-2.672116E+16	-2.009012E-6	0.000000E+0	2.502300E-8	2.102542E-6	0.000000E+0	0.000000E+0	0.000000E+0
5.385787E+3	-4.719936E+5	7.850000E-1	-1.554615E+17	1.089529E+17	-8.663628E-7	0.000000E+0	2.417244E-8	2.118397E-6	0.000000E+0	0.000000E+0	0.000000E+0
5.628815E+3	-4.682069E+5	8.350000E-1	-2.314515E+17	1.796536E+17	8.146671E-7	0.000000E+0	2.567312E-8	2.135499E-6	0.000000E+0	0.000000E+0	0.000000E+0
5.688184E+3	-4.651931E+5	8.860000E-1	4.674714E-18	-5.707470E+17	-2.128487E-6	0.000000E+0	2.628102E-8	2.149324E-6	0.000000E+0	0.000000E+0	0.000000E+0
6.115285E+3	-4.617318E+5	9.370000E-1	-2.820974E+17	-3.573550E+17	5.463335E-7	0.000000E+0	2.867880E-8	2.165380E-6	0.000000E+0	0.000000E+0	0.000000E+0
5.596477E+3	-4.589714E+5	9.870000E-1	7.433461E+16	-3.421240E+17	-3.390611E-6	0.000000E+0	2.656311E-8	2.178461E-6	0.000000E+0	0.000000E+0	0.000000E+0
6.220494E+3	-4.558018E+5	1.038000E+0	4.333500E+17	8.421242E+16	-1.226501E-6	0.000000E+0	2.993587E-8	2.193528E-6	0.000000E+0	0.000000E+0	0.000000E+0
6.086715E+3	-4.531312E+5	1.089000E+0	5.364300E+17	-2.871878E+17	-2.126770E-6	0.000000E+0	2.963853E-8	2.206468E-6	0.000000E+0	0.000000E+0	0.000000E+0
6.302049E+3	-4.504638E+5	1.139000E+0	-4.075705E-18	1.659667E-18	-9.564537E-7	0.000000E+0	3.105110E-8	2.219500E-6	0.000000E+0	0.000000E+0	0.000000E+0
6.063480E+3	-4.479046E+5	1.190000E+0	9.225665E+16	1.907244E+17	-2.367444E-6	0.000000E+0	3.021839E-8	2.232209E-6	0.000000E+0	0.000000E+0	0.000000E+0
6.216329E+3	-4.456194E+5	1.241000E+0	4.020179E+17	1.832659E+17	-7.140770E-7	0.000000E+0	3.129834E-8	2.243631E-6	0.000000E+0	0.000000E+0	0.000000E+0
6.451730E+3	-4.435313E+5	1.291000E+0	1.676928E-18	4.035830E-18	-3.118847E-6	0.000000E+0	3.278957E-8	2.254155E-6	0.000000E+0	0.000000E+0	0.000000E+0
6.322509E+3	-4.415407E+5	1.342000E+0	-2.658310E+17	-5.132058E+17	5.774273E-7	0.000000E+0	3.242343E-8	2.264333E-6	0.000000E+0	0.000000E+0	0.000000E+0
6.368888E+3	-4.397512E+5	1.392000E+0	5.241928E+17	2.782928E-18	-2.951710E-7	0.000000E+0	3.292748E-8	2.273536E-6	0.000000E+0	0.000000E+0	0.000000E+0
6.788569E+3	-4.378761E+5	1.443000E+0	2.579781E+17	4.568510E-19	-2.727611E-6	0.000000E+0	3.539740E-8	2.283202E-6	0.000000E+0	0.000000E+0	0.000000E+0
6.646436E+3	-4.356507E+5	1.494000E+0	-4.023263E-18	5.325189E+16	-3.117137E-6	0.000000E+0	3.501152E-8	2.294883E-6	0.000000E+0	0.000000E+0	0.000000E+0
6.924017E+3	-4.342521E+5	1.544000E+0	-1.980656E+17	2.858813E+16	-4.146495E-7	0.000000E+0	3.670827E-8	2.302225E-6	0.000000E+0	0.000000E+0	0.000000E+0
6.514195E+3	-4.324317E+5	1.595000E+0	-2.714796E-18	5.985466E+14	-2.336346E-6	0.000000E+0	3.482789E-8	2.311979E-6	0.000000E+0	0.000000E+0	0.000000E+0
6.996514E+3	-4.310362E+5	1.646000E+0	5.785012E-19	5.234687E+17	-2.725894E-6	0.000000E+0	3.764782E-8	2.319380E-6	0.000000E+0	0.000000E+0	0.000000E+0
6.686040E+3	-4.293502E+5	1.696000E+0	-2.373659E+17	1.295985E-19	9.980504E-7	0.000000E+0	3.626105E-8	2.328536E-6	0.000000E+0	0.000000E+0	0.000000E+0
6.877370E+3	-4.281802E+5	1.747000E+0	-5.351627E-18	2.391872E+17	-4.129397E-7	0.000000E+0	3.750224E-8	2.334863E-6	0.000000E+0	0.000000E+0	0.000000E+0
6.819784E+3	-4.266724E+5	1.797000E+0	2.587907E+17	1.873793E-18	-7.747949E-7	0.000000E+0	3.745162E-8	2.343120E-6	0.000000E+0	0.000000E+0	0.000000E+0
6.951111E+3	-4.258298E+5	1.848000E+0	-3.127958E+17	-9.739241E-19	-2.185778E-6	0.000000E+0	3.832361E-8	2.347730E-6	0.000000E+0	0.000000E+0	0.000000E+0
7.041252E+3	-4.246596E+5	1.899000E+0	6.653843E-18	-4.395667E+17	-5.128924E-6	0.000000E+0	3.903450E-8	2.354180E-6	0.000000E+0	0.000000E+0	0.000000E+0
6.743129E+3	-4.230467E+5	1.949000E+0	-1.571544E-18	-4.190346E+17	-3.447894E-6	0.000000E+0	3.766817E-8	2.363205E-6	0.000000E+0	0.000000E+0	0.000000E+0
7.072586E+3	-4.219621E+5	2.000000E+0	-9.275714E-19	-3.780201E-18	2.483575E-7	0.000000E+0	3.971087E-8	2.369215E-6	0.000000E+0	0.000000E+0	0.000000E+0
