Real / Ohm	Ximag / Ohm	V_DC / V	I_a c / A	V_ac / V	I_DC / A
1.567178E+2	-4.452736E+3	1.500000E+0	-9.275714E-19	-3.780201E-18	-1.750959E-6	1.000000E+6	7.894539E-6	2.243032E-4	0.000000E+0	0.000000E+0	0.000000E+0
1.555928E+2	-4.476108E+3	1.462000E+0	-1.571544E-18	-4.190346E+17	-1.210356E-6	0.000000E+0	7.756467E-6	2.231388E-4	0.000000E+0	0.000000E+0	0.000000E+0
1.633406E+2	-4.500199E+3	1.424000E+0	6.653843E-18	-4.395667E+17	-1.590379E-7	0.000000E+0	8.054877E-6	2.219200E-4	0.000000E+0	0.000000E+0	0.000000E+0
1.684316E+2	-4.528170E+3	1.386000E+0	-3.127958E+17	-9.739241E-19	3.815367E-7	0.000000E+0	8.203094E-6	2.205346E-4	0.000000E+0	0.000000E+0	0.000000E+0
1.694377E+2	-4.561053E+3	1.348000E+0	2.587907E+17	1.873793E-18	2.454311E-6	0.000000E+0	8.133564E-6	2.189455E-4	0.000000E+0	0.000000E+0	0.000000E+0
1.570715E+2	-4.597031E+3	1.310000E+0	-5.351627E-18	2.391872E+17	1.462751E-6	0.000000E+0	7.423963E-6	2.172780E-4	0.000000E+0	0.000000E+0	0.000000E+0
1.673755E+2	-4.636336E+3	1.272000E+0	-2.373659E+17	1.295985E-19	-2.082445E-6	0.000000E+0	7.776362E-6	2.154068E-4	0.000000E+0	0.000000E+0	0.000000E+0
1.660308E+2	-4.678565E+3	1.234000E+0	5.785012E-19	5.234687E+17	1.011758E-6	0.000000E+0	7.575595E-6	2.134719E-4	0.000000E+0	0.000000E+0	0.000000E+0
1.711741E+2	-4.722186E+3	1.196000E+0	-2.714796E-18	5.985466E+14	1.552369E-6	0.000000E+0	7.666226E-6	2.114884E-4	0.000000E+0	0.000000E+0	0.000000E+0
1.482864E+2	-4.769143E+3	1.158000E+0	-1.980656E+17	2.858813E+16	5.005131E-8	0.000000E+0	6.513298E-6	2.094788E-4	0.000000E+0	0.000000E+0	0.000000E+0
1.577500E+2	-4.818149E+3	1.120000E+0	-4.023263E-18	5.325189E+16	-3.495137E-6	0.000000E+0	6.788028E-6	2.073263E-4	0.000000E+0	0.000000E+0	0.000000E+0
1.671204E+2	-4.869353E+3	1.082000E+0	2.579781E+17	4.568510E-19	1.097796E-7	0.000000E+0	7.040049E-6	2.051245E-4	0.000000E+0	0.000000E+0	0.000000E+0
1.593318E+2	-4.923563E+3	1.044000E+0	5.241928E+17	2.782928E-18	-8.817879E-7	0.000000E+0	6.565819E-6	2.028925E-4	0.000000E+0	0.000000E+0	0.000000E+0
1.594880E+2	-4.979928E+3	1.006000E+0	-2.658310E+17	-5.132058E+17	-1.362641E-6	0.000000E+0	6.424461E-6	2.006004E-4	0.000000E+0	0.000000E+0	0.000000E+0
1.549333E+2	-5.038982E+3	9.680000E-1	1.676928E-18	4.035830E-18	1.731561E-6	0.000000E+0	6.096054E-6	1.982653E-4	0.000000E+0	0.000000E+0	0.000000E+0
1.515615E+2	-5.100980E+3	9.300000E-1	4.020179E+17	1.832659E+17	-2.814595E-7	0.000000E+0	5.819671E-6	1.958678E-4	0.000000E+0	0.000000E+0	0.000000E+0
1.463679E+2	-5.165437E+3	8.920000E-1	9.225665E+16	1.907244E+17	2.591441E-7	0.000000E+0	5.481294E-6	1.934391E-4	0.000000E+0	0.000000E+0	0.000000E+0
1.448447E+2	-5.232862E+3	8.540000E-1	-4.075705E-18	1.659667E-18	-2.264624E-6	0.000000E+0	5.285565E-6	1.909537E-4	0.000000E+0	0.000000E+0	0.000000E+0
1.403918E+2	-5.303829E+3	8.160000E-1	5.364300E+17	-2.871878E+17	3.188652E-7	0.000000E+0	4.987220E-6	1.884110E-4	0.000000E+0	0.000000E+0	0.000000E+0
1.403518E+2	-5.377936E+3	7.780000E-1	4.333500E+17	8.421242E+16	1.370187E-6	0.000000E+0	4.849434E-6	1.858184E-4	0.000000E+0	0.000000E+0	0.000000E+0
1.192629E+2	-5.452468E+3	7.410000E-1	7.433461E+16	-3.421240E+17	-1.181215E-6	0.000000E+0	4.009695E-6	1.833155E-4	0.000000E+0	0.000000E+0	0.000000E+0
1.151143E+2	-5.535142E+3	7.030000E-1	-2.820974E+17	-3.573550E+17	1.402273E-6	0.000000E+0	3.755640E-6	1.805857E-4	0.000000E+0	0.000000E+0	0.000000E+0
1.255869E+2	-5.621604E+3	6.650000E-1	4.674714E-18	-5.707470E+17	-6.107512E-7	0.000000E+0	3.971981E-6	1.777964E-4	0.000000E+0	0.000000E+0	0.000000E+0
1.191733E+2	-5.712430E+3	6.270000E-1	-2.314515E+17	1.796536E+17	4.405701E-7	0.000000E+0	3.650465E-6	1.749807E-4	0.000000E+0	0.000000E+0	0.000000E+0
1.164268E+2	-5.807413E+3	5.890000E-1	-1.554615E+17	1.089529E+17	1.491888E-6	0.000000E+0	3.450746E-6	1.721245E-4	0.000000E+0	0.000000E+0	0.000000E+0
1.112573E+2	-5.907734E+3	5.510000E-1	2.547933E-18	-2.672116E+16	1.011034E-6	0.000000E+0	3.186637E-6	1.692096E-4	0.000000E+0	0.000000E+0	0.000000E+0
1.043428E+2	-6.013556E+3	5.130000E-1	-6.904434E-18	-8.375564E+16	-4.912763E-7	0.000000E+0	2.884490E-6	1.662409E-4	0.000000E+0	0.000000E+0	0.000000E+0
9.756592E+1	-6.125511E+3	4.750000E-1	-4.524462E+17	2.055148E+17	2.092216E-6	0.000000E+0	2.599581E-6	1.632103E-4	0.000000E+0	0.000000E+0	0.000000E+0
9.445117E+1	-6.244730E+3	4.370000E-1	-7.975154E-19	6.323277E-18	-1.452980E-6	0.000000E+0	2.421479E-6	1.600984E-4	0.000000E+0	0.000000E+0	0.000000E+0
9.384521E+1	-6.372232E+3	3.990000E-1	4.707193E+17	-3.632098E-18	2.151968E-6	0.000000E+0	2.310653E-6	1.568969E-4	0.000000E+0	0.000000E+0	0.000000E+0
9.367822E+1	-6.507646E+3	3.610000E-1	1.388541E-18	6.784133E-18	-8.825136E-7	0.000000E+0	2.211571E-6	1.536336E-4	0.000000E+0	0.000000E+0	0.000000E+0
7.746826E+1	-6.652950E+3	3.230000E-1	4.766215E-20	4.558806E+17	-8.526513E-7	0.000000E+0	1.749993E-6	1.502889E-4	0.000000E+0	0.000000E+0	0.000000E+0
7.450195E+1	-6.811607E+3	2.850000E-1	-3.851510E-18	-6.440443E-18	1.730839E-6	0.000000E+0	1.605523E-6	1.467907E-4	0.000000E+0	0.000000E+0	0.000000E+0
8.983936E+1	-6.983359E+3	2.470000E-1	-4.136209E+17	4.857998E-18	7.392728E-7	0.000000E+0	1.841900E-6	1.431739E-4	0.000000E+0	0.000000E+0	0.000000E+0
9.183447E+1	-7.175052E+3	2.090000E-1	4.155990E+17	-1.817843E+17	-7.630360E-7	0.000000E+0	1.783547E-6	1.393490E-4	0.000000E+0	0.000000E+0	0.000000E+0
9.516455E+1	-7.385206E+3	1.710000E-1	-3.194760E-18	5.558819E-18	-2.224315E-7	0.000000E+0	1.744528E-6	1.353834E-4	0.000000E+0	0.000000E+0	0.000000E+0
1.011016E+2	-7.618402E+3	1.330000E-1	-3.021231E-18	1.735786E-18	2.871773E-6	0.000000E+0	1.741622E-6	1.312380E-4	0.000000E+0	0.000000E+0	0.000000E+0
1.029121E+2	-7.878542E+3	9.500000E-2	4.697582E+17	-5.230656E+17	1.880206E-6	0.000000E+0	1.657680E-6	1.269054E-4	0.000000E+0	0.000000E+0	0.000000E+0
1.037124E+2	-8.169748E+3	5.700000E-2	-4.715212E+17	-5.436513E+17	4.463696E-6	0.000000E+0	1.553615E-6	1.223831E-4	0.000000E+0	0.000000E+0	0.000000E+0
1.146982E+2	-8.496520E+3	1.900000E-2	-3.093320E+17	4.406614E-18	-6.136985E-7	0.000000E+0	1.588530E-6	1.176738E-4	0.000000E+0	0.000000E+0	0.000000E+0
1.284917E+2	-8.871465E+3	-1.900000E-2	-9.427576E-19	-9.426377E-19	1.969820E-6	0.000000E+0	1.632275E-6	1.126973E-4	0.000000E+0	0.000000E+0	0.000000E+0
1.404990E+2	-9.304213E+3	-5.700000E-2	-4.717429E+17	-4.928282E+17	9.782252E-7	0.000000E+0	1.622613E-6	1.074537E-4	0.000000E+0	0.000000E+0	0.000000E+0
1.468911E+2	-9.818502E+3	-9.500000E-2	-2.949171E+17	-4.956124E-18	4.973731E-7	0.000000E+0	1.523379E-6	1.018257E-4	0.000000E+0	0.000000E+0	0.000000E+0
1.797109E+2	-1.045992E+4	-1.330000E-1	-1.478400E+17	2.700591E+17	3.591576E-6	0.000000E+0	1.642062E-6	9.557481E-5	0.000000E+0	0.000000E+0	0.000000E+0
2.146250E+2	-1.130524E+4	-1.710000E-1	-2.816971E+17	1.903750E-18	2.600011E-6	0.000000E+0	1.678666E-6	8.842269E-5	0.000000E+0	0.000000E+0	0.000000E+0
2.618271E+2	-1.251048E+4	-2.090000E-1	-1.696221E+17	-6.410774E-19	1.097701E-6	0.000000E+0	1.672155E-6	7.989799E-5	0.000000E+0	0.000000E+0	0.000000E+0
3.200127E+2	-1.437436E+4	-2.470000E-1	6.303170E-18	-1.599031E-19	1.127592E-6	0.000000E+0	1.548014E-6	6.953385E-5	0.000000E+0	0.000000E+0	0.000000E+0
4.436934E+2	-1.738079E+4	-2.850000E-1	-5.761072E+17	-4.172230E+17	1.157454E-6	0.000000E+0	1.467780E-6	5.749731E-5	0.000000E+0	0.000000E+0	0.000000E+0
6.363027E+2	-2.216046E+4	-3.230000E-1	-5.506670E-18	3.318154E+17	1.698059E-6	0.000000E+0	1.294638E-6	4.508824E-5	0.000000E+0	0.000000E+0	0.000000E+0
9.333223E+2	-2.915038E+4	-3.610000E-1	4.410889E+17	3.939340E-18	1.217179E-6	0.000000E+0	1.097231E-6	3.426974E-5	0.000000E+0	0.000000E+0	0.000000E+0
1.441711E+3	-3.733234E+4	-3.990000E-1	2.010006E+17	1.860550E+17	-7.958461E-7	0.000000E+0	1.032905E-6	2.674654E-5	0.000000E+0	0.000000E+0	0.000000E+0
2.265098E+3	-4.433895E+4	-4.370000E-1	-4.775830E-18	6.138991E-18	-7.659546E-7	0.000000E+0	1.149170E-6	2.249483E-5	0.000000E+0	0.000000E+0	0.000000E+0
3.347121E+3	-4.849152E+4	-4.750000E-1	-1.827512E-18	1.580559E+17	1.817534E-6	0.000000E+0	1.416692E-6	2.052438E-5	0.000000E+0	0.000000E+0	0.000000E+0
4.358234E+3	-5.107509E+4	-5.130000E-1	-7.964855E+16	-3.372652E-18	2.358112E-6	0.000000E+0	1.658600E-6	1.943749E-5	0.000000E+0	0.000000E+0	0.000000E+0
5.012773E+3	-5.400416E+4	-5.510000E-1	2.088264E+17	-2.196584E+17	3.450878E-7	0.000000E+0	1.704111E-6	1.835891E-5	0.000000E+0	0.000000E+0	0.000000E+0
5.229344E+3	-5.782043E+4	-5.890000E-1	-5.319197E+16	-3.553127E+17	-1.357657E-7	0.000000E+0	1.551482E-6	1.715461E-5	0.000000E+0	0.000000E+0	0.000000E+0
5.230527E+3	-6.227763E+4	-6.270000E-1	-1.183523E-18	-5.342346E-18	1.937009E-6	0.000000E+0	1.339148E-6	1.594466E-5	0.000000E+0	0.000000E+0	0.000000E+0
5.095836E+3	-6.677247E+4	-6.650000E-1	-5.203440E-18	3.830367E-18	2.988330E-6	0.000000E+0	1.136314E-6	1.488951E-5	0.000000E+0	0.000000E+0	0.000000E+0
5.047281E+3	-7.085444E+4	-7.030000E-1	2.540081E-19	-1.518024E+17	1.486020E-6	0.000000E+0	1.000288E-6	1.404219E-5	0.000000E+0	0.000000E+0	0.000000E+0
4.998844E+3	-7.449588E+4	-7.410000E-1	1.311717E+15	5.157902E-18	3.048051E-6	0.000000E+0	8.967140E-7	1.336339E-5	0.000000E+0	0.000000E+0	0.000000E+0
4.930039E+3	-7.790833E+4	-7.780000E-1	-1.006173E-18	-5.687810E-18	-1.546265E-6	0.000000E+0	8.089971E-7	1.278440E-5	0.000000E+0	0.000000E+0	0.000000E+0
4.938934E+3	-8.118025E+4	-8.160000E-1	-6.256276E-18	1.398985E+17	2.569428E-6	0.000000E+0	7.466687E-7	1.227284E-5	0.000000E+0	0.000000E+0	0.000000E+0
4.863363E+3	-8.424467E+4	-8.540000E-1	2.698511E+17	-3.360764E+17	-9.757969E-7	0.000000E+0	6.829783E-7	1.183076E-5	0.000000E+0	0.000000E+0	0.000000E+0
4.908297E+3	-8.708378E+4	-8.920000E-1	-4.014473E-19	-2.240669E+17	5.862639E-7	0.000000E+0	6.451769E-7	1.144683E-5	0.000000E+0	0.000000E+0	0.000000E+0
4.875875E+3	-8.993248E+4	-9.300000E-1	8.607197E+16	4.249670E-18	1.054104E-7	0.000000E+0	6.010972E-7	1.108686E-5	0.000000E+0	0.000000E+0	0.000000E+0
4.829258E+3	-9.268266E+4	-9.680000E-1	2.127762E-18	3.293656E+15	-2.929068E-6	0.000000E+0	5.606682E-7	1.076029E-5	0.000000E+0	0.000000E+0	0.000000E+0
4.806797E+3	-9.495022E+4	-1.006000E+0	-4.960950E+17	8.277014E+16	1.186592E-6	0.000000E+0	5.318048E-7	1.050491E-5	0.000000E+0	0.000000E+0	0.000000E+0
4.891711E+3	-9.739938E+4	-1.044000E+0	-6.504745E+16	2.346692E+17	1.950248E-7	0.000000E+0	5.143448E-7	1.024117E-5	0.000000E+0	0.000000E+0	0.000000E+0
4.832328E+3	-9.963114E+4	-1.082000E+0	5.291893E-18	5.135446E+17	1.246342E-6	0.000000E+0	4.856750E-7	1.001347E-5	0.000000E+0	0.000000E+0	0.000000E+0
4.721453E+3	-1.018204E+5	-1.120000E+0	-2.052875E-18	3.493290E-18	2.297660E-6	0.000000E+0	4.544365E-7	9.800142E-6	0.000000E+0	0.000000E+0	0.000000E+0
4.717391E+3	-1.037222E+5	-1.158000E+0	2.907620E+17	-1.496570E-18	1.816814E-6	0.000000E+0	4.375836E-7	9.621236E-6	0.000000E+0	0.000000E+0	0.000000E+0
4.829563E+3	-1.055048E+5	-1.196000E+0	4.284782E-18	4.664211E-18	-1.728447E-6	0.000000E+0	4.329665E-7	9.458422E-6	0.000000E+0	0.000000E+0	0.000000E+0
4.849063E+3	-1.074203E+5	-1.234000E+0	6.288344E-18	-3.929323E-18	-1.187836E-6	0.000000E+0	4.193736E-7	9.290296E-6	0.000000E+0	0.000000E+0	0.000000E+0
4.747305E+3	-1.088387E+5	-1.272000E+0	8.250878E-19	3.410070E-18	1.906395E-6	0.000000E+0	3.999954E-7	9.170461E-6	0.000000E+0	0.000000E+0	0.000000E+0
4.793320E+3	-1.101023E+5	-1.310000E+0	4.553607E+17	-2.686618E+17	2.446999E-6	0.000000E+0	3.946584E-7	9.065281E-6	0.000000E+0	0.000000E+0	0.000000E+0
4.784602E+3	-1.115319E+5	-1.348000E+0	2.517955E+17	3.793721E+16	1.455410E-6	0.000000E+0	3.839274E-7	8.949575E-6	0.000000E+0	0.000000E+0	0.000000E+0
4.854461E+3	-1.125058E+5	-1.386000E+0	-6.627991E-18	5.175899E+17	1.996013E-6	0.000000E+0	3.828101E-7	8.871913E-6	0.000000E+0	0.000000E+0	0.000000E+0
4.854617E+3	-1.133153E+5	-1.424000E+0	-5.704680E+17	6.512875E+16	-1.701119E-8	0.000000E+0	3.773823E-7	8.808766E-6	0.000000E+0	0.000000E+0	0.000000E+0
4.798508E+3	-1.139241E+5	-1.462000E+0	-4.691026E+17	6.906363E-18	5.235343E-7	0.000000E+0	3.690670E-7	8.762229E-6	0.000000E+0	0.000000E+0	0.000000E+0
4.780578E+3	-1.144479E+5	-1.500000E+0	-3.567381E+17	-4.286482E-18	2.085624E-6	0.000000E+0	3.643407E-7	8.722381E-6	0.000000E+0	0.000000E+0	0.000000E+0
