Real / Ohm	Ximag / Ohm	V_DC / V	I_a c / A	V_ac / V	I_DC / A
1.164146E+2	7.980003E-1	-2.000000E+0	-3.567381E+17	-4.286482E-18	-3.595924E-3	1.000000E+5	8.589584E-3	-5.887999E-5	0.000000E+0	0.000000E+0	0.000000E+0
1.524001E+2	2.824049E-1	-1.949000E+0	-4.691026E+17	6.906363E-18	-5.636659E-3	0.000000E+0	6.561653E-3	-1.215907E-5	0.000000E+0	0.000000E+0	0.000000E+0
1.649157E+2	5.179214E-2	-1.899000E+0	-5.704680E+17	6.512875E+16	-5.592587E-3	0.000000E+0	6.063703E-3	-1.904319E-6	0.000000E+0	0.000000E+0	0.000000E+0
1.744182E+2	1.959667E-1	-1.848000E+0	-6.627991E-18	5.175899E+17	-5.097575E-3	0.000000E+0	5.733339E-3	-6.441665E-6	0.000000E+0	0.000000E+0	0.000000E+0
1.877406E+2	1.532421E-1	-1.797000E+0	2.517955E+17	3.793721E+16	-4.868648E-3	0.000000E+0	5.326495E-3	-4.347718E-6	0.000000E+0	0.000000E+0	0.000000E+0
1.998094E+2	3.087540E-1	-1.747000E+0	4.553607E+17	-2.686618E+17	-4.592197E-3	0.000000E+0	5.004758E-3	-7.733565E-6	0.000000E+0	0.000000E+0	0.000000E+0
2.032690E+2	1.002398E+0	-1.696000E+0	8.250878E-19	3.410070E-18	-4.343865E-3	0.000000E+0	4.919470E-3	-2.425981E-5	0.000000E+0	0.000000E+0	0.000000E+0
2.082306E+2	1.454248E+0	-1.646000E+0	6.288344E-18	-3.929323E-18	-4.132787E-3	0.000000E+0	4.802134E-3	-3.353731E-5	0.000000E+0	0.000000E+0	0.000000E+0
2.197164E+2	6.349163E-1	-1.595000E+0	4.284782E-18	4.664211E-18	-3.900286E-3	0.000000E+0	4.551284E-3	-1.315188E-5	0.000000E+0	0.000000E+0	0.000000E+0
2.335687E+2	-3.671055E-1	-1.544000E+0	2.907620E+17	-1.496570E-18	-3.695875E-3	0.000000E+0	4.281385E-3	6.729155E-6	0.000000E+0	0.000000E+0	0.000000E+0
2.389761E+2	-5.661449E-1	-1.494000E+0	-2.052875E-18	3.493290E-18	-3.496032E-3	0.000000E+0	4.184495E-3	9.913254E-6	0.000000E+0	0.000000E+0	0.000000E+0
2.483138E+2	-1.164209E+0	-1.443000E+0	5.291893E-18	5.135446E+17	-3.311540E-3	0.000000E+0	4.027074E-3	1.888077E-5	0.000000E+0	0.000000E+0	0.000000E+0
2.554723E+2	-1.645027E+0	-1.392000E+0	-6.504745E+16	2.346692E+17	-3.111214E-3	0.000000E+0	3.914156E-3	2.520388E-5	0.000000E+0	0.000000E+0	0.000000E+0
2.667348E+2	-2.424374E+0	-1.342000E+0	-4.960950E+17	8.277014E+16	-2.946101E-3	0.000000E+0	3.748732E-3	3.407253E-5	0.000000E+0	0.000000E+0	0.000000E+0
2.993704E+2	-4.476154E+0	-1.291000E+0	2.127762E-18	3.293656E+15	-2.748840E-3	0.000000E+0	3.339597E-3	4.993329E-5	0.000000E+0	0.000000E+0	0.000000E+0
3.403369E+2	-7.863205E+0	-1.241000E+0	8.607197E+16	4.249670E-18	-2.588835E-3	0.000000E+0	2.936697E-3	6.784998E-5	0.000000E+0	0.000000E+0	0.000000E+0
3.891389E+2	-1.303654E+1	-1.190000E+0	-4.014473E-19	-2.240669E+17	-2.453882E-3	0.000000E+0	2.566896E-3	8.599356E-5	0.000000E+0	0.000000E+0	0.000000E+0
4.300025E+2	-1.862944E+1	-1.139000E+0	2.698511E+17	-3.360764E+17	-2.317398E-3	0.000000E+0	2.321211E-3	1.005642E-4	0.000000E+0	0.000000E+0	0.000000E+0
4.691147E+2	-2.515579E+1	-1.089000E+0	-6.256276E-18	1.398985E+17	-2.221744E-3	0.000000E+0	2.125563E-3	1.139811E-4	0.000000E+0	0.000000E+0	0.000000E+0
5.044490E+2	-3.192400E+1	-1.038000E+0	-1.006173E-18	-5.687810E-18	-2.120499E-3	0.000000E+0	1.974453E-3	1.249531E-4	0.000000E+0	0.000000E+0	0.000000E+0
5.215770E+2	-3.664004E+1	-9.870000E-1	1.311717E+15	5.157902E-18	-2.014658E-3	0.000000E+0	1.907847E-3	1.340236E-4	0.000000E+0	0.000000E+0	0.000000E+0
5.200643E+2	-3.852222E+1	-9.370000E-1	2.540081E-19	-1.518024E+17	-1.914407E-3	0.000000E+0	1.912347E-3	1.416514E-4	0.000000E+0	0.000000E+0	0.000000E+0
5.069739E+2	-3.819904E+1	-8.860000E-1	-5.203440E-18	3.830367E-18	-1.817248E-3	0.000000E+0	1.961353E-3	1.477824E-4	0.000000E+0	0.000000E+0	0.000000E+0
4.874963E+2	-3.668692E+1	-8.350000E-1	-1.183523E-18	-5.342346E-18	-1.713450E-3	0.000000E+0	2.039746E-3	1.535027E-4	0.000000E+0	0.000000E+0	0.000000E+0
4.701794E+2	-3.465327E+1	-7.850000E-1	-5.319197E+16	-3.553127E+17	-1.632606E-3	0.000000E+0	2.115357E-3	1.559065E-4	0.000000E+0	0.000000E+0	0.000000E+0
4.532498E+2	-3.325459E+1	-7.340000E-1	2.088264E+17	-2.196584E+17	-1.501229E-3	0.000000E+0	2.194476E-3	1.610070E-4	0.000000E+0	0.000000E+0	0.000000E+0
4.439331E+2	-3.240709E+1	-6.840000E-1	-7.964855E+16	-3.372652E-18	-1.398425E-3	0.000000E+0	2.240651E-3	1.635674E-4	0.000000E+0	0.000000E+0	0.000000E+0
4.368427E+2	-3.240251E+1	-6.330000E-1	-1.827512E-18	1.580559E+17	-1.283391E-3	0.000000E+0	2.276628E-3	1.688673E-4	0.000000E+0	0.000000E+0	0.000000E+0
4.347631E+2	-3.297064E+1	-5.820000E-1	-4.775830E-18	6.138991E-18	-1.164271E-3	0.000000E+0	2.286951E-3	1.734329E-4	0.000000E+0	0.000000E+0	0.000000E+0
4.361378E+2	-3.403726E+1	-5.320000E-1	2.010006E+17	1.860550E+17	-1.061466E-3	0.000000E+0	2.278973E-3	1.778566E-4	0.000000E+0	0.000000E+0	0.000000E+0
4.424459E+2	-3.561465E+1	-4.810000E-1	4.410889E+17	3.939340E-18	-9.515390E-4	0.000000E+0	2.245613E-3	1.807605E-4	0.000000E+0	0.000000E+0	0.000000E+0
4.495090E+2	-3.755672E+1	-4.300000E-1	-5.506670E-18	3.318154E+17	-8.405908E-4	0.000000E+0	2.209228E-3	1.845822E-4	0.000000E+0	0.000000E+0	0.000000E+0
4.563852E+2	-3.959075E+1	-3.800000E-1	-5.761072E+17	-4.172230E+17	-7.270609E-4	0.000000E+0	2.174766E-3	1.886578E-4	0.000000E+0	0.000000E+0	0.000000E+0
4.630190E+2	-4.185034E+1	-3.290000E-1	6.303170E-18	-1.599031E-19	-6.242841E-4	0.000000E+0	2.142237E-3	1.936278E-4	0.000000E+0	0.000000E+0	0.000000E+0
4.731696E+2	-4.463632E+1	-2.780000E-1	-1.696221E+17	-6.410774E-19	-5.230395E-4	0.000000E+0	2.094766E-3	1.976091E-4	0.000000E+0	0.000000E+0	0.000000E+0
4.868677E+2	-4.789822E+1	-2.280000E-1	-2.816971E+17	1.903750E-18	-4.273852E-4	0.000000E+0	2.034257E-3	2.001309E-4	0.000000E+0	0.000000E+0	0.000000E+0
4.966620E+2	-5.149458E+1	-1.770000E-1	-1.478400E+17	2.700591E+17	-3.225656E-4	0.000000E+0	1.992028E-3	2.065361E-4	0.000000E+0	0.000000E+0	0.000000E+0
5.121760E+2	-5.580200E+1	-1.270000E-1	-2.949171E+17	-4.956124E-18	-2.309969E-4	0.000000E+0	1.929550E-3	2.102260E-4	0.000000E+0	0.000000E+0	0.000000E+0
5.302998E+2	-6.179716E+1	-7.600000E-2	-4.717429E+17	-4.928282E+17	-1.312845E-4	0.000000E+0	1.860461E-3	2.168042E-4	0.000000E+0	0.000000E+0	0.000000E+0
5.564437E+2	-7.086049E+1	-2.500000E-2	-9.427576E-19	-9.426377E-19	-4.331869E-5	0.000000E+0	1.768448E-3	2.252036E-4	0.000000E+0	0.000000E+0	0.000000E+0
5.806954E+2	-7.933144E+1	2.500000E-2	-3.093320E+17	4.406614E-18	4.161044E-5	0.000000E+0	1.690522E-3	2.309499E-4	0.000000E+0	0.000000E+0	0.000000E+0
5.864541E+2	-8.217894E+1	7.600000E-2	-4.715212E+17	-5.436513E+17	1.260011E-4	0.000000E+0	1.672326E-3	2.343405E-4	0.000000E+0	0.000000E+0	0.000000E+0
5.771599E+2	-7.967973E+1	1.270000E-1	4.697582E+17	-5.230656E+17	2.068168E-4	0.000000E+0	1.700217E-3	2.347233E-4	0.000000E+0	0.000000E+0	0.000000E+0
5.611642E+2	-7.492305E+1	1.770000E-1	-3.021231E-18	1.735786E-18	2.927673E-4	0.000000E+0	1.750800E-3	2.337556E-4	0.000000E+0	0.000000E+0	0.000000E+0
5.415492E+2	-6.950562E+1	2.280000E-1	-3.194760E-18	5.558819E-18	3.822653E-4	0.000000E+0	1.816630E-3	2.331570E-4	0.000000E+0	0.000000E+0	0.000000E+0
5.222769E+2	-6.457413E+1	2.780000E-1	4.155990E+17	-1.817843E+17	4.758767E-4	0.000000E+0	1.885864E-3	2.331676E-4	0.000000E+0	0.000000E+0	0.000000E+0
5.064008E+2	-5.979738E+1	3.290000E-1	-4.136209E+17	4.857998E-18	5.715033E-4	0.000000E+0	1.947564E-3	2.299744E-4	0.000000E+0	0.000000E+0	0.000000E+0
4.892282E+2	-5.547466E+1	3.800000E-1	-3.851510E-18	-6.440443E-18	6.666193E-4	0.000000E+0	2.018088E-3	2.288354E-4	0.000000E+0	0.000000E+0	0.000000E+0
4.741157E+2	-5.173238E+1	4.300000E-1	4.766215E-20	4.558806E+17	7.663593E-4	0.000000E+0	2.084374E-3	2.274331E-4	0.000000E+0	0.000000E+0	0.000000E+0
4.605087E+2	-4.871657E+1	4.810000E-1	1.388541E-18	6.784133E-18	8.716896E-4	0.000000E+0	2.147479E-3	2.271788E-4	0.000000E+0	0.000000E+0	0.000000E+0
4.469023E+2	-4.615910E+1	5.320000E-1	4.707193E+17	-3.632098E-18	9.790629E-4	0.000000E+0	2.214006E-3	2.286776E-4	0.000000E+0	0.000000E+0	0.000000E+0
4.399001E+2	-4.398610E+1	5.820000E-1	-7.975154E-19	6.323277E-18	1.094125E-3	0.000000E+0	2.250740E-3	2.250540E-4	0.000000E+0	0.000000E+0	0.000000E+0
4.302562E+2	-4.208238E+1	6.330000E-1	-4.524462E+17	2.055148E+17	1.196902E-3	0.000000E+0	2.302173E-3	2.251703E-4	0.000000E+0	0.000000E+0	0.000000E+0
4.214172E+2	-4.021400E+1	6.840000E-1	-6.904434E-18	-8.375564E+16	1.310403E-3	0.000000E+0	2.351532E-3	2.243964E-4	0.000000E+0	0.000000E+0	0.000000E+0
4.107817E+2	-3.847557E+1	7.340000E-1	2.547933E-18	-2.672116E+16	1.433126E-3	0.000000E+0	2.413212E-3	2.260317E-4	0.000000E+0	0.000000E+0	0.000000E+0
4.057428E+2	-3.721008E+1	7.850000E-1	-1.554615E+17	1.089529E+17	1.551735E-3	0.000000E+0	2.444060E-3	2.241412E-4	0.000000E+0	0.000000E+0	0.000000E+0
3.969398E+2	-3.580234E+1	8.350000E-1	-2.314515E+17	1.796536E+17	1.663222E-3	0.000000E+0	2.498944E-3	2.253945E-4	0.000000E+0	0.000000E+0	0.000000E+0
3.931411E+2	-3.445827E+1	8.860000E-1	4.674714E-18	-5.707470E+17	1.795110E-3	0.000000E+0	2.524224E-3	2.212447E-4	0.000000E+0	0.000000E+0	0.000000E+0
3.862256E+2	-3.280252E+1	9.370000E-1	-2.820974E+17	-3.573550E+17	1.911677E-3	0.000000E+0	2.570618E-3	2.183251E-4	0.000000E+0	0.000000E+0	0.000000E+0
3.799787E+2	-3.155151E+1	9.870000E-1	7.433461E+16	-3.421240E+17	2.040528E-3	0.000000E+0	2.613705E-3	2.170289E-4	0.000000E+0	0.000000E+0	0.000000E+0
3.699510E+2	-2.930814E+1	1.038000E+0	4.333500E+17	8.421242E+16	2.168841E-3	0.000000E+0	2.686202E-3	2.128054E-4	0.000000E+0	0.000000E+0	0.000000E+0
3.790957E+2	-3.237263E+1	1.089000E+0	5.364300E+17	-2.871878E+17	2.311454E-3	0.000000E+0	2.618760E-3	2.236273E-4	0.000000E+0	0.000000E+0	0.000000E+0
3.703500E+2	-3.045331E+1	1.139000E+0	-4.075705E-18	1.659667E-18	2.200776E-3	0.000000E+0	2.682014E-3	2.205379E-4	0.000000E+0	0.000000E+0	0.000000E+0
3.632321E+2	-2.883033E+1	1.190000E+0	9.225665E+16	1.907244E+17	2.312745E-3	0.000000E+0	2.735825E-3	2.171470E-4	0.000000E+0	0.000000E+0	0.000000E+0
3.513914E+2	-2.615950E+1	1.241000E+0	4.020179E+17	1.832659E+17	2.398668E-3	0.000000E+0	2.830144E-3	2.106914E-4	0.000000E+0	0.000000E+0	0.000000E+0
3.402304E+2	-2.412242E+1	1.291000E+0	1.676928E-18	4.035830E-18	2.483597E-3	0.000000E+0	2.924484E-3	2.073466E-4	0.000000E+0	0.000000E+0	0.000000E+0
3.268907E+2	-2.152651E+1	1.342000E+0	-2.658310E+17	-5.132058E+17	2.636425E-3	0.000000E+0	3.045918E-3	2.005807E-4	0.000000E+0	0.000000E+0	0.000000E+0
3.064630E+2	-1.881396E+1	1.392000E+0	5.241928E+17	2.782928E-18	2.766809E-3	0.000000E+0	3.250785E-3	1.995678E-4	0.000000E+0	0.000000E+0	0.000000E+0
3.010312E+2	-1.806080E+1	1.443000E+0	2.579781E+17	4.568510E-19	2.973774E-3	0.000000E+0	3.310000E-3	1.985882E-4	0.000000E+0	0.000000E+0	0.000000E+0
2.899180E+2	-1.689262E+1	1.494000E+0	-4.023263E-18	5.325189E+16	3.104640E-3	0.000000E+0	3.437580E-3	2.002971E-4	0.000000E+0	0.000000E+0	0.000000E+0
2.832929E+2	-1.545407E+1	1.544000E+0	-1.980656E+17	2.858813E+16	3.249835E-3	0.000000E+0	3.519442E-3	1.919911E-4	0.000000E+0	0.000000E+0	0.000000E+0
2.789135E+2	-1.394777E+1	1.595000E+0	-2.714796E-18	5.985466E+14	3.375594E-3	0.000000E+0	3.576397E-3	1.788467E-4	0.000000E+0	0.000000E+0	0.000000E+0
2.727424E+2	-1.272160E+1	1.646000E+0	5.785012E-19	5.234687E+17	3.514122E-3	0.000000E+0	3.658504E-3	1.706446E-4	0.000000E+0	0.000000E+0	0.000000E+0
2.687787E+2	-1.431623E+1	1.696000E+0	-2.373659E+17	1.295985E-19	3.596497E-3	0.000000E+0	3.710007E-3	1.976099E-4	0.000000E+0	0.000000E+0	0.000000E+0
2.596105E+2	-1.447731E+1	1.747000E+0	-5.351627E-18	2.391872E+17	3.705913E-3	0.000000E+0	3.839983E-3	2.141386E-4	0.000000E+0	0.000000E+0	0.000000E+0
2.526150E+2	-1.342082E+1	1.797000E+0	2.587907E+17	1.873793E-18	3.863876E-3	0.000000E+0	3.947451E-3	2.097185E-4	0.000000E+0	0.000000E+0	0.000000E+0
2.373745E+2	-1.519160E+1	1.848000E+0	-3.127958E+17	-9.739241E-19	3.922731E-3	0.000000E+0	4.195568E-3	2.685099E-4	0.000000E+0	0.000000E+0	0.000000E+0
2.320253E+2	-9.299198E+0	1.899000E+0	6.653843E-18	-4.395667E+17	4.114373E-3	0.000000E+0	4.302963E-3	1.724558E-4	0.000000E+0	0.000000E+0	0.000000E+0
2.155689E+2	-4.562166E+0	1.949000E+0	-1.571544E-18	-4.190346E+17	4.609925E-3	0.000000E+0	4.636811E-3	9.813059E-5	0.000000E+0	0.000000E+0	0.000000E+0
2.261512E+2	-5.999557E+0	2.000000E+0	-9.275714E-19	-3.780201E-18	4.501262E-3	0.000000E+0	4.418711E-3	1.172238E-4	0.000000E+0	0.000000E+0	0.000000E+0
