Real / Ohm	Ximag / Ohm	V_DC / V	I_a c / A	V_ac / V	I_DC / A
6.742695E+2	-1.204052E+4	-2.500000E+0	-3.567381E+17	-4.286482E-18	1.662062E-6	1.000000E+7	4.636425E-6	8.279325E-5	0.000000E+0	0.000000E+0	0.000000E+0
6.578965E+2	-1.159985E+4	-2.437000E+0	-4.691026E+17	6.906363E-18	1.451219E-6	0.000000E+0	4.873692E-6	8.593160E-5	0.000000E+0	0.000000E+0	0.000000E+0
6.738350E+2	-1.111995E+4	-2.373000E+0	-5.704680E+17	6.512875E+16	1.212771E-6	0.000000E+0	5.429453E-6	8.959945E-5	0.000000E+0	0.000000E+0	0.000000E+0
6.921436E+2	-1.062488E+4	-2.310000E+0	-6.627991E-18	5.175899E+17	5.087772E-6	0.000000E+0	6.105328E-6	9.372099E-5	0.000000E+0	0.000000E+0	0.000000E+0
6.933950E+2	-1.009752E+4	-2.247000E+0	2.517955E+17	3.793721E+16	2.804591E-7	0.000000E+0	6.768745E-6	9.856941E-5	0.000000E+0	0.000000E+0	0.000000E+0
7.032349E+2	-9.540693E+3	-2.184000E+0	4.553607E+17	-2.686618E+17	3.133973E-6	0.000000E+0	7.684001E-6	1.042478E-4	0.000000E+0	0.000000E+0	0.000000E+0
7.063291E+2	-8.921346E+3	-2.120000E+0	8.250878E-19	3.410070E-18	4.427668E-6	0.000000E+0	8.819268E-6	1.113925E-4	0.000000E+0	0.000000E+0	0.000000E+0
7.411777E+2	-8.304732E+3	-2.057000E+0	6.288344E-18	-3.929323E-18	1.152541E-6	0.000000E+0	1.066168E-5	1.194617E-4	0.000000E+0	0.000000E+0	0.000000E+0
7.430107E+2	-7.930640E+3	-1.994000E+0	4.284782E-18	4.664211E-18	9.417199E-7	0.000000E+0	1.171071E-5	1.249961E-4	0.000000E+0	0.000000E+0	0.000000E+0
7.506802E+2	-7.767923E+3	-1.930000E+0	2.907620E+17	-1.496570E-18	3.256901E-6	0.000000E+0	1.232560E-5	1.275434E-4	0.000000E+0	0.000000E+0	0.000000E+0
7.587490E+2	-7.598154E+3	-1.867000E+0	-2.052875E-18	3.493290E-18	1.003209E-6	0.000000E+0	1.301286E-5	1.303115E-4	0.000000E+0	0.000000E+0	0.000000E+0
7.615918E+2	-7.382185E+3	-1.804000E+0	5.291893E-18	5.135446E+17	3.346009E-6	0.000000E+0	1.382785E-5	1.340347E-4	0.000000E+0	0.000000E+0	0.000000E+0
7.605508E+2	-7.127196E+3	-1.741000E+0	-6.504745E+16	2.346692E+17	2.624460E-6	0.000000E+0	1.480380E-5	1.387279E-4	0.000000E+0	0.000000E+0	0.000000E+0
7.484150E+2	-6.828148E+3	-1.677000E+0	-4.960950E+17	8.277014E+16	3.431051E-7	0.000000E+0	1.586172E-5	1.447140E-4	0.000000E+0	0.000000E+0	0.000000E+0
7.064155E+2	-6.523446E+3	-1.614000E+0	2.127762E-18	3.293656E+15	2.175177E-6	0.000000E+0	1.640752E-5	1.515165E-4	0.000000E+0	0.000000E+0	0.000000E+0
6.245681E+2	-6.185931E+3	-1.551000E+0	8.607197E+16	4.249670E-18	2.985835E-6	0.000000E+0	1.615715E-5	1.600258E-4	0.000000E+0	0.000000E+0	0.000000E+0
5.138569E+2	-5.813360E+3	-1.487000E+0	-4.014473E-19	-2.240669E+17	1.725966E-6	0.000000E+0	1.508717E-5	1.706840E-4	0.000000E+0	0.000000E+0	0.000000E+0
4.034731E+2	-5.423420E+3	-1.424000E+0	2.698511E+17	-3.360764E+17	2.536559E-6	0.000000E+0	1.364178E-5	1.833706E-4	0.000000E+0	0.000000E+0	0.000000E+0
3.635188E+2	-4.940466E+3	-1.361000E+0	-6.256276E-18	1.398985E+17	4.879410E-6	0.000000E+0	1.481311E-5	2.013201E-4	0.000000E+0	0.000000E+0	0.000000E+0
3.316145E+2	-4.336201E+3	-1.297000E+0	-1.006173E-18	-5.687810E-18	-4.662870E-7	0.000000E+0	1.753404E-5	2.292757E-4	0.000000E+0	0.000000E+0	0.000000E+0
3.390020E+2	-3.635182E+3	-1.234000E+0	1.311717E+15	5.157902E-18	-1.664084E-7	0.000000E+0	2.543252E-5	2.727177E-4	0.000000E+0	0.000000E+0	0.000000E+0
3.700660E+2	-2.962271E+3	-1.171000E+0	2.540081E-19	-1.518024E+17	6.442715E-7	0.000000E+0	4.152447E-5	3.323913E-4	0.000000E+0	0.000000E+0	0.000000E+0
4.034962E+2	-2.380236E+3	-1.108000E+0	-5.203440E-18	3.830367E-18	5.030015E-6	0.000000E+0	6.923013E-5	4.083906E-4	0.000000E+0	0.000000E+0	0.000000E+0
4.242438E+2	-1.923513E+3	-1.044000E+0	-1.183523E-18	-5.342346E-18	1.216453E-6	0.000000E+0	1.093444E-4	4.957655E-4	0.000000E+0	0.000000E+0	0.000000E+0
4.414229E+2	-1.619066E+3	-9.810000E-1	-5.319197E+16	-3.553127E+17	-5.265210E-7	0.000000E+0	1.567426E-4	5.749057E-4	0.000000E+0	0.000000E+0	0.000000E+0
3.261587E+2	-1.449989E+3	-9.180000E-1	2.088264E+17	-2.196584E+17	-1.248041E-6	0.000000E+0	1.476601E-4	6.564459E-4	0.000000E+0	0.000000E+0	0.000000E+0
1.944194E+2	-1.267727E+3	-8.540000E-1	-7.964855E+16	-3.372652E-18	5.563743E-7	0.000000E+0	1.181931E-4	7.706872E-4	0.000000E+0	0.000000E+0	0.000000E+0
1.344473E+2	-1.127440E+3	-7.910000E-1	-1.827512E-18	1.580559E+17	1.367025E-6	0.000000E+0	1.042876E-4	8.745289E-4	0.000000E+0	0.000000E+0	0.000000E+0
8.636469E+1	-1.030797E+3	-7.280000E-1	-4.775830E-18	6.138991E-18	1.666962E-6	0.000000E+0	8.071456E-5	9.633605E-4	0.000000E+0	0.000000E+0	0.000000E+0
1.018341E+2	-9.595116E+2	-6.650000E-1	2.010006E+17	1.860550E+17	-7.601193E-8	0.000000E+0	1.093776E-4	1.030589E-3	0.000000E+0	0.000000E+0	0.000000E+0
8.806427E+1	-9.062412E+2	-6.010000E-1	4.410889E+17	3.939340E-18	2.239143E-6	0.000000E+0	1.062259E-4	1.093136E-3	0.000000E+0	0.000000E+0	0.000000E+0
8.292725E+1	-8.656747E+2	-5.380000E-1	-5.506670E-18	3.318154E+17	-1.457374E-8	0.000000E+0	1.096530E-4	1.144664E-3	0.000000E+0	0.000000E+0	0.000000E+0
8.233362E+1	-8.320416E+2	-4.750000E-1	-5.761072E+17	-4.172230E+17	2.853631E-7	0.000000E+0	1.177756E-4	1.190209E-3	0.000000E+0	0.000000E+0	0.000000E+0
7.702878E+1	-8.027214E+2	-4.110000E-1	6.303170E-18	-1.599031E-19	-1.996021E-6	0.000000E+0	1.184520E-4	1.234396E-3	0.000000E+0	0.000000E+0	0.000000E+0
6.774783E+1	-7.776207E+2	-3.480000E-1	-1.696221E+17	-6.410774E-19	8.575153E-7	0.000000E+0	1.111926E-4	1.276287E-3	0.000000E+0	0.000000E+0	0.000000E+0
6.484567E+1	-7.552623E+2	-2.850000E-1	-2.816971E+17	1.903750E-18	2.689625E-6	0.000000E+0	1.128485E-4	1.314354E-3	0.000000E+0	0.000000E+0	0.000000E+0
6.641937E+1	-7.343051E+2	-2.220000E-1	-1.478400E+17	2.700591E+17	-7.480776E-8	0.000000E+0	1.221808E-4	1.350780E-3	0.000000E+0	0.000000E+0	0.000000E+0
6.539371E+1	-7.147264E+2	-1.580000E-1	-2.949171E+17	-4.956124E-18	7.081780E-7	0.000000E+0	1.269509E-4	1.387521E-3	0.000000E+0	0.000000E+0	0.000000E+0
6.378357E+1	-6.972974E+2	-9.500000E-2	-4.717429E+17	-4.928282E+17	2.029544E-6	0.000000E+0	1.300930E-4	1.422208E-3	0.000000E+0	0.000000E+0	0.000000E+0
4.276367E+1	-6.810718E+2	-3.200000E-2	-9.427576E-19	-9.426377E-19	7.972819E-7	0.000000E+0	9.182911E-5	1.462508E-3	0.000000E+0	0.000000E+0	0.000000E+0
6.604880E+1	-6.654094E+2	3.200000E-2	-3.093320E+17	4.406614E-18	-9.733601E-7	0.000000E+0	1.477165E-4	1.488172E-3	0.000000E+0	0.000000E+0	0.000000E+0
6.115143E+1	-6.506899E+2	9.500000E-2	-4.715212E+17	-5.436513E+17	8.587490E-7	0.000000E+0	1.431659E-4	1.523376E-3	0.000000E+0	0.000000E+0	0.000000E+0
6.224945E+1	-6.369004E+2	1.580000E-1	4.697582E+17	-5.230656E+17	-8.842271E-7	0.000000E+0	1.520070E-4	1.555247E-3	0.000000E+0	0.000000E+0	0.000000E+0
6.490875E+1	-6.241348E+2	2.220000E-1	-3.021231E-18	1.735786E-18	2.452387E-6	0.000000E+0	1.648445E-4	1.585074E-3	0.000000E+0	0.000000E+0	0.000000E+0
6.470789E+1	-6.122083E+2	2.850000E-1	-3.194760E-18	5.558819E-18	-3.120458E-7	0.000000E+0	1.707395E-4	1.615385E-3	0.000000E+0	0.000000E+0	0.000000E+0
5.726682E+1	-6.006958E+2	3.480000E-1	4.155990E+17	-1.817843E+17	-1.544307E-6	0.000000E+0	1.572768E-4	1.649742E-3	0.000000E+0	0.000000E+0	0.000000E+0
5.821783E+1	-5.899098E+2	4.110000E-1	-4.136209E+17	4.857998E-18	1.819972E-6	0.000000E+0	1.656820E-4	1.678823E-3	0.000000E+0	0.000000E+0	0.000000E+0
6.234528E+1	-5.803248E+2	4.750000E-1	-3.851510E-18	-6.440443E-18	5.600450E-7	0.000000E+0	1.830112E-4	1.703512E-3	0.000000E+0	0.000000E+0	0.000000E+0
6.089145E+1	-5.707367E+2	5.380000E-1	4.766215E-20	4.558806E+17	8.599818E-7	0.000000E+0	1.848286E-4	1.732402E-3	0.000000E+0	0.000000E+0	0.000000E+0
5.777139E+1	-5.613202E+2	6.010000E-1	1.388541E-18	6.784133E-18	1.159893E-6	0.000000E+0	1.814326E-4	1.762841E-3	0.000000E+0	0.000000E+0	0.000000E+0
3.865063E+1	-5.528551E+2	6.650000E-1	4.707193E+17	-3.632098E-18	-6.107512E-7	0.000000E+0	1.258394E-4	1.799995E-3	0.000000E+0	0.000000E+0	0.000000E+0
6.591843E+1	-5.458110E+2	7.280000E-1	-7.975154E-19	6.323277E-18	-2.353725E-6	0.000000E+0	2.180889E-4	1.805797E-3	0.000000E+0	0.000000E+0	0.000000E+0
6.078195E+1	-5.377883E+2	7.910000E-1	-4.524462E+17	2.055148E+17	4.998110E-7	0.000000E+0	2.075102E-4	1.836015E-3	0.000000E+0	0.000000E+0	0.000000E+0
6.152014E+1	-5.305627E+2	8.540000E-1	-6.904434E-18	-8.375564E+16	-2.217093E-7	0.000000E+0	2.156471E-4	1.859787E-3	0.000000E+0	0.000000E+0	0.000000E+0
6.478348E+1	-5.241570E+2	9.180000E-1	2.547933E-18	-2.672116E+16	5.612783E-7	0.000000E+0	2.322509E-4	1.879120E-3	0.000000E+0	0.000000E+0	0.000000E+0
6.233536E+1	-5.182026E+2	9.810000E-1	-1.554615E+17	1.089529E+17	-2.713870E-6	0.000000E+0	2.288211E-4	1.902222E-3	0.000000E+0	0.000000E+0	0.000000E+0
5.862268E+1	-5.119979E+2	1.044000E+0	-2.314515E+17	1.796536E+17	-1.392502E-6	0.000000E+0	2.207358E-4	1.927859E-3	0.000000E+0	0.000000E+0	0.000000E+0
6.156476E+1	-5.065629E+2	1.108000E+0	4.674714E-18	-5.707470E+17	-1.630979E-6	0.000000E+0	2.364273E-4	1.945354E-3	0.000000E+0	0.000000E+0	0.000000E+0
6.258118E+1	-5.017360E+2	1.171000E+0	-2.820974E+17	-3.573550E+17	-3.373949E-6	0.000000E+0	2.447872E-4	1.962548E-3	0.000000E+0	0.000000E+0	0.000000E+0
6.049234E+1	-4.964353E+2	1.234000E+0	7.433461E+16	-3.421240E+17	-1.541870E-6	0.000000E+0	2.418655E-4	1.984889E-3	0.000000E+0	0.000000E+0	0.000000E+0
5.912561E+1	-4.912292E+2	1.297000E+0	4.333500E+17	8.421242E+16	-7.312192E-7	0.000000E+0	2.415242E-4	2.006639E-3	0.000000E+0	0.000000E+0	0.000000E+0
4.623666E+1	-4.874417E+2	1.361000E+0	5.364300E+17	-2.871878E+17	-1.991146E-6	0.000000E+0	1.928639E-4	2.033233E-3	0.000000E+0	0.000000E+0	0.000000E+0
6.595383E+1	-4.827165E+2	1.424000E+0	-4.075705E-18	1.659667E-18	-2.201952E-6	0.000000E+0	2.778581E-4	2.033645E-3	0.000000E+0	0.000000E+0	0.000000E+0
6.098657E+1	-4.781470E+2	1.487000E+0	9.225665E+16	1.907244E+17	-8.805582E-7	0.000000E+0	2.624840E-4	2.057928E-3	0.000000E+0	0.000000E+0	0.000000E+0
6.239972E+1	-4.738154E+2	1.551000E+0	4.020179E+17	1.832659E+17	1.434571E-6	0.000000E+0	2.732099E-4	2.074546E-3	0.000000E+0	0.000000E+0	0.000000E+0
6.432126E+1	-4.699982E+2	1.614000E+0	1.676928E-18	4.035830E-18	-8.191128E-7	0.000000E+0	2.858271E-4	2.088551E-3	0.000000E+0	0.000000E+0	0.000000E+0
6.188129E+1	-4.660773E+2	1.677000E+0	-2.658310E+17	-5.132058E+17	-2.051383E-6	0.000000E+0	2.799332E-4	2.108400E-3	0.000000E+0	0.000000E+0	0.000000E+0
5.941681E+1	-4.617812E+2	1.741000E+0	5.241928E+17	2.782928E-18	7.745184E-7	0.000000E+0	2.740979E-4	2.130260E-3	0.000000E+0	0.000000E+0	0.000000E+0
6.178122E+1	-4.584271E+2	1.804000E+0	2.579781E+17	4.568510E-19	5.296897E-8	0.000000E+0	2.887346E-4	2.142460E-3	0.000000E+0	0.000000E+0	0.000000E+0
6.103873E+1	-4.551655E+2	1.867000E+0	-4.023263E-18	5.325189E+16	-1.578301E-7	0.000000E+0	2.894184E-4	2.158191E-3	0.000000E+0	0.000000E+0	0.000000E+0
5.828561E+1	-4.511404E+2	1.930000E+0	-1.980656E+17	2.858813E+16	-2.922236E-6	0.000000E+0	2.816752E-4	2.180213E-3	0.000000E+0	0.000000E+0	0.000000E+0
5.736923E+1	-4.472090E+2	1.994000E+0	-2.714796E-18	5.985466E+14	-5.203627E-6	0.000000E+0	2.822079E-4	2.199889E-3	0.000000E+0	0.000000E+0	0.000000E+0
5.684836E+1	-4.454611E+2	2.057000E+0	5.785012E-19	5.234687E+17	3.267894E-6	0.000000E+0	2.818918E-4	2.208891E-3	0.000000E+0	0.000000E+0	0.000000E+0
6.527090E+1	-4.413829E+2	2.120000E+0	-2.373659E+17	1.295985E-19	-3.071604E-6	0.000000E+0	3.278641E-4	2.217123E-3	0.000000E+0	0.000000E+0	0.000000E+0
6.204315E+1	-4.386032E+2	2.184000E+0	-5.351627E-18	2.391872E+17	-1.267166E-6	0.000000E+0	3.161884E-4	2.235238E-3	0.000000E+0	0.000000E+0	0.000000E+0
6.155170E+1	-4.349498E+2	2.247000E+0	2.587907E+17	1.873793E-18	5.649199E-7	0.000000E+0	3.189704E-4	2.253977E-3	0.000000E+0	0.000000E+0	0.000000E+0
6.306009E+1	-4.324874E+2	2.310000E+0	-3.127958E+17	-9.739241E-19	-2.199507E-6	0.000000E+0	3.301196E-4	2.264072E-3	0.000000E+0	0.000000E+0	0.000000E+0
6.206519E+1	-4.297574E+2	2.373000E+0	6.653843E-18	-4.395667E+17	-1.899563E-6	0.000000E+0	3.291823E-4	2.279354E-3	0.000000E+0	0.000000E+0	0.000000E+0
5.924924E+1	-4.267546E+2	2.437000E+0	-1.571544E-18	-4.190346E+17	4.155881E-7	0.000000E+0	3.191793E-4	2.298953E-3	0.000000E+0	0.000000E+0	0.000000E+0
6.408722E+1	-4.240043E+2	2.500000E+0	-9.275714E-19	-3.780201E-18	-1.327397E-6	0.000000E+0	3.485145E-4	2.305790E-3	0.000000E+0	0.000000E+0	0.000000E+0
