Real / Ohm	Ximag / Ohm	V_DC / V	I_a c / A	V_ac / V	I_DC / A
2.442331E+1	-9.368894E+2	3.000000E+0	-9.275714E-19	-3.780201E-18	-8.602510E-7	1.000000E+7	2.780564E-5	1.066637E-3	0.000000E+0	0.000000E+0	0.000000E+0
2.523767E+1	-9.406470E+2	2.924000E+0	-1.571544E-18	-4.190346E+17	-4.886329E-6	0.000000E+0	2.850253E-5	1.062333E-3	0.000000E+0	0.000000E+0	0.000000E+0
2.563416E+1	-9.443269E+2	2.848000E+0	6.653843E-18	-4.395667E+17	-3.294408E-6	0.000000E+0	2.872463E-5	1.058176E-3	0.000000E+0	0.000000E+0	0.000000E+0
2.385840E+1	-9.485033E+2	2.772000E+0	-3.127958E+17	-9.739241E-19	-1.703156E-7	0.000000E+0	2.650263E-5	1.053626E-3	0.000000E+0	0.000000E+0	0.000000E+0
2.521930E+1	-9.529387E+2	2.696000E+0	2.587907E+17	1.873793E-18	-3.685651E-6	0.000000E+0	2.775230E-5	1.048651E-3	0.000000E+0	0.000000E+0	0.000000E+0
2.536884E+1	-9.577269E+2	2.620000E+0	-5.351627E-18	2.391872E+17	-2.604458E-6	0.000000E+0	2.763838E-5	1.043407E-3	0.000000E+0	0.000000E+0	0.000000E+0
2.543970E+1	-9.627621E+2	2.544000E+0	-2.373659E+17	1.295985E-19	-3.055451E-6	0.000000E+0	2.742653E-5	1.037953E-3	0.000000E+0	0.000000E+0	0.000000E+0
2.553271E+1	-9.680804E+2	2.468000E+0	5.785012E-19	5.234687E+17	-9.528158E-7	0.000000E+0	2.722526E-5	1.032254E-3	0.000000E+0	0.000000E+0	0.000000E+0
2.592456E+1	-9.733822E+2	2.392000E+0	-2.714796E-18	5.985466E+14	1.284061E-7	0.000000E+0	2.734240E-5	1.026617E-3	0.000000E+0	0.000000E+0	0.000000E+0
2.579767E+1	-9.791791E+2	2.316000E+0	-1.980656E+17	2.858813E+16	-2.365516E-6	0.000000E+0	2.688777E-5	1.020555E-3	0.000000E+0	0.000000E+0	0.000000E+0
2.560416E+1	-9.848606E+2	2.241000E+0	-4.023263E-18	5.325189E+16	-1.311957E-6	0.000000E+0	2.637956E-5	1.014686E-3	0.000000E+0	0.000000E+0	0.000000E+0
2.516479E+1	-9.909478E+2	2.165000E+0	2.579781E+17	4.568510E-19	-2.784422E-6	0.000000E+0	2.561013E-5	1.008485E-3	0.000000E+0	0.000000E+0	0.000000E+0
2.522949E+1	-9.972211E+2	2.089000E+0	5.241928E+17	2.782928E-18	-2.213943E-6	0.000000E+0	2.535407E-5	1.002145E-3	0.000000E+0	0.000000E+0	0.000000E+0
2.526990E+1	-1.003660E+3	2.013000E+0	-2.658310E+17	-5.132058E+17	-1.113076E-7	0.000000E+0	2.507004E-5	9.957221E-4	0.000000E+0	0.000000E+0	0.000000E+0
2.425595E+1	-1.010340E+3	1.937000E+0	1.676928E-18	4.035830E-18	-1.073022E-6	0.000000E+0	2.374832E-5	9.891957E-4	0.000000E+0	0.000000E+0	0.000000E+0
2.300793E+1	-1.017496E+3	1.861000E+0	4.020179E+17	1.832659E+17	-1.013264E-6	0.000000E+0	2.221213E-5	9.823026E-4	0.000000E+0	0.000000E+0	0.000000E+0
2.389999E+1	-1.024666E+3	1.785000E+0	9.225665E+16	1.907244E+17	-1.464250E-6	0.000000E+0	2.275081E-5	9.753971E-4	0.000000E+0	0.000000E+0	0.000000E+0
2.374982E+1	-1.032260E+3	1.709000E+0	-4.075705E-18	1.659667E-18	-4.468871E-6	0.000000E+0	2.227677E-5	9.682356E-4	0.000000E+0	0.000000E+0	0.000000E+0
2.365732E+1	-1.040280E+3	1.633000E+0	5.364300E+17	-2.871878E+17	-1.855493E-6	0.000000E+0	2.184945E-5	9.607828E-4	0.000000E+0	0.000000E+0	0.000000E+0
2.241229E+1	-1.048458E+3	1.557000E+0	4.333500E+17	8.421242E+16	-2.306479E-6	0.000000E+0	2.037914E-5	9.533460E-4	0.000000E+0	0.000000E+0	0.000000E+0
2.136899E+1	-1.057268E+3	1.481000E+0	7.433461E+16	-3.421240E+17	8.176139E-7	0.000000E+0	1.910893E-5	9.454478E-4	0.000000E+0	0.000000E+0	0.000000E+0
2.191919E+1	-1.066117E+3	1.405000E+0	-2.820974E+17	-3.573550E+17	-6.548362E-7	0.000000E+0	1.927663E-5	9.375870E-4	0.000000E+0	0.000000E+0	0.000000E+0
2.236060E+1	-1.075689E+3	1.329000E+0	4.674714E-18	-5.707470E+17	-5.950860E-7	0.000000E+0	1.931623E-5	9.292352E-4	0.000000E+0	0.000000E+0	0.000000E+0
2.268555E+1	-1.085716E+3	1.253000E+0	-2.314515E+17	1.796536E+17	-2.461456E-8	0.000000E+0	1.923655E-5	9.206492E-4	0.000000E+0	0.000000E+0	0.000000E+0
2.273712E+1	-1.096430E+3	1.177000E+0	-1.554615E+17	1.089529E+17	-1.497065E-6	0.000000E+0	1.890545E-5	9.116589E-4	0.000000E+0	0.000000E+0	0.000000E+0
2.156177E+1	-1.107589E+3	1.101000E+0	2.547933E-18	-2.672116E+16	-9.265932E-7	0.000000E+0	1.756963E-5	9.025199E-4	0.000000E+0	0.000000E+0	0.000000E+0
2.020831E+1	-1.120028E+3	1.025000E+0	-6.904434E-18	-8.375564E+16	-2.909757E-6	0.000000E+0	1.610389E-5	8.925443E-4	0.000000E+0	0.000000E+0	0.000000E+0
2.124030E+1	-1.132876E+3	9.490000E-1	-4.524462E+17	2.055148E+17	-2.963789E-7	0.000000E+0	1.654410E-5	8.823990E-4	0.000000E+0	0.000000E+0	0.000000E+0
2.142480E+1	-1.146911E+3	8.730000E-1	-7.975154E-19	6.323277E-18	1.806260E-6	0.000000E+0	1.628193E-5	8.716031E-4	0.000000E+0	0.000000E+0	0.000000E+0
2.134485E+1	-1.162178E+3	7.970000E-1	4.707193E+17	-3.632098E-18	-1.709072E-6	0.000000E+0	1.579797E-5	8.601632E-4	0.000000E+0	0.000000E+0	0.000000E+0
1.977899E+1	-1.178632E+3	7.220000E-1	1.388541E-18	6.784133E-18	-1.166274E-6	0.000000E+0	1.423395E-5	8.482024E-4	0.000000E+0	0.000000E+0	0.000000E+0
2.018561E+1	-1.196688E+3	6.460000E-1	4.766215E-20	4.558806E+17	-5.958063E-7	0.000000E+0	1.409148E-5	8.354020E-4	0.000000E+0	0.000000E+0	0.000000E+0
2.057202E+1	-1.216504E+3	5.700000E-1	-3.851510E-18	-6.440443E-18	4.853755E-7	0.000000E+0	1.389715E-5	8.217927E-4	0.000000E+0	0.000000E+0	0.000000E+0
2.129657E+1	-1.238589E+3	4.940000E-1	-4.136209E+17	4.857998E-18	-9.870728E-7	0.000000E+0	1.387800E-5	8.071317E-4	0.000000E+0	0.000000E+0	0.000000E+0
2.224561E+1	-1.263521E+3	4.180000E-1	4.155990E+17	-1.817843E+17	9.413816E-8	0.000000E+0	1.392980E-5	7.911939E-4	0.000000E+0	0.000000E+0	0.000000E+0
2.298566E+1	-1.291404E+3	3.420000E-1	-3.194760E-18	5.558819E-18	2.707489E-6	0.000000E+0	1.377828E-5	7.741058E-4	0.000000E+0	0.000000E+0	0.000000E+0
2.356476E+1	-1.323175E+3	2.660000E-1	-3.021231E-18	1.735786E-18	1.235072E-6	0.000000E+0	1.345522E-5	7.555183E-4	0.000000E+0	0.000000E+0	0.000000E+0
2.445007E+1	-1.360232E+3	1.900000E-1	4.697582E+17	-5.230656E+17	1.294794E-6	0.000000E+0	1.321034E-5	7.349313E-4	0.000000E+0	0.000000E+0	0.000000E+0
2.680298E+1	-1.403841E+3	1.140000E-1	-4.715212E+17	-5.436513E+17	-1.776243E-7	0.000000E+0	1.359530E-5	7.120718E-4	0.000000E+0	0.000000E+0	0.000000E+0
2.907874E+1	-1.456104E+3	3.800000E-2	-3.093320E+17	4.406614E-18	3.928424E-7	0.000000E+0	1.370937E-5	6.864904E-4	0.000000E+0	0.000000E+0	0.000000E+0
3.286517E+1	-1.521537E+3	-3.800000E-2	-9.427576E-19	-9.426377E-19	4.525657E-7	0.000000E+0	1.418954E-5	6.569237E-4	0.000000E+0	0.000000E+0	0.000000E+0
3.764594E+1	-1.605885E+3	-1.140000E-1	-4.717429E+17	-4.928282E+17	-5.091388E-7	0.000000E+0	1.458984E-5	6.223676E-4	0.000000E+0	0.000000E+0	0.000000E+0
4.829059E+1	-1.723925E+3	-1.900000E-1	-2.949171E+17	-4.956124E-18	3.125670E-6	0.000000E+0	1.623623E-5	5.796168E-4	0.000000E+0	0.000000E+0	0.000000E+0
6.030768E+1	-1.896910E+3	-2.660000E-1	-1.478400E+17	2.700591E+17	1.653250E-6	0.000000E+0	1.674328E-5	5.266408E-4	0.000000E+0	0.000000E+0	0.000000E+0
7.510840E+1	-2.173049E+3	-3.420000E-1	-2.816971E+17	1.903750E-18	-3.299101E-7	0.000000E+0	1.588660E-5	4.596338E-4	0.000000E+0	0.000000E+0	0.000000E+0
1.033120E+2	-2.702781E+3	-4.180000E-1	-1.696221E+17	-6.410774E-19	2.283441E-6	0.000000E+0	1.412196E-5	3.694495E-4	0.000000E+0	0.000000E+0	0.000000E+0
1.438401E+2	-3.949380E+3	-4.940000E-1	6.303170E-18	-1.599031E-19	8.110237E-7	0.000000E+0	9.209720E-6	2.528689E-4	0.000000E+0	0.000000E+0	0.000000E+0
1.514023E+2	-6.514188E+3	-5.700000E-1	-5.761072E+17	-4.172230E+17	8.707466E-7	0.000000E+0	3.565967E-6	1.534282E-4	0.000000E+0	0.000000E+0	0.000000E+0
1.475444E+2	-9.665145E+3	-6.460000E-1	-5.506670E-18	3.318154E+17	-6.016708E-7	0.000000E+0	1.579082E-6	1.034405E-4	0.000000E+0	0.000000E+0	0.000000E+0
1.572324E+2	-1.168514E+4	-7.220000E-1	4.410889E+17	3.939340E-18	-2.584831E-6	0.000000E+0	1.151319E-6	8.556329E-5	0.000000E+0	0.000000E+0	0.000000E+0
1.557905E+2	-1.311770E+4	-7.970000E-1	2.010006E+17	1.860550E+17	8.512870E-10	0.000000E+0	9.052412E-7	7.622213E-5	0.000000E+0	0.000000E+0	0.000000E+0
1.377280E+2	-1.429336E+4	-8.730000E-1	-4.775830E-18	6.138991E-18	-9.608520E-7	0.000000E+0	6.740828E-7	6.995606E-5	0.000000E+0	0.000000E+0	0.000000E+0
1.469771E+2	-1.531061E+4	-9.490000E-1	-1.827512E-18	1.580559E+17	-3.903842E-7	0.000000E+0	6.269381E-7	6.530817E-5	0.000000E+0	0.000000E+0	0.000000E+0
1.393271E+2	-1.622760E+4	-1.025000E+0	-7.964855E+16	-3.372652E-18	2.222965E-6	0.000000E+0	5.290479E-7	6.161886E-5	0.000000E+0	0.000000E+0	0.000000E+0
1.337778E+2	-1.704710E+4	-1.101000E+0	2.088264E+17	-2.196584E+17	1.261258E-6	0.000000E+0	4.603162E-7	5.865739E-5	0.000000E+0	0.000000E+0	0.000000E+0
1.448179E+2	-1.777224E+4	-1.177000E+0	-5.319197E+16	-3.553127E+17	2.342473E-6	0.000000E+0	4.584680E-7	5.626379E-5	0.000000E+0	0.000000E+0	0.000000E+0
1.483262E+2	-1.847084E+4	-1.253000E+0	-1.183523E-18	-5.342346E-18	1.891451E-6	0.000000E+0	4.347270E-7	5.413590E-5	0.000000E+0	0.000000E+0	0.000000E+0
1.417861E+2	-1.905134E+4	-1.329000E+0	-5.203440E-18	3.830367E-18	4.190370E-7	0.000000E+0	3.906237E-7	5.248684E-5	0.000000E+0	0.000000E+0	0.000000E+0
1.416240E+2	-1.957486E+4	-1.405000E+0	2.540081E-19	-1.518024E+17	4.787580E-7	0.000000E+0	3.695871E-7	5.108326E-5	0.000000E+0	0.000000E+0	0.000000E+0
1.315186E+2	-2.011655E+4	-1.481000E+0	1.311717E+15	5.157902E-18	-1.504435E-6	0.000000E+0	3.249837E-7	4.970819E-5	0.000000E+0	0.000000E+0	0.000000E+0
1.419023E+2	-2.057057E+4	-1.557000E+0	-1.006173E-18	-5.687810E-18	5.982001E-7	0.000000E+0	3.353329E-7	4.861083E-5	0.000000E+0	0.000000E+0	0.000000E+0
1.631094E+2	-2.094407E+4	-1.633000E+0	-6.256276E-18	1.398985E+17	-2.406356E-6	0.000000E+0	3.718181E-7	4.774332E-5	0.000000E+0	0.000000E+0	0.000000E+0
1.626191E+2	-2.124666E+4	-1.709000E+0	2.698511E+17	-3.360764E+17	2.760622E-6	0.000000E+0	3.602175E-7	4.706346E-5	0.000000E+0	0.000000E+0	0.000000E+0
1.751602E+2	-2.144809E+4	-1.785000E+0	-4.014473E-19	-2.240669E+17	-2.439992E-7	0.000000E+0	3.807406E-7	4.662109E-5	0.000000E+0	0.000000E+0	0.000000E+0
1.477432E+2	-2.162209E+4	-1.861000E+0	8.607197E+16	4.249670E-18	3.264431E-7	0.000000E+0	3.160035E-7	4.624684E-5	0.000000E+0	0.000000E+0	0.000000E+0
1.487197E+2	-2.173170E+4	-1.937000E+0	2.127762E-18	3.293656E+15	1.918372E-6	0.000000E+0	3.148914E-7	4.601357E-5	0.000000E+0	0.000000E+0	0.000000E+0
1.397266E+2	-2.182124E+4	-2.013000E+0	-4.960950E+17	8.277014E+16	9.566575E-7	0.000000E+0	2.934286E-7	4.582503E-5	0.000000E+0	0.000000E+0	0.000000E+0
1.821396E+2	-2.193791E+4	-2.089000E+0	-6.504745E+16	2.346692E+17	-5.049515E-9	0.000000E+0	3.784286E-7	4.558005E-5	0.000000E+0	0.000000E+0	0.000000E+0
1.507920E+2	-2.193672E+4	-2.165000E+0	5.291893E-18	5.135446E+17	5.468610E-8	0.000000E+0	3.133390E-7	4.558351E-5	0.000000E+0	0.000000E+0	0.000000E+0
1.759521E+2	-2.193673E+4	-2.241000E+0	-2.052875E-18	3.493290E-18	2.157307E-6	0.000000E+0	3.656139E-7	4.558271E-5	0.000000E+0	0.000000E+0	0.000000E+0
1.357900E+2	-2.199791E+4	-2.316000E+0	2.907620E+17	-1.496570E-18	2.189438E-6	0.000000E+0	2.806005E-7	4.545713E-5	0.000000E+0	0.000000E+0	0.000000E+0
1.454434E+2	-2.200785E+4	-2.392000E+0	4.284782E-18	4.664211E-18	-3.044843E-7	0.000000E+0	3.002754E-7	4.543635E-5	0.000000E+0	0.000000E+0	0.000000E+0
1.517930E+2	-2.199035E+4	-2.468000E+0	6.288344E-18	-3.929323E-18	1.287452E-6	0.000000E+0	3.138823E-7	4.547233E-5	0.000000E+0	0.000000E+0	0.000000E+0
1.297373E+2	-2.199894E+4	-2.544000E+0	8.250878E-19	3.410070E-18	2.368659E-6	0.000000E+0	2.680688E-7	4.545515E-5	0.000000E+0	0.000000E+0	0.000000E+0
1.650977E+2	-2.200918E+4	-2.620000E+0	4.553607E+17	-2.686618E+17	8.961797E-7	0.000000E+0	3.408073E-7	4.543303E-5	0.000000E+0	0.000000E+0	0.000000E+0
1.617354E+2	-2.201813E+4	-2.696000E+0	2.517955E+17	3.793721E+16	1.977402E-6	0.000000E+0	3.335960E-7	4.541467E-5	0.000000E+0	0.000000E+0	0.000000E+0
1.542959E+2	-2.197393E+4	-2.772000E+0	-6.627991E-18	5.175899E+17	1.526409E-6	0.000000E+0	3.195343E-7	4.550623E-5	0.000000E+0	0.000000E+0	0.000000E+0
1.783320E+2	-2.194612E+4	-2.848000E+0	-5.704680E+17	6.512875E+16	1.075416E-6	0.000000E+0	3.702415E-7	4.556313E-5	0.000000E+0	0.000000E+0	0.000000E+0
1.371768E+2	-2.193781E+4	-2.924000E+0	-4.691026E+17	6.906363E-18	6.244227E-7	0.000000E+0	2.850212E-7	4.558162E-5	0.000000E+0	0.000000E+0	0.000000E+0
1.483691E+2	-2.191175E+4	-3.000000E+0	-3.567381E+17	-4.286482E-18	-8.479983E-7	0.000000E+0	3.090078E-7	4.563552E-5	0.000000E+0	0.000000E+0	0.000000E+0
