Real / Ohm	Ximag / Ohm	V_DC / V	I_a c / A	V_ac / V	I_DC / A
2.452148E+3	-1.030008E+5	-3.000000E+0	-3.567381E+17	-4.286482E-18	4.769972E-6	1.000000E+6	2.310039E-7	9.703163E-6	0.000000E+0	0.000000E+0	0.000000E+0
2.510242E+3	-9.557006E+4	-2.924000E+0	-4.691026E+17	6.906363E-18	3.178051E-6	0.000000E+0	2.746454E-7	1.045631E-5	0.000000E+0	0.000000E+0	0.000000E+0
2.503656E+3	-8.813527E+4	-2.848000E+0	-5.704680E+17	6.512875E+16	1.586130E-6	0.000000E+0	3.220512E-7	1.133705E-5	0.000000E+0	0.000000E+0	0.000000E+0
2.507230E+3	-8.162400E+4	-2.772000E+0	-6.627991E-18	5.175899E+17	2.547837E-6	0.000000E+0	3.759662E-7	1.223975E-5	0.000000E+0	0.000000E+0	0.000000E+0
2.531352E+3	-7.530772E+4	-2.696000E+0	2.517955E+17	3.793721E+16	1.466688E-6	0.000000E+0	4.458442E-7	1.326386E-5	0.000000E+0	0.000000E+0	0.000000E+0
2.598395E+3	-6.861463E+4	-2.620000E+0	4.553607E+17	-2.686618E+17	1.406952E-6	0.000000E+0	5.511240E-7	1.455328E-5	0.000000E+0	0.000000E+0	0.000000E+0
2.525492E+3	-6.551259E+4	-2.544000E+0	8.250878E-19	3.410070E-18	8.364586E-7	0.000000E+0	5.875591E-7	1.524159E-5	0.000000E+0	0.000000E+0	0.000000E+0
2.569938E+3	-6.416738E+4	-2.468000E+0	6.288344E-18	-3.929323E-18	3.841080E-6	0.000000E+0	6.231577E-7	1.555928E-5	0.000000E+0	0.000000E+0	0.000000E+0
2.535102E+3	-6.274071E+4	-2.392000E+0	4.284782E-18	4.664211E-18	2.249144E-6	0.000000E+0	6.429661E-7	1.591263E-5	0.000000E+0	0.000000E+0	0.000000E+0
2.545195E+3	-6.112673E+4	-2.316000E+0	2.907620E+17	-1.496570E-18	1.678723E-6	0.000000E+0	6.799961E-7	1.633114E-5	0.000000E+0	0.000000E+0	0.000000E+0
2.528902E+3	-5.922257E+4	-2.241000E+0	-2.052875E-18	3.493290E-18	4.200221E-6	0.000000E+0	7.197245E-7	1.685472E-5	0.000000E+0	0.000000E+0	0.000000E+0
2.574195E+3	-5.705648E+4	-2.165000E+0	5.291893E-18	5.135446E+17	2.608314E-6	0.000000E+0	7.891297E-7	1.749089E-5	0.000000E+0	0.000000E+0	0.000000E+0
2.581543E+3	-5.489550E+4	-2.089000E+0	-6.504745E+16	2.346692E+17	2.548579E-6	0.000000E+0	8.547645E-7	1.817623E-5	0.000000E+0	0.000000E+0	0.000000E+0
2.599113E+3	-5.304940E+4	-2.013000E+0	-4.960950E+17	8.277014E+16	1.978144E-6	0.000000E+0	9.213464E-7	1.880521E-5	0.000000E+0	0.000000E+0	0.000000E+0
2.619008E+3	-5.153155E+4	-1.937000E+0	2.127762E-18	3.293656E+15	1.407658E-6	0.000000E+0	9.837168E-7	1.935559E-5	0.000000E+0	0.000000E+0	0.000000E+0
2.904746E+3	-4.996768E+4	-1.861000E+0	8.607197E+16	4.249670E-18	1.858643E-6	0.000000E+0	1.159484E-6	1.994553E-5	0.000000E+0	0.000000E+0	0.000000E+0
3.467906E+3	-4.759009E+4	-1.785000E+0	-4.014473E-19	-2.240669E+17	-7.547133E-7	0.000000E+0	1.523120E-6	2.090179E-5	0.000000E+0	0.000000E+0	0.000000E+0
4.085848E+3	-4.343353E+4	-1.709000E+0	2.698511E+17	-3.360764E+17	-1.835921E-6	0.000000E+0	2.146869E-6	2.282173E-5	0.000000E+0	0.000000E+0	0.000000E+0
4.034316E+3	-3.711658E+4	-1.633000E+0	-6.256276E-18	1.398985E+17	2.190129E-6	0.000000E+0	2.894231E-6	2.662755E-5	0.000000E+0	0.000000E+0	0.000000E+0
3.270615E+3	-2.991813E+4	-1.557000E+0	-1.006173E-18	-5.687810E-18	-4.232279E-7	0.000000E+0	3.610782E-6	3.302982E-5	0.000000E+0	0.000000E+0	0.000000E+0
2.253998E+3	-2.310459E+4	-1.481000E+0	1.311717E+15	5.157902E-18	5.384791E-7	0.000000E+0	4.182570E-6	4.287341E-5	0.000000E+0	0.000000E+0	0.000000E+0
1.483813E+3	-1.828761E+4	-1.405000E+0	2.540081E-19	-1.518024E+17	-1.564156E-6	0.000000E+0	4.407736E-6	5.432420E-5	0.000000E+0	0.000000E+0	0.000000E+0
1.000528E+3	-1.521433E+4	-1.329000E+0	-5.203440E-18	3.830367E-18	4.190370E-7	0.000000E+0	4.303774E-6	6.544448E-5	0.000000E+0	0.000000E+0	0.000000E+0
6.814873E+2	-1.339364E+4	-1.253000E+0	-1.183523E-18	-5.342346E-18	-1.514636E-7	0.000000E+0	3.789114E-6	7.446951E-5	0.000000E+0	0.000000E+0	0.000000E+0
5.315283E+2	-1.227307E+4	-1.177000E+0	-5.319197E+16	-3.553127E+17	1.321016E-6	0.000000E+0	3.522136E-6	8.132667E-5	0.000000E+0	0.000000E+0	0.000000E+0
4.115566E+2	-1.153089E+4	-1.101000E+0	2.088264E+17	-2.196584E+17	2.793429E-6	0.000000E+0	3.091370E-6	8.661324E-5	0.000000E+0	0.000000E+0	0.000000E+0
3.331738E+2	-1.098490E+4	-1.025000E+0	-7.964855E+16	-3.372652E-18	6.907940E-7	0.000000E+0	2.758540E-6	9.095039E-5	0.000000E+0	0.000000E+0	0.000000E+0
2.703003E+2	-1.055627E+4	-9.490000E-1	-1.827512E-18	1.580559E+17	-1.922555E-6	0.000000E+0	2.424046E-6	9.466836E-5	0.000000E+0	0.000000E+0	0.000000E+0
2.231631E+2	-1.020229E+4	-8.730000E-1	-4.775830E-18	6.138991E-18	1.592776E-6	0.000000E+0	2.142986E-6	9.797033E-5	0.000000E+0	0.000000E+0	0.000000E+0
1.914004E+2	-9.896236E+3	-7.970000E-1	2.010006E+17	1.860550E+17	8.512870E-10	0.000000E+0	1.953621E-6	1.010107E-4	0.000000E+0	0.000000E+0	0.000000E+0
1.694517E+2	-9.632254E+3	-7.220000E-1	4.410889E+17	3.939340E-18	-3.606288E-6	0.000000E+0	1.825810E-6	1.037857E-4	0.000000E+0	0.000000E+0	0.000000E+0
1.464185E+2	-9.393328E+3	-6.460000E-1	-5.506670E-18	3.318154E+17	-1.623128E-6	0.000000E+0	1.659019E-6	1.064327E-4	0.000000E+0	0.000000E+0	0.000000E+0
1.340176E+2	-9.177371E+3	-5.700000E-1	-5.761072E+17	-4.172230E+17	1.381490E-6	0.000000E+0	1.590863E-6	1.089404E-4	0.000000E+0	0.000000E+0	0.000000E+0
1.251797E+2	-8.979547E+3	-4.940000E-1	6.303170E-18	-1.599031E-19	-1.231891E-6	0.000000E+0	1.552175E-6	1.113426E-4	0.000000E+0	0.000000E+0	0.000000E+0
9.282959E+1	-8.802031E+3	-4.180000E-1	-1.696221E+17	-6.410774E-19	7.512699E-7	0.000000E+0	1.198043E-6	1.135975E-4	0.000000E+0	0.000000E+0	0.000000E+0
1.139155E+2	-8.633396E+3	-3.420000E-1	-2.816971E+17	1.903750E-18	3.245146E-6	0.000000E+0	1.528072E-6	1.158091E-4	0.000000E+0	0.000000E+0	0.000000E+0
1.045444E+2	-8.478563E+3	-2.660000E-1	-1.478400E+17	2.700591E+17	1.142507E-6	0.000000E+0	1.454087E-6	1.179266E-4	0.000000E+0	0.000000E+0	0.000000E+0
1.036870E+2	-8.333633E+3	-1.900000E-1	-2.949171E+17	-4.956124E-18	5.720422E-7	0.000000E+0	1.492754E-6	1.199771E-4	0.000000E+0	0.000000E+0	0.000000E+0
9.813330E+1	-8.198096E+3	-1.140000E-1	-4.717429E+17	-4.928282E+17	5.123184E-7	0.000000E+0	1.459917E-6	1.219621E-4	0.000000E+0	0.000000E+0	0.000000E+0
9.455078E+1	-8.069295E+3	-3.800000E-2	-9.427576E-19	-9.426377E-19	9.632797E-7	0.000000E+0	1.451892E-6	1.239096E-4	0.000000E+0	0.000000E+0	0.000000E+0
9.392480E+1	-7.947258E+3	3.800000E-2	-3.093320E+17	4.406614E-18	2.946441E-6	0.000000E+0	1.486911E-6	1.258120E-4	0.000000E+0	0.000000E+0	0.000000E+0
9.481836E+1	-7.834211E+3	1.140000E-1	-4.715212E+17	-5.436513E+17	-2.220539E-6	0.000000E+0	1.544679E-6	1.276266E-4	0.000000E+0	0.000000E+0	0.000000E+0
8.854443E+1	-7.726019E+3	1.900000E-1	4.697582E+17	-5.230656E+17	-1.769548E-6	0.000000E+0	1.483176E-6	1.294158E-4	0.000000E+0	0.000000E+0	0.000000E+0
8.948145E+1	-7.624172E+3	2.660000E-1	-3.021231E-18	1.735786E-18	3.788671E-6	0.000000E+0	1.539174E-6	1.311437E-4	0.000000E+0	0.000000E+0	0.000000E+0
9.289502E+1	-7.527751E+3	3.420000E-1	-3.194760E-18	5.558819E-18	-3.568530E-7	0.000000E+0	1.639064E-6	1.328216E-4	0.000000E+0	0.000000E+0	0.000000E+0
8.073193E+1	-7.437035E+3	4.180000E-1	4.155990E+17	-1.817843E+17	-2.459490E-6	0.000000E+0	1.459468E-6	1.344463E-4	0.000000E+0	0.000000E+0	0.000000E+0
9.475781E+1	-7.350405E+3	4.940000E-1	-4.136209E+17	4.857998E-18	-9.870728E-7	0.000000E+0	1.753559E-6	1.360243E-4	0.000000E+0	0.000000E+0	0.000000E+0
9.758008E+1	-7.268500E+3	5.700000E-1	-3.851510E-18	-6.440443E-18	-1.046796E-6	0.000000E+0	1.846687E-6	1.375552E-4	0.000000E+0	0.000000E+0	0.000000E+0
9.800293E+1	-7.191214E+3	6.460000E-1	4.766215E-20	4.558806E+17	-5.958063E-7	0.000000E+0	1.894759E-6	1.390328E-4	0.000000E+0	0.000000E+0	0.000000E+0
9.857129E+1	-7.116604E+3	7.220000E-1	1.388541E-18	6.784133E-18	-1.166274E-6	0.000000E+0	1.945905E-6	1.404895E-4	0.000000E+0	0.000000E+0	0.000000E+0
1.003066E+2	-7.048298E+3	7.970000E-1	4.707193E+17	-3.632098E-18	3.338137E-7	0.000000E+0	2.018706E-6	1.418495E-4	0.000000E+0	0.000000E+0	0.000000E+0
1.014048E+2	-6.982163E+3	8.730000E-1	-7.975154E-19	6.323277E-18	2.740890E-7	0.000000E+0	2.079634E-6	1.431919E-4	0.000000E+0	0.000000E+0	0.000000E+0
1.044937E+2	-6.920456E+3	9.490000E-1	-4.524462E+17	2.055148E+17	-2.339293E-6	0.000000E+0	2.181332E-6	1.444662E-4	0.000000E+0	0.000000E+0	0.000000E+0
9.989014E+1	-6.862578E+3	1.025000E+0	-6.904434E-18	-8.375564E+16	-8.668430E-7	0.000000E+0	2.120587E-6	1.456870E-4	0.000000E+0	0.000000E+0	0.000000E+0
1.027949E+2	-6.808205E+3	1.101000E+0	2.547933E-18	-2.672116E+16	-4.158792E-7	0.000000E+0	2.217213E-6	1.468481E-4	0.000000E+0	0.000000E+0	0.000000E+0
1.088838E+2	-6.757513E+3	1.177000E+0	-1.554615E+17	1.089529E+17	-9.863215E-7	0.000000E+0	2.383838E-6	1.479450E-4	0.000000E+0	0.000000E+0	0.000000E+0
1.098057E+2	-6.710182E+3	1.253000E+0	-2.314515E+17	1.796536E+17	-5.353577E-7	0.000000E+0	2.438035E-6	1.489874E-4	0.000000E+0	0.000000E+0	0.000000E+0
1.086426E+2	-6.665566E+3	1.329000E+0	4.674714E-18	-5.707470E+17	-1.105829E-6	0.000000E+0	2.444616E-6	1.499849E-4	0.000000E+0	0.000000E+0	0.000000E+0
1.134868E+2	-6.624658E+3	1.405000E+0	-2.820974E+17	-3.573550E+17	-6.548362E-7	0.000000E+0	2.585181E-6	1.509069E-4	0.000000E+0	0.000000E+0	0.000000E+0
1.170879E+2	-6.585824E+3	1.481000E+0	7.433461E+16	-3.421240E+17	-7.145572E-7	0.000000E+0	2.698699E-6	1.517933E-4	0.000000E+0	0.000000E+0	0.000000E+0
1.133735E+2	-6.549033E+3	1.557000E+0	4.333500E+17	8.421242E+16	-2.635934E-7	0.000000E+0	2.642573E-6	1.526486E-4	0.000000E+0	0.000000E+0	0.000000E+0
1.157808E+2	-6.515444E+3	1.633000E+0	5.364300E+17	-2.871878E+17	-3.233217E-7	0.000000E+0	2.726537E-6	1.534330E-4	0.000000E+0	0.000000E+0	0.000000E+0
1.173252E+2	-6.484191E+3	1.709000E+0	-4.075705E-18	1.659667E-18	-1.915243E-6	0.000000E+0	2.789572E-6	1.541708E-4	0.000000E+0	0.000000E+0	0.000000E+0
1.181621E+2	-6.454987E+3	1.785000E+0	9.225665E+16	1.907244E+17	-9.535361E-7	0.000000E+0	2.834927E-6	1.548671E-4	0.000000E+0	0.000000E+0	0.000000E+0
1.127505E+2	-6.427942E+3	1.861000E+0	4.020179E+17	1.832659E+17	-2.034722E-6	0.000000E+0	2.727979E-6	1.555229E-4	0.000000E+0	0.000000E+0	0.000000E+0
1.184961E+2	-6.402688E+3	1.937000E+0	1.676928E-18	4.035830E-18	-2.094479E-6	0.000000E+0	2.889553E-6	1.561309E-4	0.000000E+0	0.000000E+0	0.000000E+0
1.216401E+2	-6.379039E+3	2.013000E+0	-2.658310E+17	-5.132058E+17	-2.154193E-6	0.000000E+0	2.988191E-6	1.567064E-4	0.000000E+0	0.000000E+0	0.000000E+0
1.243555E+2	-6.356939E+3	2.089000E+0	5.241928E+17	2.782928E-18	-6.817718E-7	0.000000E+0	3.076116E-6	1.572482E-4	0.000000E+0	0.000000E+0	0.000000E+0
1.158242E+2	-6.336182E+3	2.165000E+0	2.579781E+17	4.568510E-19	-4.316593E-6	0.000000E+0	2.884024E-6	1.577710E-4	0.000000E+0	0.000000E+0	0.000000E+0
1.228115E+2	-6.317199E+3	2.241000E+0	-4.023263E-18	5.325189E+16	-1.311957E-6	0.000000E+0	3.076280E-6	1.582382E-4	0.000000E+0	0.000000E+0	0.000000E+0
1.261104E+2	-6.300479E+3	2.316000E+0	-1.980656E+17	2.858813E+16	-1.854773E-6	0.000000E+0	3.175629E-6	1.586545E-4	0.000000E+0	0.000000E+0	0.000000E+0
1.179707E+2	-6.284861E+3	2.392000E+0	-2.714796E-18	5.985466E+14	-2.935936E-6	0.000000E+0	2.985588E-6	1.590565E-4	0.000000E+0	0.000000E+0	0.000000E+0
1.247798E+2	-6.270259E+3	2.468000E+0	5.785012E-19	5.234687E+17	-9.528158E-7	0.000000E+0	3.172498E-6	1.594199E-4	0.000000E+0	0.000000E+0	0.000000E+0
1.240811E+2	-6.257690E+3	2.544000E+0	-2.373659E+17	1.295985E-19	-2.033994E-6	0.000000E+0	3.167429E-6	1.597406E-4	0.000000E+0	0.000000E+0	0.000000E+0
1.215752E+2	-6.246590E+3	2.620000E+0	-5.351627E-18	2.391872E+17	-1.583001E-6	0.000000E+0	3.114544E-6	1.600267E-4	0.000000E+0	0.000000E+0	0.000000E+0
1.175381E+2	-6.235789E+3	2.696000E+0	2.587907E+17	1.873793E-18	-6.213086E-7	0.000000E+0	3.021632E-6	1.603077E-4	0.000000E+0	0.000000E+0	0.000000E+0
1.230137E+2	-6.226972E+3	2.772000E+0	-3.127958E+17	-9.739241E-19	-2.723944E-6	0.000000E+0	3.171248E-6	1.605290E-4	0.000000E+0	0.000000E+0	0.000000E+0
1.243950E+2	-6.218840E+3	2.848000E+0	6.653843E-18	-4.395667E+17	-1.251494E-6	0.000000E+0	3.215218E-6	1.607374E-4	0.000000E+0	0.000000E+0	0.000000E+0
1.259360E+2	-6.210890E+3	2.924000E+0	-1.571544E-18	-4.190346E+17	-3.354129E-6	0.000000E+0	3.263350E-6	1.609414E-4	0.000000E+0	0.000000E+0	0.000000E+0
1.169194E+2	-6.202720E+3	3.000000E+0	-9.275714E-19	-3.780201E-18	-8.602510E-7	0.000000E+0	3.037861E-6	1.611623E-4	0.000000E+0	0.000000E+0	0.000000E+0
