Real / Ohm	Ximag / Ohm	V_DC / V	I_a c / A	V_ac / V	I_DC / A
1.473555E+4	-4.634736E+5	3.000000E+0	-9.275714E-19	-3.780201E-18	-1.370994E-6	1.000000E+4	6.852950E-8	2.155441E-6	0.000000E+0	0.000000E+0	0.000000E+0
1.665298E+4	-4.596077E+5	2.924000E+0	-1.571544E-18	-4.190346E+17	2.209272E-7	0.000000E+0	7.873133E-8	2.172916E-6	0.000000E+0	0.000000E+0	0.000000E+0
1.742709E+4	-4.588045E+5	2.848000E+0	6.653843E-18	-4.395667E+17	-4.826579E-6	0.000000E+0	8.266914E-8	2.176437E-6	0.000000E+0	0.000000E+0	0.000000E+0
1.757946E+4	-4.596834E+5	2.772000E+0	-3.127958E+17	-9.739241E-19	-1.702487E-6	0.000000E+0	8.307172E-8	2.172233E-6	0.000000E+0	0.000000E+0	0.000000E+0
1.817438E+4	-4.621387E+5	2.696000E+0	2.587907E+17	1.873793E-18	4.001486E-7	0.000000E+0	8.496573E-8	2.160511E-6	0.000000E+0	0.000000E+0	0.000000E+0
1.829046E+4	-4.641923E+5	2.620000E+0	-5.351627E-18	2.391872E+17	-2.093715E-6	0.000000E+0	8.475299E-8	2.150940E-6	0.000000E+0	0.000000E+0	0.000000E+0
1.848384E+4	-4.672450E+5	2.544000E+0	-2.373659E+17	1.295985E-19	-1.012537E-6	0.000000E+0	8.453251E-8	2.136861E-6	0.000000E+0	0.000000E+0	0.000000E+0
1.843245E+4	-4.700582E+5	2.468000E+0	5.785012E-19	5.234687E+17	-1.463530E-6	0.000000E+0	8.329377E-8	2.124130E-6	0.000000E+0	0.000000E+0	0.000000E+0
1.855353E+4	-4.733789E+5	2.392000E+0	-2.714796E-18	5.985466E+14	-8.930510E-7	0.000000E+0	8.266889E-8	2.109233E-6	0.000000E+0	0.000000E+0	0.000000E+0
1.879932E+4	-4.767524E+5	2.316000E+0	-1.980656E+17	2.858813E+16	-1.344059E-6	0.000000E+0	8.258128E-8	2.094268E-6	0.000000E+0	0.000000E+0	0.000000E+0
1.897905E+4	-4.802983E+5	2.241000E+0	-4.023263E-18	5.325189E+16	-1.822700E-6	0.000000E+0	8.214380E-8	2.078794E-6	0.000000E+0	0.000000E+0	0.000000E+0
1.908838E+4	-4.841644E+5	2.165000E+0	2.579781E+17	4.568510E-19	-2.307934E-7	0.000000E+0	8.130342E-8	2.062209E-6	0.000000E+0	0.000000E+0	0.000000E+0
1.892543E+4	-4.876893E+5	2.089000E+0	5.241928E+17	2.782928E-18	-6.817718E-7	0.000000E+0	7.945217E-8	2.047403E-6	0.000000E+0	0.000000E+0	0.000000E+0
1.885690E+4	-4.917939E+5	2.013000E+0	-2.658310E+17	-5.132058E+17	-3.175650E-6	0.000000E+0	7.785132E-8	2.030387E-6	0.000000E+0	0.000000E+0	0.000000E+0
1.902604E+4	-4.958517E+5	1.937000E+0	1.676928E-18	4.035830E-18	-1.583736E-6	0.000000E+0	7.726910E-8	2.013767E-6	0.000000E+0	0.000000E+0	0.000000E+0
1.910256E+4	-5.001752E+5	1.861000E+0	4.020179E+17	1.832659E+17	-1.013264E-6	0.000000E+0	7.624551E-8	1.996387E-6	0.000000E+0	0.000000E+0	0.000000E+0
1.905304E+4	-5.049328E+5	1.785000E+0	9.225665E+16	1.907244E+17	6.792106E-8	0.000000E+0	7.462411E-8	1.977646E-6	0.000000E+0	0.000000E+0	0.000000E+0
1.937288E+4	-5.100542E+5	1.709000E+0	-4.075705E-18	1.659667E-18	1.276712E-7	0.000000E+0	7.435933E-8	1.957752E-6	0.000000E+0	0.000000E+0	0.000000E+0
1.890790E+4	-5.148397E+5	1.633000E+0	5.364300E+17	-2.871878E+17	-3.233217E-7	0.000000E+0	7.123835E-8	1.939736E-6	0.000000E+0	0.000000E+0	0.000000E+0
1.892451E+4	-5.199722E+5	1.557000E+0	4.333500E+17	8.421242E+16	-3.838650E-6	0.000000E+0	6.990198E-8	1.920636E-6	0.000000E+0	0.000000E+0	0.000000E+0
1.940831E+4	-5.261861E+5	1.481000E+0	7.433461E+16	-3.421240E+17	2.349785E-6	0.000000E+0	7.000330E-8	1.897886E-6	0.000000E+0	0.000000E+0	0.000000E+0
1.895543E+4	-5.321416E+5	1.405000E+0	-2.820974E+17	-3.573550E+17	-2.187007E-6	0.000000E+0	6.685417E-8	1.876818E-6	0.000000E+0	0.000000E+0	0.000000E+0
1.885357E+4	-5.384101E+5	1.329000E+0	4.674714E-18	-5.707470E+17	-5.950860E-7	0.000000E+0	6.495835E-8	1.855046E-6	0.000000E+0	0.000000E+0	0.000000E+0
1.904811E+4	-5.451491E+5	1.253000E+0	-2.314515E+17	1.796536E+17	1.507557E-6	0.000000E+0	6.401642E-8	1.832124E-6	0.000000E+0	0.000000E+0	0.000000E+0
1.902873E+4	-5.526094E+5	1.177000E+0	-1.554615E+17	1.089529E+17	-9.863215E-7	0.000000E+0	6.223843E-8	1.807453E-6	0.000000E+0	0.000000E+0	0.000000E+0
1.868118E+4	-5.604259E+5	1.101000E+0	2.547933E-18	-2.672116E+16	-4.158792E-7	0.000000E+0	5.941356E-8	1.782377E-6	0.000000E+0	0.000000E+0	0.000000E+0
1.869161E+4	-5.682625E+5	1.025000E+0	-6.904434E-18	-8.375564E+16	-3.561290E-7	0.000000E+0	5.782013E-8	1.757848E-6	0.000000E+0	0.000000E+0	0.000000E+0
1.796047E+4	-5.771271E+5	9.490000E-1	-4.524462E+17	2.055148E+17	-2.850007E-6	0.000000E+0	5.387092E-8	1.731044E-6	0.000000E+0	0.000000E+0	0.000000E+0
1.788359E+4	-5.873873E+5	8.730000E-1	-7.975154E-19	6.323277E-18	2.316974E-6	0.000000E+0	5.178491E-8	1.700878E-6	0.000000E+0	0.000000E+0	0.000000E+0
1.863691E+4	-5.974614E+5	7.970000E-1	4.707193E+17	-3.632098E-18	-1.709072E-6	0.000000E+0	5.215931E-8	1.672121E-6	0.000000E+0	0.000000E+0	0.000000E+0
1.822733E+4	-6.073165E+5	7.220000E-1	1.388541E-18	6.784133E-18	-6.555601E-7	0.000000E+0	4.937440E-8	1.645106E-6	0.000000E+0	0.000000E+0	0.000000E+0
1.820045E+4	-6.190235E+5	6.460000E-1	4.766215E-20	4.558806E+17	1.957793E-6	0.000000E+0	4.745616E-8	1.614052E-6	0.000000E+0	0.000000E+0	0.000000E+0
1.785962E+4	-6.307327E+5	5.700000E-1	-3.851510E-18	-6.440443E-18	4.853755E-7	0.000000E+0	4.485733E-8	1.584188E-6	0.000000E+0	0.000000E+0	0.000000E+0
1.841530E+4	-6.436939E+5	4.940000E-1	-4.136209E+17	4.857998E-18	-4.763297E-7	0.000000E+0	4.440836E-8	1.552263E-6	0.000000E+0	0.000000E+0	0.000000E+0
1.838981E+4	-6.576237E+5	4.180000E-1	4.155990E+17	-1.817843E+17	-4.166050E-7	0.000000E+0	4.248962E-8	1.519438E-6	0.000000E+0	0.000000E+0	0.000000E+0
1.923629E+4	-6.726165E+5	3.420000E-1	-3.194760E-18	5.558819E-18	-8.675670E-7	0.000000E+0	4.248457E-8	1.485516E-6	0.000000E+0	0.000000E+0	0.000000E+0
2.000332E+4	-6.868947E+5	2.660000E-1	-3.021231E-18	1.735786E-18	2.136148E-7	0.000000E+0	4.235977E-8	1.454594E-6	0.000000E+0	0.000000E+0	0.000000E+0
2.099247E+4	-7.032110E+5	1.900000E-1	4.697582E+17	-5.230656E+17	1.805508E-6	0.000000E+0	4.241362E-8	1.420782E-6	0.000000E+0	0.000000E+0	0.000000E+0
2.342942E+4	-7.203370E+5	1.140000E-1	-4.715212E+17	-5.436513E+17	-1.709795E-6	0.000000E+0	4.510564E-8	1.386772E-6	0.000000E+0	0.000000E+0	0.000000E+0
2.608230E+4	-7.367395E+5	3.800000E-2	-3.093320E+17	4.406614E-18	3.928424E-7	0.000000E+0	4.799257E-8	1.355633E-6	0.000000E+0	0.000000E+0	0.000000E+0
2.889369E+4	-7.549094E+5	-3.800000E-2	-9.427576E-19	-9.426377E-19	4.525657E-7	0.000000E+0	5.062646E-8	1.322725E-6	0.000000E+0	0.000000E+0	0.000000E+0
3.192794E+4	-7.748729E+5	-1.140000E-1	-4.717429E+17	-4.928282E+17	2.555204E-6	0.000000E+0	5.308517E-8	1.288347E-6	0.000000E+0	0.000000E+0	0.000000E+0
3.799694E+4	-7.945734E+5	-1.900000E-1	-2.949171E+17	-4.956124E-18	1.593499E-6	0.000000E+0	6.004662E-8	1.255666E-6	0.000000E+0	0.000000E+0	0.000000E+0
4.464866E+4	-8.179081E+5	-2.660000E-1	-1.478400E+17	2.700591E+17	-3.896639E-7	0.000000E+0	6.654373E-8	1.218999E-6	0.000000E+0	0.000000E+0	0.000000E+0
5.164677E+4	-8.448331E+5	-3.420000E-1	-2.816971E+17	1.903750E-18	6.915179E-7	0.000000E+0	7.209104E-8	1.179259E-6	0.000000E+0	0.000000E+0	0.000000E+0
6.260134E+4	-8.791059E+5	-4.180000E-1	-1.696221E+17	-6.410774E-19	-2.701872E-7	0.000000E+0	8.059434E-8	1.131780E-6	0.000000E+0	0.000000E+0	0.000000E+0
7.448792E+4	-9.297902E+5	-4.940000E-1	6.303170E-18	-1.599031E-19	1.321738E-6	0.000000E+0	8.561257E-8	1.068653E-6	0.000000E+0	0.000000E+0	0.000000E+0
9.855214E+4	-1.006405E+6	-5.700000E-1	-5.761072E+17	-4.172230E+17	-1.507105E-7	0.000000E+0	9.637752E-8	9.841980E-7	0.000000E+0	0.000000E+0	0.000000E+0
1.372278E+5	-1.135491E+6	-6.460000E-1	-5.506670E-18	3.318154E+17	-9.095675E-8	0.000000E+0	1.049005E-7	8.679987E-7	0.000000E+0	0.000000E+0	0.000000E+0
2.062469E+5	-1.354436E+6	-7.220000E-1	4.410889E+17	3.939340E-18	2.522396E-6	0.000000E+0	1.098791E-7	7.215828E-7	0.000000E+0	0.000000E+0	0.000000E+0
3.242472E+5	-1.702240E+6	-7.970000E-1	2.010006E+17	1.860550E+17	2.554480E-6	0.000000E+0	1.079832E-7	5.668923E-7	0.000000E+0	0.000000E+0	0.000000E+0
5.043478E+5	-2.215537E+6	-8.730000E-1	-4.775830E-18	6.138991E-18	2.103490E-6	0.000000E+0	9.768558E-8	4.291206E-7	0.000000E+0	0.000000E+0	0.000000E+0
6.662809E+5	-2.892610E+6	-9.490000E-1	-1.827512E-18	1.580559E+17	2.673958E-6	0.000000E+0	7.561816E-8	3.282907E-7	0.000000E+0	0.000000E+0	0.000000E+0
7.231780E+5	-3.623655E+6	-1.025000E+0	-7.964855E+16	-3.372652E-18	1.201537E-6	0.000000E+0	5.296509E-8	2.653941E-7	0.000000E+0	0.000000E+0	0.000000E+0
5.612236E+5	-4.309734E+6	-1.101000E+0	2.088264E+17	-2.196584E+17	2.398301E-7	0.000000E+0	2.971201E-8	2.281637E-7	0.000000E+0	0.000000E+0	0.000000E+0
3.378118E+5	-4.869190E+6	-1.177000E+0	-5.319197E+16	-3.553127E+17	2.995585E-7	0.000000E+0	1.417999E-8	2.043892E-7	0.000000E+0	0.000000E+0	0.000000E+0
1.795789E+5	-5.349972E+6	-1.253000E+0	-1.183523E-18	-5.342346E-18	2.402194E-6	0.000000E+0	6.267051E-9	1.867065E-7	0.000000E+0	0.000000E+0	0.000000E+0
8.228794E+4	-5.820304E+6	-1.329000E+0	-5.203440E-18	3.830367E-18	9.297510E-7	0.000000E+0	2.428612E-9	1.717780E-7	0.000000E+0	0.000000E+0	0.000000E+0
-2.746895E+3	-6.346057E+6	-1.405000E+0	2.540081E-19	-1.518024E+17	1.500186E-6	0.000000E+0	-6.820780E-11	1.575781E-7	0.000000E+0	0.000000E+0	0.000000E+0
1.347895E+4	-6.795795E+6	-1.481000E+0	1.311717E+15	5.157902E-18	-4.829490E-7	0.000000E+0	2.918595E-10	1.471492E-7	0.000000E+0	0.000000E+0	0.000000E+0
-9.443819E+4	-7.270671E+6	-1.557000E+0	-1.006173E-18	-5.687810E-18	1.108972E-6	0.000000E+0	-1.786181E-9	1.375157E-7	0.000000E+0	0.000000E+0	0.000000E+0
-1.428270E+4	-7.618936E+6	-1.633000E+0	-6.256276E-18	1.398985E+17	-3.634996E-7	0.000000E+0	-2.460482E-10	1.312515E-7	0.000000E+0	0.000000E+0	0.000000E+0
-8.172269E+4	-7.967967E+6	-1.709000E+0	2.698511E+17	-3.360764E+17	1.739136E-6	0.000000E+0	-1.287069E-9	1.254893E-7	0.000000E+0	0.000000E+0	0.000000E+0
-1.158547E+4	-8.425528E+6	-1.785000E+0	-4.014473E-19	-2.240669E+17	2.820343E-6	0.000000E+0	-1.631994E-10	1.186867E-7	0.000000E+0	0.000000E+0	0.000000E+0
-8.471705E+4	-8.688140E+6	-1.861000E+0	8.607197E+16	4.249670E-18	1.347929E-6	0.000000E+0	-1.122215E-9	1.150885E-7	0.000000E+0	0.000000E+0	0.000000E+0
-4.260108E+4	-9.016308E+6	-1.937000E+0	2.127762E-18	3.293656E+15	-1.244844E-7	0.000000E+0	-5.240267E-10	1.109077E-7	0.000000E+0	0.000000E+0	0.000000E+0
-1.921953E+5	-9.195446E+6	-2.013000E+0	-4.960950E+17	8.277014E+16	-5.754846E-7	0.000000E+0	-2.271996E-9	1.087020E-7	0.000000E+0	0.000000E+0	0.000000E+0
6.431766E+3	-9.555008E+6	-2.089000E+0	-6.504745E+16	2.346692E+17	2.037865E-6	0.000000E+0	7.044788E-11	1.046571E-7	0.000000E+0	0.000000E+0	0.000000E+0
-3.039016E+4	-9.669950E+6	-2.165000E+0	5.291893E-18	5.135446E+17	3.119087E-6	0.000000E+0	-3.249977E-10	1.034121E-7	0.000000E+0	0.000000E+0	0.000000E+0
-9.315633E+3	-9.904732E+6	-2.241000E+0	-2.052875E-18	3.493290E-18	3.689507E-6	0.000000E+0	-9.495690E-11	1.009618E-7	0.000000E+0	0.000000E+0	0.000000E+0
-1.545722E+5	-1.026050E+7	-2.316000E+0	2.907620E+17	-1.496570E-18	1.167951E-6	0.000000E+0	-1.467898E-9	9.743902E-8	0.000000E+0	0.000000E+0	0.000000E+0
7.637934E+4	-1.037406E+7	-2.392000E+0	4.284782E-18	4.664211E-18	7.169438E-7	0.000000E+0	7.096674E-10	9.638905E-8	0.000000E+0	0.000000E+0	0.000000E+0
7.422219E+4	-1.064603E+7	-2.468000E+0	6.288344E-18	-3.929323E-18	1.287452E-6	0.000000E+0	6.548431E-10	9.392716E-8	0.000000E+0	0.000000E+0	0.000000E+0
1.380439E+5	-1.074303E+7	-2.544000E+0	8.250878E-19	3.410070E-18	3.390087E-6	0.000000E+0	1.195892E-9	9.306824E-8	0.000000E+0	0.000000E+0	0.000000E+0
2.847252E+4	-1.097717E+7	-2.620000E+0	4.553607E+17	-2.686618E+17	3.449808E-6	0.000000E+0	2.362883E-10	9.109755E-8	0.000000E+0	0.000000E+0	0.000000E+0
-1.203278E+4	-1.090611E+7	-2.696000E+0	2.517955E+17	3.793721E+16	-5.762267E-7	0.000000E+0	-1.011639E-10	9.169161E-8	0.000000E+0	0.000000E+0	0.000000E+0
1.067267E+5	-1.112745E+7	-2.772000E+0	-6.627991E-18	5.175899E+17	2.547837E-6	0.000000E+0	8.618701E-10	8.985958E-8	0.000000E+0	0.000000E+0	0.000000E+0
9.726222E+4	-1.117486E+7	-2.848000E+0	-5.704680E+17	6.512875E+16	1.586130E-6	0.000000E+0	7.788021E-10	8.947980E-8	0.000000E+0	0.000000E+0	0.000000E+0
1.240360E+5	-1.139564E+7	-2.924000E+0	-4.691026E+17	6.906363E-18	1.645909E-6	0.000000E+0	9.550341E-10	8.774246E-8	0.000000E+0	0.000000E+0	0.000000E+0
3.030751E+4	-1.125263E+7	-3.000000E+0	-3.567381E+17	-4.286482E-18	1.194916E-6	0.000000E+0	2.393531E-10	8.886747E-8	0.000000E+0	0.000000E+0	0.000000E+0
