Real / Ohm	Ximag / Ohm	V_DC / V	I_a c / A	V_ac / V	I_DC / A
4.466516E+3	-9.584542E+6	-2.500000E+0	-3.567381E+17	-4.286482E-18	-3.808527E-7	1.000000E+4	4.862124E-11	1.043346E-7	0.000000E+0	0.000000E+0	0.000000E+0
4.193060E+4	-9.061792E+6	-2.437000E+0	-4.691026E+17	6.906363E-18	1.451219E-6	0.000000E+0	5.106150E-10	1.103511E-7	0.000000E+0	0.000000E+0	0.000000E+0
9.301684E+4	-8.422264E+6	-2.373000E+0	-5.704680E+17	6.512875E+16	2.744913E-6	0.000000E+0	1.311146E-9	1.187184E-7	0.000000E+0	0.000000E+0	0.000000E+0
-3.411273E+4	-7.702122E+6	-2.310000E+0	-6.627991E-18	5.175899E+17	1.001943E-6	0.000000E+0	-5.750256E-10	1.298318E-7	0.000000E+0	0.000000E+0	0.000000E+0
5.273784E+4	-6.985926E+6	-2.247000E+0	2.517955E+17	3.793721E+16	2.323315E-6	0.000000E+0	1.080562E-9	1.431368E-7	0.000000E+0	0.000000E+0	0.000000E+0
4.697116E+4	-6.220021E+6	-2.184000E+0	4.553607E+17	-2.686618E+17	1.601831E-6	0.000000E+0	1.214012E-9	1.607620E-7	0.000000E+0	0.000000E+0	0.000000E+0
6.105745E+4	-5.589870E+6	-2.120000E+0	8.250878E-19	3.410070E-18	-6.795308E-7	0.000000E+0	1.953815E-9	1.788737E-7	0.000000E+0	0.000000E+0	0.000000E+0
1.186657E+5	-5.211605E+6	-2.057000E+0	6.288344E-18	-3.929323E-18	2.173969E-6	0.000000E+0	4.366738E-9	1.917800E-7	0.000000E+0	0.000000E+0	0.000000E+0
2.082201E+5	-4.958303E+6	-1.994000E+0	4.284782E-18	4.664211E-18	-7.970812E-8	0.000000E+0	8.454566E-9	2.013269E-7	0.000000E+0	0.000000E+0	0.000000E+0
4.424462E+5	-4.573080E+6	-1.930000E+0	2.907620E+17	-1.496570E-18	1.925582E-7	0.000000E+0	2.096025E-8	2.166431E-7	0.000000E+0	0.000000E+0	0.000000E+0
6.643693E+5	-4.086306E+6	-1.867000E+0	-2.052875E-18	3.493290E-18	2.024637E-6	0.000000E+0	3.876296E-8	2.384176E-7	0.000000E+0	0.000000E+0	0.000000E+0
8.411767E+5	-3.451979E+6	-1.804000E+0	5.291893E-18	5.135446E+17	7.923809E-7	0.000000E+0	6.663452E-8	2.734514E-7	0.000000E+0	0.000000E+0	0.000000E+0
8.310528E+5	-2.801467E+6	-1.741000E+0	-6.504745E+16	2.346692E+17	-4.398826E-7	0.000000E+0	9.732590E-8	3.280842E-7	0.000000E+0	0.000000E+0	0.000000E+0
6.805341E+5	-2.234642E+6	-1.677000E+0	-4.960950E+17	8.277014E+16	1.875305E-6	0.000000E+0	1.247141E-7	4.095187E-7	0.000000E+0	0.000000E+0	0.000000E+0
4.973861E+5	-1.781429E+6	-1.614000E+0	2.127762E-18	3.293656E+15	1.323206E-7	0.000000E+0	1.453970E-7	5.207513E-7	0.000000E+0	0.000000E+0	0.000000E+0
3.460046E+5	-1.434278E+6	-1.551000E+0	8.607197E+16	4.249670E-18	9.429787E-7	0.000000E+0	1.589457E-7	6.588709E-7	0.000000E+0	0.000000E+0	0.000000E+0
2.341677E+5	-1.185964E+6	-1.487000E+0	-4.014473E-19	-2.240669E+17	-8.276620E-7	0.000000E+0	1.602412E-7	8.115564E-7	0.000000E+0	0.000000E+0	0.000000E+0
1.633782E+5	-1.022399E+6	-1.424000E+0	2.698511E+17	-3.360764E+17	1.004417E-6	0.000000E+0	1.524062E-7	9.537374E-7	0.000000E+0	0.000000E+0	0.000000E+0
1.220864E+5	-9.178006E+5	-1.361000E+0	-6.256276E-18	1.398985E+17	7.935814E-7	0.000000E+0	1.424142E-7	1.070617E-6	0.000000E+0	0.000000E+0	0.000000E+0
9.678798E+4	-8.509849E+5	-1.297000E+0	-1.006173E-18	-5.687810E-18	4.442700E-8	0.000000E+0	1.319458E-7	1.160102E-6	0.000000E+0	0.000000E+0	0.000000E+0
7.862863E+4	-8.099686E+5	-1.234000E+0	1.311717E+15	5.157902E-18	-1.187836E-6	0.000000E+0	1.187328E-7	1.223090E-6	0.000000E+0	0.000000E+0	0.000000E+0
6.589744E+4	-7.817927E+5	-1.171000E+0	2.540081E-19	-1.518024E+17	2.687186E-6	0.000000E+0	1.070559E-7	1.270088E-6	0.000000E+0	0.000000E+0	0.000000E+0
5.689899E+4	-7.597916E+5	-1.108000E+0	-5.203440E-18	3.830367E-18	-1.609413E-6	0.000000E+0	9.801370E-8	1.308810E-6	0.000000E+0	0.000000E+0	0.000000E+0
4.964076E+4	-7.412154E+5	-1.044000E+0	-1.183523E-18	-5.342346E-18	1.950248E-7	0.000000E+0	8.995100E-8	1.343111E-6	0.000000E+0	0.000000E+0	0.000000E+0
4.293074E+4	-7.250994E+5	-9.810000E-1	-5.319197E+16	-3.553127E+17	1.005650E-6	0.000000E+0	8.136798E-8	1.374304E-6	0.000000E+0	0.000000E+0	0.000000E+0
3.909509E+4	-7.094970E+5	-9.180000E-1	2.088264E+17	-2.196584E+17	1.305587E-6	0.000000E+0	7.742914E-8	1.405183E-6	0.000000E+0	0.000000E+0	0.000000E+0
3.402944E+4	-6.948997E+5	-8.540000E-1	-7.964855E+16	-3.372652E-18	1.067117E-6	0.000000E+0	7.030243E-8	1.435614E-6	0.000000E+0	0.000000E+0	0.000000E+0
3.049407E+4	-6.800507E+5	-7.910000E-1	-1.827512E-18	1.580559E+17	-1.697317E-6	0.000000E+0	6.580524E-8	1.467528E-6	0.000000E+0	0.000000E+0	0.000000E+0
2.784270E+4	-6.663391E+5	-7.280000E-1	-4.775830E-18	6.138991E-18	1.347908E-7	0.000000E+0	6.259839E-8	1.498122E-6	0.000000E+0	0.000000E+0	0.000000E+0
2.493827E+4	-6.520316E+5	-6.650000E-1	2.010006E+17	1.860550E+17	3.499044E-6	0.000000E+0	5.857256E-8	1.531428E-6	0.000000E+0	0.000000E+0	0.000000E+0
2.304088E+4	-6.378672E+5	-6.010000E-1	4.410889E+17	3.939340E-18	-3.144851E-7	0.000000E+0	5.655516E-8	1.565682E-6	0.000000E+0	0.000000E+0	0.000000E+0
2.120803E+4	-6.249184E+5	-5.380000E-1	-5.506670E-18	3.318154E+17	-1.036031E-6	0.000000E+0	5.424426E-8	1.598368E-6	0.000000E+0	0.000000E+0	0.000000E+0
1.935890E+4	-6.117640E+5	-4.750000E-1	-5.761072E+17	-4.172230E+17	-2.253801E-7	0.000000E+0	5.167472E-8	1.632982E-6	0.000000E+0	0.000000E+0	0.000000E+0
1.883214E+4	-5.985487E+5	-4.110000E-1	6.303170E-18	-1.599031E-19	2.600493E-6	0.000000E+0	5.251350E-8	1.669056E-6	0.000000E+0	0.000000E+0	0.000000E+0
1.730696E+4	-5.867556E+5	-3.480000E-1	-1.696221E+17	-6.410774E-19	2.900430E-6	0.000000E+0	5.022600E-8	1.702806E-6	0.000000E+0	0.000000E+0	0.000000E+0
1.656691E+4	-5.742379E+5	-2.850000E-1	-2.816971E+17	1.903750E-18	2.178911E-6	0.000000E+0	5.019916E-8	1.739990E-6	0.000000E+0	0.000000E+0	0.000000E+0
1.573240E+4	-5.624297E+5	-2.220000E-1	-1.478400E+17	2.700591E+17	-2.117693E-6	0.000000E+0	4.969570E-8	1.776610E-6	0.000000E+0	0.000000E+0	0.000000E+0
1.537918E+4	-5.503206E+5	-1.580000E-1	-2.949171E+17	-4.956124E-18	-3.132791E-7	0.000000E+0	5.074142E-8	1.815705E-6	0.000000E+0	0.000000E+0	0.000000E+0
1.457304E+4	-5.389985E+5	-9.500000E-2	-4.717429E+17	-4.928282E+17	-1.034798E-6	0.000000E+0	5.012538E-8	1.853937E-6	0.000000E+0	0.000000E+0	0.000000E+0
1.394067E+4	-5.279569E+5	-3.200000E-2	-9.427576E-19	-9.426377E-19	2.865679E-7	0.000000E+0	4.997859E-8	1.892774E-6	0.000000E+0	0.000000E+0	0.000000E+0
1.397630E+4	-5.163842E+5	3.200000E-2	-3.093320E+17	4.406614E-18	1.580268E-6	0.000000E+0	5.237551E-8	1.935125E-6	0.000000E+0	0.000000E+0	0.000000E+0
1.384642E+4	-5.057470E+5	9.500000E-2	-4.715212E+17	-5.436513E+17	-1.627081E-7	0.000000E+0	5.409355E-8	1.975792E-6	0.000000E+0	0.000000E+0	0.000000E+0
1.335126E+4	-4.951466E+5	1.580000E-1	4.697582E+17	-5.230656E+17	-3.735131E-7	0.000000E+0	5.441755E-8	2.018137E-6	0.000000E+0	0.000000E+0	0.000000E+0
1.379347E+4	-4.843882E+5	2.220000E-1	-3.021231E-18	1.735786E-18	2.452387E-6	0.000000E+0	5.874006E-8	2.062787E-6	0.000000E+0	0.000000E+0	0.000000E+0
1.397957E+4	-4.744701E+5	2.850000E-1	-3.194760E-18	5.558819E-18	1.220125E-6	0.000000E+0	6.204393E-8	2.105786E-6	0.000000E+0	0.000000E+0	0.000000E+0
1.387880E+4	-4.649955E+5	3.480000E-1	4.155990E+17	-1.817843E+17	1.009321E-6	0.000000E+0	6.413095E-8	2.148644E-6	0.000000E+0	0.000000E+0	0.000000E+0
1.383711E+4	-4.559138E+5	4.110000E-1	-4.136209E+17	4.857998E-18	2.841400E-6	0.000000E+0	6.650894E-8	2.191379E-6	0.000000E+0	0.000000E+0	0.000000E+0
1.378498E+4	-4.473041E+5	4.750000E-1	-3.851510E-18	-6.440443E-18	2.092216E-6	0.000000E+0	6.883164E-8	2.233494E-6	0.000000E+0	0.000000E+0	0.000000E+0
1.389539E+4	-4.391939E+5	5.380000E-1	4.766215E-20	4.558806E+17	-6.722184E-7	0.000000E+0	7.196538E-8	2.274622E-6	0.000000E+0	0.000000E+0	0.000000E+0
1.394307E+4	-4.316612E+5	6.010000E-1	1.388541E-18	6.784133E-18	-8.829920E-7	0.000000E+0	7.475143E-8	2.314217E-6	0.000000E+0	0.000000E+0	0.000000E+0
1.371292E+4	-4.247783E+5	6.650000E-1	4.707193E+17	-3.632098E-18	-1.632208E-6	0.000000E+0	7.591943E-8	2.351718E-6	0.000000E+0	0.000000E+0	0.000000E+0
1.386413E+4	-4.188766E+5	7.280000E-1	-7.975154E-19	6.323277E-18	1.999033E-7	0.000000E+0	7.893051E-8	2.384725E-6	0.000000E+0	0.000000E+0	0.000000E+0
1.384871E+4	-4.132508E+5	7.910000E-1	-4.524462E+17	2.055148E+17	-1.032360E-6	0.000000E+0	8.100176E-8	2.417124E-6	0.000000E+0	0.000000E+0	0.000000E+0
1.397351E+4	-4.082473E+5	8.540000E-1	-6.904434E-18	-8.375564E+16	2.890047E-7	0.000000E+0	8.374336E-8	2.446629E-6	0.000000E+0	0.000000E+0	0.000000E+0
1.375921E+4	-4.036074E+5	9.180000E-1	2.547933E-18	-2.672116E+16	-2.503093E-6	0.000000E+0	8.436665E-8	2.474779E-6	0.000000E+0	0.000000E+0	0.000000E+0
1.381013E+4	-3.994413E+5	9.810000E-1	-1.554615E+17	1.089529E+17	-1.181699E-6	0.000000E+0	8.645160E-8	2.500508E-6	0.000000E+0	0.000000E+0	0.000000E+0
1.387874E+4	-3.955160E+5	1.044000E+0	-2.314515E+17	1.796536E+17	-1.903245E-6	0.000000E+0	8.861097E-8	2.525233E-6	0.000000E+0	0.000000E+0	0.000000E+0
1.351268E+4	-3.923630E+5	1.108000E+0	4.674714E-18	-5.707470E+17	-1.630979E-6	0.000000E+0	8.766992E-8	2.545641E-6	0.000000E+0	0.000000E+0	0.000000E+0
1.365023E+4	-3.891629E+5	1.171000E+0	-2.820974E+17	-3.573550E+17	-1.841778E-6	0.000000E+0	9.002085E-8	2.566460E-6	0.000000E+0	0.000000E+0	0.000000E+0
1.373245E+4	-3.862809E+5	1.234000E+0	7.433461E+16	-3.421240E+17	-1.031127E-6	0.000000E+0	9.191640E-8	2.585522E-6	0.000000E+0	0.000000E+0	0.000000E+0
1.368017E+4	-3.836424E+5	1.297000E+0	4.333500E+17	8.421242E+16	-2.263390E-6	0.000000E+0	9.282959E-8	2.603284E-6	0.000000E+0	0.000000E+0	0.000000E+0
1.372893E+4	-3.808299E+5	1.361000E+0	5.364300E+17	-2.871878E+17	-2.501860E-6	0.000000E+0	9.453891E-8	2.622436E-6	0.000000E+0	0.000000E+0	0.000000E+0
1.371118E+4	-3.781930E+5	1.424000E+0	-4.075705E-18	1.659667E-18	-6.697810E-7	0.000000E+0	9.573647E-8	2.640682E-6	0.000000E+0	0.000000E+0	0.000000E+0
1.391589E+4	-3.757121E+5	1.487000E+0	9.225665E+16	1.907244E+17	-1.902015E-6	0.000000E+0	9.844762E-8	2.657966E-6	0.000000E+0	0.000000E+0	0.000000E+0
1.385084E+4	-3.736252E+5	1.551000E+0	4.020179E+17	1.832659E+17	9.238574E-7	0.000000E+0	9.908487E-8	2.672806E-6	0.000000E+0	0.000000E+0	0.000000E+0
1.403083E+4	-3.711815E+5	1.614000E+0	1.676928E-18	4.035830E-18	-2.861998E-6	0.000000E+0	1.016929E-7	2.690256E-6	0.000000E+0	0.000000E+0	0.000000E+0
1.426425E+4	-3.690894E+5	1.677000E+0	-2.658310E+17	-5.132058E+17	-3.583555E-6	0.000000E+0	1.045533E-7	2.705330E-6	0.000000E+0	0.000000E+0	0.000000E+0
1.412551E+4	-3.672636E+5	1.741000E+0	5.241928E+17	2.782928E-18	-2.469387E-7	0.000000E+0	1.045698E-7	2.718818E-6	0.000000E+0	0.000000E+0	0.000000E+0
1.430314E+4	-3.660400E+5	1.804000E+0	2.579781E+17	4.568510E-19	-2.500630E-6	0.000000E+0	1.065888E-7	2.727777E-6	0.000000E+0	0.000000E+0	0.000000E+0
1.441269E+4	-3.647917E+5	1.867000E+0	-4.023263E-18	5.325189E+16	-1.690001E-6	0.000000E+0	1.081379E-7	2.737018E-6	0.000000E+0	0.000000E+0	0.000000E+0
1.462967E+4	-3.642694E+5	1.930000E+0	-1.980656E+17	2.858813E+16	-1.900808E-6	0.000000E+0	1.100751E-7	2.740800E-6	0.000000E+0	0.000000E+0	0.000000E+0
1.502216E+4	-3.639460E+5	1.994000E+0	-2.714796E-18	5.985466E+14	-3.671455E-6	0.000000E+0	1.132190E-7	2.742987E-6	0.000000E+0	0.000000E+0	0.000000E+0
1.501563E+4	-3.643303E+5	2.057000E+0	5.785012E-19	5.234687E+17	-1.328619E-6	0.000000E+0	1.129317E-7	2.740108E-6	0.000000E+0	0.000000E+0	0.000000E+0
1.528357E+4	-3.651928E+5	2.120000E+0	-2.373659E+17	1.295985E-19	-2.560861E-6	0.000000E+0	1.143985E-7	2.733492E-6	0.000000E+0	0.000000E+0	0.000000E+0
1.544975E+4	-3.664911E+5	2.184000E+0	-5.351627E-18	2.391872E+17	-2.799337E-6	0.000000E+0	1.148216E-7	2.723739E-6	0.000000E+0	0.000000E+0	0.000000E+0
1.558855E+4	-3.678792E+5	2.247000E+0	2.587907E+17	1.873793E-18	-2.499422E-6	0.000000E+0	1.149784E-7	2.713412E-6	0.000000E+0	0.000000E+0	0.000000E+0
1.562421E+4	-3.703347E+5	2.310000E+0	-3.127958E+17	-9.739241E-19	-6.673072E-7	0.000000E+0	1.137200E-7	2.695462E-6	0.000000E+0	0.000000E+0	0.000000E+0
1.552836E+4	-3.727977E+5	2.373000E+0	6.653843E-18	-4.395667E+17	-2.921020E-6	0.000000E+0	1.115389E-7	2.677774E-6	0.000000E+0	0.000000E+0	0.000000E+0
1.546129E+4	-3.751687E+5	2.437000E+0	-1.571544E-18	-4.190346E+17	-2.648754E-6	0.000000E+0	1.096618E-7	2.660948E-6	0.000000E+0	0.000000E+0	0.000000E+0
1.563668E+4	-3.771134E+5	2.500000E+0	-9.275714E-19	-3.780201E-18	-2.348854E-6	0.000000E+0	1.097627E-7	2.647171E-6	0.000000E+0	0.000000E+0	0.000000E+0
