Real / Ohm	Ximag / Ohm	V_DC / V	I_a c / A	V_ac / V	I_DC / A
4.870228E+4	-5.912875E+6	-3.000000E+0	-3.567381E+17	-4.286482E-18	3.237830E-6	1.000000E+4	1.392908E-9	1.691110E-7	0.000000E+0	0.000000E+0	0.000000E+0
4.791095E+4	-5.354934E+6	-2.924000E+0	-4.691026E+17	6.906363E-18	-9.077194E-7	0.000000E+0	1.670674E-9	1.867287E-7	0.000000E+0	0.000000E+0	0.000000E+0
3.056073E+4	-4.959917E+6	-2.848000E+0	-5.704680E+17	6.512875E+16	5.398761E-8	0.000000E+0	1.242220E-9	2.016086E-7	0.000000E+0	0.000000E+0	0.000000E+0
3.062579E+4	-4.862758E+6	-2.772000E+0	-6.627991E-18	5.175899E+17	5.049806E-7	0.000000E+0	1.295104E-9	2.056365E-7	0.000000E+0	0.000000E+0	0.000000E+0
3.381044E+4	-4.738376E+6	-2.696000E+0	2.517955E+17	3.793721E+16	-5.762267E-7	0.000000E+0	1.505808E-9	2.110320E-7	0.000000E+0	0.000000E+0	0.000000E+0
1.135688E+5	-4.562546E+6	-2.620000E+0	4.553607E+17	-2.686618E+17	2.939094E-6	0.000000E+0	5.452247E-9	2.190402E-7	0.000000E+0	0.000000E+0	0.000000E+0
1.923210E+5	-4.325003E+6	-2.544000E+0	8.250878E-19	3.410070E-18	3.390087E-6	0.000000E+0	1.026115E-8	2.307574E-7	0.000000E+0	0.000000E+0	0.000000E+0
3.819393E+5	-4.004310E+6	-2.468000E+0	6.288344E-18	-3.929323E-18	-1.266177E-6	0.000000E+0	2.360509E-8	2.474794E-7	0.000000E+0	0.000000E+0	0.000000E+0
6.253864E+5	-3.493588E+6	-2.392000E+0	4.284782E-18	4.664211E-18	-3.044843E-7	0.000000E+0	4.964856E-8	2.773511E-7	0.000000E+0	0.000000E+0	0.000000E+0
7.614704E+5	-2.870723E+6	-2.316000E+0	2.907620E+17	-1.496570E-18	3.210866E-6	0.000000E+0	8.632582E-8	3.254460E-7	0.000000E+0	0.000000E+0	0.000000E+0
7.312905E+5	-2.268499E+6	-2.241000E+0	-2.052875E-18	3.493290E-18	1.646593E-6	0.000000E+0	1.287285E-7	3.993222E-7	0.000000E+0	0.000000E+0	0.000000E+0
6.004124E+5	-1.814801E+6	-2.165000E+0	5.291893E-18	5.135446E+17	1.586886E-6	0.000000E+0	1.643166E-7	4.966618E-7	0.000000E+0	0.000000E+0	0.000000E+0
4.621137E+5	-1.506115E+6	-2.089000E+0	-6.504745E+16	2.346692E+17	1.527151E-6	0.000000E+0	1.861912E-7	6.068318E-7	0.000000E+0	0.000000E+0	0.000000E+0
3.417623E+5	-1.296982E+6	-2.013000E+0	-4.960950E+17	8.277014E+16	2.488858E-6	0.000000E+0	1.899773E-7	7.209606E-7	0.000000E+0	0.000000E+0	0.000000E+0
2.491962E+5	-1.149931E+6	-1.937000E+0	2.127762E-18	3.293656E+15	8.969437E-7	0.000000E+0	1.799978E-7	8.306109E-7	0.000000E+0	0.000000E+0	0.000000E+0
1.811353E+5	-1.045236E+6	-1.861000E+0	8.607197E+16	4.249670E-18	-2.227127E-6	0.000000E+0	1.609622E-7	9.288276E-7	0.000000E+0	0.000000E+0	0.000000E+0
1.317840E+5	-9.639991E+5	-1.785000E+0	-4.014473E-19	-2.240669E+17	1.798915E-6	0.000000E+0	1.392092E-7	1.018315E-6	0.000000E+0	0.000000E+0	0.000000E+0
9.523775E+4	-9.000071E+5	-1.709000E+0	2.698511E+17	-3.360764E+17	-8.144343E-7	0.000000E+0	1.162736E-7	1.098798E-6	0.000000E+0	0.000000E+0	0.000000E+0
7.078156E+4	-8.472641E+5	-1.633000E+0	-6.256276E-18	1.398985E+17	-4.449270E-6	0.000000E+0	9.791789E-8	1.172089E-6	0.000000E+0	0.000000E+0	0.000000E+0
5.311773E+4	-8.037044E+5	-1.557000E+0	-1.006173E-18	-5.687810E-18	-9.339419E-7	0.000000E+0	8.187549E-8	1.238827E-6	0.000000E+0	0.000000E+0	0.000000E+0
4.186371E+4	-7.701312E+5	-1.481000E+0	1.311717E+15	5.157902E-18	-1.504435E-6	0.000000E+0	7.037637E-8	1.294654E-6	0.000000E+0	0.000000E+0	0.000000E+0
3.266707E+4	-7.447585E+5	-1.405000E+0	2.540081E-19	-1.518024E+17	4.787580E-7	0.000000E+0	5.878202E-8	1.340139E-6	0.000000E+0	0.000000E+0	0.000000E+0
2.841379E+4	-7.236262E+5	-1.329000E+0	-5.203440E-18	3.830367E-18	-1.113163E-6	0.000000E+0	5.417907E-8	1.379802E-6	0.000000E+0	0.000000E+0	0.000000E+0
2.338861E+4	-7.072705E+5	-1.253000E+0	-1.183523E-18	-5.342346E-18	3.592504E-7	0.000000E+0	4.670449E-8	1.412342E-6	0.000000E+0	0.000000E+0	0.000000E+0
1.983866E+4	-6.932130E+5	-1.177000E+0	-5.319197E+16	-3.553127E+17	2.342473E-6	0.000000E+0	4.124995E-8	1.441378E-6	0.000000E+0	0.000000E+0	0.000000E+0
1.760688E+4	-6.806043E+5	-1.101000E+0	2.088264E+17	-2.196584E+17	2.398301E-7	0.000000E+0	3.798416E-8	1.468300E-6	0.000000E+0	0.000000E+0	0.000000E+0
1.495372E+4	-6.679026E+5	-1.025000E+0	-7.964855E+16	-3.372652E-18	-8.413772E-7	0.000000E+0	3.350467E-8	1.496474E-6	0.000000E+0	0.000000E+0	0.000000E+0
1.317729E+4	-6.555684E+5	-9.490000E-1	-1.827512E-18	1.580559E+17	-9.010982E-7	0.000000E+0	3.064888E-8	1.524778E-6	0.000000E+0	0.000000E+0	0.000000E+0
1.130873E+4	-6.446872E+5	-8.730000E-1	-4.775830E-18	6.138991E-18	5.713191E-7	0.000000E+0	2.720083E-8	1.550663E-6	0.000000E+0	0.000000E+0	0.000000E+0
9.959305E+3	-6.342766E+5	-7.970000E-1	2.010006E+17	1.860550E+17	1.533022E-6	0.000000E+0	2.474940E-8	1.576211E-6	0.000000E+0	0.000000E+0	0.000000E+0
8.789244E+3	-6.238544E+5	-7.220000E-1	4.410889E+17	3.939340E-18	9.902251E-7	0.000000E+0	2.257870E-8	1.602620E-6	0.000000E+0	0.000000E+0	0.000000E+0
8.334527E+3	-6.141956E+5	-6.460000E-1	-5.506670E-18	3.318154E+17	4.197573E-7	0.000000E+0	2.208959E-8	1.627846E-6	0.000000E+0	0.000000E+0	0.000000E+0
7.324663E+3	-6.043155E+5	-5.700000E-1	-5.761072E+17	-4.172230E+17	1.381490E-6	0.000000E+0	2.005379E-8	1.654522E-6	0.000000E+0	0.000000E+0	0.000000E+0
6.392532E+3	-5.953800E+5	-4.940000E-1	6.303170E-18	-1.599031E-19	-2.104334E-7	0.000000E+0	1.803160E-8	1.679406E-6	0.000000E+0	0.000000E+0	0.000000E+0
5.578969E+3	-5.859905E+5	-4.180000E-1	-1.696221E+17	-6.410774E-19	-2.701872E-7	0.000000E+0	1.624551E-8	1.706358E-6	0.000000E+0	0.000000E+0	0.000000E+0
5.536188E+3	-5.777722E+5	-3.420000E-1	-2.816971E+17	1.903750E-18	-1.862081E-6	0.000000E+0	1.658279E-8	1.730627E-6	0.000000E+0	0.000000E+0	0.000000E+0
5.215646E+3	-5.697129E+5	-2.660000E-1	-1.478400E+17	2.700591E+17	-2.432549E-6	0.000000E+0	1.606792E-8	1.755123E-6	0.000000E+0	0.000000E+0	0.000000E+0
4.623916E+3	-5.615479E+5	-1.900000E-1	-2.949171E+17	-4.956124E-18	6.132814E-8	0.000000E+0	1.466246E-8	1.780671E-6	0.000000E+0	0.000000E+0	0.000000E+0
4.466351E+3	-5.534261E+5	-1.140000E-1	-4.717429E+17	-4.928282E+17	5.123184E-7	0.000000E+0	1.458160E-8	1.806808E-6	0.000000E+0	0.000000E+0	0.000000E+0
4.502021E+3	-5.454316E+5	-3.800000E-2	-9.427576E-19	-9.426377E-19	9.632797E-7	0.000000E+0	1.513204E-8	1.833286E-6	0.000000E+0	0.000000E+0	0.000000E+0
4.799514E+3	-5.384514E+5	3.800000E-2	-3.093320E+17	4.406614E-18	3.928424E-7	0.000000E+0	1.655273E-8	1.857030E-6	0.000000E+0	0.000000E+0	0.000000E+0
4.406723E+3	-5.313869E+5	1.140000E-1	-4.715212E+17	-5.436513E+17	3.330897E-7	0.000000E+0	1.560502E-8	1.881739E-6	0.000000E+0	0.000000E+0	0.000000E+0
4.276332E+3	-5.240362E+5	1.900000E-1	4.697582E+17	-5.230656E+17	-2.280262E-6	0.000000E+0	1.557112E-8	1.908138E-6	0.000000E+0	0.000000E+0	0.000000E+0
4.411550E+3	-5.173773E+5	2.660000E-1	-3.021231E-18	1.735786E-18	-2.340013E-6	0.000000E+0	1.647953E-8	1.932685E-6	0.000000E+0	0.000000E+0	0.000000E+0
4.611664E+3	-5.104299E+5	3.420000E-1	-3.194760E-18	5.558819E-18	1.538610E-7	0.000000E+0	1.769905E-8	1.958973E-6	0.000000E+0	0.000000E+0	0.000000E+0
4.510974E+3	-5.048145E+5	4.180000E-1	4.155990E+17	-1.817843E+17	-9.273190E-7	0.000000E+0	1.769995E-8	1.980768E-6	0.000000E+0	0.000000E+0	0.000000E+0
4.709376E+3	-4.982797E+5	4.940000E-1	-4.136209E+17	4.857998E-18	-9.870728E-7	0.000000E+0	1.896611E-8	2.006726E-6	0.000000E+0	0.000000E+0	0.000000E+0
4.632750E+3	-4.928283E+5	5.700000E-1	-3.851510E-18	-6.440443E-18	-5.360816E-7	0.000000E+0	1.907257E-8	2.028925E-6	0.000000E+0	0.000000E+0	0.000000E+0
5.059458E+3	-4.873634E+5	6.460000E-1	4.766215E-20	4.558806E+17	-8.509232E-8	0.000000E+0	2.129862E-8	2.051636E-6	0.000000E+0	0.000000E+0	0.000000E+0
5.253142E+3	-4.819489E+5	7.220000E-1	1.388541E-18	6.784133E-18	-6.555601E-7	0.000000E+0	2.261338E-8	2.074662E-6	0.000000E+0	0.000000E+0	0.000000E+0
5.088955E+3	-4.769956E+5	7.970000E-1	4.707193E+17	-3.632098E-18	3.338137E-7	0.000000E+0	2.236405E-8	2.096217E-6	0.000000E+0	0.000000E+0	0.000000E+0
5.313504E+3	-4.721312E+5	8.730000E-1	-7.975154E-19	6.323277E-18	1.295517E-6	0.000000E+0	2.383420E-8	2.117787E-6	0.000000E+0	0.000000E+0	0.000000E+0
5.406785E+3	-4.680026E+5	9.490000E-1	-4.524462E+17	2.055148E+17	-2.850007E-6	0.000000E+0	2.468224E-8	2.136455E-6	0.000000E+0	0.000000E+0	0.000000E+0
5.656986E+3	-4.636823E+5	1.025000E+0	-6.904434E-18	-8.375564E+16	-8.668430E-7	0.000000E+0	2.630749E-8	2.156328E-6	0.000000E+0	0.000000E+0	0.000000E+0
5.732322E+3	-4.597660E+5	1.101000E+0	2.547933E-18	-2.672116E+16	-2.458764E-6	0.000000E+0	2.711374E-8	2.174681E-6	0.000000E+0	0.000000E+0	0.000000E+0
5.576504E+3	-4.561092E+5	1.177000E+0	-1.554615E+17	1.089529E+17	-4.561407E-6	0.000000E+0	2.680152E-8	2.192130E-6	0.000000E+0	0.000000E+0	0.000000E+0
5.693441E+3	-4.526206E+5	1.253000E+0	-2.314515E+17	1.796536E+17	-1.046072E-6	0.000000E+0	2.778673E-8	2.209006E-6	0.000000E+0	0.000000E+0	0.000000E+0
5.869979E+3	-4.489874E+5	1.329000E+0	4.674714E-18	-5.707470E+17	1.447799E-6	0.000000E+0	2.911347E-8	2.226853E-6	0.000000E+0	0.000000E+0	0.000000E+0
6.196594E+3	-4.459418E+5	1.405000E+0	-2.820974E+17	-3.573550E+17	-2.187007E-6	0.000000E+0	3.115393E-8	2.242012E-6	0.000000E+0	0.000000E+0	0.000000E+0
6.219695E+3	-4.431134E+5	1.481000E+0	7.433461E+16	-3.421240E+17	1.328328E-6	0.000000E+0	3.167042E-8	2.256314E-6	0.000000E+0	0.000000E+0	0.000000E+0
6.239230E+3	-4.404942E+5	1.557000E+0	4.333500E+17	8.421242E+16	-1.795765E-6	0.000000E+0	3.214871E-8	2.269722E-6	0.000000E+0	0.000000E+0	0.000000E+0
6.261863E+3	-4.379895E+5	1.633000E+0	5.364300E+17	-2.871878E+17	-2.366236E-6	0.000000E+0	3.263528E-8	2.282693E-6	0.000000E+0	0.000000E+0	0.000000E+0
6.353825E+3	-4.353519E+5	1.709000E+0	-4.075705E-18	1.659667E-18	-3.447414E-6	0.000000E+0	3.351675E-8	2.296503E-6	0.000000E+0	0.000000E+0	0.000000E+0
6.519962E+3	-4.333268E+5	1.785000E+0	9.225665E+16	1.907244E+17	-9.535361E-7	0.000000E+0	3.471488E-8	2.307205E-6	0.000000E+0	0.000000E+0	0.000000E+0
6.594613E+3	-4.311666E+5	1.861000E+0	4.020179E+17	1.832659E+17	-3.056179E-6	0.000000E+0	3.546480E-8	2.318747E-6	0.000000E+0	0.000000E+0	0.000000E+0
6.683063E+3	-4.293944E+5	1.937000E+0	1.676928E-18	4.035830E-18	-5.623078E-7	0.000000E+0	3.623745E-8	2.328297E-6	0.000000E+0	0.000000E+0	0.000000E+0
6.748375E+3	-4.274260E+5	2.013000E+0	-2.658310E+17	-5.132058E+17	-2.154193E-6	0.000000E+0	3.692913E-8	2.339003E-6	0.000000E+0	0.000000E+0	0.000000E+0
6.819091E+3	-4.255988E+5	2.089000E+0	5.241928E+17	2.782928E-18	-3.235371E-6	0.000000E+0	3.763693E-8	2.349028E-6	0.000000E+0	0.000000E+0	0.000000E+0
6.602879E+3	-4.242086E+5	2.165000E+0	2.579781E+17	4.568510E-19	-3.295136E-6	0.000000E+0	3.668337E-8	2.356760E-6	0.000000E+0	0.000000E+0	0.000000E+0
6.781101E+3	-4.225831E+5	2.241000E+0	-4.023263E-18	5.325189E+16	-2.844128E-6	0.000000E+0	3.796332E-8	2.365789E-6	0.000000E+0	0.000000E+0	0.000000E+0
6.897958E+3	-4.213163E+5	2.316000E+0	-1.980656E+17	2.858813E+16	-2.365516E-6	0.000000E+0	3.884970E-8	2.372878E-6	0.000000E+0	0.000000E+0	0.000000E+0
6.867826E+3	-4.200153E+5	2.392000E+0	-2.714796E-18	5.985466E+14	6.391201E-7	0.000000E+0	3.892001E-8	2.380229E-6	0.000000E+0	0.000000E+0	0.000000E+0
7.003348E+3	-4.188245E+5	2.468000E+0	5.785012E-19	5.234687E+17	-2.484987E-6	0.000000E+0	3.991353E-8	2.386968E-6	0.000000E+0	0.000000E+0	0.000000E+0
7.130138E+3	-4.178855E+5	2.544000E+0	-2.373659E+17	1.295985E-19	-2.033994E-6	0.000000E+0	4.081849E-8	2.392304E-6	0.000000E+0	0.000000E+0	0.000000E+0
7.166484E+3	-4.169103E+5	2.620000E+0	-5.351627E-18	2.391872E+17	-2.604458E-6	0.000000E+0	4.121854E-8	2.397889E-6	0.000000E+0	0.000000E+0	0.000000E+0
7.342320E+3	-4.158140E+5	2.696000E+0	2.587907E+17	1.873793E-18	-1.105946E-7	0.000000E+0	4.245215E-8	2.404172E-6	0.000000E+0	0.000000E+0	0.000000E+0
7.192603E+3	-4.155198E+5	2.772000E+0	-3.127958E+17	-9.739241E-19	-3.234658E-6	0.000000E+0	4.164593E-8	2.405903E-6	0.000000E+0	0.000000E+0	0.000000E+0
7.184514E+3	-4.142566E+5	2.848000E+0	6.653843E-18	-4.395667E+17	-3.805122E-6	0.000000E+0	4.185313E-8	2.413237E-6	0.000000E+0	0.000000E+0	0.000000E+0
7.319690E+3	-4.138892E+5	2.924000E+0	-1.571544E-18	-4.190346E+17	-1.821958E-6	0.000000E+0	4.271581E-8	2.415350E-6	0.000000E+0	0.000000E+0	0.000000E+0
7.673991E+3	-4.132236E+5	3.000000E+0	-9.275714E-19	-3.780201E-18	-3.413879E-6	0.000000E+0	4.492637E-8	2.419163E-6	0.000000E+0	0.000000E+0	0.000000E+0
