Real / Ohm	Ximag / Ohm	V_DC / V	I_a c / A	V_ac / V	I_DC / A
5.261505E+1	-4.460775E+2	2.500000E+0	-9.275714E-19	-3.780201E-18	-3.059686E-7	1.000000E+7	2.607888E-4	2.211003E-3	0.000000E+0	0.000000E+0	0.000000E+0
4.534204E+1	-4.489688E+2	2.437000E+0	-1.571544E-18	-4.190346E+17	-6.058690E-7	0.000000E+0	2.226700E-4	2.204838E-3	0.000000E+0	0.000000E+0	0.000000E+0
3.341833E+1	-4.462390E+2	2.373000E+0	6.653843E-18	-4.395667E+17	-8.781062E-7	0.000000E+0	1.668864E-4	2.228454E-3	0.000000E+0	0.000000E+0	0.000000E+0
4.805005E+1	-4.490280E+2	2.310000E+0	-3.127958E+17	-9.739241E-19	-2.199507E-6	0.000000E+0	2.356146E-4	2.201820E-3	0.000000E+0	0.000000E+0	0.000000E+0
5.071957E+1	-4.506385E+2	2.247000E+0	2.587907E+17	1.873793E-18	-1.988708E-6	0.000000E+0	2.466335E-4	2.191315E-3	0.000000E+0	0.000000E+0	0.000000E+0
4.947946E+1	-4.546727E+2	2.184000E+0	-5.351627E-18	2.391872E+17	2.650049E-7	0.000000E+0	2.365452E-4	2.173642E-3	0.000000E+0	0.000000E+0	0.000000E+0
5.539923E+1	-4.539390E+2	2.120000E+0	-2.373659E+17	1.295985E-19	-2.560861E-6	0.000000E+0	2.649037E-4	2.170610E-3	0.000000E+0	0.000000E+0	0.000000E+0
5.477795E+1	-4.551660E+2	2.057000E+0	5.785012E-19	5.234687E+17	7.142953E-7	0.000000E+0	2.606281E-4	2.165635E-3	0.000000E+0	0.000000E+0	0.000000E+0
5.807962E+1	-4.576437E+2	1.994000E+0	-2.714796E-18	5.985466E+14	2.457258E-6	0.000000E+0	2.729164E-4	2.150470E-3	0.000000E+0	0.000000E+0	0.000000E+0
5.381525E+1	-4.580987E+2	1.930000E+0	-1.980656E+17	2.858813E+16	-8.793504E-7	0.000000E+0	2.529501E-4	2.153220E-3	0.000000E+0	0.000000E+0	0.000000E+0
5.231815E+1	-4.592302E+2	1.867000E+0	-4.023263E-18	5.325189E+16	-1.179258E-6	0.000000E+0	2.449013E-4	2.149657E-3	0.000000E+0	0.000000E+0	0.000000E+0
5.502850E+1	-4.613358E+2	1.804000E+0	2.579781E+17	4.568510E-19	-9.684591E-7	0.000000E+0	2.549282E-4	2.137210E-3	0.000000E+0	0.000000E+0	0.000000E+0
4.970093E+1	-4.638874E+2	1.741000E+0	5.241928E+17	2.782928E-18	2.637753E-7	0.000000E+0	2.283403E-4	2.131231E-3	0.000000E+0	0.000000E+0	0.000000E+0
4.715533E+1	-4.642261E+2	1.677000E+0	-2.658310E+17	-5.132058E+17	5.022448E-7	0.000000E+0	2.165776E-4	2.132123E-3	0.000000E+0	0.000000E+0	0.000000E+0
5.334955E+1	-4.658749E+2	1.614000E+0	1.676928E-18	4.035830E-18	-2.351284E-6	0.000000E+0	2.426241E-4	2.118715E-3	0.000000E+0	0.000000E+0	0.000000E+0
5.400931E+1	-4.674320E+2	1.551000E+0	4.020179E+17	1.832659E+17	-1.629771E-6	0.000000E+0	2.439338E-4	2.111163E-3	0.000000E+0	0.000000E+0	0.000000E+0
5.538809E+1	-4.721118E+2	1.487000E+0	9.225665E+16	1.907244E+17	-8.805582E-7	0.000000E+0	2.451263E-4	2.089384E-3	0.000000E+0	0.000000E+0	0.000000E+0
5.622839E+1	-4.710400E+2	1.424000E+0	-4.075705E-18	1.659667E-18	-6.697810E-7	0.000000E+0	2.498592E-4	2.093136E-3	0.000000E+0	0.000000E+0	0.000000E+0
5.519113E+1	-4.731848E+2	1.361000E+0	5.364300E+17	-2.871878E+17	-1.480403E-6	0.000000E+0	2.431864E-4	2.084975E-3	0.000000E+0	0.000000E+0	0.000000E+0
5.793085E+1	-4.755895E+2	1.297000E+0	4.333500E+17	8.421242E+16	-2.774104E-6	0.000000E+0	2.523765E-4	2.071912E-3	0.000000E+0	0.000000E+0	0.000000E+0
5.432755E+1	-4.768792E+2	1.234000E+0	7.433461E+16	-3.421240E+17	-1.541870E-6	0.000000E+0	2.358322E-4	2.070100E-3	0.000000E+0	0.000000E+0	0.000000E+0
5.303928E+1	-4.790906E+2	1.171000E+0	-2.820974E+17	-3.573550E+17	1.222565E-6	0.000000E+0	2.282821E-4	2.062015E-3	0.000000E+0	0.000000E+0	0.000000E+0
5.635818E+1	-4.821934E+2	1.108000E+0	4.674714E-18	-5.707470E+17	4.119065E-7	0.000000E+0	2.391233E-4	2.045908E-3	0.000000E+0	0.000000E+0	0.000000E+0
4.403625E+1	-4.852382E+2	1.044000E+0	-2.314515E+17	1.796536E+17	-8.817879E-7	0.000000E+0	1.854976E-4	2.044009E-3	0.000000E+0	0.000000E+0	0.000000E+0
4.765414E+1	-4.868748E+2	9.810000E-1	-1.554615E+17	1.089529E+17	-1.692442E-6	0.000000E+0	1.991248E-4	2.034426E-3	0.000000E+0	0.000000E+0	0.000000E+0
5.679947E+1	-4.906418E+2	9.180000E-1	2.547933E-18	-2.672116E+16	1.582706E-6	0.000000E+0	2.328271E-4	2.011193E-3	0.000000E+0	0.000000E+0	0.000000E+0
4.889230E+1	-4.937300E+2	8.540000E-1	-6.904434E-18	-8.375564E+16	2.890047E-7	0.000000E+0	1.986202E-4	2.005730E-3	0.000000E+0	0.000000E+0	0.000000E+0
5.682480E+1	-5.006412E+2	7.910000E-1	-4.524462E+17	2.055148E+17	-5.216461E-7	0.000000E+0	2.238337E-4	1.972032E-3	0.000000E+0	0.000000E+0	0.000000E+0
5.789130E+1	-5.027048E+2	7.280000E-1	-7.975154E-19	6.323277E-18	2.753502E-6	0.000000E+0	2.260818E-4	1.963204E-3	0.000000E+0	0.000000E+0	0.000000E+0
5.669235E+1	-5.084877E+2	6.650000E-1	4.707193E+17	-3.632098E-18	1.942877E-6	0.000000E+0	2.165700E-4	1.942470E-3	0.000000E+0	0.000000E+0	0.000000E+0
5.957962E+1	-5.149305E+2	6.010000E-1	1.388541E-18	6.784133E-18	3.202778E-6	0.000000E+0	2.217303E-4	1.916355E-3	0.000000E+0	0.000000E+0	0.000000E+0
5.631058E+1	-5.219949E+2	5.380000E-1	4.766215E-20	4.558806E+17	1.881410E-6	0.000000E+0	2.042832E-4	1.893690E-3	0.000000E+0	0.000000E+0	0.000000E+0
5.718179E+1	-5.305601E+2	4.750000E-1	-3.851510E-18	-6.440443E-18	4.933099E-8	0.000000E+0	2.008043E-4	1.863159E-3	0.000000E+0	0.000000E+0	0.000000E+0
5.679825E+1	-5.411907E+2	4.110000E-1	-4.136209E+17	4.857998E-18	-2.265828E-6	0.000000E+0	1.918125E-4	1.827647E-3	0.000000E+0	0.000000E+0	0.000000E+0
5.307944E+1	-5.537516E+2	3.480000E-1	4.155990E+17	-1.817843E+17	1.009321E-6	0.000000E+0	1.715237E-4	1.789423E-3	0.000000E+0	0.000000E+0	0.000000E+0
5.441006E+1	-5.670830E+2	2.850000E-1	-3.194760E-18	5.558819E-18	4.795182E-6	0.000000E+0	1.676510E-4	1.747325E-3	0.000000E+0	0.000000E+0	0.000000E+0
5.935291E+1	-5.841293E+2	2.220000E-1	-3.021231E-18	1.735786E-18	-1.122698E-6	0.000000E+0	1.721723E-4	1.694455E-3	0.000000E+0	0.000000E+0	0.000000E+0
5.182605E+1	-6.043171E+2	1.580000E-1	4.697582E+17	-5.230656E+17	2.180115E-6	0.000000E+0	1.408756E-4	1.642679E-3	0.000000E+0	0.000000E+0	0.000000E+0
6.045996E+1	-6.296520E+2	9.500000E-2	-4.715212E+17	-5.436513E+17	1.880206E-6	0.000000E+0	1.511057E-4	1.573670E-3	0.000000E+0	0.000000E+0	0.000000E+0
6.219415E+1	-6.557068E+2	3.200000E-2	-3.093320E+17	4.406614E-18	1.069554E-6	0.000000E+0	1.433641E-4	1.511474E-3	0.000000E+0	0.000000E+0	0.000000E+0
6.588681E+1	-6.902346E+2	-3.200000E-2	-9.427576E-19	-9.426377E-19	1.308025E-6	0.000000E+0	1.370458E-4	1.435701E-3	0.000000E+0	0.000000E+0	0.000000E+0
6.708075E+1	-7.312889E+2	-9.500000E-2	-4.717429E+17	-4.928282E+17	4.973731E-7	0.000000E+0	1.243887E-4	1.356039E-3	0.000000E+0	0.000000E+0	0.000000E+0
7.180026E+1	-7.838151E+2	-1.580000E-1	-2.949171E+17	-4.956124E-18	1.974640E-7	0.000000E+0	1.158963E-4	1.265195E-3	0.000000E+0	0.000000E+0	0.000000E+0
7.588312E+1	-8.560392E+2	-2.220000E-1	-1.478400E+17	2.700591E+17	4.359354E-7	0.000000E+0	1.027445E-4	1.159063E-3	0.000000E+0	0.000000E+0	0.000000E+0
8.643042E+1	-9.564675E+2	-2.850000E-1	-2.816971E+17	1.903750E-18	1.668168E-6	0.000000E+0	9.371180E-5	1.037046E-3	0.000000E+0	0.000000E+0	0.000000E+0
1.025612E+2	-1.103015E+3	-3.480000E-1	-1.696221E+17	-6.410774E-19	8.575153E-7	0.000000E+0	8.357600E-5	8.988349E-4	0.000000E+0	0.000000E+0	0.000000E+0
1.431028E+2	-1.320418E+3	-4.110000E-1	6.303170E-18	-1.599031E-19	1.579065E-6	0.000000E+0	8.112486E-5	7.485439E-4	0.000000E+0	0.000000E+0	0.000000E+0
2.468550E+2	-1.591016E+3	-4.750000E-1	-5.761072E+17	-4.172230E+17	4.881877E-6	0.000000E+0	9.522737E-5	6.137541E-4	0.000000E+0	0.000000E+0	0.000000E+0
2.467937E+2	-1.953379E+3	-5.380000E-1	-5.506670E-18	3.318154E+17	1.006883E-6	0.000000E+0	6.366247E-5	5.038902E-4	0.000000E+0	0.000000E+0	0.000000E+0
2.658990E+2	-2.568536E+3	-6.010000E-1	4.410889E+17	3.939340E-18	1.728400E-6	0.000000E+0	3.987640E-5	3.851988E-4	0.000000E+0	0.000000E+0	0.000000E+0
3.323535E+2	-3.379558E+3	-6.650000E-1	2.010006E+17	1.860550E+17	-2.118926E-6	0.000000E+0	2.882043E-5	2.930624E-4	0.000000E+0	0.000000E+0	0.000000E+0
4.688481E+2	-4.346463E+3	-7.280000E-1	-4.775830E-18	6.138991E-18	1.666962E-6	0.000000E+0	2.453217E-5	2.274259E-4	0.000000E+0	0.000000E+0	0.000000E+0
6.580388E+2	-5.437998E+3	-7.910000E-1	-1.827512E-18	1.580559E+17	3.455971E-7	0.000000E+0	2.193109E-5	1.812374E-4	0.000000E+0	0.000000E+0	0.000000E+0
8.322451E+2	-6.552386E+3	-8.540000E-1	-7.964855E+16	-3.372652E-18	1.067117E-6	0.000000E+0	1.907664E-5	1.501932E-4	0.000000E+0	0.000000E+0	0.000000E+0
9.405161E+2	-7.623450E+3	-9.180000E-1	2.088264E+17	-2.196584E+17	-2.265842E-7	0.000000E+0	1.594053E-5	1.292076E-4	0.000000E+0	0.000000E+0	0.000000E+0
9.446577E+2	-8.473008E+3	-9.810000E-1	-5.319197E+16	-3.553127E+17	1.005650E-6	0.000000E+0	1.299673E-5	1.165728E-4	0.000000E+0	0.000000E+0	0.000000E+0
8.909536E+2	-9.119664E+3	-1.044000E+0	-1.183523E-18	-5.342346E-18	2.748624E-6	0.000000E+0	1.061138E-5	1.086165E-4	0.000000E+0	0.000000E+0	0.000000E+0
8.363291E+2	-9.611678E+3	-1.108000E+0	-5.203440E-18	3.830367E-18	4.335016E-7	0.000000E+0	8.984690E-6	1.032583E-4	0.000000E+0	0.000000E+0	0.000000E+0
8.101543E+2	-1.000566E+4	-1.171000E+0	2.540081E-19	-1.518024E+17	2.176472E-6	0.000000E+0	8.039671E-6	9.929246E-5	0.000000E+0	0.000000E+0	0.000000E+0
7.770835E+2	-1.035534E+4	-1.234000E+0	1.311717E+15	5.157902E-18	3.919449E-6	0.000000E+0	7.206098E-6	9.602778E-5	0.000000E+0	0.000000E+0	0.000000E+0
7.801245E+2	-1.067492E+4	-1.297000E+0	-1.006173E-18	-5.687810E-18	-9.770592E-7	0.000000E+0	6.809597E-6	9.317987E-5	0.000000E+0	0.000000E+0	0.000000E+0
7.642339E+2	-1.097038E+4	-1.361000E+0	-6.256276E-18	1.398985E+17	4.879410E-6	0.000000E+0	6.319467E-6	9.071431E-5	0.000000E+0	0.000000E+0	0.000000E+0
7.742983E+2	-1.123233E+4	-1.424000E+0	2.698511E+17	-3.360764E+17	2.025845E-6	0.000000E+0	6.108150E-6	8.860766E-5	0.000000E+0	0.000000E+0	0.000000E+0
7.720625E+2	-1.147718E+4	-1.487000E+0	-4.014473E-19	-2.240669E+17	1.215194E-6	0.000000E+0	5.834737E-6	8.673692E-5	0.000000E+0	0.000000E+0	0.000000E+0
7.472466E+2	-1.169491E+4	-1.551000E+0	8.607197E+16	4.249670E-18	-1.610650E-6	0.000000E+0	5.441276E-6	8.515961E-5	0.000000E+0	0.000000E+0	0.000000E+0
7.614248E+2	-1.187985E+4	-1.614000E+0	2.127762E-18	3.293656E+15	6.430346E-7	0.000000E+0	5.373097E-6	8.383176E-5	0.000000E+0	0.000000E+0	0.000000E+0
7.632847E+2	-1.202049E+4	-1.677000E+0	-4.960950E+17	8.277014E+16	2.896733E-6	0.000000E+0	5.261319E-6	8.285720E-5	0.000000E+0	0.000000E+0	0.000000E+0
7.606064E+2	-1.216738E+4	-1.741000E+0	-6.504745E+16	2.346692E+17	5.816037E-7	0.000000E+0	5.117667E-6	8.186705E-5	0.000000E+0	0.000000E+0	0.000000E+0
7.504883E+2	-1.226527E+4	-1.804000E+0	5.291893E-18	5.135446E+17	3.346009E-6	0.000000E+0	4.970119E-6	8.122691E-5	0.000000E+0	0.000000E+0	0.000000E+0
7.464766E+2	-1.234100E+4	-1.867000E+0	-2.052875E-18	3.493290E-18	1.003209E-6	0.000000E+0	4.883480E-6	8.073532E-5	0.000000E+0	0.000000E+0	0.000000E+0
7.393003E+2	-1.239757E+4	-1.930000E+0	2.907620E+17	-1.496570E-18	-1.339642E-6	0.000000E+0	4.792985E-6	8.037515E-5	0.000000E+0	0.000000E+0	0.000000E+0
7.579370E+2	-1.244599E+4	-1.994000E+0	4.284782E-18	4.664211E-18	2.984634E-6	0.000000E+0	4.874910E-6	8.005029E-5	0.000000E+0	0.000000E+0	0.000000E+0
7.586201E+2	-1.245988E+4	-2.057000E+0	6.288344E-18	-3.929323E-18	2.173969E-6	0.000000E+0	4.868438E-6	7.996118E-5	0.000000E+0	0.000000E+0	0.000000E+0
7.467578E+2	-1.245043E+4	-2.120000E+0	8.250878E-19	3.410070E-18	2.384812E-6	0.000000E+0	4.800114E-6	8.003061E-5	0.000000E+0	0.000000E+0	0.000000E+0
7.427100E+2	-1.247563E+4	-2.184000E+0	4.553607E+17	-2.686618E+17	2.112545E-6	0.000000E+0	4.755080E-6	7.987319E-5	0.000000E+0	0.000000E+0	0.000000E+0
7.492173E+2	-1.247792E+4	-2.247000E+0	2.517955E+17	3.793721E+16	2.323315E-6	0.000000E+0	4.794690E-6	7.985367E-5	0.000000E+0	0.000000E+0	0.000000E+0
7.543042E+2	-1.246704E+4	-2.310000E+0	-6.627991E-18	5.175899E+17	2.534143E-6	0.000000E+0	4.835405E-6	7.991894E-5	0.000000E+0	0.000000E+0	0.000000E+0
7.477319E+2	-1.246641E+4	-2.373000E+0	-5.704680E+17	6.512875E+16	2.234199E-6	0.000000E+0	4.794060E-6	7.992801E-5	0.000000E+0	0.000000E+0	0.000000E+0
7.495142E+2	-1.244918E+4	-2.437000E+0	-4.691026E+17	6.906363E-18	1.961933E-6	0.000000E+0	4.818668E-6	8.003646E-5	0.000000E+0	0.000000E+0	0.000000E+0
7.466177E+2	-1.243902E+4	-2.500000E+0	-3.567381E+17	-4.286482E-18	6.405753E-7	0.000000E+0	4.807996E-6	8.010360E-5	0.000000E+0	0.000000E+0	0.000000E+0
