Real / Ohm	Ximag / Ohm	V_DC / V	I_a c / A	V_ac / V	I_DC / A
5.335480E+1	-5.747938E-2	1.500000E+0	-9.275714E-19	-3.780201E-18	1.775716E-2	1.000000E+5	1.874243E-2	2.019131E-5	0.000000E+0	0.000000E+0	0.000000E+0
5.363052E+1	-7.345200E-2	1.462000E+0	-1.571544E-18	-4.190346E+17	1.702225E-2	0.000000E+0	1.864606E-2	2.553752E-5	0.000000E+0	0.000000E+0	0.000000E+0
5.542439E+1	-9.821272E-2	1.424000E+0	6.653843E-18	-4.395667E+17	1.704067E-2	0.000000E+0	1.804254E-2	3.197161E-5	0.000000E+0	0.000000E+0	0.000000E+0
5.708078E+1	-1.238503E-1	1.386000E+0	-3.127958E+17	-9.739241E-19	1.494979E-2	0.000000E+0	1.751895E-2	3.801152E-5	0.000000E+0	0.000000E+0	0.000000E+0
5.647029E+1	-1.680121E-1	1.348000E+0	2.587907E+17	1.873793E-18	1.559793E-2	0.000000E+0	1.770827E-2	5.268618E-5	0.000000E+0	0.000000E+0	0.000000E+0
5.496455E+1	-1.785178E-1	1.310000E+0	-5.351627E-18	2.391872E+17	1.518274E-2	0.000000E+0	1.819335E-2	5.908967E-5	0.000000E+0	0.000000E+0	0.000000E+0
5.581869E+1	-2.129397E-1	1.272000E+0	-2.373659E+17	1.295985E-19	1.469146E-2	0.000000E+0	1.791489E-2	6.834253E-5	0.000000E+0	0.000000E+0	0.000000E+0
5.504696E+1	-2.400994E-1	1.234000E+0	5.785012E-19	5.234687E+17	1.441569E-2	0.000000E+0	1.816596E-2	7.923483E-5	0.000000E+0	0.000000E+0	0.000000E+0
5.509417E+1	-2.335358E-1	1.196000E+0	-2.714796E-18	5.985466E+14	1.364096E-2	0.000000E+0	1.815041E-2	7.693684E-5	0.000000E+0	0.000000E+0	0.000000E+0
5.578280E+1	-2.467580E-1	1.158000E+0	-1.980656E+17	2.858813E+16	1.206387E-2	0.000000E+0	1.792632E-2	7.929798E-5	0.000000E+0	0.000000E+0	0.000000E+0
5.469262E+1	-2.695003E-1	1.120000E+0	-4.023263E-18	5.325189E+16	1.315838E-2	0.000000E+0	1.828356E-2	9.009304E-5	0.000000E+0	0.000000E+0	0.000000E+0
5.568595E+1	-3.066421E-1	1.082000E+0	2.579781E+17	4.568510E-19	1.260019E-2	0.000000E+0	1.795731E-2	9.888430E-5	0.000000E+0	0.000000E+0	0.000000E+0
5.581451E+1	-2.974973E-1	1.044000E+0	5.241928E+17	2.782928E-18	1.224884E-2	0.000000E+0	1.791598E-2	9.549408E-5	0.000000E+0	0.000000E+0	0.000000E+0
5.565501E+1	-2.999225E-1	1.006000E+0	-2.658310E+17	-5.132058E+17	1.168350E-2	0.000000E+0	1.796731E-2	9.682509E-5	0.000000E+0	0.000000E+0	0.000000E+0
5.572371E+1	-2.730875E-1	9.680000E-1	1.676928E-18	4.035830E-18	1.102827E-2	0.000000E+0	1.794525E-2	8.794504E-5	0.000000E+0	0.000000E+0	0.000000E+0
5.531339E+1	-2.497535E-1	9.300000E-1	4.020179E+17	1.832659E+17	1.057171E-2	0.000000E+0	1.807844E-2	8.162857E-5	0.000000E+0	0.000000E+0	0.000000E+0
5.534806E+1	-2.621465E-1	8.920000E-1	9.225665E+16	1.907244E+17	1.019431E-2	0.000000E+0	1.806708E-2	8.557157E-5	0.000000E+0	0.000000E+0	0.000000E+0
5.612271E+1	-2.199540E-1	8.540000E-1	-4.075705E-18	1.659667E-18	9.924171E-3	0.000000E+0	1.781783E-2	6.983095E-5	0.000000E+0	0.000000E+0	0.000000E+0
5.511515E+1	-2.147274E-1	8.160000E-1	5.364300E+17	-2.871878E+17	9.268941E-3	0.000000E+0	1.814356E-2	7.068689E-5	0.000000E+0	0.000000E+0	0.000000E+0
5.509365E+1	-2.113404E-1	7.780000E-1	4.333500E+17	8.421242E+16	8.915041E-3	0.000000E+0	1.815065E-2	6.962626E-5	0.000000E+0	0.000000E+0	0.000000E+0
5.700560E+1	-1.911492E-1	7.410000E-1	7.433461E+16	-3.421240E+17	8.110140E-3	0.000000E+0	1.754194E-2	5.882102E-5	0.000000E+0	0.000000E+0	0.000000E+0
6.209042E+1	-1.242366E-1	7.030000E-1	-2.820974E+17	-3.573550E+17	8.022327E-3	0.000000E+0	1.610548E-2	3.222542E-5	0.000000E+0	0.000000E+0	0.000000E+0
6.088445E+1	-1.531262E-1	6.650000E-1	4.674714E-18	-5.707470E+17	7.465157E-3	0.000000E+0	1.642445E-2	4.130798E-5	0.000000E+0	0.000000E+0	0.000000E+0
6.178963E+1	-1.212206E-1	6.270000E-1	-2.314515E+17	1.796536E+17	6.886026E-3	0.000000E+0	1.618388E-2	3.174999E-5	0.000000E+0	0.000000E+0	0.000000E+0
6.690660E+1	-1.337328E-1	5.890000E-1	-1.554615E+17	1.089529E+17	6.174616E-3	0.000000E+0	1.494615E-2	2.987434E-5	0.000000E+0	0.000000E+0	0.000000E+0
6.148624E+1	-1.170745E-1	5.510000E-1	2.547933E-18	-2.672116E+16	5.825821E-3	0.000000E+0	1.626374E-2	3.096741E-5	0.000000E+0	0.000000E+0	0.000000E+0
6.198876E+1	-1.001754E-1	5.130000E-1	-6.904434E-18	-8.375564E+16	5.698170E-3	0.000000E+0	1.613191E-2	2.606958E-5	0.000000E+0	0.000000E+0	0.000000E+0
6.027837E+1	-1.205206E-1	4.750000E-1	-4.524462E+17	2.055148E+17	5.253870E-3	0.000000E+0	1.658963E-2	3.316932E-5	0.000000E+0	0.000000E+0	0.000000E+0
6.273318E+1	-1.095552E-1	4.370000E-1	-7.975154E-19	6.323277E-18	4.731939E-3	0.000000E+0	1.594048E-2	2.783794E-5	0.000000E+0	0.000000E+0	0.000000E+0
6.136943E+1	-1.080885E-1	3.990000E-1	4.707193E+17	-3.632098E-18	4.342797E-3	0.000000E+0	1.629471E-2	2.869948E-5	0.000000E+0	0.000000E+0	0.000000E+0
6.305437E+1	-9.460974E-2	3.610000E-1	1.388541E-18	6.784133E-18	3.802992E-3	0.000000E+0	1.585929E-2	2.379603E-5	0.000000E+0	0.000000E+0	0.000000E+0
6.288098E+1	-1.054049E-1	3.230000E-1	4.766215E-20	4.558806E+17	3.586475E-3	0.000000E+0	1.590302E-2	2.665760E-5	0.000000E+0	0.000000E+0	0.000000E+0
6.528690E+1	-7.150936E-2	2.850000E-1	-3.851510E-18	-6.440443E-18	3.047180E-3	0.000000E+0	1.531699E-2	1.677684E-5	0.000000E+0	0.000000E+0	0.000000E+0
6.491341E+1	-8.611012E-2	2.470000E-1	-4.136209E+17	4.857998E-18	2.712175E-3	0.000000E+0	1.540511E-2	2.043547E-5	0.000000E+0	0.000000E+0	0.000000E+0
6.809012E+1	-7.841730E-2	2.090000E-1	4.155990E+17	-1.817843E+17	2.125893E-3	0.000000E+0	1.468640E-2	1.691387E-5	0.000000E+0	0.000000E+0	0.000000E+0
6.774948E+1	-8.778524E-2	1.710000E-1	-3.194760E-18	5.558819E-18	1.755648E-3	0.000000E+0	1.476024E-2	1.912533E-5	0.000000E+0	0.000000E+0	0.000000E+0
7.008003E+1	-7.051611E-2	1.330000E-1	-3.021231E-18	1.735786E-18	1.381827E-3	0.000000E+0	1.426939E-2	1.435818E-5	0.000000E+0	0.000000E+0	0.000000E+0
7.074356E+1	-5.217695E-2	9.500000E-2	4.697582E+17	-5.230656E+17	9.875780E-4	0.000000E+0	1.413555E-2	1.042569E-5	0.000000E+0	0.000000E+0	0.000000E+0
7.076003E+1	-5.066204E-2	5.700000E-2	-4.715212E+17	-5.436513E+17	6.091612E-4	0.000000E+0	1.413226E-2	1.011827E-5	0.000000E+0	0.000000E+0	0.000000E+0
7.363510E+1	-6.019497E-2	1.900000E-2	-3.093320E+17	4.406614E-18	1.939723E-4	0.000000E+0	1.358047E-2	1.110172E-5	0.000000E+0	0.000000E+0	0.000000E+0
7.133749E+1	-3.453302E-2	-1.900000E-2	-9.427576E-19	-9.426377E-19	-1.956806E-4	0.000000E+0	1.401787E-2	6.785765E-6	0.000000E+0	0.000000E+0	0.000000E+0
6.948607E+1	-1.984119E-2	-5.700000E-2	-4.717429E+17	-4.928282E+17	-5.838013E-4	0.000000E+0	1.439137E-2	4.109341E-6	0.000000E+0	0.000000E+0	0.000000E+0
6.919064E+1	3.281116E-3	-9.500000E-2	-2.949171E+17	-4.956124E-18	-1.006141E-3	0.000000E+0	1.445282E-2	-6.853728E-7	0.000000E+0	0.000000E+0	0.000000E+0
7.140269E+1	2.522802E-2	-1.330000E-1	-1.478400E+17	2.700591E+17	-1.373322E-3	0.000000E+0	1.400507E-2	-4.948277E-6	0.000000E+0	0.000000E+0	0.000000E+0
6.882735E+1	8.499622E-3	-1.710000E-1	-2.816971E+17	1.903750E-18	-1.865630E-3	0.000000E+0	1.452911E-2	-1.794227E-6	0.000000E+0	0.000000E+0	0.000000E+0
6.672153E+1	6.611824E-3	-2.090000E-1	-1.696221E+17	-6.410774E-19	-2.216978E-3	0.000000E+0	1.498767E-2	-1.485215E-6	0.000000E+0	0.000000E+0	0.000000E+0
6.599713E+1	1.375723E-2	-2.470000E-1	6.303170E-18	-1.599031E-19	-2.648000E-3	0.000000E+0	1.515217E-2	-3.158500E-6	0.000000E+0	0.000000E+0	0.000000E+0
6.613315E+1	4.199266E-2	-2.850000E-1	-5.761072E+17	-4.172230E+17	-3.021820E-3	0.000000E+0	1.512100E-2	-9.601405E-6	0.000000E+0	0.000000E+0	0.000000E+0
6.971104E+1	3.461599E-2	-3.230000E-1	-5.506670E-18	3.318154E+17	-3.217398E-3	0.000000E+0	1.434493E-2	-7.123174E-6	0.000000E+0	0.000000E+0	0.000000E+0
6.482379E+1	4.442406E-2	-3.610000E-1	4.410889E+17	3.939340E-18	-3.784783E-3	0.000000E+0	1.542643E-2	-1.057181E-5	0.000000E+0	0.000000E+0	0.000000E+0
6.565594E+1	4.306364E-2	-3.990000E-1	2.010006E+17	1.860550E+17	-4.375151E-3	0.000000E+0	1.523091E-2	-9.989931E-6	0.000000E+0	0.000000E+0	0.000000E+0
6.347275E+1	4.585838E-2	-4.370000E-1	-4.775830E-18	6.138991E-18	-4.910871E-3	0.000000E+0	1.575478E-2	-1.138266E-5	0.000000E+0	0.000000E+0	0.000000E+0
6.317429E+1	4.549170E-2	-4.750000E-1	-1.827512E-18	1.580559E+17	-5.199911E-3	0.000000E+0	1.582922E-2	-1.139859E-5	0.000000E+0	0.000000E+0	0.000000E+0
6.012521E+1	5.721569E-2	-5.130000E-1	-7.964855E+16	-3.372652E-18	-5.826540E-3	0.000000E+0	1.663194E-2	-1.582711E-5	0.000000E+0	0.000000E+0	0.000000E+0
6.277569E+1	7.748079E-2	-5.510000E-1	2.088264E+17	-2.196584E+17	-6.032332E-3	0.000000E+0	1.592971E-2	-1.966122E-5	0.000000E+0	0.000000E+0	0.000000E+0
6.026992E+1	4.804325E-2	-5.890000E-1	-5.319197E+16	-3.553127E+17	-6.676326E-3	0.000000E+0	1.659201E-2	-1.322607E-5	0.000000E+0	0.000000E+0	0.000000E+0
5.915977E+1	5.271530E-2	-6.270000E-1	-1.183523E-18	-5.342346E-18	-7.181402E-3	0.000000E+0	1.690337E-2	-1.506203E-5	0.000000E+0	0.000000E+0	0.000000E+0
6.081567E+1	4.600477E-2	-6.650000E-1	-5.203440E-18	3.830367E-18	-7.664518E-3	0.000000E+0	1.644312E-2	-1.243860E-5	0.000000E+0	0.000000E+0	0.000000E+0
6.089080E+1	5.522633E-2	-7.030000E-1	2.540081E-19	-1.518024E+17	-7.278380E-3	0.000000E+0	1.642283E-2	-1.489507E-5	0.000000E+0	0.000000E+0	0.000000E+0
6.026450E+1	5.554008E-2	-7.410000E-1	1.311717E+15	5.157902E-18	-8.561801E-3	0.000000E+0	1.659350E-2	-1.529266E-5	0.000000E+0	0.000000E+0	0.000000E+0
5.975835E+1	7.190800E-2	-7.780000E-1	-1.006173E-18	-5.687810E-18	-7.818697E-3	0.000000E+0	1.673404E-2	-2.013629E-5	0.000000E+0	0.000000E+0	0.000000E+0
6.247464E+1	4.197359E-2	-8.160000E-1	-6.256276E-18	1.398985E+17	-9.319684E-3	0.000000E+0	1.600649E-2	-1.075396E-5	0.000000E+0	0.000000E+0	0.000000E+0
5.700946E+1	5.715942E-2	-8.540000E-1	2.698511E+17	-3.360764E+17	-9.994833E-3	0.000000E+0	1.754093E-2	-1.758707E-5	0.000000E+0	0.000000E+0	0.000000E+0
5.828411E+1	6.825066E-2	-8.920000E-1	-4.014473E-19	-2.240669E+17	-1.016998E-2	0.000000E+0	1.715731E-2	-2.009120E-5	0.000000E+0	0.000000E+0	0.000000E+0
5.589164E+1	8.385086E-2	-9.300000E-1	8.607197E+16	4.249670E-18	-1.059487E-2	0.000000E+0	1.789172E-2	-2.684187E-5	0.000000E+0	0.000000E+0	0.000000E+0
5.716050E+1	7.858181E-2	-9.680000E-1	2.127762E-18	3.293656E+15	-1.088902E-2	0.000000E+0	1.749457E-2	-2.405078E-5	0.000000E+0	0.000000E+0	0.000000E+0
5.644740E+1	8.901644E-2	-1.006000E+0	-4.960950E+17	8.277014E+16	-1.138490E-2	0.000000E+0	1.771556E-2	-2.793710E-5	0.000000E+0	0.000000E+0	0.000000E+0
5.612613E+1	1.040478E-1	-1.044000E+0	-6.504745E+16	2.346692E+17	-1.182512E-2	0.000000E+0	1.781695E-2	-3.302944E-5	0.000000E+0	0.000000E+0	0.000000E+0
5.895081E+1	1.158795E-1	-1.082000E+0	5.291893E-18	5.135446E+17	-1.285267E-2	0.000000E+0	1.696323E-2	-3.334459E-5	0.000000E+0	0.000000E+0	0.000000E+0
6.107883E+1	1.667686E-1	-1.120000E+0	-2.052875E-18	3.493290E-18	-1.184753E-2	0.000000E+0	1.637216E-2	-4.470228E-5	0.000000E+0	0.000000E+0	0.000000E+0
5.669749E+1	1.609159E-1	-1.158000E+0	2.907620E+17	-1.496570E-18	-1.327855E-2	0.000000E+0	1.763732E-2	-5.005734E-5	0.000000E+0	0.000000E+0	0.000000E+0
5.542667E+1	2.216840E-1	-1.196000E+0	4.284782E-18	4.664211E-18	-1.231785E-2	0.000000E+0	1.804157E-2	-7.215889E-5	0.000000E+0	0.000000E+0	0.000000E+0
5.563024E+1	1.953473E-1	-1.234000E+0	6.288344E-18	-3.929323E-18	-1.419729E-2	0.000000E+0	1.797561E-2	-6.312192E-5	0.000000E+0	0.000000E+0	0.000000E+0
5.671513E+1	2.286882E-1	-1.272000E+0	8.250878E-19	3.410070E-18	-1.514771E-2	0.000000E+0	1.763169E-2	-7.109496E-5	0.000000E+0	0.000000E+0	0.000000E+0
5.547372E+1	2.567849E-1	-1.310000E+0	4.553607E+17	-2.686618E+17	-1.405729E-2	0.000000E+0	1.802617E-2	-8.344217E-5	0.000000E+0	0.000000E+0	0.000000E+0
5.334535E+1	2.844667E-1	-1.348000E+0	2.517955E+17	3.793721E+16	-1.504908E-2	0.000000E+0	1.874524E-2	-9.995993E-5	0.000000E+0	0.000000E+0	0.000000E+0
5.311637E+1	3.426399E-1	-1.386000E+0	-6.627991E-18	5.175899E+17	-1.624313E-2	0.000000E+0	1.882580E-2	-1.214404E-4	0.000000E+0	0.000000E+0	0.000000E+0
5.244360E+1	4.181523E-1	-1.424000E+0	-5.704680E+17	6.512875E+16	-1.712614E-2	0.000000E+0	1.906689E-2	-1.520274E-4	0.000000E+0	0.000000E+0	0.000000E+0
5.168026E+1	3.913784E-1	-1.462000E+0	-4.691026E+17	6.906363E-18	-1.734828E-2	0.000000E+0	1.934864E-2	-1.465287E-4	0.000000E+0	0.000000E+0	0.000000E+0
5.695924E+1	4.084420E-1	-1.500000E+0	-3.567381E+17	-4.286482E-18	-1.821188E-2	0.000000E+0	1.755551E-2	-1.258867E-4	0.000000E+0	0.000000E+0	0.000000E+0
