Real / Ohm	Ximag / Ohm	V_DC / V	I_a c / A	V_ac / V	I_DC / A
1.990659E+6	-8.513579E+5	2.500000E+0	-9.275714E-19	-3.780201E-18	-3.370311E-6	1.000000E+3	4.246709E-7	1.816217E-7	0.000000E+0	0.000000E+0	0.000000E+0
2.328591E+6	-1.238922E+6	2.437000E+0	-1.571544E-18	-4.190346E+17	-2.648754E-6	0.000000E+0	3.346993E-7	1.780760E-7	0.000000E+0	0.000000E+0	0.000000E+0
2.866317E+6	-2.224128E+6	2.373000E+0	6.653843E-18	-4.395667E+17	-2.410277E-6	0.000000E+0	2.177636E-7	1.689743E-7	0.000000E+0	0.000000E+0	0.000000E+0
2.938810E+6	-2.988867E+6	2.310000E+0	-3.127958E+17	-9.739241E-19	8.648640E-7	0.000000E+0	1.672636E-7	1.701126E-7	0.000000E+0	0.000000E+0	0.000000E+0
2.960866E+6	-3.352093E+6	2.247000E+0	2.587907E+17	1.873793E-18	-4.565372E-7	0.000000E+0	1.480192E-7	1.675774E-7	0.000000E+0	0.000000E+0	0.000000E+0
2.755403E+6	-4.112647E+6	2.184000E+0	-5.351627E-18	2.391872E+17	7.757189E-7	0.000000E+0	1.124374E-7	1.678213E-7	0.000000E+0	0.000000E+0	0.000000E+0
2.498115E+6	-4.715162E+6	2.120000E+0	-2.373659E+17	1.295985E-19	1.014196E-6	0.000000E+0	8.773526E-8	1.655992E-7	0.000000E+0	0.000000E+0	0.000000E+0
2.239215E+6	-5.062166E+6	2.057000E+0	5.785012E-19	5.234687E+17	-3.882247E-6	0.000000E+0	7.308236E-8	1.652164E-7	0.000000E+0	0.000000E+0	0.000000E+0
1.935900E+6	-5.454257E+6	1.994000E+0	-2.714796E-18	5.985466E+14	-1.117827E-6	0.000000E+0	5.779388E-8	1.628300E-7	0.000000E+0	0.000000E+0	0.000000E+0
1.473570E+6	-5.715697E+6	1.930000E+0	-1.980656E+17	2.858813E+16	-1.390064E-6	0.000000E+0	4.229462E-8	1.640528E-7	0.000000E+0	0.000000E+0	0.000000E+0
1.200897E+6	-5.950924E+6	1.867000E+0	-4.023263E-18	5.325189E+16	-1.179258E-6	0.000000E+0	3.258380E-8	1.614657E-7	0.000000E+0	0.000000E+0	0.000000E+0
9.073972E+5	-6.077013E+6	1.804000E+0	2.579781E+17	4.568510E-19	1.074426E-6	0.000000E+0	2.403481E-8	1.609657E-7	0.000000E+0	0.000000E+0	0.000000E+0
7.004470E+5	-6.202552E+6	1.741000E+0	5.241928E+17	2.782928E-18	-2.469387E-7	0.000000E+0	1.797757E-8	1.591938E-7	0.000000E+0	0.000000E+0	0.000000E+0
5.210611E+5	-6.292230E+6	1.677000E+0	-2.658310E+17	-5.132058E+17	-1.540640E-6	0.000000E+0	1.307108E-8	1.578437E-7	0.000000E+0	0.000000E+0	0.000000E+0
3.458082E+5	-6.346865E+6	1.614000E+0	1.676928E-18	4.035830E-18	-2.351284E-6	0.000000E+0	8.559126E-9	1.570918E-7	0.000000E+0	0.000000E+0	0.000000E+0
3.059900E+5	-6.447605E+6	1.551000E+0	4.020179E+17	1.832659E+17	-1.119028E-6	0.000000E+0	7.344011E-9	1.547478E-7	0.000000E+0	0.000000E+0	0.000000E+0
1.851722E+5	-6.525728E+6	1.487000E+0	9.225665E+16	1.907244E+17	-3.944930E-6	0.000000E+0	4.344785E-9	1.531163E-7	0.000000E+0	0.000000E+0	0.000000E+0
1.696133E+5	-6.617682E+6	1.424000E+0	-4.075705E-18	1.659667E-18	1.373133E-6	0.000000E+0	3.870463E-9	1.510111E-7	0.000000E+0	0.000000E+0	0.000000E+0
7.365266E+4	-6.625403E+6	1.361000E+0	5.364300E+17	-2.871878E+17	-2.501860E-6	0.000000E+0	1.677684E-9	1.509156E-7	0.000000E+0	0.000000E+0	0.000000E+0
1.391110E+5	-6.679105E+6	1.297000E+0	4.333500E+17	8.421242E+16	-4.306276E-6	0.000000E+0	3.116998E-9	1.496557E-7	0.000000E+0	0.000000E+0	0.000000E+0
4.107877E+4	-6.797666E+6	1.234000E+0	7.433461E+16	-3.421240E+17	1.011758E-6	0.000000E+0	8.889594E-10	1.471039E-7	0.000000E+0	0.000000E+0	0.000000E+0
1.893274E+5	-6.862079E+6	1.171000E+0	-2.820974E+17	-3.573550E+17	-2.352521E-6	0.000000E+0	4.017645E-9	1.456176E-7	0.000000E+0	0.000000E+0	0.000000E+0
1.490398E+5	-6.903848E+6	1.108000E+0	4.674714E-18	-5.707470E+17	9.226496E-7	0.000000E+0	3.125485E-9	1.447793E-7	0.000000E+0	0.000000E+0	0.000000E+0
1.454490E+5	-6.976886E+6	1.044000E+0	-2.314515E+17	1.796536E+17	-2.413959E-6	0.000000E+0	2.986749E-9	1.432682E-7	0.000000E+0	0.000000E+0	0.000000E+0
8.890577E+4	-7.077579E+6	9.810000E-1	-1.554615E+17	1.089529E+17	-6.709852E-7	0.000000E+0	1.774565E-9	1.412690E-7	0.000000E+0	0.000000E+0	0.000000E+0
9.089865E+3	-7.131518E+6	9.180000E-1	2.547933E-18	-2.672116E+16	-4.601789E-7	0.000000E+0	1.787281E-10	1.402224E-7	0.000000E+0	0.000000E+0	0.000000E+0
8.913358E+4	-7.290809E+6	8.540000E-1	-6.904434E-18	-8.375564E+16	-2.775338E-6	0.000000E+0	1.676583E-9	1.371385E-7	0.000000E+0	0.000000E+0	0.000000E+0
9.835658E+4	-7.296704E+6	7.910000E-1	-4.524462E+17	2.055148E+17	-1.543074E-6	0.000000E+0	1.847018E-9	1.370233E-7	0.000000E+0	0.000000E+0	0.000000E+0
4.653769E+4	-7.466022E+6	7.280000E-1	-7.975154E-19	6.323277E-18	1.732074E-6	0.000000E+0	8.348519E-10	1.339349E-7	0.000000E+0	0.000000E+0	0.000000E+0
9.786406E+4	-7.514971E+6	6.650000E-1	4.707193E+17	-3.632098E-18	-2.142922E-6	0.000000E+0	1.732587E-9	1.330451E-7	0.000000E+0	0.000000E+0	0.000000E+0
1.143525E+5	-7.589237E+6	6.010000E-1	1.388541E-18	6.784133E-18	-2.925906E-6	0.000000E+0	1.984956E-9	1.317356E-7	0.000000E+0	0.000000E+0	0.000000E+0
7.979347E+4	-7.728615E+6	5.380000E-1	4.766215E-20	4.558806E+17	1.370696E-6	0.000000E+0	1.335727E-9	1.293755E-7	0.000000E+0	0.000000E+0	0.000000E+0
1.013582E+5	-7.798183E+6	4.750000E-1	-3.851510E-18	-6.440443E-18	3.113673E-6	0.000000E+0	1.666475E-9	1.282133E-7	0.000000E+0	0.000000E+0	0.000000E+0
9.101827E+4	-7.969779E+6	4.110000E-1	-4.136209E+17	4.857998E-18	7.985145E-7	0.000000E+0	1.432780E-9	1.254576E-7	0.000000E+0	0.000000E+0	0.000000E+0
8.229688E+4	-8.127044E+6	3.480000E-1	4.155990E+17	-1.817843E+17	1.009321E-6	0.000000E+0	1.245873E-9	1.230334E-7	0.000000E+0	0.000000E+0	0.000000E+0
1.454449E+5	-8.170203E+6	2.850000E-1	-3.194760E-18	5.558819E-18	2.752296E-6	0.000000E+0	2.178187E-9	1.223572E-7	0.000000E+0	0.000000E+0	0.000000E+0
1.461847E+5	-8.297354E+6	2.220000E-1	-3.021231E-18	1.735786E-18	2.963101E-6	0.000000E+0	2.122696E-9	1.204830E-7	0.000000E+0	0.000000E+0	0.000000E+0
2.885008E+4	-8.471978E+6	1.580000E-1	4.697582E+17	-5.230656E+17	6.479440E-7	0.000000E+0	4.019503E-10	1.180348E-7	0.000000E+0	0.000000E+0	0.000000E+0
1.082501E+5	-8.739794E+6	9.500000E-2	-4.715212E+17	-5.436513E+17	8.587490E-7	0.000000E+0	1.416966E-9	1.144016E-7	0.000000E+0	0.000000E+0	0.000000E+0
3.310329E+4	-8.914622E+6	3.200000E-2	-3.093320E+17	4.406614E-18	-1.484074E-6	0.000000E+0	4.165425E-10	1.121737E-7	0.000000E+0	0.000000E+0	0.000000E+0
1.576966E+5	-9.169052E+6	-3.200000E-2	-9.427576E-19	-9.426377E-19	-1.245603E-6	0.000000E+0	1.875189E-9	1.090303E-7	0.000000E+0	0.000000E+0	0.000000E+0
9.113551E+3	-9.262714E+6	-9.500000E-2	-4.717429E+17	-4.928282E+17	-1.334092E-8	0.000000E+0	1.062211E-10	1.079596E-7	0.000000E+0	0.000000E+0	0.000000E+0
-3.811306E+4	-9.742172E+6	-1.580000E-1	-2.949171E+17	-4.956124E-18	-8.239931E-7	0.000000E+0	-4.015648E-10	1.026449E-7	0.000000E+0	0.000000E+0	0.000000E+0
1.593119E+5	-1.003176E+7	-2.220000E-1	-1.478400E+17	2.700591E+17	-3.649864E-6	0.000000E+0	1.582648E-9	9.965827E-8	0.000000E+0	0.000000E+0	0.000000E+0
1.454035E+5	-1.044406E+7	-2.850000E-1	-2.816971E+17	1.903750E-18	6.467399E-7	0.000000E+0	1.332760E-9	9.572965E-8	0.000000E+0	0.000000E+0	0.000000E+0
3.827827E+5	-1.109450E+7	-3.480000E-1	-1.696221E+17	-6.410774E-19	2.389716E-6	0.000000E+0	3.106134E-9	9.002758E-8	0.000000E+0	0.000000E+0	0.000000E+0
2.490087E+5	-1.184157E+7	-4.110000E-1	6.303170E-18	-1.599031E-19	2.089779E-6	0.000000E+0	1.775023E-9	8.441094E-8	0.000000E+0	0.000000E+0	0.000000E+0
2.044971E+5	-1.277312E+7	-4.750000E-1	-5.761072E+17	-4.172230E+17	7.960771E-7	0.000000E+0	1.253089E-9	7.826935E-8	0.000000E+0	0.000000E+0	0.000000E+0
5.793047E+5	-1.362600E+7	-5.380000E-1	-5.506670E-18	3.318154E+17	1.006883E-6	0.000000E+0	3.114483E-9	7.325670E-8	0.000000E+0	0.000000E+0	0.000000E+0
5.743975E+5	-1.532219E+7	-6.010000E-1	4.410889E+17	3.939340E-18	-8.252282E-7	0.000000E+0	2.443211E-9	6.517323E-8	0.000000E+0	0.000000E+0	0.000000E+0
1.123161E+6	-1.760661E+7	-6.650000E-1	2.010006E+17	1.860550E+17	1.456159E-6	0.000000E+0	3.608501E-9	5.656666E-8	0.000000E+0	0.000000E+0	0.000000E+0
2.145278E+6	-2.154917E+7	-7.280000E-1	-4.775830E-18	6.138991E-18	1.666962E-6	0.000000E+0	4.574456E-9	4.595010E-8	0.000000E+0	0.000000E+0	0.000000E+0
4.462318E+6	-2.694394E+7	-7.910000E-1	-1.827512E-18	1.580559E+17	1.367025E-6	0.000000E+0	5.982556E-9	3.612330E-8	0.000000E+0	0.000000E+0	0.000000E+0
7.490923E+6	-3.558003E+7	-8.540000E-1	-7.964855E+16	-3.372652E-18	1.067117E-6	0.000000E+0	5.666131E-9	2.691272E-8	0.000000E+0	0.000000E+0	0.000000E+0
1.101196E+7	-4.561423E+7	-9.180000E-1	2.088264E+17	-2.196584E+17	7.948438E-7	0.000000E+0	5.001069E-9	2.071565E-8	0.000000E+0	0.000000E+0	0.000000E+0
7.307142E+6	-5.755899E+7	-9.810000E-1	-5.319197E+16	-3.553127E+17	4.949361E-7	0.000000E+0	2.170590E-9	1.709792E-8	0.000000E+0	0.000000E+0	0.000000E+0
5.443894E+6	-6.203362E+7	-1.044000E+0	-1.183523E-18	-5.342346E-18	-8.264324E-7	0.000000E+0	1.403859E-9	1.599709E-8	0.000000E+0	0.000000E+0	0.000000E+0
-1.834980E+6	-7.705638E+7	-1.108000E+0	-5.203440E-18	3.830367E-18	-2.120156E-6	0.000000E+0	-3.088644E-10	1.297016E-8	0.000000E+0	0.000000E+0	0.000000E+0
1.008343E+7	-8.309125E+7	-1.171000E+0	2.540081E-19	-1.518024E+17	-3.771856E-7	0.000000E+0	1.439291E-9	1.186030E-8	0.000000E+0	0.000000E+0	0.000000E+0
-7.622021E+5	-1.001709E+8	-1.234000E+0	1.311717E+15	5.157902E-18	3.443638E-7	0.000000E+0	-7.595596E-11	9.982361E-9	0.000000E+0	0.000000E+0	0.000000E+0
1.423322E+6	-1.046524E+8	-1.297000E+0	-1.006173E-18	-5.687810E-18	5.551410E-7	0.000000E+0	1.299345E-10	9.553675E-9	0.000000E+0	0.000000E+0	0.000000E+0
-3.502404E+6	-9.650917E+7	-1.361000E+0	-6.256276E-18	1.398985E+17	2.325782E-6	0.000000E+0	-3.755411E-10	1.034808E-8	0.000000E+0	0.000000E+0	0.000000E+0
6.725875E+6	-1.040760E+8	-1.424000E+0	2.698511E+17	-3.360764E+17	1.004417E-6	0.000000E+0	6.183546E-10	9.568402E-9	0.000000E+0	0.000000E+0	0.000000E+0
1.815584E+7	-1.151501E+8	-1.487000E+0	-4.014473E-19	-2.240669E+17	2.236680E-6	0.000000E+0	1.336051E-9	8.473661E-9	0.000000E+0	0.000000E+0	0.000000E+0
1.089442E+7	-1.106787E+8	-1.551000E+0	8.607197E+16	4.249670E-18	-1.099936E-6	0.000000E+0	8.808225E-10	8.948460E-9	0.000000E+0	0.000000E+0	0.000000E+0
-1.680571E+7	-1.288241E+8	-1.614000E+0	2.127762E-18	3.293656E+15	1.153749E-6	0.000000E+0	-9.957122E-10	7.632627E-9	0.000000E+0	0.000000E+0	0.000000E+0
-9.586958E+6	-1.363914E+8	-1.677000E+0	-4.960950E+17	8.277014E+16	-6.783230E-7	0.000000E+0	-5.128217E-10	7.295794E-9	0.000000E+0	0.000000E+0	0.000000E+0
1.822955E+7	-1.152956E+8	-1.741000E+0	-6.504745E+16	2.346692E+17	7.088966E-8	0.000000E+0	1.337910E-9	8.461819E-9	0.000000E+0	0.000000E+0	0.000000E+0
-1.089118E+6	-1.327187E+8	-1.804000E+0	5.291893E-18	5.135446E+17	1.813867E-6	0.000000E+0	-6.182747E-11	7.534226E-9	0.000000E+0	0.000000E+0	0.000000E+0
1.002396E+7	-1.638070E+8	-1.867000E+0	-2.052875E-18	3.493290E-18	1.003209E-6	0.000000E+0	3.721784E-10	6.081970E-9	0.000000E+0	0.000000E+0	0.000000E+0
2.521979E+7	-1.278480E+8	-1.930000E+0	2.907620E+17	-1.496570E-18	-8.289280E-7	0.000000E+0	1.485164E-9	7.528819E-9	0.000000E+0	0.000000E+0	0.000000E+0
2.823216E+7	-1.286403E+8	-1.994000E+0	4.284782E-18	4.664211E-18	3.495348E-6	0.000000E+0	1.627647E-9	7.416401E-9	0.000000E+0	0.000000E+0	0.000000E+0
-9.061294E+6	-1.485307E+8	-2.057000E+0	6.288344E-18	-3.929323E-18	1.663255E-6	0.000000E+0	-4.092083E-10	6.707651E-9	0.000000E+0	0.000000E+0	0.000000E+0
3.124679E+7	-1.121897E+8	-2.120000E+0	8.250878E-19	3.410070E-18	3.916954E-6	0.000000E+0	2.303844E-9	8.271813E-9	0.000000E+0	0.000000E+0	0.000000E+0
2.509321E+7	-1.551916E+8	-2.184000E+0	4.553607E+17	-2.686618E+17	4.155459E-6	0.000000E+0	1.015340E-9	6.279476E-9	0.000000E+0	0.000000E+0	0.000000E+0
1.596485E+7	-1.702846E+8	-2.247000E+0	2.517955E+17	3.793721E+16	-2.302550E-7	0.000000E+0	5.457747E-10	5.821353E-9	0.000000E+0	0.000000E+0	0.000000E+0
3.049242E+7	-1.496215E+8	-2.310000E+0	-6.627991E-18	5.175899E+17	2.534143E-6	0.000000E+0	1.307768E-9	6.417012E-9	0.000000E+0	0.000000E+0	0.000000E+0
2.840195E+7	-1.430564E+8	-2.373000E+0	-5.704680E+17	6.512875E+16	1.212771E-6	0.000000E+0	1.335192E-9	6.725165E-9	0.000000E+0	0.000000E+0	0.000000E+0
3.757758E+7	-1.669372E+8	-2.437000E+0	-4.691026E+17	6.906363E-18	9.405048E-7	0.000000E+0	1.283383E-9	5.701387E-9	0.000000E+0	0.000000E+0	0.000000E+0
1.857328E+7	-1.318958E+8	-2.500000E+0	-3.567381E+17	-4.286482E-18	1.151348E-6	0.000000E+0	1.046885E-9	7.434322E-9	0.000000E+0	0.000000E+0	0.000000E+0
