Real / Ohm	Ximag / Ohm	V_DC / V	I_a c / A	V_ac / V	I_DC / A
1.577758E+1	1.120170E-1	-3.000000E+0	-3.567381E+17	-4.286482E-18	-5.169842E-2	1.000000E+5	6.337788E-2	-4.499676E-4	0.000000E+0	0.000000E+0	0.000000E+0
1.516123E+1	1.677140E-1	-2.924000E+0	-4.691026E+17	6.906363E-18	-5.228785E-2	0.000000E+0	6.594964E-2	-7.295370E-4	0.000000E+0	0.000000E+0	0.000000E+0
1.640455E+1	1.341454E-1	-2.848000E+0	-5.704680E+17	6.512875E+16	-4.883593E-2	0.000000E+0	6.095462E-2	-4.984460E-4	0.000000E+0	0.000000E+0	0.000000E+0
1.659687E+1	1.333456E-1	-2.772000E+0	-6.627991E-18	5.175899E+17	-4.675632E-2	0.000000E+0	6.024844E-2	-4.840590E-4	0.000000E+0	0.000000E+0	0.000000E+0
1.691328E+1	1.435133E-1	-2.696000E+0	2.517955E+17	3.793721E+16	-4.518896E-2	0.000000E+0	5.912088E-2	-5.016551E-4	0.000000E+0	0.000000E+0	0.000000E+0
1.727359E+1	1.219677E-1	-2.620000E+0	4.553607E+17	-2.686618E+17	-4.340762E-2	0.000000E+0	5.788896E-2	-4.087502E-4	0.000000E+0	0.000000E+0	0.000000E+0
1.758685E+1	1.353766E-1	-2.544000E+0	8.250878E-19	3.410070E-18	-4.205324E-2	0.000000E+0	5.685730E-2	-4.376649E-4	0.000000E+0	0.000000E+0	0.000000E+0
1.834771E+1	1.277412E-1	-2.468000E+0	6.288344E-18	-3.929323E-18	-3.950632E-2	0.000000E+0	5.450007E-2	-3.794427E-4	0.000000E+0	0.000000E+0	0.000000E+0
1.862889E+1	1.404799E-1	-2.392000E+0	4.284782E-18	4.664211E-18	-3.819432E-2	0.000000E+0	5.367701E-2	-4.047767E-4	0.000000E+0	0.000000E+0	0.000000E+0
1.938293E+1	1.429383E-1	-2.316000E+0	2.907620E+17	-1.496570E-18	-3.683892E-2	0.000000E+0	5.158898E-2	-3.804400E-4	0.000000E+0	0.000000E+0	0.000000E+0
2.000097E+1	1.530994E-1	-2.241000E+0	-2.052875E-18	3.493290E-18	-3.482874E-2	0.000000E+0	4.999465E-2	-3.826890E-4	0.000000E+0	0.000000E+0	0.000000E+0
2.005475E+1	1.416851E-1	-2.165000E+0	5.291893E-18	5.135446E+17	-3.334565E-2	0.000000E+0	4.986101E-2	-3.522638E-4	0.000000E+0	0.000000E+0	0.000000E+0
1.958895E+1	2.069910E-1	-2.089000E+0	-6.504745E+16	2.346692E+17	-3.282478E-2	0.000000E+0	5.104349E-2	-5.393624E-4	0.000000E+0	0.000000E+0	0.000000E+0
2.152143E+1	1.769763E-1	-2.013000E+0	-4.960950E+17	8.277014E+16	-3.078755E-2	0.000000E+0	4.646217E-2	-3.820705E-4	0.000000E+0	0.000000E+0	0.000000E+0
2.293288E+1	1.917672E-1	-1.937000E+0	2.127762E-18	3.293656E+15	-2.844492E-2	0.000000E+0	4.360246E-2	-3.646085E-4	0.000000E+0	0.000000E+0	0.000000E+0
2.424162E+1	2.039695E-1	-1.861000E+0	8.607197E+16	4.249670E-18	-2.719167E-2	0.000000E+0	4.124845E-2	-3.470653E-4	0.000000E+0	0.000000E+0	0.000000E+0
2.486717E+1	1.893244E-1	-1.785000E+0	-4.014473E-19	-2.240669E+17	-2.494403E-2	0.000000E+0	4.021133E-2	-3.061461E-4	0.000000E+0	0.000000E+0	0.000000E+0
2.852489E+1	2.301457E-1	-1.709000E+0	2.698511E+17	-3.360764E+17	-2.401201E-2	0.000000E+0	3.505482E-2	-2.828308E-4	0.000000E+0	0.000000E+0	0.000000E+0
3.103906E+1	2.436132E-1	-1.633000E+0	-6.256276E-18	1.398985E+17	-2.307592E-2	0.000000E+0	3.221549E-2	-2.528465E-4	0.000000E+0	0.000000E+0	0.000000E+0
3.453198E+1	2.888613E-1	-1.557000E+0	-1.006173E-18	-5.687810E-18	-2.193297E-2	0.000000E+0	2.895664E-2	-2.422234E-4	0.000000E+0	0.000000E+0	0.000000E+0
3.991977E+1	3.719568E-1	-1.481000E+0	1.311717E+15	5.157902E-18	-2.108932E-2	0.000000E+0	2.504807E-2	-2.333881E-4	0.000000E+0	0.000000E+0	0.000000E+0
4.642693E+1	4.717226E-1	-1.405000E+0	2.540081E-19	-1.518024E+17	-1.943208E-2	0.000000E+0	2.153700E-2	-2.188275E-4	0.000000E+0	0.000000E+0	0.000000E+0
5.616195E+1	6.502705E-1	-1.329000E+0	-5.203440E-18	3.830367E-18	-1.882642E-2	0.000000E+0	1.780326E-2	-2.061349E-4	0.000000E+0	0.000000E+0	0.000000E+0
6.364283E+1	7.492652E-1	-1.253000E+0	-1.183523E-18	-5.342346E-18	-1.731780E-2	0.000000E+0	1.571051E-2	-1.849594E-4	0.000000E+0	0.000000E+0	0.000000E+0
7.398579E+1	6.675429E-1	-1.177000E+0	-5.319197E+16	-3.553127E+17	-1.652521E-2	0.000000E+0	1.351501E-2	-1.219403E-4	0.000000E+0	0.000000E+0	0.000000E+0
7.760431E+1	4.173689E-1	-1.101000E+0	2.088264E+17	-2.196584E+17	-1.576072E-2	0.000000E+0	1.288551E-2	-6.930042E-5	0.000000E+0	0.000000E+0	0.000000E+0
8.309982E+1	4.531455E-1	-1.025000E+0	-7.964855E+16	-3.372652E-18	-1.520868E-2	0.000000E+0	1.203336E-2	-6.561824E-5	0.000000E+0	0.000000E+0	0.000000E+0
7.060115E+1	5.414486E-2	-9.490000E-1	-1.827512E-18	1.580559E+17	-1.363622E-2	0.000000E+0	1.416407E-2	-1.086259E-5	0.000000E+0	0.000000E+0	0.000000E+0
6.604640E+1	-1.399565E-2	-8.730000E-1	-4.775830E-18	6.138991E-18	-1.323536E-2	0.000000E+0	1.514087E-2	3.208446E-6	0.000000E+0	0.000000E+0	0.000000E+0
6.003773E+1	-2.321291E-2	-7.970000E-1	2.010006E+17	1.860550E+17	-1.273593E-2	0.000000E+0	1.665619E-2	6.439928E-6	0.000000E+0	0.000000E+0	0.000000E+0
5.511540E+1	-3.762865E-2	-7.220000E-1	4.410889E+17	3.939340E-18	-1.172984E-2	0.000000E+0	1.814374E-2	1.238718E-5	0.000000E+0	0.000000E+0	0.000000E+0
5.015414E+1	-3.838205E-2	-6.460000E-1	-5.506670E-18	3.318154E+17	-1.088108E-2	0.000000E+0	1.993852E-2	1.525859E-5	0.000000E+0	0.000000E+0	0.000000E+0
4.487345E+1	-3.161955E-2	-5.700000E-1	-5.761072E+17	-4.172230E+17	-9.699831E-3	0.000000E+0	2.228488E-2	1.570278E-5	0.000000E+0	0.000000E+0	0.000000E+0
4.061265E+1	-2.419615E-2	-4.940000E-1	6.303170E-18	-1.599031E-19	-8.609494E-3	0.000000E+0	2.462286E-2	1.466978E-5	0.000000E+0	0.000000E+0	0.000000E+0
3.431127E+1	-2.512193E-2	-4.180000E-1	-1.696221E+17	-6.410774E-19	-7.461954E-3	0.000000E+0	2.914493E-2	2.133925E-5	0.000000E+0	0.000000E+0	0.000000E+0
3.055622E+1	-2.381635E-2	-3.420000E-1	-2.816971E+17	1.903750E-18	-6.266409E-3	0.000000E+0	3.272654E-2	2.550796E-5	0.000000E+0	0.000000E+0	0.000000E+0
2.843166E+1	-2.755523E-2	-2.660000E-1	-1.478400E+17	2.700591E+17	-4.918156E-3	0.000000E+0	3.517203E-2	3.408782E-5	0.000000E+0	0.000000E+0	0.000000E+0
2.798446E+1	-2.295232E-2	-1.900000E-1	-2.949171E+17	-4.956124E-18	-3.489208E-3	0.000000E+0	3.573409E-2	2.930842E-5	0.000000E+0	0.000000E+0	0.000000E+0
2.845918E+1	-2.513433E-2	-1.140000E-1	-4.717429E+17	-4.928282E+17	-1.936155E-3	0.000000E+0	3.513802E-2	3.103289E-5	0.000000E+0	0.000000E+0	0.000000E+0
2.923418E+1	-2.602410E-2	-3.800000E-2	-9.427576E-19	-9.426377E-19	-6.803431E-4	0.000000E+0	3.420651E-2	3.045044E-5	0.000000E+0	0.000000E+0	0.000000E+0
2.999620E+1	-2.843213E-2	3.800000E-2	-3.093320E+17	4.406614E-18	6.919135E-4	0.000000E+0	3.333753E-2	3.159923E-5	0.000000E+0	0.000000E+0	0.000000E+0
3.105026E+1	-2.903581E-2	1.140000E-1	-4.715212E+17	-5.436513E+17	2.020247E-3	0.000000E+0	3.220582E-2	3.011640E-5	0.000000E+0	0.000000E+0	0.000000E+0
3.284857E+1	-3.170466E-2	1.900000E-1	4.697582E+17	-5.230656E+17	3.366457E-3	0.000000E+0	3.044270E-2	2.938257E-5	0.000000E+0	0.000000E+0	0.000000E+0
3.458691E+1	-3.147793E-2	2.660000E-1	-3.021231E-18	1.735786E-18	4.600818E-3	0.000000E+0	2.891265E-2	2.631372E-5	0.000000E+0	0.000000E+0	0.000000E+0
3.730389E+1	-3.329110E-2	3.420000E-1	-3.194760E-18	5.558819E-18	5.854586E-3	0.000000E+0	2.680683E-2	2.392322E-5	0.000000E+0	0.000000E+0	0.000000E+0
3.995571E+1	-4.810715E-2	4.180000E-1	4.155990E+17	-1.817843E+17	7.071583E-3	0.000000E+0	2.502768E-2	3.013362E-5	0.000000E+0	0.000000E+0	0.000000E+0
4.397580E+1	-6.361818E-2	4.940000E-1	-4.136209E+17	4.857998E-18	8.043431E-3	0.000000E+0	2.273973E-2	3.289674E-5	0.000000E+0	0.000000E+0	0.000000E+0
4.787459E+1	-9.528160E-2	5.700000E-1	-3.851510E-18	-6.440443E-18	9.211907E-3	0.000000E+0	2.088782E-2	4.157164E-5	0.000000E+0	0.000000E+0	0.000000E+0
5.297791E+1	-1.759977E-1	6.460000E-1	4.766215E-20	4.558806E+17	1.012043E-2	0.000000E+0	1.887558E-2	6.270650E-5	0.000000E+0	0.000000E+0	0.000000E+0
5.524503E+1	-1.528678E-1	7.220000E-1	1.388541E-18	6.784133E-18	1.030320E-2	0.000000E+0	1.810104E-2	5.008714E-5	0.000000E+0	0.000000E+0	0.000000E+0
5.903425E+1	-1.829386E-1	7.970000E-1	4.707193E+17	-3.632098E-18	1.182309E-2	0.000000E+0	1.693916E-2	5.249200E-5	0.000000E+0	0.000000E+0	0.000000E+0
6.222501E+1	-1.807346E-1	8.730000E-1	-7.975154E-19	6.323277E-18	1.275868E-2	0.000000E+0	1.607057E-2	4.667751E-5	0.000000E+0	0.000000E+0	0.000000E+0
6.534142E+1	-1.974664E-1	9.490000E-1	-4.524462E+17	2.055148E+17	1.360846E-2	0.000000E+0	1.530409E-2	4.625004E-5	0.000000E+0	0.000000E+0	0.000000E+0
6.832166E+1	-2.152309E-1	1.025000E+0	-6.904434E-18	-8.375564E+16	1.458389E-2	0.000000E+0	1.463650E-2	4.610877E-5	0.000000E+0	0.000000E+0	0.000000E+0
7.062164E+1	-2.195067E-1	1.101000E+0	2.547933E-18	-2.672116E+16	1.514256E-2	0.000000E+0	1.415983E-2	4.401168E-5	0.000000E+0	0.000000E+0	0.000000E+0
7.207898E+1	-2.503667E-1	1.177000E+0	-1.554615E+17	1.089529E+17	1.593769E-2	0.000000E+0	1.387350E-2	4.818968E-5	0.000000E+0	0.000000E+0	0.000000E+0
7.342192E+1	-2.343273E-1	1.253000E+0	-2.314515E+17	1.796536E+17	1.592589E-2	0.000000E+0	1.361977E-2	4.346773E-5	0.000000E+0	0.000000E+0	0.000000E+0
7.480400E+1	-2.252154E-1	1.329000E+0	4.674714E-18	-5.707470E+17	1.755351E-2	0.000000E+0	1.336815E-2	4.024802E-5	0.000000E+0	0.000000E+0	0.000000E+0
7.397314E+1	-1.932139E-1	1.405000E+0	-2.820974E+17	-3.573550E+17	1.776898E-2	0.000000E+0	1.351833E-2	3.530915E-5	0.000000E+0	0.000000E+0	0.000000E+0
7.231401E+1	-2.177668E-1	1.481000E+0	7.433461E+16	-3.421240E+17	1.844256E-2	0.000000E+0	1.382845E-2	4.164308E-5	0.000000E+0	0.000000E+0	0.000000E+0
6.922597E+1	-9.965801E-2	1.557000E+0	4.333500E+17	8.421242E+16	1.904413E-2	0.000000E+0	1.444542E-2	2.079568E-5	0.000000E+0	0.000000E+0	0.000000E+0
6.823399E+1	-4.139757E-2	1.633000E+0	5.364300E+17	-2.871878E+17	2.022742E-2	0.000000E+0	1.465545E-2	8.891462E-6	0.000000E+0	0.000000E+0	0.000000E+0
6.366431E+1	1.486015E-2	1.709000E+0	-4.075705E-18	1.659667E-18	2.095106E-2	0.000000E+0	1.570739E-2	-3.666326E-6	0.000000E+0	0.000000E+0	0.000000E+0
5.720513E+1	1.143012E-1	1.785000E+0	9.225665E+16	1.907244E+17	2.156182E-2	0.000000E+0	1.748088E-2	-3.492843E-5	0.000000E+0	0.000000E+0	0.000000E+0
5.505337E+1	1.569819E-1	1.861000E+0	4.020179E+17	1.832659E+17	2.306279E-2	0.000000E+0	1.816404E-2	-5.179385E-5	0.000000E+0	0.000000E+0	0.000000E+0
4.848834E+1	2.422442E-1	1.937000E+0	1.676928E-18	4.035830E-18	2.343607E-2	0.000000E+0	2.062300E-2	-1.030310E-4	0.000000E+0	0.000000E+0	0.000000E+0
4.273398E+1	3.450239E-1	2.013000E+0	-2.658310E+17	-5.132058E+17	2.397737E-2	0.000000E+0	2.339906E-2	-1.889184E-4	0.000000E+0	0.000000E+0	0.000000E+0
3.702287E+1	3.699715E-1	2.089000E+0	5.241928E+17	2.782928E-18	2.700131E-2	0.000000E+0	2.700763E-2	-2.698887E-4	0.000000E+0	0.000000E+0	0.000000E+0
3.419767E+1	4.009452E-1	2.165000E+0	2.579781E+17	4.568510E-19	2.722086E-2	0.000000E+0	2.923774E-2	-3.427933E-4	0.000000E+0	0.000000E+0	0.000000E+0
2.967287E+1	4.413941E-1	2.241000E+0	-4.023263E-18	5.325189E+16	2.828771E-2	0.000000E+0	3.369336E-2	-5.012003E-4	0.000000E+0	0.000000E+0	0.000000E+0
2.972837E+1	5.846000E-1	2.316000E+0	-1.980656E+17	2.858813E+16	2.970800E-2	0.000000E+0	3.362490E-2	-6.612241E-4	0.000000E+0	0.000000E+0	0.000000E+0
2.454330E+1	5.474954E-1	2.392000E+0	-2.714796E-18	5.985466E+14	3.032489E-2	0.000000E+0	4.072405E-2	-9.084447E-4	0.000000E+0	0.000000E+0	0.000000E+0
2.229716E+1	5.013866E-1	2.468000E+0	5.785012E-19	5.234687E+17	3.272217E-2	0.000000E+0	4.482609E-2	-1.007985E-3	0.000000E+0	0.000000E+0	0.000000E+0
1.905499E+1	5.383579E-1	2.544000E+0	-2.373659E+17	1.295985E-19	3.363937E-2	0.000000E+0	5.243783E-2	-1.481519E-3	0.000000E+0	0.000000E+0	0.000000E+0
1.759987E+1	5.213873E-1	2.620000E+0	-5.351627E-18	2.391872E+17	3.595647E-2	0.000000E+0	5.676878E-2	-1.681747E-3	0.000000E+0	0.000000E+0	0.000000E+0
1.660470E+1	5.478226E-1	2.696000E+0	2.587907E+17	1.873793E-18	3.757642E-2	0.000000E+0	6.015843E-2	-1.984748E-3	0.000000E+0	0.000000E+0	0.000000E+0
1.501003E+1	5.354582E-1	2.772000E+0	-3.127958E+17	-9.739241E-19	3.999720E-2	0.000000E+0	6.653744E-2	-2.373614E-3	0.000000E+0	0.000000E+0	0.000000E+0
1.062474E+1	5.467827E-1	2.848000E+0	6.653843E-18	-4.395667E+17	4.174586E-2	0.000000E+0	9.387134E-2	-4.830916E-3	0.000000E+0	0.000000E+0	0.000000E+0
1.104093E+1	5.911419E-1	2.924000E+0	-1.571544E-18	-4.190346E+17	4.567685E-2	0.000000E+0	9.031319E-2	-4.835454E-3	0.000000E+0	0.000000E+0	0.000000E+0
1.034295E+1	4.980775E-1	3.000000E+0	-9.275714E-19	-3.780201E-18	4.664870E-2	0.000000E+0	9.646052E-2	-4.645175E-3	0.000000E+0	0.000000E+0	0.000000E+0
