Real / Ohm	Ximag / Ohm	V_DC / V	I_a c / A	V_ac / V	I_DC / A
6.367859E+3	-3.905394E+5	2.000000E+0	-9.275714E-19	-3.780201E-18	-1.794528E-6	1.000000E+4	4.173960E-8	2.559881E-6	0.000000E+0	0.000000E+0	0.000000E+0
6.497385E+3	-3.911177E+5	1.949000E+0	-1.571544E-18	-4.190346E+17	-2.937180E-6	0.000000E+0	4.246233E-8	2.556070E-6	0.000000E+0	0.000000E+0	0.000000E+0
6.620806E+3	-3.917453E+5	1.899000E+0	6.653843E-18	-4.395667E+17	-2.064582E-6	0.000000E+0	4.312998E-8	2.551950E-6	0.000000E+0	0.000000E+0	0.000000E+0
6.673867E+3	-3.926819E+5	1.848000E+0	-3.127958E+17	-9.739241E-19	-3.207235E-6	0.000000E+0	4.326835E-8	2.545855E-6	0.000000E+0	0.000000E+0	0.000000E+0
6.715768E+3	-3.942869E+5	1.797000E+0	2.587907E+17	1.873793E-18	-1.796252E-6	0.000000E+0	4.318620E-8	2.535489E-6	0.000000E+0	0.000000E+0	0.000000E+0
6.679510E+3	-3.959336E+5	1.747000E+0	-5.351627E-18	2.391872E+17	-1.945111E-6	0.000000E+0	4.259673E-8	2.524957E-6	0.000000E+0	0.000000E+0	0.000000E+0
6.577399E+3	-3.976628E+5	1.696000E+0	-2.373659E+17	1.295985E-19	-2.577035E-6	0.000000E+0	4.158201E-8	2.514006E-6	0.000000E+0	0.000000E+0	0.000000E+0
6.705414E+3	-3.998642E+5	1.646000E+0	5.785012E-19	5.234687E+17	-4.768779E-6	0.000000E+0	4.192552E-8	2.500146E-6	0.000000E+0	0.000000E+0	0.000000E+0
6.535388E+3	-4.019330E+5	1.595000E+0	-2.714796E-18	5.985466E+14	-1.825632E-6	0.000000E+0	4.044355E-8	2.487319E-6	0.000000E+0	0.000000E+0	0.000000E+0
6.640327E+3	-4.043404E+5	1.544000E+0	-1.980656E+17	2.858813E+16	9.606447E-8	0.000000E+0	4.060487E-8	2.472497E-6	0.000000E+0	0.000000E+0	0.000000E+0
6.403541E+3	-4.068214E+5	1.494000E+0	-4.023263E-18	5.325189E+16	-5.279435E-8	0.000000E+0	3.868165E-8	2.457472E-6	0.000000E+0	0.000000E+0	0.000000E+0
6.211476E+3	-4.095347E+5	1.443000E+0	2.579781E+17	4.568510E-19	-1.739827E-7	0.000000E+0	3.702657E-8	2.441234E-6	0.000000E+0	0.000000E+0	0.000000E+0
6.013863E+3	-4.122074E+5	1.392000E+0	5.241928E+17	2.782928E-18	-1.827342E-6	0.000000E+0	3.538584E-8	2.425447E-6	0.000000E+0	0.000000E+0	0.000000E+0
5.997824E+3	-4.147031E+5	1.342000E+0	-2.658310E+17	-5.132058E+17	-2.997658E-6	0.000000E+0	3.486810E-8	2.410859E-6	0.000000E+0	0.000000E+0	0.000000E+0
5.945191E+3	-4.180326E+5	1.291000E+0	1.676928E-18	4.035830E-18	-1.075932E-6	0.000000E+0	3.401400E-8	2.391674E-6	0.000000E+0	0.000000E+0	0.000000E+0
5.841563E+3	-4.209787E+5	1.241000E+0	4.020179E+17	1.832659E+17	3.073801E-7	0.000000E+0	3.295530E-8	2.374960E-6	0.000000E+0	0.000000E+0	0.000000E+0
5.570300E+3	-4.244894E+5	1.190000E+0	9.225665E+16	1.907244E+17	-2.878187E-6	0.000000E+0	3.090794E-8	2.355366E-6	0.000000E+0	0.000000E+0	0.000000E+0
5.040359E+3	-4.279876E+5	1.139000E+0	-4.075705E-18	1.659667E-18	-1.467197E-6	0.000000E+0	2.751306E-8	2.336192E-6	0.000000E+0	0.000000E+0	0.000000E+0
4.820508E+3	-4.313264E+5	1.089000E+0	5.364300E+17	-2.871878E+17	1.448316E-6	0.000000E+0	2.590756E-8	2.318140E-6	0.000000E+0	0.000000E+0	0.000000E+0
4.821722E+3	-4.350340E+5	1.038000E+0	4.333500E+17	8.421242E+16	-7.157869E-7	0.000000E+0	2.547431E-8	2.298389E-6	0.000000E+0	0.000000E+0	0.000000E+0
4.652148E+3	-4.389554E+5	9.870000E-1	7.433461E+16	-3.421240E+17	-8.369825E-7	0.000000E+0	2.414148E-8	2.277880E-6	0.000000E+0	0.000000E+0	0.000000E+0
4.221828E+3	-4.429786E+5	9.370000E-1	-2.820974E+17	-3.573550E+17	2.078505E-6	0.000000E+0	2.151273E-8	2.257240E-6	0.000000E+0	0.000000E+0	0.000000E+0
4.384914E+3	-4.471126E+5	8.860000E-1	4.674714E-18	-5.707470E+17	1.446599E-6	0.000000E+0	2.193237E-8	2.236358E-6	0.000000E+0	0.000000E+0	0.000000E+0
3.980469E+3	-4.513164E+5	8.350000E-1	-2.314515E+17	1.796536E+17	-1.738961E-6	0.000000E+0	1.954062E-8	2.215568E-6	0.000000E+0	0.000000E+0	0.000000E+0
4.041702E+3	-4.556130E+5	7.850000E-1	-1.554615E+17	1.089529E+17	1.176522E-6	0.000000E+0	1.946874E-8	2.194672E-6	0.000000E+0	0.000000E+0	0.000000E+0
3.310001E+3	-4.603946E+5	7.340000E-1	2.547933E-18	-2.672116E+16	-4.768408E-7	0.000000E+0	1.561512E-8	2.171938E-6	0.000000E+0	0.000000E+0	0.000000E+0
3.613533E+3	-4.649447E+5	6.840000E-1	-6.904434E-18	-8.375564E+16	-1.647124E-6	0.000000E+0	1.671488E-8	2.150664E-6	0.000000E+0	0.000000E+0	0.000000E+0
2.827951E+3	-4.698194E+5	6.330000E-1	-4.524462E+17	2.055148E+17	-7.468880E-7	0.000000E+0	1.281133E-8	2.128400E-6	0.000000E+0	0.000000E+0	0.000000E+0
2.941518E+3	-4.748489E+5	5.820000E-1	-7.975154E-19	6.323277E-18	-3.573332E-7	0.000000E+0	1.304500E-8	2.105852E-6	0.000000E+0	0.000000E+0	0.000000E+0
3.052019E+3	-4.803699E+5	5.320000E-1	4.707193E+17	-3.632098E-18	1.025983E-6	0.000000E+0	1.322568E-8	2.081645E-6	0.000000E+0	0.000000E+0	0.000000E+0
2.788995E+3	-4.859019E+5	4.810000E-1	1.388541E-18	6.784133E-18	-6.274113E-7	0.000000E+0	1.181235E-8	2.057961E-6	0.000000E+0	0.000000E+0	0.000000E+0
2.535678E+3	-4.916437E+5	4.300000E-1	4.766215E-20	4.558806E+17	2.315741E-6	0.000000E+0	1.049015E-8	2.033939E-6	0.000000E+0	0.000000E+0	0.000000E+0
2.442751E+3	-4.977612E+5	3.800000E-1	-3.851510E-18	-6.440443E-18	-3.867153E-7	0.000000E+0	9.858859E-9	2.008947E-6	0.000000E+0	0.000000E+0	0.000000E+0
2.488840E+3	-5.036476E+5	3.290000E-1	-4.136209E+17	4.857998E-18	1.534980E-6	0.000000E+0	9.811442E-9	1.985467E-6	0.000000E+0	0.000000E+0	0.000000E+0
2.332771E+3	-5.108381E+5	2.780000E-1	4.155990E+17	-1.817843E+17	-2.672010E-6	0.000000E+0	8.939155E-9	1.957527E-6	0.000000E+0	0.000000E+0	0.000000E+0
2.274129E+3	-5.172745E+5	2.280000E-1	-3.194760E-18	5.558819E-18	-1.799410E-6	0.000000E+0	8.498936E-9	1.933172E-6	0.000000E+0	0.000000E+0	0.000000E+0
2.226222E+3	-5.247781E+5	1.770000E-1	-3.021231E-18	1.735786E-18	-1.409886E-6	0.000000E+0	8.083683E-9	1.905533E-6	0.000000E+0	0.000000E+0	0.000000E+0
1.874898E+3	-5.330092E+5	1.270000E-1	4.697582E+17	-5.230656E+17	-2.657180E-8	0.000000E+0	6.599376E-9	1.876117E-6	0.000000E+0	0.000000E+0	0.000000E+0
2.404962E+3	-5.412534E+5	7.600000E-2	-4.715212E+17	-5.436513E+17	-1.477624E-7	0.000000E+0	8.209153E-9	1.847527E-6	0.000000E+0	0.000000E+0	0.000000E+0
2.322922E+3	-5.504326E+5	2.500000E-2	-3.093320E+17	4.406614E-18	-1.801124E-6	0.000000E+0	7.666879E-9	1.816721E-6	0.000000E+0	0.000000E+0	0.000000E+0
2.589660E+3	-5.607206E+5	-2.500000E-2	-9.427576E-19	-9.426377E-19	1.114361E-6	0.000000E+0	8.236458E-9	1.783381E-6	0.000000E+0	0.000000E+0	0.000000E+0
2.872411E+3	-5.716956E+5	-7.600000E-2	-4.717429E+17	-4.928282E+17	4.824274E-7	0.000000E+0	8.788321E-9	1.749138E-6	0.000000E+0	0.000000E+0	0.000000E+0
3.423138E+3	-5.840212E+5	-1.270000E-1	-2.949171E+17	-4.956124E-18	8.719799E-7	0.000000E+0	1.003581E-8	1.712208E-6	0.000000E+0	0.000000E+0	0.000000E+0
3.969540E+3	-5.977951E+5	-1.770000E-1	-1.478400E+17	2.700591E+17	-8.090483E-7	0.000000E+0	1.110750E-8	1.672740E-6	0.000000E+0	0.000000E+0	0.000000E+0
4.809850E+3	-6.143341E+5	-2.280000E-1	-2.816971E+17	1.903750E-18	-1.951696E-6	0.000000E+0	1.274370E-8	1.627679E-6	0.000000E+0	0.000000E+0	0.000000E+0
5.850917E+3	-6.325596E+5	-2.780000E-1	-1.696221E+17	-6.410774E-19	4.530757E-7	0.000000E+0	1.462123E-8	1.580743E-6	0.000000E+0	0.000000E+0	0.000000E+0
6.689973E+3	-6.549389E+5	-3.290000E-1	6.303170E-18	-1.599031E-19	2.374771E-6	0.000000E+0	1.559472E-8	1.526701E-6	0.000000E+0	0.000000E+0	0.000000E+0
9.267113E+3	-6.799266E+5	-3.800000E-1	-5.761072E+17	-4.172230E+17	1.742837E-6	0.000000E+0	2.004194E-8	1.470474E-6	0.000000E+0	0.000000E+0	0.000000E+0
1.136452E+4	-7.082772E+5	-4.300000E-1	-5.506670E-18	3.318154E+17	-9.596188E-7	0.000000E+0	2.264815E-8	1.411513E-6	0.000000E+0	0.000000E+0	0.000000E+0
1.329054E+4	-7.397236E+5	-4.810000E-1	4.410889E+17	3.939340E-18	-2.613011E-6	0.000000E+0	2.428083E-8	1.351420E-6	0.000000E+0	0.000000E+0	0.000000E+0
1.590043E+4	-7.744671E+5	-5.320000E-1	2.010006E+17	1.860550E+17	8.408824E-7	0.000000E+0	2.649842E-8	1.290666E-6	0.000000E+0	0.000000E+0	0.000000E+0
1.804161E+4	-8.157004E+5	-5.820000E-1	-4.775830E-18	6.138991E-18	-1.861601E-6	0.000000E+0	2.710201E-8	1.225341E-6	0.000000E+0	0.000000E+0	0.000000E+0
2.422534E+4	-8.686539E+5	-6.330000E-1	-1.827512E-18	1.580559E+17	2.613724E-6	0.000000E+0	3.208032E-8	1.150312E-6	0.000000E+0	0.000000E+0	0.000000E+0
3.401570E+4	-9.433174E+5	-6.840000E-1	-7.964855E+16	-3.372652E-18	2.492532E-6	0.000000E+0	3.817679E-8	1.058712E-6	0.000000E+0	0.000000E+0	0.000000E+0
5.043160E+4	-1.057133E+6	-7.340000E-1	2.088264E+17	-2.196584E+17	1.322220E-6	0.000000E+0	4.502526E-8	9.438068E-7	0.000000E+0	0.000000E+0	0.000000E+0
9.121931E+4	-1.243932E+6	-7.850000E-1	-5.319197E+16	-3.553127E+17	6.903138E-7	0.000000E+0	5.863600E-8	7.996026E-7	0.000000E+0	0.000000E+0	0.000000E+0
1.712170E+5	-1.524528E+6	-8.350000E-1	-1.183523E-18	-5.342346E-18	-1.501459E-6	0.000000E+0	7.274992E-8	6.477703E-7	0.000000E+0	0.000000E+0	0.000000E+0
3.026941E+5	-1.915754E+6	-8.860000E-1	-5.203440E-18	3.830367E-18	-9.047653E-8	0.000000E+0	8.046657E-8	5.092738E-7	0.000000E+0	0.000000E+0	0.000000E+0
4.405999E+5	-2.359147E+6	-9.370000E-1	2.540081E-19	-1.518024E+17	-1.743840E-6	0.000000E+0	7.649698E-8	4.095953E-7	0.000000E+0	0.000000E+0	0.000000E+0
4.748763E+5	-2.861416E+6	-9.870000E-1	1.311717E+15	5.157902E-18	-8.712377E-7	0.000000E+0	5.644413E-8	3.401099E-7	0.000000E+0	0.000000E+0	0.000000E+0
3.541441E+5	-3.383468E+6	-1.038000E+0	-1.006173E-18	-5.687810E-18	2.902379E-8	0.000000E+0	3.060017E-8	2.923519E-7	0.000000E+0	0.000000E+0	0.000000E+0
1.892770E+5	-3.800477E+6	-1.089000E+0	-6.256276E-18	1.398985E+17	4.185495E-7	0.000000E+0	1.307211E-8	2.624738E-7	0.000000E+0	0.000000E+0	0.000000E+0
8.490397E+4	-4.150416E+6	-1.139000E+0	2.698511E+17	-3.360764E+17	1.291148E-6	0.000000E+0	4.926778E-9	2.408389E-7	0.000000E+0	0.000000E+0	0.000000E+0
5.722929E+4	-4.490568E+6	-1.190000E+0	-4.014473E-19	-2.240669E+17	3.212852E-6	0.000000E+0	2.837561E-9	2.226528E-7	0.000000E+0	0.000000E+0	0.000000E+0
3.349570E+4	-4.809836E+6	-1.241000E+0	8.607197E+16	4.249670E-18	5.380280E-7	0.000000E+0	1.447796E-9	2.078972E-7	0.000000E+0	0.000000E+0	0.000000E+0
2.013004E+4	-5.125332E+6	-1.291000E+0	2.127762E-18	3.293656E+15	-1.143060E-6	0.000000E+0	7.662914E-10	1.951063E-7	0.000000E+0	0.000000E+0	0.000000E+0
4.114053E+4	-5.405089E+6	-1.342000E+0	-4.960950E+17	8.277014E+16	7.786948E-7	0.000000E+0	1.408118E-9	1.850001E-7	0.000000E+0	0.000000E+0	0.000000E+0
3.541512E+3	-5.667356E+6	-1.392000E+0	-6.504745E+16	2.346692E+17	-3.916211E-7	0.000000E+0	1.102624E-10	1.764491E-7	0.000000E+0	0.000000E+0	0.000000E+0
4.383175E+4	-5.920497E+6	-1.443000E+0	5.291893E-18	5.135446E+17	1.019362E-6	0.000000E+0	1.250399E-9	1.688955E-7	0.000000E+0	0.000000E+0	0.000000E+0
1.456775E+4	-6.107008E+6	-1.494000E+0	-2.052875E-18	3.493290E-18	-1.144770E-6	0.000000E+0	3.906007E-10	1.637454E-7	0.000000E+0	0.000000E+0	0.000000E+0
8.316728E+4	-6.409930E+6	-1.544000E+0	2.907620E+17	-1.496570E-18	-1.804314E-6	0.000000E+0	2.023824E-9	1.559817E-7	0.000000E+0	0.000000E+0	0.000000E+0
3.614784E+4	-6.542891E+6	-1.595000E+0	4.284782E-18	4.664211E-18	6.280970E-7	0.000000E+0	8.443640E-10	1.528330E-7	0.000000E+0	0.000000E+0	0.000000E+0
4.554228E+4	-6.725289E+6	-1.646000E+0	6.288344E-18	-3.929323E-18	1.017645E-6	0.000000E+0	1.006869E-9	1.486857E-7	0.000000E+0	0.000000E+0	0.000000E+0
9.796926E+3	-6.864408E+6	-1.696000E+0	8.250878E-19	3.410070E-18	2.400957E-6	0.000000E+0	2.079135E-10	1.456787E-7	0.000000E+0	0.000000E+0	0.000000E+0
5.820988E+4	-7.045741E+6	-1.747000E+0	4.553607E+17	-2.686618E+17	2.279747E-6	0.000000E+0	1.172502E-9	1.419200E-7	0.000000E+0	0.000000E+0	0.000000E+0
1.131114E+5	-7.242043E+6	-1.797000E+0	2.517955E+17	3.793721E+16	-9.334253E-7	0.000000E+0	2.156146E-9	1.380489E-7	0.000000E+0	0.000000E+0	0.000000E+0
4.050113E+4	-7.339051E+6	-1.848000E+0	-6.627991E-18	5.175899E+17	2.520414E-6	0.000000E+0	7.519243E-10	1.362532E-7	0.000000E+0	0.000000E+0	0.000000E+0
7.889147E+4	-7.496765E+6	-1.899000E+0	-5.704680E+17	6.512875E+16	-1.543813E-7	0.000000E+0	1.403570E-9	1.333761E-7	0.000000E+0	0.000000E+0	0.000000E+0
6.317152E+4	-7.566450E+6	-1.949000E+0	-4.691026E+17	6.906363E-18	2.250359E-6	0.000000E+0	1.103333E-9	1.321532E-7	0.000000E+0	0.000000E+0	0.000000E+0
9.601366E+4	-7.640493E+6	-2.000000E+0	-3.567381E+17	-4.286482E-18	2.639907E-6	0.000000E+0	1.644454E-9	1.308609E-7	0.000000E+0	0.000000E+0	0.000000E+0
