Real / Ohm	Ximag / Ohm	V_DC / V	I_a c / A	V_ac / V	I_DC / A
1.964790E+2	-3.998002E+3	2.000000E+0	-9.275714E-19	-3.780201E-18	7.591007E-7	1.000000E+6	1.226260E-5	2.495223E-4	0.000000E+0	0.000000E+0	0.000000E+0
2.088799E+2	-4.001913E+3	1.949000E+0	-1.571544E-18	-4.190346E+17	1.271619E-7	0.000000E+0	1.300708E-5	2.492016E-4	0.000000E+0	0.000000E+0	0.000000E+0
2.148181E+2	-4.008966E+3	1.899000E+0	6.653843E-18	-4.395667E+17	-5.324109E-7	0.000000E+0	1.332788E-5	2.487267E-4	0.000000E+0	0.000000E+0	0.000000E+0
2.084907E+2	-4.023430E+3	1.848000E+0	-3.127958E+17	-9.739241E-19	-1.428925E-7	0.000000E+0	1.284485E-5	2.478785E-4	0.000000E+0	0.000000E+0	0.000000E+0
2.168123E+2	-4.044216E+3	1.797000E+0	2.587907E+17	1.873793E-18	1.268090E-6	0.000000E+0	1.321809E-5	2.465581E-4	0.000000E+0	0.000000E+0	0.000000E+0
2.200520E+2	-4.069276E+3	1.747000E+0	-5.351627E-18	2.391872E+17	-2.966568E-6	0.000000E+0	1.325021E-5	2.450274E-4	0.000000E+0	0.000000E+0	0.000000E+0
2.203347E+2	-4.096361E+3	1.696000E+0	-2.373659E+17	1.295985E-19	-2.577035E-6	0.000000E+0	1.309278E-5	2.434149E-4	0.000000E+0	0.000000E+0	0.000000E+0
2.206460E+2	-4.125308E+3	1.646000E+0	5.785012E-19	5.234687E+17	3.384484E-7	0.000000E+0	1.292834E-5	2.417147E-4	0.000000E+0	0.000000E+0	0.000000E+0
2.212234E+2	-4.156606E+3	1.595000E+0	-2.714796E-18	5.985466E+14	-2.336346E-6	0.000000E+0	1.276806E-5	2.399014E-4	0.000000E+0	0.000000E+0	0.000000E+0
2.208242E+2	-4.189440E+3	1.544000E+0	-1.980656E+17	2.858813E+16	-1.436107E-6	0.000000E+0	1.254671E-5	2.380341E-4	0.000000E+0	0.000000E+0	0.000000E+0
2.179204E+2	-4.222937E+3	1.494000E+0	-4.023263E-18	5.325189E+16	-2.095680E-6	0.000000E+0	1.218747E-5	2.361731E-4	0.000000E+0	0.000000E+0	0.000000E+0
2.210562E+2	-4.259182E+3	1.443000E+0	2.579781E+17	4.568510E-19	-1.739827E-7	0.000000E+0	1.215296E-5	2.341561E-4	0.000000E+0	0.000000E+0	0.000000E+0
2.205339E+2	-4.297334E+3	1.392000E+0	5.241928E+17	2.782928E-18	-3.870227E-6	0.000000E+0	1.191063E-5	2.320912E-4	0.000000E+0	0.000000E+0	0.000000E+0
2.192007E+2	-4.336068E+3	1.342000E+0	-2.658310E+17	-5.132058E+17	-2.486915E-6	0.000000E+0	1.162897E-5	2.300358E-4	0.000000E+0	0.000000E+0	0.000000E+0
2.200425E+2	-4.375291E+3	1.291000E+0	1.676928E-18	4.035830E-18	-2.608103E-6	0.000000E+0	1.146557E-5	2.279796E-4	0.000000E+0	0.000000E+0	0.000000E+0
2.167322E+2	-4.417195E+3	1.241000E+0	4.020179E+17	1.832659E+17	-4.289162E-6	0.000000E+0	1.108118E-5	2.258443E-4	0.000000E+0	0.000000E+0	0.000000E+0
2.159373E+2	-4.461708E+3	1.190000E+0	9.225665E+16	1.907244E+17	6.968985E-7	0.000000E+0	1.082204E-5	2.236056E-4	0.000000E+0	0.000000E+0	0.000000E+0
2.139646E+2	-4.508294E+3	1.139000E+0	-4.075705E-18	1.659667E-18	-9.564537E-7	0.000000E+0	1.050365E-5	2.213149E-4	0.000000E+0	0.000000E+0	0.000000E+0
2.120857E+2	-4.554956E+3	1.089000E+0	5.364300E+17	-2.871878E+17	-1.616056E-6	0.000000E+0	1.020005E-5	2.190662E-4	0.000000E+0	0.000000E+0	0.000000E+0
2.103096E+2	-4.606070E+3	1.038000E+0	4.333500E+17	8.421242E+16	3.056703E-7	0.000000E+0	9.892216E-6	2.166531E-4	0.000000E+0	0.000000E+0	0.000000E+0
2.085173E+2	-4.658489E+3	9.870000E-1	7.433461E+16	-3.421240E+17	-2.369154E-6	0.000000E+0	9.589207E-6	2.142327E-4	0.000000E+0	0.000000E+0	0.000000E+0
1.967336E+2	-4.711312E+3	9.370000E-1	-2.820974E+17	-3.573550E+17	-4.560923E-6	0.000000E+0	8.847859E-6	2.118856E-4	0.000000E+0	0.000000E+0	0.000000E+0
2.045940E+2	-4.769116E+3	8.860000E-1	4.674714E-18	-5.707470E+17	-1.617773E-6	0.000000E+0	8.978806E-6	2.092973E-4	0.000000E+0	0.000000E+0	0.000000E+0
2.014641E+2	-4.829985E+3	8.350000E-1	-2.314515E+17	1.796536E+17	-2.760389E-6	0.000000E+0	8.620871E-6	2.066804E-4	0.000000E+0	0.000000E+0	0.000000E+0
1.985298E+2	-4.892574E+3	7.850000E-1	-1.554615E+17	1.089529E+17	-1.377077E-6	0.000000E+0	8.280116E-6	2.040554E-4	0.000000E+0	0.000000E+0	0.000000E+0
1.969438E+2	-4.956588E+3	7.340000E-1	2.547933E-18	-2.672116E+16	-3.030440E-6	0.000000E+0	8.003714E-6	2.014337E-4	0.000000E+0	0.000000E+0	0.000000E+0
1.681453E+2	-5.024626E+3	6.840000E-1	-6.904434E-18	-8.375564E+16	-1.647124E-6	0.000000E+0	6.652596E-6	1.987972E-4	0.000000E+0	0.000000E+0	0.000000E+0
1.880667E+2	-5.096752E+3	6.330000E-1	-4.524462E+17	2.055148E+17	-2.279059E-6	0.000000E+0	7.229928E-6	1.959366E-4	0.000000E+0	0.000000E+0	0.000000E+0
1.631890E+2	-5.173568E+3	5.820000E-1	-7.975154E-19	6.323277E-18	1.533808E-7	0.000000E+0	6.090861E-6	1.930981E-4	0.000000E+0	0.000000E+0	0.000000E+0
1.847468E+2	-5.251732E+3	5.320000E-1	4.707193E+17	-3.632098E-18	-1.527646E-6	0.000000E+0	6.690132E-6	1.901780E-4	0.000000E+0	0.000000E+0	0.000000E+0
1.451946E+2	-5.336061E+3	4.810000E-1	1.388541E-18	6.784133E-18	9.047599E-7	0.000000E+0	5.095508E-6	1.872655E-4	0.000000E+0	0.000000E+0	0.000000E+0
1.790125E+2	-5.424441E+3	4.300000E-1	4.766215E-20	4.558806E+17	7.835697E-7	0.000000E+0	6.077160E-6	1.841502E-4	0.000000E+0	0.000000E+0	0.000000E+0
1.686558E+2	-5.515043E+3	3.800000E-1	-3.851510E-18	-6.440443E-18	2.677627E-6	0.000000E+0	5.539844E-6	1.811528E-4	0.000000E+0	0.000000E+0	0.000000E+0
1.758789E+2	-5.614297E+3	3.290000E-1	-4.136209E+17	4.857998E-18	2.808520E-9	0.000000E+0	5.574385E-6	1.779421E-4	0.000000E+0	0.000000E+0	0.000000E+0
1.749258E+2	-5.718938E+3	2.780000E-1	4.155990E+17	-1.817843E+17	-1.183816E-7	0.000000E+0	5.343391E-6	1.746942E-4	0.000000E+0	0.000000E+0	0.000000E+0
1.749287E+2	-5.827726E+3	2.280000E-1	-3.194760E-18	5.558819E-18	-7.779818E-7	0.000000E+0	5.146023E-6	1.714391E-4	0.000000E+0	0.000000E+0	0.000000E+0
1.767686E+2	-5.946696E+3	1.770000E-1	-3.021231E-18	1.735786E-18	1.654456E-6	0.000000E+0	4.994248E-6	1.680121E-4	0.000000E+0	0.000000E+0	0.000000E+0
1.503789E+2	-6.071524E+3	1.270000E-1	4.697582E+17	-5.230656E+17	2.527056E-6	0.000000E+0	4.076854E-6	1.646023E-4	0.000000E+0	0.000000E+0	0.000000E+0
1.836011E+2	-6.207451E+3	7.600000E-2	-4.715212E+17	-5.436513E+17	1.384409E-6	0.000000E+0	4.760679E-6	1.609559E-4	0.000000E+0	0.000000E+0	0.000000E+0
1.666294E+2	-6.357410E+3	2.500000E-2	-3.093320E+17	4.406614E-18	7.525039E-7	0.000000E+0	4.119959E-6	1.571888E-4	0.000000E+0	0.000000E+0	0.000000E+0
1.764121E+2	-6.519442E+3	-2.500000E-2	-9.427576E-19	-9.426377E-19	2.135818E-6	0.000000E+0	4.147531E-6	1.532751E-4	0.000000E+0	0.000000E+0	0.000000E+0
2.001274E+2	-6.698540E+3	-7.600000E-2	-4.717429E+17	-4.928282E+17	1.503885E-6	0.000000E+0	4.456139E-6	1.491531E-4	0.000000E+0	0.000000E+0	0.000000E+0
2.163354E+2	-6.896809E+3	-1.270000E-1	-2.949171E+17	-4.956124E-18	-6.601913E-7	0.000000E+0	4.543642E-6	1.448521E-4	0.000000E+0	0.000000E+0	0.000000E+0
2.207090E+2	-7.113274E+3	-1.770000E-1	-1.478400E+17	2.700591E+17	-8.090483E-7	0.000000E+0	4.357758E-6	1.404470E-4	0.000000E+0	0.000000E+0	0.000000E+0
2.518228E+2	-7.357482E+3	-2.280000E-1	-2.816971E+17	1.903750E-18	2.644818E-6	0.000000E+0	4.646524E-6	1.357570E-4	0.000000E+0	0.000000E+0	0.000000E+0
2.775049E+2	-7.628120E+3	-2.780000E-1	-1.696221E+17	-6.410774E-19	-3.122010E-6	0.000000E+0	4.762788E-6	1.309206E-4	0.000000E+0	0.000000E+0	0.000000E+0
3.118032E+2	-7.941978E+3	-3.290000E-1	6.303170E-18	-1.599031E-19	1.864057E-6	0.000000E+0	4.935763E-6	1.257194E-4	0.000000E+0	0.000000E+0	0.000000E+0
3.527075E+2	-8.307281E+3	-3.800000E-1	-5.761072E+17	-4.172230E+17	2.253581E-6	0.000000E+0	5.101698E-6	1.201597E-4	0.000000E+0	0.000000E+0	0.000000E+0
3.911602E+2	-8.727154E+3	-4.300000E-1	-5.506670E-18	3.318154E+17	1.593980E-6	0.000000E+0	5.125518E-6	1.143552E-4	0.000000E+0	0.000000E+0	0.000000E+0
4.670518E+2	-9.252547E+3	-4.810000E-1	4.410889E+17	3.939340E-18	-2.613011E-6	0.000000E+0	5.441733E-6	1.078037E-4	0.000000E+0	0.000000E+0	0.000000E+0
5.832358E+2	-9.936488E+3	-5.320000E-1	2.010006E+17	1.860550E+17	8.408824E-7	0.000000E+0	5.886873E-6	1.002936E-4	0.000000E+0	0.000000E+0	0.000000E+0
7.425205E+2	-1.087152E+4	-5.820000E-1	-4.775830E-18	6.138991E-18	1.812841E-7	0.000000E+0	6.253263E-6	9.155636E-5	0.000000E+0	0.000000E+0	0.000000E+0
9.785947E+2	-1.230370E+4	-6.330000E-1	-1.827512E-18	1.580559E+17	1.081553E-6	0.000000E+0	6.423810E-6	8.076544E-5	0.000000E+0	0.000000E+0	0.000000E+0
1.370006E+3	-1.456248E+4	-6.840000E-1	-7.964855E+16	-3.372652E-18	-2.103981E-6	0.000000E+0	6.403611E-6	6.806718E-5	0.000000E+0	0.000000E+0	0.000000E+0
1.876445E+3	-1.805483E+4	-7.340000E-1	2.088264E+17	-2.196584E+17	8.115057E-7	0.000000E+0	5.694861E-6	5.479497E-5	0.000000E+0	0.000000E+0	0.000000E+0
2.571959E+3	-2.318879E+4	-7.850000E-1	-5.319197E+16	-3.553127E+17	3.243942E-6	0.000000E+0	4.724957E-6	4.260022E-5	0.000000E+0	0.000000E+0	0.000000E+0
3.202885E+3	-2.946777E+4	-8.350000E-1	-1.183523E-18	-5.342346E-18	-9.907162E-7	0.000000E+0	3.645409E-6	3.353916E-5	0.000000E+0	0.000000E+0	0.000000E+0
3.425813E+3	-3.577294E+4	-8.860000E-1	-5.203440E-18	3.830367E-18	-1.111905E-6	0.000000E+0	2.652709E-6	2.770005E-5	0.000000E+0	0.000000E+0	0.000000E+0
3.167146E+3	-4.093645E+4	-9.370000E-1	2.540081E-19	-1.518024E+17	8.097886E-7	0.000000E+0	1.878693E-6	2.428276E-5	0.000000E+0	0.000000E+0	0.000000E+0
2.764563E+3	-4.432954E+4	-9.870000E-1	1.311717E+15	5.157902E-18	6.609334E-7	0.000000E+0	1.401375E-6	2.247093E-5	0.000000E+0	0.000000E+0	0.000000E+0
2.481156E+3	-4.681395E+4	-1.038000E+0	-1.006173E-18	-5.687810E-18	1.561195E-6	0.000000E+0	1.128977E-6	2.130132E-5	0.000000E+0	0.000000E+0	0.000000E+0
2.312371E+3	-4.907070E+4	-1.089000E+0	-6.256276E-18	1.398985E+17	-6.029077E-7	0.000000E+0	9.581857E-7	2.033361E-5	0.000000E+0	0.000000E+0	0.000000E+0
2.238344E+3	-5.140171E+4	-1.139000E+0	2.698511E+17	-3.360764E+17	1.291148E-6	0.000000E+0	8.455688E-7	1.941778E-5	0.000000E+0	0.000000E+0	0.000000E+0
2.149500E+3	-5.412934E+4	-1.190000E+0	-4.014473E-19	-2.240669E+17	-2.405148E-6	0.000000E+0	7.324664E-7	1.844518E-5	0.000000E+0	0.000000E+0	0.000000E+0
2.097168E+3	-5.713942E+4	-1.241000E+0	8.607197E+16	4.249670E-18	2.725574E-8	0.000000E+0	6.414709E-7	1.747751E-5	0.000000E+0	0.000000E+0	0.000000E+0
2.035082E+3	-6.026034E+4	-1.291000E+0	2.127762E-18	3.293656E+15	1.921340E-6	0.000000E+0	5.597882E-7	1.657576E-5	0.000000E+0	0.000000E+0	0.000000E+0
2.012328E+3	-6.346987E+4	-1.342000E+0	-4.960950E+17	8.277014E+16	7.786948E-7	0.000000E+0	4.990306E-7	1.573969E-5	0.000000E+0	0.000000E+0	0.000000E+0
1.958840E+3	-6.650806E+4	-1.392000E+0	-6.504745E+16	2.346692E+17	-1.413107E-6	0.000000E+0	4.424598E-7	1.502274E-5	0.000000E+0	0.000000E+0	0.000000E+0
1.905078E+3	-6.949352E+4	-1.443000E+0	5.291893E-18	5.135446E+17	5.086476E-7	0.000000E+0	3.941830E-7	1.437902E-5	0.000000E+0	0.000000E+0	0.000000E+0
1.853543E+3	-7.242113E+4	-1.494000E+0	-2.052875E-18	3.493290E-18	3.451772E-6	0.000000E+0	3.531732E-7	1.379909E-5	0.000000E+0	0.000000E+0	0.000000E+0
1.844469E+3	-7.503053E+4	-1.544000E+0	2.907620E+17	-1.496570E-18	2.281457E-6	0.000000E+0	3.274409E-7	1.331986E-5	0.000000E+0	0.000000E+0	0.000000E+0
1.801398E+3	-7.743734E+4	-1.595000E+0	4.284782E-18	4.664211E-18	1.173830E-7	0.000000E+0	3.002437E-7	1.290668E-5	0.000000E+0	0.000000E+0	0.000000E+0
1.787188E+3	-7.992628E+4	-1.646000E+0	6.288344E-18	-3.929323E-18	1.017645E-6	0.000000E+0	2.796237E-7	1.250528E-5	0.000000E+0	0.000000E+0	0.000000E+0
1.834504E+3	-8.205405E+4	-1.696000E+0	8.250878E-19	3.410070E-18	-1.526714E-7	0.000000E+0	2.723338E-7	1.218100E-5	0.000000E+0	0.000000E+0	0.000000E+0
1.824930E+3	-8.411814E+4	-1.747000E+0	4.553607E+17	-2.686618E+17	-2.738816E-7	0.000000E+0	2.577879E-7	1.188245E-5	0.000000E+0	0.000000E+0	0.000000E+0
1.788777E+3	-8.601636E+4	-1.797000E+0	2.517955E+17	3.793721E+16	-4.227113E-7	0.000000E+0	2.416609E-7	1.162067E-5	0.000000E+0	0.000000E+0	0.000000E+0
1.787547E+3	-8.789445E+4	-1.848000E+0	-6.627991E-18	5.175899E+17	9.882715E-7	0.000000E+0	2.312890E-7	1.137258E-5	0.000000E+0	0.000000E+0	0.000000E+0
1.809227E+3	-8.955663E+4	-1.899000E+0	-5.704680E+17	6.512875E+16	3.563327E-7	0.000000E+0	2.254864E-7	1.116156E-5	0.000000E+0	0.000000E+0	0.000000E+0
1.794188E+3	-9.116645E+4	-1.949000E+0	-4.691026E+17	6.906363E-18	3.271845E-6	0.000000E+0	2.157892E-7	1.096470E-5	0.000000E+0	0.000000E+0	0.000000E+0
1.791141E+3	-9.269595E+4	-2.000000E+0	-3.567381E+17	-4.286482E-18	1.618479E-6	0.000000E+0	2.083753E-7	1.078393E-5	0.000000E+0	0.000000E+0	0.000000E+0
