Real / Ohm	Ximag / Ohm	V_DC / V	I_a c / A	V_ac / V	I_DC / A
-1.091671E+7	-1.218812E+8	-2.000000E+0	-3.567381E+17	-4.286482E-18	1.618479E-6	1.000000E+3	-7.290345E-10	8.139412E-9	0.000000E+0	0.000000E+0	0.000000E+0
1.912436E+5	-9.894606E+7	-1.949000E+0	-4.691026E+17	6.906363E-18	2.761073E-6	0.000000E+0	1.953387E-11	1.010648E-8	0.000000E+0	0.000000E+0	0.000000E+0
-5.939785E+6	-9.775416E+7	-1.899000E+0	-5.704680E+17	6.512875E+16	2.909961E-6	0.000000E+0	-6.192981E-10	1.019211E-8	0.000000E+0	0.000000E+0	0.000000E+0
1.286387E+7	-9.270075E+7	-1.848000E+0	-6.627991E-18	5.175899E+17	-1.565357E-6	0.000000E+0	1.468661E-9	1.058360E-8	0.000000E+0	0.000000E+0	0.000000E+0
-3.015665E+6	-8.447899E+7	-1.797000E+0	2.517955E+17	3.793721E+16	1.109431E-6	0.000000E+0	-4.220196E-10	1.182220E-8	0.000000E+0	0.000000E+0	0.000000E+0
-9.152098E+6	-7.752104E+7	-1.747000E+0	4.553607E+17	-2.686618E+17	-7.845956E-7	0.000000E+0	-1.502000E-9	1.272240E-8	0.000000E+0	0.000000E+0	0.000000E+0
-2.309750E+6	-7.422965E+7	-1.696000E+0	8.250878E-19	3.410070E-18	-1.174099E-6	0.000000E+0	-4.187838E-10	1.345867E-8	0.000000E+0	0.000000E+0	0.000000E+0
8.371390E+5	-6.741654E+7	-1.646000E+0	6.288344E-18	-3.929323E-18	2.549787E-6	0.000000E+0	1.841610E-10	1.483087E-8	0.000000E+0	0.000000E+0	0.000000E+0
2.194822E+5	-5.893813E+7	-1.595000E+0	4.284782E-18	4.664211E-18	-3.933310E-7	0.000000E+0	6.318305E-11	1.696671E-8	0.000000E+0	0.000000E+0	0.000000E+0
-8.445824E+5	-6.278685E+7	-1.544000E+0	2.907620E+17	-1.496570E-18	3.302943E-6	0.000000E+0	-2.142033E-10	1.592402E-8	0.000000E+0	0.000000E+0	0.000000E+0
4.726458E+6	-5.263682E+7	-1.494000E+0	-2.052875E-18	3.493290E-18	1.919630E-6	0.000000E+0	1.692267E-9	1.884615E-8	0.000000E+0	0.000000E+0	0.000000E+0
8.240159E+6	-4.911122E+7	-1.443000E+0	5.291893E-18	5.135446E+17	1.019362E-6	0.000000E+0	3.322896E-9	1.980441E-8	0.000000E+0	0.000000E+0	0.000000E+0
7.770954E+6	-3.751306E+7	-1.392000E+0	-6.504745E+16	2.346692E+17	-1.413107E-6	0.000000E+0	5.294945E-9	2.556052E-8	0.000000E+0	0.000000E+0	0.000000E+0
9.422774E+6	-3.238391E+7	-1.342000E+0	-4.960950E+17	8.277014E+16	1.800123E-6	0.000000E+0	8.283712E-9	2.846921E-8	0.000000E+0	0.000000E+0	0.000000E+0
5.547538E+6	-2.778124E+7	-1.291000E+0	2.127762E-18	3.293656E+15	2.432054E-6	0.000000E+0	6.912196E-9	3.461524E-8	0.000000E+0	0.000000E+0	0.000000E+0
4.235959E+6	-2.300234E+7	-1.241000E+0	8.607197E+16	4.249670E-18	5.380280E-7	0.000000E+0	7.743262E-9	4.204789E-8	0.000000E+0	0.000000E+0	0.000000E+0
2.808385E+6	-1.928456E+7	-1.190000E+0	-4.014473E-19	-2.240669E+17	1.680681E-6	0.000000E+0	7.394743E-9	5.077807E-8	0.000000E+0	0.000000E+0	0.000000E+0
1.602113E+6	-1.575597E+7	-1.139000E+0	2.698511E+17	-3.360764E+17	3.334033E-6	0.000000E+0	6.387568E-9	6.281850E-8	0.000000E+0	0.000000E+0	0.000000E+0
1.168314E+6	-1.421320E+7	-1.089000E+0	-6.256276E-18	1.398985E+17	1.440007E-6	0.000000E+0	5.744488E-9	6.988494E-8	0.000000E+0	0.000000E+0	0.000000E+0
6.619885E+5	-1.242502E+7	-1.038000E+0	-1.006173E-18	-5.687810E-18	5.397378E-7	0.000000E+0	4.275877E-9	8.025495E-8	0.000000E+0	0.000000E+0	0.000000E+0
3.620224E+5	-1.148474E+7	-9.870000E-1	1.311717E+15	5.157902E-18	1.502194E-7	0.000000E+0	2.741964E-9	8.698563E-8	0.000000E+0	0.000000E+0	0.000000E+0
3.745848E+5	-1.101567E+7	-9.370000E-1	2.540081E-19	-1.518024E+17	8.097886E-7	0.000000E+0	3.083376E-9	9.067492E-8	0.000000E+0	0.000000E+0	0.000000E+0
2.443771E+5	-1.034748E+7	-8.860000E-1	-5.203440E-18	3.830367E-18	2.973895E-6	0.000000E+0	2.281125E-9	9.658801E-8	0.000000E+0	0.000000E+0	0.000000E+0
1.361892E+5	-9.959140E+6	-8.350000E-1	-1.183523E-18	-5.342346E-18	3.095083E-6	0.000000E+0	1.372833E-9	1.003915E-7	0.000000E+0	0.000000E+0	0.000000E+0
2.243219E+5	-9.744990E+6	-7.850000E-1	-5.319197E+16	-3.553127E+17	1.795997E-7	0.000000E+0	2.360907E-9	1.025625E-7	0.000000E+0	0.000000E+0	0.000000E+0
2.512346E+4	-9.307138E+6	-7.340000E-1	2.088264E+17	-2.196584E+17	2.343677E-6	0.000000E+0	2.900307E-10	1.074436E-7	0.000000E+0	0.000000E+0	0.000000E+0
1.568639E+5	-9.182812E+6	-6.840000E-1	-7.964855E+16	-3.372652E-18	-5.718102E-7	0.000000E+0	1.859709E-9	1.088673E-7	0.000000E+0	0.000000E+0	0.000000E+0
1.802404E+5	-8.858630E+6	-6.330000E-1	-1.827512E-18	1.580559E+17	3.124467E-6	0.000000E+0	2.295828E-9	1.128376E-7	0.000000E+0	0.000000E+0	0.000000E+0
2.531566E+4	-8.624910E+6	-5.820000E-1	-4.775830E-18	6.138991E-18	-8.401439E-7	0.000000E+0	3.403113E-10	1.159422E-7	0.000000E+0	0.000000E+0	0.000000E+0
4.380466E+4	-8.491158E+6	-5.320000E-1	2.010006E+17	1.860550E+17	3.301684E-7	0.000000E+0	6.075400E-10	1.177664E-7	0.000000E+0	0.000000E+0	0.000000E+0
1.048205E+5	-8.218599E+6	-4.810000E-1	4.410889E+17	3.939340E-18	3.515705E-6	0.000000E+0	1.551601E-9	1.216555E-7	0.000000E+0	0.000000E+0	0.000000E+0
1.413744E+5	-8.237144E+6	-4.300000E-1	-5.506670E-18	3.318154E+17	2.615438E-6	0.000000E+0	2.083001E-9	1.213656E-7	0.000000E+0	0.000000E+0	0.000000E+0
-3.648030E+4	-7.978799E+6	-3.800000E-1	-5.761072E+17	-4.172230E+17	3.275038E-6	0.000000E+0	-5.730259E-10	1.253295E-7	0.000000E+0	0.000000E+0	0.000000E+0
5.112505E+4	-7.874451E+6	-3.290000E-1	6.303170E-18	-1.599031E-19	1.864057E-6	0.000000E+0	8.244700E-10	1.269876E-7	0.000000E+0	0.000000E+0	0.000000E+0
6.786938E+4	-7.655695E+6	-2.780000E-1	-1.696221E+17	-6.410774E-19	1.474504E-6	0.000000E+0	1.157899E-9	1.306114E-7	0.000000E+0	0.000000E+0	0.000000E+0
-1.189642E+4	-7.577721E+6	-2.280000E-1	-2.816971E+17	1.903750E-18	9.118958E-8	0.000000E+0	-2.071753E-10	1.319655E-7	0.000000E+0	0.000000E+0	0.000000E+0
9.255555E+4	-7.461137E+6	-1.770000E-1	-1.478400E+17	2.700591E+17	2.255294E-6	0.000000E+0	1.662362E-9	1.340072E-7	0.000000E+0	0.000000E+0	0.000000E+0
-4.393809E+3	-7.355774E+6	-1.270000E-1	-2.949171E+17	-4.956124E-18	-1.170934E-6	0.000000E+0	-8.120528E-11	1.359476E-7	0.000000E+0	0.000000E+0	0.000000E+0
3.413786E+4	-7.226128E+6	-7.600000E-2	-4.717429E+17	-4.928282E+17	-2.828665E-8	0.000000E+0	6.537554E-10	1.383836E-7	0.000000E+0	0.000000E+0	0.000000E+0
-4.637662E+3	-7.177952E+6	-2.500000E-2	-9.427576E-19	-9.426377E-19	5.200161E-6	0.000000E+0	-9.001146E-11	1.393154E-7	0.000000E+0	0.000000E+0	0.000000E+0
2.188661E+4	-7.064423E+6	2.500000E-2	-3.093320E+17	4.406614E-18	-2.689532E-7	0.000000E+0	4.385518E-10	1.415530E-7	0.000000E+0	0.000000E+0	0.000000E+0
6.487084E+4	-6.889540E+6	7.600000E-2	-4.715212E+17	-5.436513E+17	2.405865E-6	0.000000E+0	1.366566E-9	1.451347E-7	0.000000E+0	0.000000E+0	0.000000E+0
6.840794E+4	-6.792190E+6	1.270000E-1	4.697582E+17	-5.230656E+17	-1.558743E-6	0.000000E+0	1.482664E-9	1.472130E-7	0.000000E+0	0.000000E+0	0.000000E+0
-1.697431E+4	-6.735273E+6	1.770000E-1	-3.021231E-18	1.735786E-18	1.222852E-7	0.000000E+0	-3.741786E-10	1.484711E-7	0.000000E+0	0.000000E+0	0.000000E+0
5.416894E+4	-6.623577E+6	2.280000E-1	-3.194760E-18	5.558819E-18	-7.779818E-7	0.000000E+0	1.234628E-9	1.509657E-7	0.000000E+0	0.000000E+0	0.000000E+0
4.448782E+4	-6.515719E+6	2.780000E-1	4.155990E+17	-1.817843E+17	3.923324E-7	0.000000E+0	1.047843E-9	1.534678E-7	0.000000E+0	0.000000E+0	0.000000E+0
3.177761E+4	-6.487353E+6	3.290000E-1	-4.136209E+17	4.857998E-18	2.808520E-9	0.000000E+0	7.550501E-10	1.541424E-7	0.000000E+0	0.000000E+0	0.000000E+0
3.362746E+4	-6.396890E+6	3.800000E-1	-3.851510E-18	-6.440443E-18	2.166884E-6	0.000000E+0	8.217587E-10	1.563216E-7	0.000000E+0	0.000000E+0	0.000000E+0
1.110997E+5	-6.278275E+6	4.300000E-1	4.766215E-20	4.558806E+17	2.728557E-7	0.000000E+0	2.817710E-9	1.592296E-7	0.000000E+0	0.000000E+0	0.000000E+0
2.895221E+4	-6.172692E+6	4.810000E-1	1.388541E-18	6.784133E-18	1.415503E-6	0.000000E+0	7.598414E-10	1.620003E-7	0.000000E+0	0.000000E+0	0.000000E+0
9.839811E+4	-6.097134E+6	5.320000E-1	4.707193E+17	-3.632098E-18	-1.016931E-6	0.000000E+0	2.646197E-9	1.639688E-7	0.000000E+0	0.000000E+0	0.000000E+0
6.252318E+4	-6.092222E+6	5.820000E-1	-7.975154E-19	6.323277E-18	-1.378790E-6	0.000000E+0	1.684395E-9	1.641264E-7	0.000000E+0	0.000000E+0	0.000000E+0
1.576382E+4	-5.983677E+6	6.330000E-1	-4.524462E+17	2.055148E+17	-2.361448E-7	0.000000E+0	4.402731E-10	1.671202E-7	0.000000E+0	0.000000E+0	0.000000E+0
2.060348E+4	-5.992282E+6	6.840000E-1	-6.904434E-18	-8.375564E+16	-1.149529E-7	0.000000E+0	5.737873E-10	1.668794E-7	0.000000E+0	0.000000E+0	0.000000E+0
8.245431E+4	-5.914096E+6	7.340000E-1	2.547933E-18	-2.672116E+16	5.446163E-7	0.000000E+0	2.356960E-9	1.690547E-7	0.000000E+0	0.000000E+0	0.000000E+0
7.869239E+4	-5.836461E+6	7.850000E-1	-1.554615E+17	1.089529E+17	-3.556488E-7	0.000000E+0	2.309695E-9	1.713056E-7	0.000000E+0	0.000000E+0	0.000000E+0
1.021131E+5	-5.773451E+6	8.350000E-1	-2.314515E+17	1.796536E+17	-2.067900E-7	0.000000E+0	3.062490E-9	1.731525E-7	0.000000E+0	0.000000E+0	0.000000E+0
7.775095E+4	-5.763853E+6	8.860000E-1	4.674714E-18	-5.707470E+17	-2.128487E-6	0.000000E+0	2.339919E-9	1.734635E-7	0.000000E+0	0.000000E+0	0.000000E+0
7.125488E+4	-5.696877E+6	9.370000E-1	-2.820974E+17	-3.573550E+17	3.561945E-8	0.000000E+0	2.195194E-9	1.755073E-7	0.000000E+0	0.000000E+0	0.000000E+0
8.145305E+4	-5.679803E+6	9.870000E-1	7.433461E+16	-3.421240E+17	6.951886E-7	0.000000E+0	2.524361E-9	1.760262E-7	0.000000E+0	0.000000E+0	0.000000E+0
9.669289E+4	-5.616737E+6	1.038000E+0	4.333500E+17	8.421242E+16	-1.737244E-6	0.000000E+0	3.064063E-9	1.779866E-7	0.000000E+0	0.000000E+0	0.000000E+0
8.350795E+4	-5.641965E+6	1.089000E+0	5.364300E+17	-2.871878E+17	-8.388452E-8	0.000000E+0	2.622841E-9	1.772044E-7	0.000000E+0	0.000000E+0	0.000000E+0
7.505908E+4	-5.615076E+6	1.139000E+0	-4.075705E-18	1.659667E-18	1.597175E-6	0.000000E+0	2.380205E-9	1.780602E-7	0.000000E+0	0.000000E+0	0.000000E+0
6.842236E+4	-5.528325E+6	1.190000E+0	9.225665E+16	1.907244E+17	1.861845E-7	0.000000E+0	2.238435E-9	1.808589E-7	0.000000E+0	0.000000E+0	0.000000E+0
8.069748E+4	-5.597214E+6	1.241000E+0	4.020179E+17	1.832659E+17	-2.033630E-7	0.000000E+0	2.575288E-9	1.786232E-7	0.000000E+0	0.000000E+0	0.000000E+0
5.671321E+4	-5.550035E+6	1.291000E+0	1.676928E-18	4.035830E-18	2.499124E-6	0.000000E+0	1.840973E-9	1.801602E-7	0.000000E+0	0.000000E+0	0.000000E+0
1.064601E+5	-5.479263E+6	1.342000E+0	-2.658310E+17	-5.132058E+17	6.668415E-8	0.000000E+0	3.544693E-9	1.824374E-7	0.000000E+0	0.000000E+0	0.000000E+0
7.444981E+4	-5.473336E+6	1.392000E+0	5.241928E+17	2.782928E-18	-2.951710E-7	0.000000E+0	2.484729E-9	1.826701E-7	0.000000E+0	0.000000E+0	0.000000E+0
1.153014E+5	-5.438462E+6	1.443000E+0	2.579781E+17	4.568510E-19	-2.216868E-6	0.000000E+0	3.896612E-9	1.837929E-7	0.000000E+0	0.000000E+0	0.000000E+0
1.019420E+5	-5.393215E+6	1.494000E+0	-4.023263E-18	5.325189E+16	-1.074222E-6	0.000000E+0	3.503503E-9	1.853519E-7	0.000000E+0	0.000000E+0	0.000000E+0
1.392882E+5	-5.448403E+6	1.544000E+0	-1.980656E+17	2.858813E+16	9.606447E-8	0.000000E+0	4.689128E-9	1.834201E-7	0.000000E+0	0.000000E+0	0.000000E+0
9.639175E+4	-5.422072E+6	1.595000E+0	-2.714796E-18	5.985466E+14	-1.825632E-6	0.000000E+0	3.277722E-9	1.843731E-7	0.000000E+0	0.000000E+0	0.000000E+0
1.245983E+5	-5.400295E+6	1.646000E+0	5.785012E-19	5.234687E+17	-1.704437E-6	0.000000E+0	4.270178E-9	1.850765E-7	0.000000E+0	0.000000E+0	0.000000E+0
4.308155E+4	-5.377909E+6	1.696000E+0	-2.373659E+17	1.295985E-19	-1.044864E-6	0.000000E+0	1.489486E-9	1.859339E-7	0.000000E+0	0.000000E+0	0.000000E+0
9.339795E+4	-5.365937E+6	1.747000E+0	-5.351627E-18	2.391872E+17	-1.434397E-6	0.000000E+0	3.242759E-9	1.863043E-7	0.000000E+0	0.000000E+0	0.000000E+0
1.092828E+5	-5.346271E+6	1.797000E+0	2.587907E+17	1.873793E-18	-2.640809E-7	0.000000E+0	3.821804E-9	1.869681E-7	0.000000E+0	0.000000E+0	0.000000E+0
1.074449E+5	-5.354396E+6	1.848000E+0	-3.127958E+17	-9.739241E-19	-6.536065E-7	0.000000E+0	3.746192E-9	1.866873E-7	0.000000E+0	0.000000E+0	0.000000E+0
8.597092E+4	-5.380063E+6	1.899000E+0	6.653843E-18	-4.395667E+17	-1.553868E-6	0.000000E+0	2.969381E-9	1.858240E-7	0.000000E+0	0.000000E+0	0.000000E+0
1.073318E+5	-5.340838E+6	1.949000E+0	-1.571544E-18	-4.190346E+17	1.271619E-7	0.000000E+0	3.761268E-9	1.871609E-7	0.000000E+0	0.000000E+0	0.000000E+0
1.320380E+5	-5.348563E+6	2.000000E+0	-9.275714E-19	-3.780201E-18	-2.623565E-7	0.000000E+0	4.612752E-9	1.868522E-7	0.000000E+0	0.000000E+0	0.000000E+0
