Real / Ohm	Ximag / Ohm	V_DC / V	I_a c / A	V_ac / V	I_DC / A
7.155223E+4	-3.796568E+6	2.000000E+0	-9.275714E-19	-3.780201E-18	-4.348156E-6	1.000000E+3	4.962341E-9	2.633023E-7	0.000000E+0	0.000000E+0	0.000000E+0
8.441209E+4	-3.793065E+6	1.949000E+0	-1.571544E-18	-4.190346E+17	-3.835521E-7	0.000000E+0	5.864204E-9	2.635085E-7	0.000000E+0	0.000000E+0	0.000000E+0
9.587188E+4	-3.841334E+6	1.899000E+0	6.653843E-18	-4.395667E+17	-1.043154E-6	0.000000E+0	6.493168E-9	2.601642E-7	0.000000E+0	0.000000E+0	0.000000E+0
7.273070E+4	-3.820797E+6	1.848000E+0	-3.127958E+17	-9.739241E-19	-1.675064E-6	0.000000E+0	4.980266E-9	2.616307E-7	0.000000E+0	0.000000E+0	0.000000E+0
6.876308E+4	-3.820698E+6	1.797000E+0	2.587907E+17	1.873793E-18	-2.817709E-6	0.000000E+0	4.709006E-9	2.616475E-7	0.000000E+0	0.000000E+0	0.000000E+0
9.351300E+4	-3.865660E+6	1.747000E+0	-5.351627E-18	2.391872E+17	-2.455854E-6	0.000000E+0	6.254183E-9	2.585367E-7	0.000000E+0	0.000000E+0	0.000000E+0
9.344302E+4	-3.866080E+6	1.696000E+0	-2.373659E+17	1.295985E-19	-2.577035E-6	0.000000E+0	6.248152E-9	2.585089E-7	0.000000E+0	0.000000E+0	0.000000E+0
9.241717E+4	-3.910252E+6	1.646000E+0	5.785012E-19	5.234687E+17	3.384484E-7	0.000000E+0	6.040886E-9	2.555952E-7	0.000000E+0	0.000000E+0	0.000000E+0
8.266256E+4	-3.934753E+6	1.595000E+0	-2.714796E-18	5.985466E+14	-2.934612E-7	0.000000E+0	5.336816E-9	2.540334E-7	0.000000E+0	0.000000E+0	0.000000E+0
7.275083E+4	-3.960274E+6	1.544000E+0	-1.980656E+17	2.858813E+16	-2.968278E-6	0.000000E+0	4.637041E-9	2.524226E-7	0.000000E+0	0.000000E+0	0.000000E+0
7.429123E+4	-3.970830E+6	1.494000E+0	-4.023263E-18	5.325189E+16	-3.117137E-6	0.000000E+0	4.710022E-9	2.517484E-7	0.000000E+0	0.000000E+0	0.000000E+0
7.203861E+4	-3.965319E+6	1.443000E+0	2.579781E+17	4.568510E-19	-1.706154E-6	0.000000E+0	4.580003E-9	2.521033E-7	0.000000E+0	0.000000E+0	0.000000E+0
9.074994E+4	-4.034405E+6	1.392000E+0	5.241928E+17	2.782928E-18	-1.316628E-6	0.000000E+0	5.572726E-9	2.477427E-7	0.000000E+0	0.000000E+0	0.000000E+0
5.892600E+4	-4.053231E+6	1.342000E+0	-2.658310E+17	-5.132058E+17	-1.976201E-6	0.000000E+0	3.586018E-9	2.466646E-7	0.000000E+0	0.000000E+0	0.000000E+0
7.731939E+4	-4.083423E+6	1.291000E+0	1.676928E-18	4.035830E-18	1.477667E-6	0.000000E+0	4.635366E-9	2.448048E-7	0.000000E+0	0.000000E+0	0.000000E+0
7.543219E+4	-4.106385E+6	1.241000E+0	4.020179E+17	1.832659E+17	-1.224791E-6	0.000000E+0	4.471887E-9	2.434410E-7	0.000000E+0	0.000000E+0	0.000000E+0
4.403513E+4	-4.177635E+6	1.190000E+0	9.225665E+16	1.907244E+17	-2.367444E-6	0.000000E+0	2.522842E-9	2.393433E-7	0.000000E+0	0.000000E+0	0.000000E+0
8.102283E+4	-4.195883E+6	1.139000E+0	-4.075705E-18	1.659667E-18	-1.977911E-6	0.000000E+0	4.600434E-9	2.382400E-7	0.000000E+0	0.000000E+0	0.000000E+0
6.196080E+4	-4.226366E+6	1.089000E+0	5.364300E+17	-2.871878E+17	-1.616056E-6	0.000000E+0	3.468083E-9	2.365590E-7	0.000000E+0	0.000000E+0	0.000000E+0
3.781978E+4	-4.284046E+6	1.038000E+0	4.333500E+17	8.421242E+16	1.327098E-6	0.000000E+0	2.060520E-9	2.334060E-7	0.000000E+0	0.000000E+0	0.000000E+0
7.063963E+4	-4.312906E+6	9.870000E-1	7.433461E+16	-3.421240E+17	-2.879868E-6	0.000000E+0	3.796575E-9	2.318000E-7	0.000000E+0	0.000000E+0	0.000000E+0
7.038153E+4	-4.357640E+6	9.370000E-1	-2.820974E+17	-3.573550E+17	-3.028752E-6	0.000000E+0	3.705465E-9	2.294222E-7	0.000000E+0	0.000000E+0	0.000000E+0
7.409711E+4	-4.412303E+6	8.860000E-1	4.674714E-18	-5.707470E+17	-5.963157E-7	0.000000E+0	3.804943E-9	2.265751E-7	0.000000E+0	0.000000E+0	0.000000E+0
4.076865E+4	-4.467604E+6	8.350000E-1	-2.314515E+17	1.796536E+17	-2.249675E-6	0.000000E+0	2.042400E-9	2.238150E-7	0.000000E+0	0.000000E+0	0.000000E+0
7.442088E+4	-4.506871E+6	7.850000E-1	-1.554615E+17	1.089529E+17	-8.663628E-7	0.000000E+0	3.662909E-9	2.218229E-7	0.000000E+0	0.000000E+0	0.000000E+0
2.368667E+4	-4.596621E+6	7.340000E-1	2.547933E-18	-2.672116E+16	-2.519726E-6	0.000000E+0	1.121024E-9	2.175453E-7	0.000000E+0	0.000000E+0	0.000000E+0
5.722099E+4	-4.624812E+6	6.840000E-1	-6.904434E-18	-8.375564E+16	-1.149529E-7	0.000000E+0	2.674858E-9	2.161919E-7	0.000000E+0	0.000000E+0	0.000000E+0
6.828103E+4	-4.668705E+6	6.330000E-1	-4.524462E+17	2.055148E+17	7.852832E-7	0.000000E+0	3.131946E-9	2.141464E-7	0.000000E+0	0.000000E+0	0.000000E+0
3.594227E+4	-4.760080E+6	5.820000E-1	-7.975154E-19	6.323277E-18	-3.573332E-7	0.000000E+0	1.586179E-9	2.100685E-7	0.000000E+0	0.000000E+0	0.000000E+0
5.344493E+4	-4.831383E+6	5.320000E-1	4.707193E+17	-3.632098E-18	-5.062175E-7	0.000000E+0	2.289341E-9	2.069547E-7	0.000000E+0	0.000000E+0	0.000000E+0
3.510445E+4	-4.862243E+6	4.810000E-1	1.388541E-18	6.784133E-18	3.940459E-7	0.000000E+0	1.484794E-9	2.056557E-7	0.000000E+0	0.000000E+0	0.000000E+0
1.213544E+4	-4.926633E+6	4.300000E-1	4.766215E-20	4.558806E+17	2.728557E-7	0.000000E+0	4.999798E-10	2.029772E-7	0.000000E+0	0.000000E+0	0.000000E+0
4.538007E+4	-4.937502E+6	3.800000E-1	-3.851510E-18	-6.440443E-18	-8.974584E-7	0.000000E+0	1.861289E-9	2.025145E-7	0.000000E+0	0.000000E+0	0.000000E+0
2.308593E+4	-5.071921E+6	3.290000E-1	-4.136209E+17	4.857998E-18	1.024266E-6	0.000000E+0	8.974152E-10	1.971599E-7	0.000000E+0	0.000000E+0	0.000000E+0
3.369913E+4	-5.143640E+6	2.780000E-1	4.155990E+17	-1.817843E+17	-1.183816E-7	0.000000E+0	1.273676E-9	1.944065E-7	0.000000E+0	0.000000E+0	0.000000E+0
4.567586E+4	-5.224690E+6	2.280000E-1	-3.194760E-18	5.558819E-18	3.307818E-6	0.000000E+0	1.673141E-9	1.913843E-7	0.000000E+0	0.000000E+0	0.000000E+0
3.371752E+4	-5.289596E+6	1.770000E-1	-3.021231E-18	1.735786E-18	1.654456E-6	0.000000E+0	1.205016E-9	1.890427E-7	0.000000E+0	0.000000E+0	0.000000E+0
5.352352E+4	-5.382260E+6	1.270000E-1	4.697582E+17	-5.230656E+17	-3.090914E-6	0.000000E+0	1.847449E-9	1.857772E-7	0.000000E+0	0.000000E+0	0.000000E+0
3.625291E+4	-5.440156E+6	7.600000E-2	-4.715212E+17	-5.436513E+17	2.916579E-6	0.000000E+0	1.224901E-9	1.838101E-7	0.000000E+0	0.000000E+0	0.000000E+0
3.797919E+4	-5.540999E+6	2.500000E-2	-3.093320E+17	4.406614E-18	7.525039E-7	0.000000E+0	1.236941E-9	1.804644E-7	0.000000E+0	0.000000E+0	0.000000E+0
2.147984E+4	-5.692223E+6	-2.500000E-2	-9.427576E-19	-9.426377E-19	-1.949981E-6	0.000000E+0	6.629199E-10	1.756758E-7	0.000000E+0	0.000000E+0	0.000000E+0
3.788545E+4	-5.719271E+6	-7.600000E-2	-4.717429E+17	-4.928282E+17	1.503885E-6	0.000000E+0	1.158169E-9	1.748398E-7	0.000000E+0	0.000000E+0	0.000000E+0
5.442066E+4	-5.888708E+6	-1.270000E-1	-2.949171E+17	-4.956124E-18	8.719799E-7	0.000000E+0	1.569230E-9	1.698020E-7	0.000000E+0	0.000000E+0	0.000000E+0
4.325055E+4	-6.051197E+6	-1.770000E-1	-1.478400E+17	2.700591E+17	7.231229E-7	0.000000E+0	1.181101E-9	1.652481E-7	0.000000E+0	0.000000E+0	0.000000E+0
1.119915E+5	-6.192221E+6	-2.280000E-1	-2.816971E+17	1.903750E-18	6.019327E-7	0.000000E+0	2.919780E-9	1.614401E-7	0.000000E+0	0.000000E+0	0.000000E+0
3.814624E+4	-6.429113E+6	-2.780000E-1	-1.696221E+17	-6.410774E-19	1.985247E-6	0.000000E+0	9.228568E-10	1.555370E-7	0.000000E+0	0.000000E+0	0.000000E+0
2.740678E+4	-6.650475E+6	-3.290000E-1	6.303170E-18	-1.599031E-19	-1.788576E-7	0.000000E+0	6.196484E-10	1.503626E-7	0.000000E+0	0.000000E+0	0.000000E+0
1.120043E+5	-6.843764E+6	-3.800000E-1	-5.761072E+17	-4.172230E+17	1.232123E-6	0.000000E+0	2.390718E-9	1.460793E-7	0.000000E+0	0.000000E+0	0.000000E+0
1.482059E+5	-7.207326E+6	-4.300000E-1	-5.506670E-18	3.318154E+17	-4.489048E-7	0.000000E+0	2.851895E-9	1.386891E-7	0.000000E+0	0.000000E+0	0.000000E+0
2.600153E+5	-7.496063E+6	-4.810000E-1	4.410889E+17	3.939340E-18	-5.938091E-8	0.000000E+0	4.621790E-9	1.332430E-7	0.000000E+0	0.000000E+0	0.000000E+0
2.202317E+5	-7.854209E+6	-5.320000E-1	2.010006E+17	1.860550E+17	-1.712746E-6	0.000000E+0	3.567250E-9	1.272202E-7	0.000000E+0	0.000000E+0	0.000000E+0
3.231234E+5	-8.273334E+6	-5.820000E-1	-4.775830E-18	6.138991E-18	1.202741E-6	0.000000E+0	4.713520E-9	1.206862E-7	0.000000E+0	0.000000E+0	0.000000E+0
2.677805E+5	-8.872750E+6	-6.330000E-1	-1.827512E-18	1.580559E+17	-9.613323E-7	0.000000E+0	3.398342E-9	1.126021E-7	0.000000E+0	0.000000E+0	0.000000E+0
5.274000E+5	-9.748062E+6	-6.840000E-1	-7.964855E+16	-3.372652E-18	-1.593267E-6	0.000000E+0	5.533937E-9	1.022851E-7	0.000000E+0	0.000000E+0	0.000000E+0
6.537936E+5	-1.089671E+7	-7.340000E-1	2.088264E+17	-2.196584E+17	-7.206654E-7	0.000000E+0	5.486423E-9	9.144164E-8	0.000000E+0	0.000000E+0	0.000000E+0
1.226526E+6	-1.225950E+7	-7.850000E-1	-5.319197E+16	-3.553127E+17	1.201028E-6	0.000000E+0	8.079897E-9	8.076103E-8	0.000000E+0	0.000000E+0	0.000000E+0
1.516436E+6	-1.395701E+7	-8.350000E-1	-1.183523E-18	-5.342346E-18	1.052169E-6	0.000000E+0	7.693829E-9	7.081265E-8	0.000000E+0	0.000000E+0	0.000000E+0
3.034552E+6	-1.614828E+7	-8.860000E-1	-5.203440E-18	3.830367E-18	-6.011905E-7	0.000000E+0	1.124010E-8	5.981388E-8	0.000000E+0	0.000000E+0	0.000000E+0
4.704811E+6	-1.918878E+7	-9.370000E-1	2.540081E-19	-1.518024E+17	8.097886E-7	0.000000E+0	1.205297E-8	4.915857E-8	0.000000E+0	0.000000E+0	0.000000E+0
6.829619E+6	-2.274429E+7	-9.870000E-1	1.311717E+15	5.157902E-18	-1.381952E-6	0.000000E+0	1.211040E-8	4.033059E-8	0.000000E+0	0.000000E+0	0.000000E+0
8.468026E+6	-3.011348E+7	-1.038000E+0	-1.006173E-18	-5.687810E-18	4.114794E-6	0.000000E+0	8.653831E-9	3.077423E-8	0.000000E+0	0.000000E+0	0.000000E+0
6.087143E+6	-3.626717E+7	-1.089000E+0	-6.256276E-18	1.398985E+17	-9.216456E-8	0.000000E+0	4.501123E-9	2.681767E-8	0.000000E+0	0.000000E+0	0.000000E+0
5.991359E+6	-4.054957E+7	-1.139000E+0	2.698511E+17	-3.360764E+17	7.804047E-7	0.000000E+0	3.565937E-9	2.413429E-8	0.000000E+0	0.000000E+0	0.000000E+0
2.279780E+6	-5.051952E+7	-1.190000E+0	-4.014473E-19	-2.240669E+17	1.169938E-6	0.000000E+0	8.914377E-10	1.975410E-8	0.000000E+0	0.000000E+0	0.000000E+0
2.012291E+6	-4.935623E+7	-1.241000E+0	8.607197E+16	4.249670E-18	2.725574E-8	0.000000E+0	8.246801E-10	2.022724E-8	0.000000E+0	0.000000E+0	0.000000E+0
3.922141E+6	-5.324182E+7	-1.291000E+0	2.127762E-18	3.293656E+15	1.921340E-6	0.000000E+0	1.376154E-9	1.868085E-8	0.000000E+0	0.000000E+0	0.000000E+0
3.305134E+6	-5.563406E+7	-1.342000E+0	-4.960950E+17	8.277014E+16	7.786948E-7	0.000000E+0	1.064088E-9	1.791138E-8	0.000000E+0	0.000000E+0	0.000000E+0
8.177534E+6	-6.144898E+7	-1.392000E+0	-6.504745E+16	2.346692E+17	2.672721E-6	0.000000E+0	2.127987E-9	1.599047E-8	0.000000E+0	0.000000E+0	0.000000E+0
2.587290E+6	-6.146957E+7	-1.443000E+0	5.291893E-18	5.135446E+17	1.019362E-6	0.000000E+0	6.835276E-10	1.623944E-8	0.000000E+0	0.000000E+0	0.000000E+0
3.213399E+6	-7.265126E+7	-1.494000E+0	-2.052875E-18	3.493290E-18	8.981442E-7	0.000000E+0	6.076165E-10	1.373751E-8	0.000000E+0	0.000000E+0	0.000000E+0
8.567288E+6	-7.278581E+7	-1.544000E+0	2.907620E+17	-1.496570E-18	-2.721717E-7	0.000000E+0	1.595050E-9	1.355120E-8	0.000000E+0	0.000000E+0	0.000000E+0
7.478722E+6	-6.879098E+7	-1.595000E+0	4.284782E-18	4.664211E-18	1.173830E-7	0.000000E+0	1.561930E-9	1.436698E-8	0.000000E+0	0.000000E+0	0.000000E+0
1.410871E+7	-7.499630E+7	-1.646000E+0	6.288344E-18	-3.929323E-18	1.017645E-6	0.000000E+0	2.422720E-9	1.287822E-8	0.000000E+0	0.000000E+0	0.000000E+0
-1.030714E+6	-7.344912E+7	-1.696000E+0	8.250878E-19	3.410070E-18	1.379471E-6	0.000000E+0	-1.910203E-10	1.361219E-8	0.000000E+0	0.000000E+0	0.000000E+0
1.267335E+7	-7.535811E+7	-1.747000E+0	4.553607E+17	-2.686618E+17	2.368906E-7	0.000000E+0	2.170295E-9	1.290498E-8	0.000000E+0	0.000000E+0	0.000000E+0
2.555424E+6	-7.519939E+7	-1.797000E+0	2.517955E+17	3.793721E+16	-9.334253E-7	0.000000E+0	4.513704E-10	1.328264E-8	0.000000E+0	0.000000E+0	0.000000E+0
5.184078E+6	-6.916958E+7	-1.848000E+0	-6.627991E-18	5.175899E+17	3.031186E-6	0.000000E+0	1.077478E-9	1.437647E-8	0.000000E+0	0.000000E+0	0.000000E+0
1.213135E+6	-7.305760E+7	-1.899000E+0	-5.704680E+17	6.512875E+16	-6.650953E-7	0.000000E+0	2.272263E-10	1.368406E-8	0.000000E+0	0.000000E+0	0.000000E+0
1.110936E+7	-7.767763E+7	-1.949000E+0	-4.691026E+17	6.906363E-18	3.271845E-6	0.000000E+0	1.804278E-9	1.261567E-8	0.000000E+0	0.000000E+0	0.000000E+0
8.689388E+6	-8.192891E+7	-2.000000E+0	-3.567381E+17	-4.286482E-18	8.627831E-8	0.000000E+0	1.280138E-9	1.206993E-8	0.000000E+0	0.000000E+0	0.000000E+0
