Real / Ohm	Ximag / Ohm	V_DC / V	I_a c / A	V_ac / V	I_DC / A
6.070645E+1	-6.166797E+2	3.000000E+0	-9.275714E-19	-3.780201E-18	2.204091E-6	1.000000E+7	1.580983E-4	1.606024E-3	0.000000E+0	0.000000E+0	0.000000E+0
5.384808E+1	-6.188463E+2	2.924000E+0	-1.571544E-18	-4.190346E+17	-1.311244E-6	0.000000E+0	1.395497E-4	1.603767E-3	0.000000E+0	0.000000E+0	0.000000E+0
5.675833E+1	-6.204762E+2	2.848000E+0	6.653843E-18	-4.395667E+17	-2.783694E-6	0.000000E+0	1.462044E-4	1.598291E-3	0.000000E+0	0.000000E+0	0.000000E+0
5.871338E+1	-6.229393E+2	2.772000E+0	-3.127958E+17	-9.739241E-19	3.403984E-7	0.000000E+0	1.499701E-4	1.591158E-3	0.000000E+0	0.000000E+0	0.000000E+0
5.923828E+1	-6.255225E+2	2.696000E+0	2.587907E+17	1.873793E-18	-2.664194E-6	0.000000E+0	1.500510E-4	1.584453E-3	0.000000E+0	0.000000E+0	0.000000E+0
6.048499E+1	-6.286188E+2	2.620000E+0	-5.351627E-18	2.391872E+17	-5.615439E-7	0.000000E+0	1.516599E-4	1.576197E-3	0.000000E+0	0.000000E+0	0.000000E+0
5.905045E+1	-6.329695E+2	2.544000E+0	-2.373659E+17	1.295985E-19	-2.033994E-6	0.000000E+0	1.461148E-4	1.566224E-3	0.000000E+0	0.000000E+0	0.000000E+0
6.305066E+1	-6.349849E+2	2.468000E+0	5.785012E-19	5.234687E+17	-1.974244E-6	0.000000E+0	1.548467E-4	1.559465E-3	0.000000E+0	0.000000E+0	0.000000E+0
6.078925E+1	-6.380607E+2	2.392000E+0	-2.714796E-18	5.985466E+14	-2.935936E-6	0.000000E+0	1.479717E-4	1.553151E-3	0.000000E+0	0.000000E+0	0.000000E+0
5.997650E+1	-6.414270E+2	2.316000E+0	-1.980656E+17	2.858813E+16	-1.344059E-6	0.000000E+0	1.445127E-4	1.545511E-3	0.000000E+0	0.000000E+0	0.000000E+0
6.092407E+1	-6.449590E+2	2.241000E+0	-4.023263E-18	5.325189E+16	-2.333414E-6	0.000000E+0	1.451666E-4	1.536773E-3	0.000000E+0	0.000000E+0	0.000000E+0
6.147034E+1	-6.489468E+2	2.165000E+0	2.579781E+17	4.568510E-19	-2.784422E-6	0.000000E+0	1.446665E-4	1.527255E-3	0.000000E+0	0.000000E+0	0.000000E+0
4.643274E+1	-6.527296E+2	2.089000E+0	5.241928E+17	2.782928E-18	-1.192486E-6	0.000000E+0	1.084340E-4	1.524314E-3	0.000000E+0	0.000000E+0	0.000000E+0
5.792426E+1	-6.565730E+2	2.013000E+0	-2.658310E+17	-5.132058E+17	-4.707821E-6	0.000000E+0	1.333298E-4	1.511297E-3	0.000000E+0	0.000000E+0	0.000000E+0
5.498294E+1	-6.608135E+2	1.937000E+0	1.676928E-18	4.035830E-18	-3.115907E-6	0.000000E+0	1.250472E-4	1.502882E-3	0.000000E+0	0.000000E+0	0.000000E+0
5.837430E+1	-6.653033E+2	1.861000E+0	4.020179E+17	1.832659E+17	-2.034722E-6	0.000000E+0	1.308735E-4	1.491591E-3	0.000000E+0	0.000000E+0	0.000000E+0
5.182523E+1	-6.700928E+2	1.785000E+0	9.225665E+16	1.907244E+17	-4.017878E-6	0.000000E+0	1.147311E-4	1.483457E-3	0.000000E+0	0.000000E+0	0.000000E+0
5.842545E+1	-6.746566E+2	1.709000E+0	-4.075705E-18	1.659667E-18	-2.425957E-6	0.000000E+0	1.274065E-4	1.471202E-3	0.000000E+0	0.000000E+0	0.000000E+0
6.089532E+1	-6.798405E+2	1.633000E+0	5.364300E+17	-2.871878E+17	1.873923E-7	0.000000E+0	1.307071E-4	1.459225E-3	0.000000E+0	0.000000E+0	0.000000E+0
5.938980E+1	-6.850236E+2	1.557000E+0	4.333500E+17	8.421242E+16	-2.635934E-7	0.000000E+0	1.256171E-4	1.448913E-3	0.000000E+0	0.000000E+0	0.000000E+0
5.747446E+1	-6.903887E+2	1.481000E+0	7.433461E+16	-3.421240E+17	-2.038432E-7	0.000000E+0	1.197535E-4	1.438490E-3	0.000000E+0	0.000000E+0	0.000000E+0
5.913327E+1	-6.961113E+2	1.405000E+0	-2.820974E+17	-3.573550E+17	-6.548362E-7	0.000000E+0	1.211579E-4	1.426260E-3	0.000000E+0	0.000000E+0	0.000000E+0
5.890274E+1	-7.022898E+2	1.329000E+0	4.674714E-18	-5.707470E+17	-3.659428E-6	0.000000E+0	1.185928E-4	1.413967E-3	0.000000E+0	0.000000E+0	0.000000E+0
4.543307E+1	-7.085272E+2	1.253000E+0	-2.314515E+17	1.796536E+17	-1.556786E-6	0.000000E+0	9.013158E-5	1.405599E-3	0.000000E+0	0.000000E+0	0.000000E+0
5.548007E+1	-7.147645E+2	1.177000E+0	-1.554615E+17	1.089529E+17	-4.756075E-7	0.000000E+0	1.079450E-4	1.390684E-3	0.000000E+0	0.000000E+0	0.000000E+0
5.506741E+1	-7.219718E+2	1.101000E+0	2.547933E-18	-2.672116E+16	-9.265932E-7	0.000000E+0	1.050352E-4	1.377084E-3	0.000000E+0	0.000000E+0	0.000000E+0
5.501093E+1	-7.294904E+2	1.025000E+0	-6.904434E-18	-8.375564E+16	-8.668430E-7	0.000000E+0	1.027891E-4	1.363069E-3	0.000000E+0	0.000000E+0	0.000000E+0
5.345389E+1	-7.374044E+2	9.490000E-1	-4.524462E+17	2.055148E+17	-2.850007E-6	0.000000E+0	9.778939E-5	1.349019E-3	0.000000E+0	0.000000E+0	0.000000E+0
5.657803E+1	-7.465394E+2	8.730000E-1	-7.975154E-19	6.323277E-18	-7.473682E-7	0.000000E+0	1.009381E-4	1.331864E-3	0.000000E+0	0.000000E+0	0.000000E+0
5.933411E+1	-7.558191E+2	7.970000E-1	4.707193E+17	-3.632098E-18	-1.198357E-6	0.000000E+0	1.032287E-4	1.314964E-3	0.000000E+0	0.000000E+0	0.000000E+0
5.677194E+1	-7.653547E+2	7.220000E-1	1.388541E-18	6.784133E-18	3.658970E-7	0.000000E+0	9.638849E-5	1.299434E-3	0.000000E+0	0.000000E+0	0.000000E+0
5.645276E+1	-7.764060E+2	6.460000E-1	4.766215E-20	4.558806E+17	-1.106549E-6	0.000000E+0	9.315742E-5	1.281212E-3	0.000000E+0	0.000000E+0	0.000000E+0
5.792371E+1	-7.883926E+2	5.700000E-1	-3.851510E-18	-6.440443E-18	-1.046796E-6	0.000000E+0	9.269009E-5	1.261594E-3	0.000000E+0	0.000000E+0	0.000000E+0
5.739053E+1	-8.024238E+2	4.940000E-1	-4.136209E+17	4.857998E-18	-9.870728E-7	0.000000E+0	8.867817E-5	1.239882E-3	0.000000E+0	0.000000E+0	0.000000E+0
4.490665E+1	-8.187578E+2	4.180000E-1	4.155990E+17	-1.817843E+17	1.115566E-6	0.000000E+0	6.678751E-5	1.217699E-3	0.000000E+0	0.000000E+0	0.000000E+0
5.617749E+1	-8.368717E+2	3.420000E-1	-3.194760E-18	5.558819E-18	1.538610E-7	0.000000E+0	7.985313E-5	1.189566E-3	0.000000E+0	0.000000E+0	0.000000E+0
5.667413E+1	-8.586855E+2	2.660000E-1	-3.021231E-18	1.735786E-18	2.136148E-7	0.000000E+0	7.652950E-5	1.159520E-3	0.000000E+0	0.000000E+0	0.000000E+0
5.763098E+1	-8.839365E+2	1.900000E-1	4.697582E+17	-5.230656E+17	-2.280262E-6	0.000000E+0	7.344660E-5	1.126514E-3	0.000000E+0	0.000000E+0	0.000000E+0
5.668970E+1	-9.124280E+2	1.140000E-1	-4.715212E+17	-5.436513E+17	3.330897E-7	0.000000E+0	6.783186E-5	1.091762E-3	0.000000E+0	0.000000E+0	0.000000E+0
5.992188E+1	-9.473038E+2	3.800000E-2	-3.093320E+17	4.406614E-18	-6.286148E-7	0.000000E+0	6.650781E-5	1.051421E-3	0.000000E+0	0.000000E+0	0.000000E+0
6.422748E+1	-9.898788E+2	-3.800000E-2	-9.427576E-19	-9.426377E-19	4.525657E-7	0.000000E+0	6.527281E-5	1.005990E-3	0.000000E+0	0.000000E+0	0.000000E+0
6.503754E+1	-1.044205E+3	-1.140000E-1	-4.717429E+17	-4.928282E+17	1.575245E-9	0.000000E+0	5.941705E-5	9.539656E-4	0.000000E+0	0.000000E+0	0.000000E+0
7.168433E+1	-1.122086E+3	-1.900000E-1	-2.949171E+17	-4.956124E-18	-1.470843E-6	0.000000E+0	5.670261E-5	8.875748E-4	0.000000E+0	0.000000E+0	0.000000E+0
8.776587E+1	-1.240101E+3	-2.660000E-1	-1.478400E+17	2.700591E+17	-3.896639E-7	0.000000E+0	5.678605E-5	8.023670E-4	0.000000E+0	0.000000E+0	0.000000E+0
1.360897E+2	-1.439083E+3	-3.420000E-1	-2.816971E+17	1.903750E-18	-3.299101E-7	0.000000E+0	6.513088E-5	6.887277E-4	0.000000E+0	0.000000E+0	0.000000E+0
2.275161E+2	-1.736384E+3	-4.180000E-1	-1.696221E+17	-6.410774E-19	1.261984E-6	0.000000E+0	7.418698E-5	5.661889E-4	0.000000E+0	0.000000E+0	0.000000E+0
2.563160E+2	-2.431555E+3	-4.940000E-1	6.303170E-18	-1.599031E-19	2.343195E-6	0.000000E+0	4.287542E-5	4.067399E-4	0.000000E+0	0.000000E+0	0.000000E+0
2.618999E+2	-3.866495E+3	-5.700000E-1	-5.761072E+17	-4.172230E+17	3.600326E-7	0.000000E+0	1.743863E-5	2.574510E-4	0.000000E+0	0.000000E+0	0.000000E+0
3.446875E+2	-5.598488E+3	-6.460000E-1	-5.506670E-18	3.318154E+17	1.951928E-6	0.000000E+0	1.095572E-5	1.779451E-4	0.000000E+0	0.000000E+0	0.000000E+0
5.321641E+2	-6.742195E+3	-7.220000E-1	4.410889E+17	3.939340E-18	3.543853E-6	0.000000E+0	1.163445E-5	1.474013E-4	0.000000E+0	0.000000E+0	0.000000E+0
6.760557E+2	-7.629396E+3	-7.970000E-1	2.010006E+17	1.860550E+17	1.022308E-6	0.000000E+0	1.152406E-5	1.300508E-4	0.000000E+0	0.000000E+0	0.000000E+0
6.736475E+2	-8.443260E+3	-8.730000E-1	-4.775830E-18	6.138991E-18	1.592776E-6	0.000000E+0	9.389805E-6	1.176885E-4	0.000000E+0	0.000000E+0	0.000000E+0
6.532598E+2	-9.177357E+3	-9.490000E-1	-1.827512E-18	1.580559E+17	2.163244E-6	0.000000E+0	7.717129E-6	1.084145E-4	0.000000E+0	0.000000E+0	0.000000E+0
6.416333E+2	-9.820930E+3	-1.025000E+0	-7.964855E+16	-3.372652E-18	-8.413772E-7	0.000000E+0	6.624176E-6	1.013906E-4	0.000000E+0	0.000000E+0	0.000000E+0
6.358628E+2	-1.039985E+4	-1.101000E+0	2.088264E+17	-2.196584E+17	7.505441E-7	0.000000E+0	5.857183E-6	9.579712E-5	0.000000E+0	0.000000E+0	0.000000E+0
6.376216E+2	-1.092894E+4	-1.177000E+0	-5.319197E+16	-3.553127E+17	2.995585E-7	0.000000E+0	5.320239E-6	9.118979E-5	0.000000E+0	0.000000E+0	0.000000E+0
6.132686E+2	-1.141254E+4	-1.253000E+0	-1.183523E-18	-5.342346E-18	8.700226E-7	0.000000E+0	4.694981E-6	8.737062E-5	0.000000E+0	0.000000E+0	0.000000E+0
6.044707E+2	-1.186026E+4	-1.329000E+0	-5.203440E-18	3.830367E-18	2.972665E-6	0.000000E+0	4.286079E-6	8.409674E-5	0.000000E+0	0.000000E+0	0.000000E+0
6.189297E+2	-1.226675E+4	-1.405000E+0	2.540081E-19	-1.518024E+17	9.894720E-7	0.000000E+0	4.102779E-6	8.131418E-5	0.000000E+0	0.000000E+0	0.000000E+0
6.211709E+2	-1.262650E+4	-1.481000E+0	1.311717E+15	5.157902E-18	-4.829490E-7	0.000000E+0	3.886828E-6	7.900730E-5	0.000000E+0	0.000000E+0	0.000000E+0
6.056558E+2	-1.296614E+4	-1.557000E+0	-1.006173E-18	-5.687810E-18	1.108972E-6	0.000000E+0	3.594661E-6	7.695605E-5	0.000000E+0	0.000000E+0	0.000000E+0
6.199121E+2	-1.324347E+4	-1.633000E+0	-6.256276E-18	1.398985E+17	-3.634996E-7	0.000000E+0	3.526761E-6	7.534383E-5	0.000000E+0	0.000000E+0	0.000000E+0
6.227163E+2	-1.347733E+4	-1.709000E+0	2.698511E+17	-3.360764E+17	2.760622E-6	0.000000E+0	3.421026E-6	7.404061E-5	0.000000E+0	0.000000E+0	0.000000E+0
6.061255E+2	-1.367605E+4	-1.785000E+0	-4.014473E-19	-2.240669E+17	4.352543E-6	0.000000E+0	3.234364E-6	7.297718E-5	0.000000E+0	0.000000E+0	0.000000E+0
6.138013E+2	-1.381253E+4	-1.861000E+0	8.607197E+16	4.249670E-18	1.858643E-6	0.000000E+0	3.210884E-6	7.225535E-5	0.000000E+0	0.000000E+0	0.000000E+0
6.206914E+2	-1.391974E+4	-1.937000E+0	2.127762E-18	3.293656E+15	1.407658E-6	0.000000E+0	3.197060E-6	7.169786E-5	0.000000E+0	0.000000E+0	0.000000E+0
6.142798E+2	-1.399037E+4	-2.013000E+0	-4.960950E+17	8.277014E+16	-6.477057E-8	0.000000E+0	3.132358E-6	7.134020E-5	0.000000E+0	0.000000E+0	0.000000E+0
6.191787E+2	-1.402416E+4	-2.089000E+0	-6.504745E+16	2.346692E+17	3.059293E-6	0.000000E+0	3.142075E-6	7.116679E-5	0.000000E+0	0.000000E+0	0.000000E+0
6.037231E+2	-1.405910E+4	-2.165000E+0	5.291893E-18	5.135446E+17	2.097600E-6	0.000000E+0	3.048756E-6	7.099739E-5	0.000000E+0	0.000000E+0	0.000000E+0
6.044819E+2	-1.406921E+4	-2.241000E+0	-2.052875E-18	3.493290E-18	3.689507E-6	0.000000E+0	3.048196E-6	7.094623E-5	0.000000E+0	0.000000E+0	0.000000E+0
5.998867E+2	-1.407460E+4	-2.316000E+0	2.907620E+17	-1.496570E-18	3.721580E-6	0.000000E+0	3.022796E-6	7.092114E-5	0.000000E+0	0.000000E+0	0.000000E+0
6.037471E+2	-1.404960E+4	-2.392000E+0	4.284782E-18	4.664211E-18	3.270572E-6	0.000000E+0	3.052994E-6	7.104521E-5	0.000000E+0	0.000000E+0	0.000000E+0
5.991436E+2	-1.404870E+4	-2.468000E+0	6.288344E-18	-3.929323E-18	1.287452E-6	0.000000E+0	3.030187E-6	7.105173E-5	0.000000E+0	0.000000E+0	0.000000E+0
6.163726E+2	-1.401486E+4	-2.544000E+0	8.250878E-19	3.410070E-18	1.857887E-6	0.000000E+0	3.132035E-6	7.121509E-5	0.000000E+0	0.000000E+0	0.000000E+0
6.291860E+2	-1.399212E+4	-2.620000E+0	4.553607E+17	-2.686618E+17	3.449808E-6	0.000000E+0	3.207264E-6	7.132458E-5	0.000000E+0	0.000000E+0	0.000000E+0
6.211011E+2	-1.397181E+4	-2.696000E+0	2.517955E+17	3.793721E+16	-5.762267E-7	0.000000E+0	3.175408E-6	7.143153E-5	0.000000E+0	0.000000E+0	0.000000E+0
6.146758E+2	-1.393163E+4	-2.772000E+0	-6.627991E-18	5.175899E+17	1.526409E-6	0.000000E+0	3.160805E-6	7.163965E-5	0.000000E+0	0.000000E+0	0.000000E+0
6.242524E+2	-1.390322E+4	-2.848000E+0	-5.704680E+17	6.512875E+16	1.075416E-6	0.000000E+0	3.222959E-6	7.178107E-5	0.000000E+0	0.000000E+0	0.000000E+0
6.017490E+2	-1.386385E+4	-2.924000E+0	-4.691026E+17	6.906363E-18	2.156623E-6	0.000000E+0	3.124858E-6	7.199440E-5	0.000000E+0	0.000000E+0	0.000000E+0
6.032520E+2	-1.383801E+4	-3.000000E+0	-3.567381E+17	-4.286482E-18	4.259258E-6	0.000000E+0	3.144321E-6	7.212765E-5	0.000000E+0	0.000000E+0	0.000000E+0
