Real / Ohm	Ximag / Ohm	V_DC / V	I_a c / A	V_ac / V	I_DC / A
1.395987E+4	-3.673019E+5	2.000000E+0	-9.275714E-19	-3.780201E-18	-1.794528E-6	1.000000E+4	1.033256E-7	2.718629E-6	0.000000E+0	0.000000E+0	0.000000E+0
1.485495E+4	-3.658896E+5	1.949000E+0	-1.571544E-18	-4.190346E+17	-2.937180E-6	0.000000E+0	1.107786E-7	2.728567E-6	0.000000E+0	0.000000E+0	0.000000E+0
1.562899E+4	-3.658566E+5	1.899000E+0	6.653843E-18	-4.395667E+17	-2.064582E-6	0.000000E+0	1.165513E-7	2.728332E-6	0.000000E+0	0.000000E+0	0.000000E+0
1.603494E+4	-3.668476E+5	1.848000E+0	-3.127958E+17	-9.739241E-19	-1.428925E-7	0.000000E+0	1.189233E-7	2.720729E-6	0.000000E+0	0.000000E+0	0.000000E+0
1.639720E+4	-3.689243E+5	1.797000E+0	2.587907E+17	1.873793E-18	-1.796252E-6	0.000000E+0	1.202370E-7	2.705239E-6	0.000000E+0	0.000000E+0	0.000000E+0
1.623298E+4	-3.715962E+5	1.747000E+0	-5.351627E-18	2.391872E+17	-9.236537E-7	0.000000E+0	1.173350E-7	2.685967E-6	0.000000E+0	0.000000E+0	0.000000E+0
1.655457E+4	-3.745514E+5	1.696000E+0	-2.373659E+17	1.295985E-19	-1.044864E-6	0.000000E+0	1.177735E-7	2.664655E-6	0.000000E+0	0.000000E+0	0.000000E+0
1.645099E+4	-3.777331E+5	1.646000E+0	5.785012E-19	5.234687E+17	-1.722656E-7	0.000000E+0	1.150798E-7	2.642360E-6	0.000000E+0	0.000000E+0	0.000000E+0
1.649177E+4	-3.812719E+5	1.595000E+0	-2.714796E-18	5.985466E+14	-2.934612E-7	0.000000E+0	1.132364E-7	2.617902E-6	0.000000E+0	0.000000E+0	0.000000E+0
1.683430E+4	-3.851696E+5	1.544000E+0	-1.980656E+17	2.858813E+16	-1.436107E-6	0.000000E+0	1.132563E-7	2.591309E-6	0.000000E+0	0.000000E+0	0.000000E+0
1.675446E+4	-3.891164E+5	1.494000E+0	-4.023263E-18	5.325189E+16	-5.635084E-7	0.000000E+0	1.104503E-7	2.565169E-6	0.000000E+0	0.000000E+0	0.000000E+0
1.703623E+4	-3.932681E+5	1.443000E+0	2.579781E+17	4.568510E-19	-2.216868E-6	0.000000E+0	1.099466E-7	2.538032E-6	0.000000E+0	0.000000E+0	0.000000E+0
1.681416E+4	-3.977971E+5	1.392000E+0	5.241928E+17	2.782928E-18	-2.848799E-6	0.000000E+0	1.060661E-7	2.509361E-6	0.000000E+0	0.000000E+0	0.000000E+0
1.677554E+4	-4.024123E+5	1.342000E+0	-2.658310E+17	-5.132058E+17	-4.440299E-7	0.000000E+0	1.034141E-7	2.480702E-6	0.000000E+0	0.000000E+0	0.000000E+0
1.669575E+4	-4.072951E+5	1.291000E+0	1.676928E-18	4.035830E-18	-3.629561E-6	0.000000E+0	1.004751E-7	2.451104E-6	0.000000E+0	0.000000E+0	0.000000E+0
1.642849E+4	-4.122229E+5	1.241000E+0	4.020179E+17	1.832659E+17	-1.735534E-6	0.000000E+0	9.652597E-8	2.422025E-6	0.000000E+0	0.000000E+0	0.000000E+0
1.622318E+4	-4.179313E+5	1.190000E+0	9.225665E+16	1.907244E+17	1.861845E-7	0.000000E+0	9.274111E-8	2.389138E-6	0.000000E+0	0.000000E+0	0.000000E+0
1.641269E+4	-4.234896E+5	1.139000E+0	-4.075705E-18	1.659667E-18	-1.977911E-6	0.000000E+0	9.137817E-8	2.357792E-6	0.000000E+0	0.000000E+0	0.000000E+0
1.608065E+4	-4.293232E+5	1.089000E+0	5.364300E+17	-2.871878E+17	-2.637484E-6	0.000000E+0	8.712164E-8	2.325984E-6	0.000000E+0	0.000000E+0	0.000000E+0
1.588129E+4	-4.352629E+5	1.038000E+0	4.333500E+17	8.421242E+16	-2.247958E-6	0.000000E+0	8.371527E-8	2.294408E-6	0.000000E+0	0.000000E+0	0.000000E+0
1.570936E+4	-4.419617E+5	9.870000E-1	7.433461E+16	-3.421240E+17	-3.901325E-6	0.000000E+0	8.032318E-8	2.259784E-6	0.000000E+0	0.000000E+0	0.000000E+0
1.570568E+4	-4.483818E+5	9.370000E-1	-2.820974E+17	-3.573550E+17	-2.518009E-6	0.000000E+0	7.802401E-8	2.227509E-6	0.000000E+0	0.000000E+0	0.000000E+0
1.521262E+4	-4.552783E+5	8.860000E-1	4.674714E-18	-5.707470E+17	-2.639201E-6	0.000000E+0	7.331039E-8	2.194009E-6	0.000000E+0	0.000000E+0	0.000000E+0
1.484065E+4	-4.626246E+5	8.350000E-1	-2.314515E+17	1.796536E+17	-3.271132E-6	0.000000E+0	6.927057E-8	2.159358E-6	0.000000E+0	0.000000E+0	0.000000E+0
1.479573E+4	-4.704248E+5	7.850000E-1	-1.554615E+17	1.089529E+17	-1.377077E-6	0.000000E+0	6.679233E-8	2.123638E-6	0.000000E+0	0.000000E+0	0.000000E+0
1.450417E+4	-4.783427E+5	7.340000E-1	2.547933E-18	-2.672116E+16	3.390232E-8	0.000000E+0	6.333087E-8	2.088631E-6	0.000000E+0	0.000000E+0	0.000000E+0
1.398610E+4	-4.863986E+5	6.840000E-1	-6.904434E-18	-8.375564E+16	-1.136410E-6	0.000000E+0	5.906811E-8	2.054229E-6	0.000000E+0	0.000000E+0	0.000000E+0
1.361795E+4	-4.950900E+5	6.330000E-1	-4.524462E+17	2.055148E+17	-1.257602E-6	0.000000E+0	5.551559E-8	2.018308E-6	0.000000E+0	0.000000E+0	0.000000E+0
1.362820E+4	-5.042300E+5	5.820000E-1	-7.975154E-19	6.323277E-18	-2.400247E-6	0.000000E+0	5.356289E-8	1.981774E-6	0.000000E+0	0.000000E+0	0.000000E+0
1.301618E+4	-5.133803E+5	5.320000E-1	4.707193E+17	-3.632098E-18	4.525646E-9	0.000000E+0	4.935442E-8	1.946622E-6	0.000000E+0	0.000000E+0	0.000000E+0
1.285882E+4	-5.232091E+5	4.810000E-1	1.388541E-18	6.784133E-18	-6.274113E-7	0.000000E+0	4.694489E-8	1.910128E-6	0.000000E+0	0.000000E+0	0.000000E+0
1.250354E+4	-5.336660E+5	4.300000E-1	4.766215E-20	4.558806E+17	-1.259315E-6	0.000000E+0	4.387888E-8	1.872803E-6	0.000000E+0	0.000000E+0	0.000000E+0
1.255763E+4	-5.439684E+5	3.800000E-1	-3.851510E-18	-6.440443E-18	-1.918886E-6	0.000000E+0	4.241593E-8	1.837363E-6	0.000000E+0	0.000000E+0	0.000000E+0
1.183285E+4	-5.544245E+5	3.290000E-1	-4.136209E+17	4.857998E-18	1.024266E-6	0.000000E+0	3.847749E-8	1.802851E-6	0.000000E+0	0.000000E+0	0.000000E+0
1.231058E+4	-5.655721E+5	2.780000E-1	4.155990E+17	-1.817843E+17	3.923324E-7	0.000000E+0	3.846776E-8	1.767284E-6	0.000000E+0	0.000000E+0	0.000000E+0
1.211129E+4	-5.773081E+5	2.280000E-1	-3.194760E-18	5.558819E-18	7.541894E-7	0.000000E+0	3.632319E-8	1.731415E-6	0.000000E+0	0.000000E+0	0.000000E+0
1.222217E+4	-5.900845E+5	1.770000E-1	-3.021231E-18	1.735786E-18	-3.884288E-7	0.000000E+0	3.508598E-8	1.693946E-6	0.000000E+0	0.000000E+0	0.000000E+0
1.220190E+4	-6.031461E+5	1.270000E-1	4.697582E+17	-5.230656E+17	2.016313E-6	0.000000E+0	3.352777E-8	1.657295E-6	0.000000E+0	0.000000E+0	0.000000E+0
1.295265E+4	-6.173935E+5	7.600000E-2	-4.715212E+17	-5.436513E+17	1.384409E-6	0.000000E+0	3.396592E-8	1.619000E-6	0.000000E+0	0.000000E+0	0.000000E+0
1.365748E+4	-6.335729E+5	2.500000E-2	-3.093320E+17	4.406614E-18	1.263218E-6	0.000000E+0	3.400757E-8	1.577617E-6	0.000000E+0	0.000000E+0	0.000000E+0
1.408036E+4	-6.497255E+5	-2.500000E-2	-9.427576E-19	-9.426377E-19	-9.285532E-7	0.000000E+0	3.333880E-8	1.538389E-6	0.000000E+0	0.000000E+0	0.000000E+0
1.488083E+4	-6.680834E+5	-7.600000E-2	-4.717429E+17	-4.928282E+17	-5.390007E-7	0.000000E+0	3.332348E-8	1.496077E-6	0.000000E+0	0.000000E+0	0.000000E+0
1.646910E+4	-6.881329E+5	-1.270000E-1	-2.949171E+17	-4.956124E-18	-1.170934E-6	0.000000E+0	3.475974E-8	1.452376E-6	0.000000E+0	0.000000E+0	0.000000E+0
1.862377E+4	-7.090699E+5	-1.770000E-1	-1.478400E+17	2.700591E+17	-2.983343E-7	0.000000E+0	3.701604E-8	1.409326E-6	0.000000E+0	0.000000E+0	0.000000E+0
2.053244E+4	-7.325581E+5	-2.280000E-1	-2.816971E+17	1.903750E-18	-4.195244E-7	0.000000E+0	3.823097E-8	1.364008E-6	0.000000E+0	0.000000E+0	0.000000E+0
2.340195E+4	-7.584055E+5	-2.780000E-1	-1.696221E+17	-6.410774E-19	1.985247E-6	0.000000E+0	4.064768E-8	1.317302E-6	0.000000E+0	0.000000E+0	0.000000E+0
2.778296E+4	-7.860603E+5	-3.290000E-1	6.303170E-18	-1.599031E-19	-1.711029E-6	0.000000E+0	4.490809E-8	1.270580E-6	0.000000E+0	0.000000E+0	0.000000E+0
3.322249E+4	-8.181167E+5	-3.800000E-1	-5.761072E+17	-4.172230E+17	2.106663E-7	0.000000E+0	4.955484E-8	1.220307E-6	0.000000E+0	0.000000E+0	0.000000E+0
4.107005E+4	-8.524480E+5	-4.300000E-1	-5.506670E-18	3.318154E+17	-1.470362E-6	0.000000E+0	5.638746E-8	1.170375E-6	0.000000E+0	0.000000E+0	0.000000E+0
5.177550E+4	-8.950694E+5	-4.810000E-1	4.410889E+17	3.939340E-18	1.472790E-6	0.000000E+0	6.441101E-8	1.113506E-6	0.000000E+0	0.000000E+0	0.000000E+0
6.704494E+4	-9.518610E+5	-5.320000E-1	2.010006E+17	1.860550E+17	1.351596E-6	0.000000E+0	7.363252E-8	1.045387E-6	0.000000E+0	0.000000E+0	0.000000E+0
9.155052E+4	-1.032980E+6	-5.820000E-1	-4.775830E-18	6.138991E-18	1.713484E-6	0.000000E+0	8.512929E-8	9.605282E-7	0.000000E+0	0.000000E+0	0.000000E+0
1.282446E+5	-1.164510E+6	-6.330000E-1	-1.827512E-18	1.580559E+17	-9.613323E-7	0.000000E+0	9.343663E-8	8.484403E-7	0.000000E+0	0.000000E+0	0.000000E+0
1.950838E+5	-1.392221E+6	-6.840000E-1	-7.964855E+16	-3.372652E-18	-1.082524E-6	0.000000E+0	9.870978E-8	7.044451E-7	0.000000E+0	0.000000E+0	0.000000E+0
3.100341E+5	-1.746067E+6	-7.340000E-1	2.088264E+17	-2.196584E+17	2.343677E-6	0.000000E+0	9.858404E-8	5.552110E-7	0.000000E+0	0.000000E+0	0.000000E+0
4.668752E+5	-2.265750E+6	-7.850000E-1	-5.319197E+16	-3.553127E+17	-8.418574E-7	0.000000E+0	8.724038E-8	4.233784E-7	0.000000E+0	0.000000E+0	0.000000E+0
6.145484E+5	-2.920457E+6	-8.350000E-1	-1.183523E-18	-5.342346E-18	-4.800022E-7	0.000000E+0	6.899814E-8	3.278930E-7	0.000000E+0	0.000000E+0	0.000000E+0
6.016599E+5	-3.632222E+6	-8.860000E-1	-5.203440E-18	3.830367E-18	-1.111905E-6	0.000000E+0	4.438646E-8	2.679612E-7	0.000000E+0	0.000000E+0	0.000000E+0
4.760231E+5	-4.204659E+6	-9.370000E-1	2.540081E-19	-1.518024E+17	2.990746E-7	0.000000E+0	2.658492E-8	2.348216E-7	0.000000E+0	0.000000E+0	0.000000E+0
2.832486E+5	-4.688595E+6	-9.870000E-1	1.311717E+15	5.157902E-18	1.502194E-7	0.000000E+0	1.283808E-8	2.125079E-7	0.000000E+0	0.000000E+0	0.000000E+0
1.715696E+5	-5.102472E+6	-1.038000E+0	-1.006173E-18	-5.687810E-18	1.050452E-6	0.000000E+0	6.582462E-9	1.957621E-7	0.000000E+0	0.000000E+0	0.000000E+0
8.651484E+4	-5.539030E+6	-1.089000E+0	-6.256276E-18	1.398985E+17	4.185495E-7	0.000000E+0	2.819144E-9	1.804930E-7	0.000000E+0	0.000000E+0	0.000000E+0
9.307356E+4	-5.962307E+6	-1.139000E+0	2.698511E+17	-3.360764E+17	-2.410525E-7	0.000000E+0	2.617531E-9	1.676795E-7	0.000000E+0	0.000000E+0	0.000000E+0
8.708623E+4	-6.464514E+6	-1.190000E+0	-4.014473E-19	-2.240669E+17	-8.729476E-7	0.000000E+0	2.083526E-9	1.546626E-7	0.000000E+0	0.000000E+0	0.000000E+0
8.462088E+4	-6.849799E+6	-1.241000E+0	8.607197E+16	4.249670E-18	1.048742E-6	0.000000E+0	1.803249E-9	1.459674E-7	0.000000E+0	0.000000E+0	0.000000E+0
8.040600E+4	-7.153365E+6	-1.291000E+0	2.127762E-18	3.293656E+15	-1.215740E-7	0.000000E+0	1.571133E-9	1.397767E-7	0.000000E+0	0.000000E+0	0.000000E+0
8.462397E+4	-7.465458E+6	-1.342000E+0	-4.960950E+17	8.277014E+16	1.800123E-6	0.000000E+0	1.518185E-9	1.339330E-7	0.000000E+0	0.000000E+0	0.000000E+0
8.078191E+4	-7.813032E+6	-1.392000E+0	-6.504745E+16	2.346692E+17	1.651235E-6	0.000000E+0	1.323209E-9	1.279776E-7	0.000000E+0	0.000000E+0	0.000000E+0
1.556257E+5	-8.050045E+6	-1.443000E+0	5.291893E-18	5.135446E+17	5.086476E-7	0.000000E+0	2.400614E-9	1.241765E-7	0.000000E+0	0.000000E+0	0.000000E+0
1.236325E+5	-8.317193E+6	-1.494000E+0	-2.052875E-18	3.493290E-18	-6.339978E-7	0.000000E+0	1.786830E-9	1.202063E-7	0.000000E+0	0.000000E+0	0.000000E+0
7.060369E+4	-8.546666E+6	-1.544000E+0	2.907620E+17	-1.496570E-18	-7.828858E-7	0.000000E+0	9.665054E-10	1.169967E-7	0.000000E+0	0.000000E+0	0.000000E+0
4.686670E+4	-8.808884E+6	-1.595000E+0	4.284782E-18	4.664211E-18	-1.414817E-6	0.000000E+0	6.039630E-10	1.135185E-7	0.000000E+0	0.000000E+0	0.000000E+0
3.567506E+4	-9.072220E+6	-1.646000E+0	6.288344E-18	-3.929323E-18	5.069305E-7	0.000000E+0	4.334419E-10	1.102249E-7	0.000000E+0	0.000000E+0	0.000000E+0
1.599603E+5	-9.135902E+6	-1.696000E+0	8.250878E-19	3.410070E-18	-3.217014E-6	0.000000E+0	1.915915E-9	1.094247E-7	0.000000E+0	0.000000E+0	0.000000E+0
1.023625E+5	-9.404662E+6	-1.747000E+0	4.553607E+17	-2.686618E+17	2.368906E-7	0.000000E+0	1.157186E-9	1.063176E-7	0.000000E+0	0.000000E+0	0.000000E+0
6.129583E+4	-9.614222E+6	-1.797000E+0	2.517955E+17	3.793721E+16	8.800271E-8	0.000000E+0	6.631091E-10	1.040083E-7	0.000000E+0	0.000000E+0	0.000000E+0
9.644981E+4	-9.747022E+6	-1.848000E+0	-6.627991E-18	5.175899E+17	-3.321475E-8	0.000000E+0	1.015114E-9	1.025854E-7	0.000000E+0	0.000000E+0	0.000000E+0
4.561913E+4	-9.831168E+6	-1.899000E+0	-5.704680E+17	6.512875E+16	3.563327E-7	0.000000E+0	4.719841E-10	1.017151E-7	0.000000E+0	0.000000E+0	0.000000E+0
3.537656E+3	-9.974724E+6	-1.949000E+0	-4.691026E+17	6.906363E-18	7.182171E-7	0.000000E+0	3.555607E-11	1.002534E-7	0.000000E+0	0.000000E+0	0.000000E+0
2.320131E+4	-1.007859E+7	-2.000000E+0	-3.567381E+17	-4.286482E-18	1.107706E-6	0.000000E+0	2.284077E-10	9.921970E-8	0.000000E+0	0.000000E+0	0.000000E+0
