Real / Ohm	Ximag / Ohm	V_DC / V	I_a c / A	V_ac / V	I_DC / A
1.708154E+2	-4.352836E+3	2.000000E+0	-9.275714E-19	-3.780201E-18	2.483575E-7	1.000000E+6	9.001484E-6	2.293820E-4	0.000000E+0	0.000000E+0	0.000000E+0
1.816438E+2	-4.368826E+3	1.949000E+0	-1.571544E-18	-4.190346E+17	6.379050E-7	0.000000E+0	9.500380E-6	2.284994E-4	0.000000E+0	0.000000E+0	0.000000E+0
1.881938E+2	-4.386574E+3	1.899000E+0	6.653843E-18	-4.395667E+17	4.890171E-7	0.000000E+0	9.762381E-6	2.275495E-4	0.000000E+0	0.000000E+0	0.000000E+0
1.933835E+2	-4.411289E+3	1.848000E+0	-3.127958E+17	-9.739241E-19	3.678215E-7	0.000000E+0	9.918696E-6	2.262563E-4	0.000000E+0	0.000000E+0	0.000000E+0
1.958181E+2	-4.442270E+3	1.797000E+0	2.587907E+17	1.873793E-18	7.573763E-7	0.000000E+0	9.903755E-6	2.246736E-4	0.000000E+0	0.000000E+0	0.000000E+0
1.970872E+2	-4.475018E+3	1.747000E+0	-5.351627E-18	2.391872E+17	2.140689E-6	0.000000E+0	9.822618E-6	2.230302E-4	0.000000E+0	0.000000E+0	0.000000E+0
1.939773E+2	-4.511806E+3	1.696000E+0	-2.373659E+17	1.295985E-19	-2.340676E-8	0.000000E+0	9.511479E-6	2.212318E-4	0.000000E+0	0.000000E+0	0.000000E+0
1.975232E+2	-4.549564E+3	1.646000E+0	5.785012E-19	5.234687E+17	2.892077E-6	0.000000E+0	9.524906E-6	2.193878E-4	0.000000E+0	0.000000E+0	0.000000E+0
1.981467E+2	-4.590572E+3	1.595000E+0	-2.714796E-18	5.985466E+14	7.279959E-7	0.000000E+0	9.385228E-6	2.174327E-4	0.000000E+0	0.000000E+0	0.000000E+0
1.972537E+2	-4.632685E+3	1.544000E+0	-1.980656E+17	2.858813E+16	1.628236E-6	0.000000E+0	9.174301E-6	2.154669E-4	0.000000E+0	0.000000E+0	0.000000E+0
2.001445E+2	-4.675258E+3	1.494000E+0	-4.023263E-18	5.325189E+16	9.686628E-7	0.000000E+0	9.139813E-6	2.135007E-4	0.000000E+0	0.000000E+0	0.000000E+0
1.962542E+2	-4.723148E+3	1.443000E+0	2.579781E+17	4.568510E-19	3.367604E-7	0.000000E+0	8.782268E-6	2.113583E-4	0.000000E+0	0.000000E+0	0.000000E+0
1.951875E+2	-4.771585E+3	1.392000E+0	5.241928E+17	2.782928E-18	2.155430E-7	0.000000E+0	8.558557E-6	2.092239E-4	0.000000E+0	0.000000E+0	0.000000E+0
1.925864E+2	-4.822075E+3	1.342000E+0	-2.658310E+17	-5.132058E+17	2.620312E-6	0.000000E+0	8.269238E-6	2.070493E-4	0.000000E+0	0.000000E+0	0.000000E+0
1.913381E+2	-4.875710E+3	1.291000E+0	1.676928E-18	4.035830E-18	-5.652182E-7	0.000000E+0	8.036324E-6	2.047830E-4	0.000000E+0	0.000000E+0	0.000000E+0
1.890908E+2	-4.931063E+3	1.241000E+0	4.020179E+17	1.832659E+17	8.180941E-7	0.000000E+0	7.765173E-6	2.024983E-4	0.000000E+0	0.000000E+0	0.000000E+0
1.882515E+2	-4.989078E+3	1.190000E+0	9.225665E+16	1.907244E+17	-3.245586E-7	0.000000E+0	7.552313E-6	2.001529E-4	0.000000E+0	0.000000E+0	0.000000E+0
1.846067E+2	-5.050567E+3	1.139000E+0	-4.075705E-18	1.659667E-18	1.086431E-6	0.000000E+0	7.227487E-6	1.977334E-4	0.000000E+0	0.000000E+0	0.000000E+0
1.803879E+2	-5.113196E+3	1.089000E+0	5.364300E+17	-2.871878E+17	2.469744E-6	0.000000E+0	6.891001E-6	1.953293E-4	0.000000E+0	0.000000E+0	0.000000E+0
1.793813E+2	-5.182015E+3	1.038000E+0	4.333500E+17	8.421242E+16	2.859299E-6	0.000000E+0	6.672057E-6	1.927442E-4	0.000000E+0	0.000000E+0	0.000000E+0
1.764519E+2	-5.252607E+3	9.870000E-1	7.433461E+16	-3.421240E+17	1.716646E-6	0.000000E+0	6.388321E-6	1.901670E-4	0.000000E+0	0.000000E+0	0.000000E+0
1.744858E+2	-5.325354E+3	9.370000E-1	-2.820974E+17	-3.573550E+17	-4.751237E-7	0.000000E+0	6.146065E-6	1.875796E-4	0.000000E+0	0.000000E+0	0.000000E+0
1.684534E+2	-5.405474E+3	8.860000E-1	4.674714E-18	-5.707470E+17	4.251415E-7	0.000000E+0	5.759578E-6	1.848182E-4	0.000000E+0	0.000000E+0	0.000000E+0
1.683047E+2	-5.489757E+3	8.350000E-1	-2.314515E+17	1.796536E+17	1.325410E-6	0.000000E+0	5.579329E-6	1.819864E-4	0.000000E+0	0.000000E+0	0.000000E+0
1.620771E+2	-5.576504E+3	7.850000E-1	-1.554615E+17	1.089529E+17	-2.909248E-6	0.000000E+0	5.207520E-6	1.791725E-4	0.000000E+0	0.000000E+0	0.000000E+0
1.589370E+2	-5.671801E+3	7.340000E-1	2.547933E-18	-2.672116E+16	-9.875548E-7	0.000000E+0	4.936761E-6	1.761725E-4	0.000000E+0	0.000000E+0	0.000000E+0
1.568237E+2	-5.770229E+3	6.840000E-1	-6.904434E-18	-8.375564E+16	2.438646E-6	0.000000E+0	4.706574E-6	1.731754E-4	0.000000E+0	0.000000E+0	0.000000E+0
1.549712E+2	-5.876913E+3	6.330000E-1	-4.524462E+17	2.055148E+17	1.806740E-6	0.000000E+0	4.483845E-6	1.700391E-4	0.000000E+0	0.000000E+0	0.000000E+0
1.501460E+2	-5.992621E+3	5.820000E-1	-7.975154E-19	6.323277E-18	-2.400247E-6	0.000000E+0	4.178377E-6	1.667672E-4	0.000000E+0	0.000000E+0	0.000000E+0
1.468701E+2	-6.114525E+3	5.320000E-1	4.707193E+17	-3.632098E-18	1.536697E-6	0.000000E+0	3.926065E-6	1.634507E-4	0.000000E+0	0.000000E+0	0.000000E+0
1.466001E+2	-6.248906E+3	4.810000E-1	1.388541E-18	6.784133E-18	1.926217E-6	0.000000E+0	3.752212E-6	1.599400E-4	0.000000E+0	0.000000E+0	0.000000E+0
1.487319E+2	-6.396839E+3	4.300000E-1	4.766215E-20	4.558806E+17	1.294313E-6	0.000000E+0	3.632776E-6	1.562427E-4	0.000000E+0	0.000000E+0	0.000000E+0
1.324004E+2	-6.554854E+3	3.800000E-1	-3.851510E-18	-6.440443E-18	6.347127E-7	0.000000E+0	3.080251E-6	1.524965E-4	0.000000E+0	0.000000E+0	0.000000E+0
1.487217E+2	-6.737150E+3	3.290000E-1	-4.136209E+17	4.857998E-18	-1.018649E-6	0.000000E+0	3.274993E-6	1.483584E-4	0.000000E+0	0.000000E+0	0.000000E+0
1.564121E+2	-6.939664E+3	2.780000E-1	4.155990E+17	-1.817843E+17	1.924504E-6	0.000000E+0	3.246182E-6	1.440260E-4	0.000000E+0	0.000000E+0	0.000000E+0
1.609312E+2	-7.164367E+3	2.280000E-1	-3.194760E-18	5.558819E-18	2.434754E-7	0.000000E+0	3.133758E-6	1.395093E-4	0.000000E+0	0.000000E+0	0.000000E+0
1.557520E+2	-7.422267E+3	1.770000E-1	-3.021231E-18	1.735786E-18	1.654456E-6	0.000000E+0	2.825981E-6	1.346704E-4	0.000000E+0	0.000000E+0	0.000000E+0
1.708623E+2	-7.707146E+3	1.270000E-1	4.697582E+17	-5.230656E+17	-2.657180E-8	0.000000E+0	2.875052E-6	1.296860E-4	0.000000E+0	0.000000E+0	0.000000E+0
1.882510E+2	-8.037282E+3	7.600000E-2	-4.715212E+17	-5.436513E+17	8.736947E-7	0.000000E+0	2.912599E-6	1.243520E-4	0.000000E+0	0.000000E+0	0.000000E+0
2.025728E+2	-8.418463E+3	2.500000E-2	-3.093320E+17	4.406614E-18	2.417609E-7	0.000000E+0	2.856697E-6	1.187178E-4	0.000000E+0	0.000000E+0	0.000000E+0
2.184214E+2	-8.864531E+3	-2.500000E-2	-9.427576E-19	-9.426377E-19	2.646532E-6	0.000000E+0	2.777922E-6	1.127407E-4	0.000000E+0	0.000000E+0	0.000000E+0
2.446558E+2	-9.422293E+3	-7.600000E-2	-4.717429E+17	-4.928282E+17	2.014599E-6	0.000000E+0	2.753909E-6	1.060598E-4	0.000000E+0	0.000000E+0	0.000000E+0
2.780327E+2	-1.015624E+4	-1.270000E-1	-2.949171E+17	-4.956124E-18	1.382694E-6	0.000000E+0	2.693423E-6	9.838790E-5	0.000000E+0	0.000000E+0	0.000000E+0
3.261299E+2	-1.115915E+4	-1.770000E-1	-1.478400E+17	2.700591E+17	7.231229E-7	0.000000E+0	2.616722E-6	8.953609E-5	0.000000E+0	0.000000E+0	0.000000E+0
4.082236E+2	-1.270952E+4	-2.280000E-1	-2.816971E+17	1.903750E-18	9.118958E-8	0.000000E+0	2.524597E-6	7.860009E-5	0.000000E+0	0.000000E+0	0.000000E+0
5.288330E+2	-1.508966E+4	-2.780000E-1	-1.696221E+17	-6.410774E-19	-1.079125E-6	0.000000E+0	2.319672E-6	6.618925E-5	0.000000E+0	0.000000E+0	0.000000E+0
7.219424E+2	-1.887133E+4	-3.290000E-1	6.303170E-18	-1.599031E-19	3.318564E-7	0.000000E+0	2.024242E-6	5.291300E-5	0.000000E+0	0.000000E+0	0.000000E+0
9.911699E+2	-2.427559E+4	-3.800000E-1	-5.761072E+17	-4.172230E+17	1.742837E-6	0.000000E+0	1.679133E-6	4.112508E-5	0.000000E+0	0.000000E+0	0.000000E+0
1.361225E+3	-3.073929E+4	-4.300000E-1	-5.506670E-18	3.318154E+17	6.180926E-8	0.000000E+0	1.437777E-6	3.246799E-5	0.000000E+0	0.000000E+0	0.000000E+0
1.833064E+3	-3.738467E+4	-4.810000E-1	4.410889E+17	3.939340E-18	4.513622E-7	0.000000E+0	1.308421E-6	2.668478E-5	0.000000E+0	0.000000E+0	0.000000E+0
2.426344E+3	-4.345357E+4	-5.320000E-1	2.010006E+17	1.860550E+17	1.351596E-6	0.000000E+0	1.281001E-6	2.294154E-5	0.000000E+0	0.000000E+0	0.000000E+0
2.997539E+3	-4.895260E+4	-5.820000E-1	-4.775830E-18	6.138991E-18	1.713484E-6	0.000000E+0	1.246201E-6	2.035161E-5	0.000000E+0	0.000000E+0	0.000000E+0
3.367738E+3	-5.490621E+4	-6.330000E-1	-1.827512E-18	1.580559E+17	3.635181E-6	0.000000E+0	1.112922E-6	1.814461E-5	0.000000E+0	0.000000E+0	0.000000E+0
3.672523E+3	-6.118340E+4	-6.840000E-1	-7.964855E+16	-3.372652E-18	-5.718102E-7	0.000000E+0	9.775419E-7	1.628563E-5	0.000000E+0	0.000000E+0	0.000000E+0
3.747016E+3	-6.721291E+4	-7.340000E-1	2.088264E+17	-2.196584E+17	-2.099514E-7	0.000000E+0	8.268610E-7	1.483200E-5	0.000000E+0	0.000000E+0	0.000000E+0
3.647438E+3	-7.293166E+4	-7.850000E-1	-5.319197E+16	-3.553127E+17	1.795997E-7	0.000000E+0	6.840232E-7	1.367726E-5	0.000000E+0	0.000000E+0	0.000000E+0
3.483469E+3	-7.786377E+4	-8.350000E-1	-1.183523E-18	-5.342346E-18	1.562912E-6	0.000000E+0	5.734199E-7	1.281729E-5	0.000000E+0	0.000000E+0	0.000000E+0
3.388363E+3	-8.223630E+4	-8.860000E-1	-5.203440E-18	3.830367E-18	-6.011905E-7	0.000000E+0	5.001798E-7	1.213947E-5	0.000000E+0	0.000000E+0	0.000000E+0
3.290406E+3	-8.620548E+4	-9.370000E-1	2.540081E-19	-1.518024E+17	-1.233097E-6	0.000000E+0	4.421274E-7	1.158331E-5	0.000000E+0	0.000000E+0	0.000000E+0
3.241414E+3	-8.977630E+4	-9.870000E-1	1.311717E+15	5.157902E-18	-8.712377E-7	0.000000E+0	4.016477E-7	1.112430E-5	0.000000E+0	0.000000E+0	0.000000E+0
3.128094E+3	-9.313922E+4	-1.038000E+0	-1.006173E-18	-5.687810E-18	1.561195E-6	0.000000E+0	3.601845E-7	1.072452E-5	0.000000E+0	0.000000E+0	0.000000E+0
3.103883E+3	-9.624664E+4	-1.089000E+0	-6.256276E-18	1.398985E+17	-6.029077E-7	0.000000E+0	3.347208E-7	1.037918E-5	0.000000E+0	0.000000E+0	0.000000E+0
3.116836E+3	-9.907334E+4	-1.139000E+0	2.698511E+17	-3.360764E+17	1.291148E-6	0.000000E+0	3.172274E-7	1.008355E-5	0.000000E+0	0.000000E+0	0.000000E+0
3.109523E+3	-1.017504E+5	-1.190000E+0	-4.014473E-19	-2.240669E+17	1.169938E-6	0.000000E+0	3.000655E-7	9.818801E-6	0.000000E+0	0.000000E+0	0.000000E+0
3.085000E+3	-1.041321E+5	-1.241000E+0	8.607197E+16	4.249670E-18	1.048742E-6	0.000000E+0	2.842529E-7	9.594765E-6	0.000000E+0	0.000000E+0	0.000000E+0
3.050242E+3	-1.061976E+5	-1.291000E+0	2.127762E-18	3.293656E+15	-1.215740E-7	0.000000E+0	2.702382E-7	9.408647E-6	0.000000E+0	0.000000E+0	0.000000E+0
3.142781E+3	-1.081151E+5	-1.342000E+0	-4.960950E+17	8.277014E+16	-1.264219E-6	0.000000E+0	2.686424E-7	9.241593E-6	0.000000E+0	0.000000E+0	0.000000E+0
3.128734E+3	-1.097348E+5	-1.392000E+0	-6.504745E+16	2.346692E+17	3.183435E-6	0.000000E+0	2.596133E-7	9.105477E-6	0.000000E+0	0.000000E+0	0.000000E+0
3.134117E+3	-1.112739E+5	-1.443000E+0	5.291893E-18	5.135446E+17	2.040790E-6	0.000000E+0	2.529206E-7	8.979710E-6	0.000000E+0	0.000000E+0	0.000000E+0
3.156297E+3	-1.123829E+5	-1.494000E+0	-2.052875E-18	3.493290E-18	-1.144770E-6	0.000000E+0	2.497094E-7	8.891138E-6	0.000000E+0	0.000000E+0	0.000000E+0
3.035281E+3	-1.133162E+5	-1.544000E+0	2.907620E+17	-1.496570E-18	-2.315028E-6	0.000000E+0	2.362128E-7	8.818536E-6	0.000000E+0	0.000000E+0	0.000000E+0
3.231727E+3	-1.139785E+5	-1.595000E+0	4.284782E-18	4.664211E-18	2.160297E-6	0.000000E+0	2.485649E-7	8.766537E-6	0.000000E+0	0.000000E+0	0.000000E+0
3.022914E+3	-1.145448E+5	-1.646000E+0	6.288344E-18	-3.929323E-18	2.549787E-6	0.000000E+0	2.302357E-7	8.724133E-6	0.000000E+0	0.000000E+0	0.000000E+0
3.113320E+3	-1.147911E+5	-1.696000E+0	8.250878E-19	3.410070E-18	8.687566E-7	0.000000E+0	2.360956E-7	8.705073E-6	0.000000E+0	0.000000E+0	0.000000E+0
2.949648E+3	-1.150037E+5	-1.747000E+0	4.553607E+17	-2.686618E+17	-2.738816E-7	0.000000E+0	2.228748E-7	8.689656E-6	0.000000E+0	0.000000E+0	0.000000E+0
3.055172E+3	-1.150815E+5	-1.797000E+0	2.517955E+17	3.793721E+16	-9.334253E-7	0.000000E+0	2.305253E-7	8.683374E-6	0.000000E+0	0.000000E+0	0.000000E+0
3.035117E+3	-1.151948E+5	-1.848000E+0	-6.627991E-18	5.175899E+17	9.882715E-7	0.000000E+0	2.285643E-7	8.674925E-6	0.000000E+0	0.000000E+0	0.000000E+0
3.145297E+3	-1.152495E+5	-1.899000E+0	-5.704680E+17	6.512875E+16	-1.175809E-6	0.000000E+0	2.366248E-7	8.670369E-6	0.000000E+0	0.000000E+0	0.000000E+0
3.117336E+3	-1.149519E+5	-1.949000E+0	-4.691026E+17	6.906363E-18	1.739645E-6	0.000000E+0	2.357393E-7	8.692898E-6	0.000000E+0	0.000000E+0	0.000000E+0
3.052594E+3	-1.148674E+5	-2.000000E+0	-3.567381E+17	-4.286482E-18	-4.244357E-7	0.000000E+0	2.311899E-7	8.699546E-6	0.000000E+0	0.000000E+0	0.000000E+0
