Real / Ohm	Ximag / Ohm	V_DC / V	I_a c / A	V_ac / V	I_DC / A
7.446758E+2	-5.371084E+4	-1.500000E+0	-3.567381E+17	-4.286482E-18	1.064138E-6	1.000000E+6	2.580833E-7	1.861464E-5	0.000000E+0	0.000000E+0	0.000000E+0
9.789883E+2	-5.094713E+4	-1.462000E+0	-4.691026E+17	6.906363E-18	-1.008608E-6	0.000000E+0	3.770316E-7	1.962095E-5	0.000000E+0	0.000000E+0	0.000000E+0
1.483902E+3	-4.879971E+4	-1.424000E+0	-5.704680E+17	6.512875E+16	4.937028E-7	0.000000E+0	6.225430E-7	2.047299E-5	0.000000E+0	0.000000E+0	0.000000E+0
2.323211E+3	-4.688869E+4	-1.386000E+0	-6.627991E-18	5.175899E+17	3.017441E-6	0.000000E+0	1.054114E-6	2.127488E-5	0.000000E+0	0.000000E+0	0.000000E+0
3.346473E+3	-4.460734E+4	-1.348000E+0	2.517955E+17	3.793721E+16	-7.679046E-8	0.000000E+0	1.672389E-6	2.229237E-5	0.000000E+0	0.000000E+0	0.000000E+0
4.310676E+3	-4.150731E+4	-1.310000E+0	4.553607E+17	-2.686618E+17	9.147989E-7	0.000000E+0	2.475353E-6	2.383507E-5	0.000000E+0	0.000000E+0	0.000000E+0
4.716518E+3	-3.748688E+4	-1.272000E+0	8.250878E-19	3.410070E-18	1.906395E-6	0.000000E+0	3.304014E-6	2.626030E-5	0.000000E+0	0.000000E+0	0.000000E+0
4.433422E+3	-3.269630E+4	-1.234000E+0	6.288344E-18	-3.929323E-18	1.876535E-6	0.000000E+0	4.072204E-6	3.003233E-5	0.000000E+0	0.000000E+0	0.000000E+0
3.629838E+3	-2.774976E+4	-1.196000E+0	4.284782E-18	4.664211E-18	1.846667E-6	0.000000E+0	4.634477E-6	3.543013E-5	0.000000E+0	0.000000E+0	0.000000E+0
2.724057E+3	-2.332493E+4	-1.158000E+0	2.907620E+17	-1.496570E-18	2.327528E-6	0.000000E+0	4.939603E-6	4.229570E-5	0.000000E+0	0.000000E+0	0.000000E+0
1.945730E+3	-1.967281E+4	-1.120000E+0	-2.052875E-18	3.493290E-18	1.276203E-6	0.000000E+0	4.978771E-6	5.033916E-5	0.000000E+0	0.000000E+0	0.000000E+0
1.389453E+3	-1.698237E+4	-1.082000E+0	5.291893E-18	5.135446E+17	2.267770E-6	0.000000E+0	4.785747E-6	5.849304E-5	0.000000E+0	0.000000E+0	0.000000E+0
1.021671E+3	-1.506766E+4	-1.044000E+0	-6.504745E+16	2.346692E+17	1.727196E-6	0.000000E+0	4.479477E-6	6.606357E-5	0.000000E+0	0.000000E+0	0.000000E+0
7.880811E+2	-1.372147E+4	-1.006000E+0	-4.960950E+17	8.277014E+16	-3.455789E-7	0.000000E+0	4.171953E-6	7.263888E-5	0.000000E+0	0.000000E+0	0.000000E+0
6.032725E+2	-1.276542E+4	-9.680000E-1	2.127762E-18	3.293656E+15	1.667446E-6	0.000000E+0	3.693809E-6	7.816207E-5	0.000000E+0	0.000000E+0	0.000000E+0
5.035547E+2	-1.203873E+4	-9.300000E-1	8.607197E+16	4.249670E-18	2.659010E-6	0.000000E+0	3.468376E-6	8.292017E-5	0.000000E+0	0.000000E+0	0.000000E+0
4.187646E+2	-1.147840E+4	-8.920000E-1	-4.014473E-19	-2.240669E+17	5.862639E-7	0.000000E+0	3.174166E-6	8.700435E-5	0.000000E+0	0.000000E+0	0.000000E+0
3.453145E+2	-1.101762E+4	-8.540000E-1	2.698511E+17	-3.360764E+17	-2.507968E-6	0.000000E+0	2.841926E-6	9.067463E-5	0.000000E+0	0.000000E+0	0.000000E+0
2.935425E+2	-1.063548E+4	-8.160000E-1	-6.256276E-18	1.398985E+17	1.579974E-8	0.000000E+0	2.593141E-6	9.395333E-5	0.000000E+0	0.000000E+0	0.000000E+0
2.507925E+2	-1.030770E+4	-7.780000E-1	-1.006173E-18	-5.687810E-18	3.050278E-6	0.000000E+0	2.359033E-6	9.695746E-5	0.000000E+0	0.000000E+0	0.000000E+0
2.155405E+2	-1.003239E+4	-7.410000E-1	1.311717E+15	5.157902E-18	-1.629087E-8	0.000000E+0	2.140522E-6	9.963116E-5	0.000000E+0	0.000000E+0	0.000000E+0
1.726313E+2	-9.779117E+3	-7.030000E-1	2.540081E-19	-1.518024E+17	2.507477E-6	0.000000E+0	1.804617E-6	1.022269E-4	0.000000E+0	0.000000E+0	0.000000E+0
1.507183E+2	-9.553418E+3	-6.650000E-1	-5.203440E-18	3.830367E-18	-5.867550E-7	0.000000E+0	1.650974E-6	1.046485E-4	0.000000E+0	0.000000E+0	0.000000E+0
1.341895E+2	-9.350070E+3	-6.270000E-1	-1.183523E-18	-5.342346E-18	2.958466E-6	0.000000E+0	1.534615E-6	1.069290E-4	0.000000E+0	0.000000E+0	0.000000E+0
1.388618E+2	-9.164402E+3	-5.890000E-1	-5.319197E+16	-3.553127E+17	2.928577E-6	0.000000E+0	1.653008E-6	1.090928E-4	0.000000E+0	0.000000E+0	0.000000E+0
1.342812E+2	-8.994602E+3	-5.510000E-1	2.088264E+17	-2.196584E+17	-2.208541E-6	0.000000E+0	1.659413E-6	1.111530E-4	0.000000E+0	0.000000E+0	0.000000E+0
1.230796E+2	-8.836455E+3	-5.130000E-1	-7.964855E+16	-3.372652E-18	-2.749115E-6	0.000000E+0	1.575962E-6	1.131456E-4	0.000000E+0	0.000000E+0	0.000000E+0
9.993994E+1	-8.691324E+3	-4.750000E-1	-1.827512E-18	1.580559E+17	2.853631E-7	0.000000E+0	1.322848E-6	1.150421E-4	0.000000E+0	0.000000E+0	0.000000E+0
9.616943E+1	-8.552867E+3	-4.370000E-1	-4.775830E-18	6.138991E-18	1.276931E-6	0.000000E+0	1.314494E-6	1.169051E-4	0.000000E+0	0.000000E+0	0.000000E+0
1.059341E+2	-8.424814E+3	-3.990000E-1	2.010006E+17	1.860550E+17	-2.851029E-7	0.000000E+0	1.492267E-6	1.186782E-4	0.000000E+0	0.000000E+0	0.000000E+0
1.003545E+2	-8.303582E+3	-3.610000E-1	4.410889E+17	3.939340E-18	-2.357878E-6	0.000000E+0	1.455266E-6	1.204124E-4	0.000000E+0	0.000000E+0	0.000000E+0
8.956201E+1	-8.189937E+3	-3.230000E-1	-5.506670E-18	3.318154E+17	6.766022E-7	0.000000E+0	1.335091E-6	1.220865E-4	0.000000E+0	0.000000E+0	0.000000E+0
7.346924E+1	-8.083228E+3	-2.850000E-1	-5.761072E+17	-4.172230E+17	1.668168E-6	0.000000E+0	1.124346E-6	1.237027E-4	0.000000E+0	0.000000E+0	0.000000E+0
6.633643E+1	-7.980944E+3	-2.470000E-1	6.303170E-18	-1.599031E-19	2.149020E-6	0.000000E+0	1.041390E-6	1.252898E-4	0.000000E+0	0.000000E+0	0.000000E+0
6.278271E+1	-7.884893E+3	-2.090000E-1	-1.696221E+17	-6.410774E-19	1.097701E-6	0.000000E+0	1.009766E-6	1.268168E-4	0.000000E+0	0.000000E+0	0.000000E+0
8.578076E+1	-7.793015E+3	-1.710000E-1	-2.816971E+17	1.903750E-18	4.638241E-8	0.000000E+0	1.412298E-6	1.283045E-4	0.000000E+0	0.000000E+0	0.000000E+0
8.555225E+1	-7.704745E+3	-1.330000E-1	-1.478400E+17	2.700591E+17	1.652006E-8	0.000000E+0	1.440991E-6	1.297741E-4	0.000000E+0	0.000000E+0	0.000000E+0
8.037402E+1	-7.620926E+3	-9.500000E-2	-2.949171E+17	-4.956124E-18	4.973731E-7	0.000000E+0	1.383732E-6	1.312031E-4	0.000000E+0	0.000000E+0	0.000000E+0
7.994482E+1	-7.539828E+3	-5.700000E-2	-4.717429E+17	-4.928282E+17	-4.323192E-8	0.000000E+0	1.406108E-6	1.326141E-4	0.000000E+0	0.000000E+0	0.000000E+0
7.895459E+1	-7.460922E+3	-1.900000E-2	-9.427576E-19	-9.426377E-19	-5.838078E-7	0.000000E+0	1.418220E-6	1.340167E-4	0.000000E+0	0.000000E+0	0.000000E+0
6.933691E+1	-7.383916E+3	1.900000E-2	-3.093320E+17	4.406614E-18	1.429215E-6	0.000000E+0	1.271606E-6	1.354176E-4	0.000000E+0	0.000000E+0	0.000000E+0
7.994580E+1	-7.309521E+3	5.700000E-2	-4.715212E+17	-5.436513E+17	-6.435603E-7	0.000000E+0	1.496118E-6	1.367915E-4	0.000000E+0	0.000000E+0	0.000000E+0
8.074316E+1	-7.236884E+3	9.500000E-2	4.697582E+17	-5.230656E+17	-1.184136E-6	0.000000E+0	1.541518E-6	1.381638E-4	0.000000E+0	0.000000E+0	0.000000E+0
7.332324E+1	-7.165897E+3	1.330000E-1	-3.021231E-18	1.735786E-18	3.181449E-7	0.000000E+0	1.427759E-6	1.395353E-4	0.000000E+0	0.000000E+0	0.000000E+0
8.377002E+1	-7.097890E+3	1.710000E-1	-3.194760E-18	5.558819E-18	1.309740E-6	0.000000E+0	1.662530E-6	1.408673E-4	0.000000E+0	0.000000E+0	0.000000E+0
8.577148E+1	-7.031459E+3	2.090000E-1	4.155990E+17	-1.817843E+17	3.833477E-6	0.000000E+0	1.734552E-6	1.421968E-4	0.000000E+0	0.000000E+0	0.000000E+0
8.986377E+1	-6.967562E+3	2.470000E-1	-4.136209E+17	4.857998E-18	2.271443E-6	0.000000E+0	1.850763E-6	1.434984E-4	0.000000E+0	0.000000E+0	0.000000E+0
9.772852E+1	-6.905398E+3	2.850000E-1	-3.851510E-18	-6.440443E-18	1.220125E-6	0.000000E+0	2.049071E-6	1.447852E-4	0.000000E+0	0.000000E+0	0.000000E+0
7.610938E+1	-6.846267E+3	3.230000E-1	4.766215E-20	4.558806E+17	-1.363365E-6	0.000000E+0	1.623592E-6	1.460470E-4	0.000000E+0	0.000000E+0	0.000000E+0
9.614844E+1	-6.788295E+3	3.610000E-1	1.388541E-18	6.784133E-18	-8.825136E-7	0.000000E+0	2.086093E-6	1.472828E-4	0.000000E+0	0.000000E+0	0.000000E+0
9.211328E+1	-6.733540E+3	3.990000E-1	4.707193E+17	-3.632098E-18	1.130511E-6	0.000000E+0	2.031207E-6	1.484825E-4	0.000000E+0	0.000000E+0	0.000000E+0
1.067749E+2	-6.680716E+3	4.370000E-1	-7.975154E-19	6.323277E-18	-1.452980E-6	0.000000E+0	2.391730E-6	1.496463E-4	0.000000E+0	0.000000E+0	0.000000E+0
1.074185E+2	-6.630873E+3	4.750000E-1	-4.524462E+17	2.055148E+17	1.070759E-6	0.000000E+0	2.442439E-6	1.507701E-4	0.000000E+0	0.000000E+0	0.000000E+0
1.052378E+2	-6.582618E+3	5.130000E-1	-6.904434E-18	-8.375564E+16	1.040895E-6	0.000000E+0	2.428083E-6	1.518764E-4	0.000000E+0	0.000000E+0	0.000000E+0
8.866846E+1	-6.536767E+3	5.510000E-1	2.547933E-18	-2.672116E+16	-1.031880E-6	0.000000E+0	2.074738E-6	1.529527E-4	0.000000E+0	0.000000E+0	0.000000E+0
9.466309E+1	-6.493255E+3	5.890000E-1	-1.554615E+17	1.089529E+17	9.811738E-7	0.000000E+0	2.244727E-6	1.539732E-4	0.000000E+0	0.000000E+0	0.000000E+0
1.079468E+2	-6.452525E+3	6.270000E-1	-2.314515E+17	1.796536E+17	-1.602315E-6	0.000000E+0	2.591963E-6	1.549347E-4	0.000000E+0	0.000000E+0	0.000000E+0
1.196094E+2	-6.413450E+3	6.650000E-1	4.674714E-18	-5.707470E+17	-1.632208E-6	0.000000E+0	2.906905E-6	1.558681E-4	0.000000E+0	0.000000E+0	0.000000E+0
1.253657E+2	-6.376166E+3	7.030000E-1	-2.820974E+17	-3.573550E+17	-2.172783E-6	0.000000E+0	3.082419E-6	1.567735E-4	0.000000E+0	0.000000E+0	0.000000E+0
1.240444E+2	-6.341230E+3	7.410000E-1	7.433461E+16	-3.421240E+17	-6.705013E-7	0.000000E+0	3.083642E-6	1.576378E-4	0.000000E+0	0.000000E+0	0.000000E+0
1.284175E+2	-6.309975E+3	7.780000E-1	4.333500E+17	8.421242E+16	-3.737041E-6	0.000000E+0	3.223956E-6	1.584136E-4	0.000000E+0	0.000000E+0	0.000000E+0
1.295898E+2	-6.278972E+3	8.160000E-1	5.364300E+17	-2.871878E+17	-2.234734E-6	0.000000E+0	3.285555E-6	1.591939E-4	0.000000E+0	0.000000E+0	0.000000E+0
1.113306E+2	-6.249671E+3	8.540000E-1	-4.075705E-18	1.659667E-18	2.331919E-6	0.000000E+0	2.849459E-6	1.599577E-4	0.000000E+0	0.000000E+0	0.000000E+0
1.318472E+2	-6.222515E+3	8.920000E-1	9.225665E+16	1.907244E+17	-2.294484E-6	0.000000E+0	3.403644E-6	1.606346E-4	0.000000E+0	0.000000E+0	0.000000E+0
1.329800E+2	-6.196643E+3	9.300000E-1	4.020179E+17	1.832659E+17	-2.324345E-6	0.000000E+0	3.461572E-6	1.613034E-4	0.000000E+0	0.000000E+0	0.000000E+0
1.098306E+2	-6.172742E+3	9.680000E-1	1.676928E-18	4.035830E-18	-1.843495E-6	0.000000E+0	2.881573E-6	1.619513E-4	0.000000E+0	0.000000E+0	0.000000E+0
1.120273E+2	-6.150520E+3	1.006000E+0	-2.658310E+17	-5.132058E+17	1.695298E-7	0.000000E+0	2.960439E-6	1.625340E-4	0.000000E+0	0.000000E+0	0.000000E+0
1.123003E+2	-6.129176E+3	1.044000E+0	5.241928E+17	2.782928E-18	-2.413959E-6	0.000000E+0	2.988347E-6	1.630993E-4	0.000000E+0	0.000000E+0	0.000000E+0
1.167930E+2	-6.108691E+3	1.082000E+0	2.579781E+17	4.568510E-19	-1.933106E-6	0.000000E+0	3.128685E-6	1.636414E-4	0.000000E+0	0.000000E+0	0.000000E+0
1.294512E+2	-6.090352E+3	1.120000E+0	-4.023263E-18	5.325189E+16	7.991912E-8	0.000000E+0	3.488391E-6	1.641200E-4	0.000000E+0	0.000000E+0	0.000000E+0
1.392139E+2	-6.072916E+3	1.158000E+0	-1.980656E+17	2.858813E+16	1.582222E-6	0.000000E+0	3.772766E-6	1.645791E-4	0.000000E+0	0.000000E+0	0.000000E+0
1.349028E+2	-6.056251E+3	1.196000E+0	-2.714796E-18	5.985466E+14	-4.905451E-7	0.000000E+0	3.676189E-6	1.650368E-4	0.000000E+0	0.000000E+0	0.000000E+0
1.398799E+2	-6.041558E+3	1.234000E+0	5.785012E-19	5.234687E+17	-2.052584E-6	0.000000E+0	3.830228E-6	1.654315E-4	0.000000E+0	0.000000E+0	0.000000E+0
1.409292E+2	-6.026496E+3	1.272000E+0	-2.373659E+17	1.295985E-19	-3.614616E-6	0.000000E+0	3.878232E-6	1.658432E-4	0.000000E+0	0.000000E+0	0.000000E+0
1.279468E+2	-6.013307E+3	1.310000E+0	-5.351627E-18	2.391872E+17	-2.623048E-6	0.000000E+0	3.536764E-6	1.662226E-4	0.000000E+0	0.000000E+0	0.000000E+0
1.376812E+2	-6.000999E+3	1.348000E+0	2.587907E+17	1.873793E-18	-6.100308E-7	0.000000E+0	3.821193E-6	1.665513E-4	0.000000E+0	0.000000E+0	0.000000E+0
1.154902E+2	-5.988554E+3	1.386000E+0	-3.127958E+17	-9.739241E-19	-6.398914E-7	0.000000E+0	3.219139E-6	1.669231E-4	0.000000E+0	0.000000E+0	0.000000E+0
1.166855E+2	-5.976871E+3	1.424000E+0	6.653843E-18	-4.395667E+17	-1.691209E-6	0.000000E+0	3.265154E-6	1.672479E-4	0.000000E+0	0.000000E+0	0.000000E+0
1.184448E+2	-5.965691E+3	1.462000E+0	-1.571544E-18	-4.190346E+17	8.325296E-7	0.000000E+0	3.326774E-6	1.675591E-4	0.000000E+0	0.000000E+0	0.000000E+0
1.202012E+2	-5.955838E+3	1.500000E+0	-9.275714E-19	-3.780201E-18	-2.261673E-6	0.000000E+0	3.387242E-6	1.678341E-4	0.000000E+0	0.000000E+0	0.000000E+0
