Real / Ohm	Ximag / Ohm	V_DC / V	I_a c / A	V_ac / V	I_DC / A
5.101842E+1	8.106127E-1	2.000000E+0	-9.275714E-19	-3.780201E-18	1.152321E-2	1.000000E+5	1.959582E-2	-3.113506E-4	0.000000E+0	0.000000E+0	0.000000E+0
5.068367E+1	8.644395E-1	1.949000E+0	-1.571544E-18	-4.190346E+17	1.107518E-2	0.000000E+0	1.972448E-2	-3.364125E-4	0.000000E+0	0.000000E+0	0.000000E+0
6.580984E+1	5.621147E-1	1.899000E+0	6.653843E-18	-4.395667E+17	1.000660E-2	0.000000E+0	1.519419E-2	-1.297811E-4	0.000000E+0	0.000000E+0	0.000000E+0
7.484569E+1	4.862118E-1	1.848000E+0	-3.127958E+17	-9.739241E-19	9.632116E-3	0.000000E+0	1.336026E-2	-8.679078E-5	0.000000E+0	0.000000E+0	0.000000E+0
8.122844E+1	4.503884E-1	1.797000E+0	2.587907E+17	1.873793E-18	9.720860E-3	0.000000E+0	1.231058E-2	-6.825864E-5	0.000000E+0	0.000000E+0	0.000000E+0
8.818542E+1	3.824778E-1	1.747000E+0	-5.351627E-18	2.391872E+17	8.654831E-3	0.000000E+0	1.133953E-2	-4.918181E-5	0.000000E+0	0.000000E+0	0.000000E+0
8.374605E+1	3.832812E-1	1.696000E+0	-2.373659E+17	1.295985E-19	8.879937E-3	0.000000E+0	1.194061E-2	-5.464869E-5	0.000000E+0	0.000000E+0	0.000000E+0
8.162082E+1	3.416305E-1	1.646000E+0	5.785012E-19	5.234687E+17	8.577952E-3	0.000000E+0	1.225156E-2	-5.127989E-5	0.000000E+0	0.000000E+0	0.000000E+0
9.004094E+1	2.390070E-1	1.595000E+0	-2.714796E-18	5.985466E+14	8.730028E-3	0.000000E+0	1.110598E-2	-2.948000E-5	0.000000E+0	0.000000E+0	0.000000E+0
9.893486E+1	1.491547E-1	1.544000E+0	-1.980656E+17	2.858813E+16	7.918365E-3	0.000000E+0	1.010764E-2	-1.523833E-5	0.000000E+0	0.000000E+0	0.000000E+0
1.054131E+2	1.615524E-2	1.494000E+0	-4.023263E-18	5.325189E+16	7.353355E-3	0.000000E+0	9.486487E-3	-1.453866E-6	0.000000E+0	0.000000E+0	0.000000E+0
1.202915E+2	-1.724567E-1	1.443000E+0	2.579781E+17	4.568510E-19	7.489087E-3	0.000000E+0	8.313122E-3	1.191816E-5	0.000000E+0	0.000000E+0	0.000000E+0
1.242221E+2	-1.188898E-1	1.392000E+0	5.241928E+17	2.782928E-18	6.406740E-3	0.000000E+0	8.050090E-3	7.704536E-6	0.000000E+0	0.000000E+0	0.000000E+0
1.355643E+2	-3.806009E-1	1.342000E+0	-2.658310E+17	-5.132058E+17	6.541423E-3	0.000000E+0	7.376515E-3	2.070979E-5	0.000000E+0	0.000000E+0	0.000000E+0
1.405635E+2	-4.903765E-1	1.291000E+0	1.676928E-18	4.035830E-18	6.039770E-3	0.000000E+0	7.114136E-3	2.481871E-5	0.000000E+0	0.000000E+0	0.000000E+0
1.476604E+2	-5.556288E-1	1.241000E+0	4.020179E+17	1.832659E+17	5.828693E-3	0.000000E+0	6.772201E-3	2.548300E-5	0.000000E+0	0.000000E+0	0.000000E+0
1.553491E+2	-7.251530E-1	1.190000E+0	9.225665E+16	1.907244E+17	5.385263E-3	0.000000E+0	6.436975E-3	3.004711E-5	0.000000E+0	0.000000E+0	0.000000E+0
1.579912E+2	-8.698902E-1	1.139000E+0	-4.075705E-18	1.659667E-18	5.450514E-3	0.000000E+0	6.329275E-3	3.484861E-5	0.000000E+0	0.000000E+0	0.000000E+0
1.628530E+2	-9.016743E-1	1.089000E+0	5.364300E+17	-2.871878E+17	4.959049E-3	0.000000E+0	6.140319E-3	3.399733E-5	0.000000E+0	0.000000E+0	0.000000E+0
1.685842E+2	-9.947014E-1	1.038000E+0	4.333500E+17	8.421242E+16	4.971695E-3	0.000000E+0	5.931547E-3	3.499805E-5	0.000000E+0	0.000000E+0	0.000000E+0
1.768546E+2	-1.128462E+0	9.870000E-1	7.433461E+16	-3.421240E+17	4.596703E-3	0.000000E+0	5.654132E-3	3.607751E-5	0.000000E+0	0.000000E+0	0.000000E+0
1.808897E+2	-1.257326E+0	9.370000E-1	-2.820974E+17	-3.573550E+17	4.311060E-3	0.000000E+0	5.527964E-3	3.842370E-5	0.000000E+0	0.000000E+0	0.000000E+0
1.865806E+2	-1.366674E+0	8.860000E-1	4.674714E-18	-5.707470E+17	4.328303E-3	0.000000E+0	5.359326E-3	3.925624E-5	0.000000E+0	0.000000E+0	0.000000E+0
1.922694E+2	-1.469580E+0	8.350000E-1	-2.314515E+17	1.796536E+17	3.770471E-3	0.000000E+0	5.200732E-3	3.975095E-5	0.000000E+0	0.000000E+0	0.000000E+0
1.942724E+2	-1.464182E+0	7.850000E-1	-1.554615E+17	1.089529E+17	3.803519E-3	0.000000E+0	5.147119E-3	3.879254E-5	0.000000E+0	0.000000E+0	0.000000E+0
1.948355E+2	-1.511663E+0	7.340000E-1	2.547933E-18	-2.672116E+16	3.482152E-3	0.000000E+0	5.132226E-3	3.981921E-5	0.000000E+0	0.000000E+0	0.000000E+0
1.955850E+2	-1.469482E+0	6.840000E-1	-6.904434E-18	-8.375564E+16	3.259327E-3	0.000000E+0	5.112578E-3	3.841215E-5	0.000000E+0	0.000000E+0	0.000000E+0
1.959485E+2	-1.397913E+0	6.330000E-1	-4.524462E+17	2.055148E+17	3.064620E-3	0.000000E+0	5.103122E-3	3.640610E-5	0.000000E+0	0.000000E+0	0.000000E+0
1.953618E+2	-1.406242E+0	5.820000E-1	-7.975154E-19	6.323277E-18	2.877574E-3	0.000000E+0	5.118443E-3	3.684328E-5	0.000000E+0	0.000000E+0	0.000000E+0
1.927578E+2	-1.399273E+0	5.320000E-1	4.707193E+17	-3.632098E-18	2.573544E-3	0.000000E+0	5.187584E-3	3.765786E-5	0.000000E+0	0.000000E+0	0.000000E+0
1.908727E+2	-1.463552E+0	4.810000E-1	1.388541E-18	6.784133E-18	2.464639E-3	0.000000E+0	5.238786E-3	4.016937E-5	0.000000E+0	0.000000E+0	0.000000E+0
1.908921E+2	-1.445248E+0	4.300000E-1	4.766215E-20	4.558806E+17	2.268910E-3	0.000000E+0	5.238261E-3	3.965898E-5	0.000000E+0	0.000000E+0	0.000000E+0
1.853618E+2	-1.447710E+0	3.800000E-1	-3.851510E-18	-6.440443E-18	1.925555E-3	0.000000E+0	5.394526E-3	4.213225E-5	0.000000E+0	0.000000E+0	0.000000E+0
1.896803E+2	-1.565666E+0	3.290000E-1	-4.136209E+17	4.857998E-18	1.911133E-3	0.000000E+0	5.271670E-3	4.351361E-5	0.000000E+0	0.000000E+0	0.000000E+0
1.845905E+2	-1.558453E+0	2.780000E-1	4.155990E+17	-1.817843E+17	1.405905E-3	0.000000E+0	5.417011E-3	4.573451E-5	0.000000E+0	0.000000E+0	0.000000E+0
1.760501E+2	-1.292673E+0	2.280000E-1	-3.194760E-18	5.558819E-18	1.242836E-3	0.000000E+0	5.679895E-3	4.170544E-5	0.000000E+0	0.000000E+0	0.000000E+0
1.719505E+2	-1.032290E+0	1.770000E-1	-3.021231E-18	1.735786E-18	9.919486E-4	0.000000E+0	5.815418E-3	3.491236E-5	0.000000E+0	0.000000E+0	0.000000E+0
1.676238E+2	-7.240314E-1	1.270000E-1	4.697582E+17	-5.230656E+17	6.710652E-4	0.000000E+0	5.965629E-3	2.576784E-5	0.000000E+0	0.000000E+0	0.000000E+0
1.617705E+2	-5.038118E-1	7.600000E-2	-4.715212E+17	-5.436513E+17	4.651221E-4	0.000000E+0	6.181537E-3	1.925154E-5	0.000000E+0	0.000000E+0	0.000000E+0
1.423795E+2	-2.117958E-1	2.500000E-2	-3.093320E+17	4.406614E-18	1.442660E-4	0.000000E+0	7.023467E-3	1.044772E-5	0.000000E+0	0.000000E+0	0.000000E+0
1.204882E+2	-7.261753E-2	-2.500000E-2	-9.427576E-19	-9.426377E-19	-1.577210E-4	0.000000E+0	8.299565E-3	5.002099E-6	0.000000E+0	0.000000E+0	0.000000E+0
1.099010E+2	-8.133984E-2	-7.600000E-2	-4.717429E+17	-4.928282E+17	-5.199459E-4	0.000000E+0	9.099093E-3	6.734414E-6	0.000000E+0	0.000000E+0	0.000000E+0
1.096502E+2	-1.458359E-1	-1.270000E-1	-2.949171E+17	-4.956124E-18	-9.582686E-4	0.000000E+0	9.119894E-3	1.212955E-5	0.000000E+0	0.000000E+0	0.000000E+0
1.176040E+2	-1.917953E-1	-1.770000E-1	-1.478400E+17	2.700591E+17	-1.251573E-3	0.000000E+0	8.503090E-3	1.386732E-5	0.000000E+0	0.000000E+0	0.000000E+0
1.397670E+2	-3.476868E-1	-2.280000E-1	-2.816971E+17	1.903750E-18	-1.788977E-3	0.000000E+0	7.154720E-3	1.779821E-5	0.000000E+0	0.000000E+0	0.000000E+0
1.578348E+2	-5.544138E-1	-2.780000E-1	-1.696221E+17	-6.410774E-19	-1.853987E-3	0.000000E+0	6.335660E-3	2.225477E-5	0.000000E+0	0.000000E+0	0.000000E+0
1.790146E+2	-7.011986E-1	-3.290000E-1	6.303170E-18	-1.599031E-19	-2.066570E-3	0.000000E+0	5.586051E-3	2.188051E-5	0.000000E+0	0.000000E+0	0.000000E+0
1.990118E+2	-6.436462E-1	-3.800000E-1	-5.761072E+17	-4.172230E+17	-2.446160E-3	0.000000E+0	5.024775E-3	1.625118E-5	0.000000E+0	0.000000E+0	0.000000E+0
2.124922E+2	-1.123104E-1	-4.300000E-1	-5.506670E-18	3.318154E+17	-2.545389E-3	0.000000E+0	4.706054E-3	2.487333E-6	0.000000E+0	0.000000E+0	0.000000E+0
2.257507E+2	8.897877E-1	-4.810000E-1	4.410889E+17	3.939340E-18	-3.024570E-3	0.000000E+0	4.429596E-3	-1.745908E-5	0.000000E+0	0.000000E+0	0.000000E+0
2.368711E+2	1.985603E+0	-5.320000E-1	2.010006E+17	1.860550E+17	-3.006815E-3	0.000000E+0	4.221409E-3	-3.538651E-5	0.000000E+0	0.000000E+0	0.000000E+0
2.398915E+2	3.257233E+0	-5.820000E-1	-4.775830E-18	6.138991E-18	-3.426780E-3	0.000000E+0	4.167783E-3	-5.658992E-5	0.000000E+0	0.000000E+0	0.000000E+0
2.395697E+2	4.089127E+0	-6.330000E-1	-1.827512E-18	1.580559E+17	-3.650598E-3	0.000000E+0	4.172935E-3	-7.122629E-5	0.000000E+0	0.000000E+0	0.000000E+0
2.331021E+2	4.023252E+0	-6.840000E-1	-7.964855E+16	-3.372652E-18	-4.089432E-3	0.000000E+0	4.288688E-3	-7.402110E-5	0.000000E+0	0.000000E+0	0.000000E+0
2.135162E+2	3.252081E+0	-7.340000E-1	2.088264E+17	-2.196584E+17	-4.178447E-3	0.000000E+0	4.682399E-3	-7.131797E-5	0.000000E+0	0.000000E+0	0.000000E+0
1.893395E+2	2.513281E+0	-7.850000E-1	-5.319197E+16	-3.553127E+17	-4.374175E-3	0.000000E+0	5.280588E-3	-7.009420E-5	0.000000E+0	0.000000E+0	0.000000E+0
1.396579E+2	1.763347E+0	-8.350000E-1	-1.183523E-18	-5.342346E-18	-4.581168E-3	0.000000E+0	7.159213E-3	-9.039357E-5	0.000000E+0	0.000000E+0	0.000000E+0
1.098495E+2	1.177184E+0	-8.860000E-1	-5.203440E-18	3.830367E-18	-4.824905E-3	0.000000E+0	9.102319E-3	-9.754349E-5	0.000000E+0	0.000000E+0	0.000000E+0
9.102216E+1	6.223087E-1	-9.370000E-1	2.540081E-19	-1.518024E+17	-5.901633E-3	0.000000E+0	1.098582E-2	-7.510888E-5	0.000000E+0	0.000000E+0	0.000000E+0
8.893471E+1	3.222580E-1	-9.870000E-1	1.311717E+15	5.157902E-18	-5.723539E-3	0.000000E+0	1.124406E-2	-4.074323E-5	0.000000E+0	0.000000E+0	0.000000E+0
9.165746E+1	8.360577E-2	-1.038000E+0	-1.006173E-18	-5.687810E-18	-6.704762E-3	0.000000E+0	1.091018E-2	-9.951768E-6	0.000000E+0	0.000000E+0	0.000000E+0
8.369881E+1	-2.921963E-2	-1.089000E+0	-6.256276E-18	1.398985E+17	-6.553709E-3	0.000000E+0	1.194760E-2	4.170961E-6	0.000000E+0	0.000000E+0	0.000000E+0
7.729665E+1	-9.991217E-2	-1.139000E+0	2.698511E+17	-3.360764E+17	-7.683069E-3	0.000000E+0	1.293715E-2	1.672231E-5	0.000000E+0	0.000000E+0	0.000000E+0
7.487492E+1	-5.464315E-2	-1.190000E+0	-4.014473E-19	-2.240669E+17	-7.984519E-3	0.000000E+0	1.335560E-2	9.746816E-6	0.000000E+0	0.000000E+0	0.000000E+0
6.880373E+1	5.687666E-2	-1.241000E+0	8.607197E+16	4.249670E-18	-8.935610E-3	0.000000E+0	1.453409E-2	-1.201461E-5	0.000000E+0	0.000000E+0	0.000000E+0
6.120450E+1	2.311316E-1	-1.291000E+0	2.127762E-18	3.293656E+15	-9.358637E-3	0.000000E+0	1.633843E-2	-6.170018E-5	0.000000E+0	0.000000E+0	0.000000E+0
6.150964E+1	2.417922E-1	-1.342000E+0	-4.960950E+17	8.277014E+16	-9.665193E-3	0.000000E+0	1.625736E-2	-6.390711E-5	0.000000E+0	0.000000E+0	0.000000E+0
4.912804E+1	4.333882E-1	-1.392000E+0	-6.504745E+16	2.346692E+17	-9.871675E-3	0.000000E+0	2.035339E-2	-1.795496E-4	0.000000E+0	0.000000E+0	0.000000E+0
4.593362E+1	4.485731E-1	-1.443000E+0	5.291893E-18	5.135446E+17	-1.057455E-2	0.000000E+0	2.176847E-2	-2.125839E-4	0.000000E+0	0.000000E+0	0.000000E+0
4.408730E+1	4.533896E-1	-1.494000E+0	-2.052875E-18	3.493290E-18	-1.127947E-2	0.000000E+0	2.267987E-2	-2.332376E-4	0.000000E+0	0.000000E+0	0.000000E+0
5.075904E+1	4.747005E-1	-1.544000E+0	2.907620E+17	-1.496570E-18	-1.282099E-2	0.000000E+0	1.969920E-2	-1.842277E-4	0.000000E+0	0.000000E+0	0.000000E+0
4.827059E+1	4.930105E-1	-1.595000E+0	4.284782E-18	4.664211E-18	-1.252081E-2	0.000000E+0	2.071439E-2	-2.115659E-4	0.000000E+0	0.000000E+0	0.000000E+0
4.268197E+1	5.001059E-1	-1.646000E+0	6.288344E-18	-3.929323E-18	-1.445300E-2	0.000000E+0	2.342588E-2	-2.744817E-4	0.000000E+0	0.000000E+0	0.000000E+0
3.927644E+1	5.042613E-1	-1.696000E+0	8.250878E-19	3.410070E-18	-1.468399E-2	0.000000E+0	2.545636E-2	-3.268284E-4	0.000000E+0	0.000000E+0	0.000000E+0
4.140466E+1	5.943892E-1	-1.747000E+0	4.553607E+17	-2.686618E+17	-1.561721E-2	0.000000E+0	2.414689E-2	-3.466434E-4	0.000000E+0	0.000000E+0	0.000000E+0
4.006422E+1	6.098061E-1	-1.797000E+0	2.517955E+17	3.793721E+16	-1.730326E-2	0.000000E+0	2.495415E-2	-3.798200E-4	0.000000E+0	0.000000E+0	0.000000E+0
3.893636E+1	6.689188E-1	-1.848000E+0	-6.627991E-18	5.175899E+17	-1.651022E-2	0.000000E+0	2.567536E-2	-4.410974E-4	0.000000E+0	0.000000E+0	0.000000E+0
3.947682E+1	6.560099E-1	-1.899000E+0	-5.704680E+17	6.512875E+16	-1.720237E-2	0.000000E+0	2.532433E-2	-4.208295E-4	0.000000E+0	0.000000E+0	0.000000E+0
3.795770E+1	7.068369E-1	-1.949000E+0	-4.691026E+17	6.906363E-18	-1.781182E-2	0.000000E+0	2.633598E-2	-4.904208E-4	0.000000E+0	0.000000E+0	0.000000E+0
3.579655E+1	7.237875E-1	-2.000000E+0	-3.567381E+17	-4.286482E-18	-1.986556E-2	0.000000E+0	2.792424E-2	-5.646134E-4	0.000000E+0	0.000000E+0	0.000000E+0
