Real / Ohm	Ximag / Ohm	V_DC / V	I_a c / A	V_ac / V	I_DC / A
1.149831E+4	-1.774555E+5	-1.500000E+0	-3.567381E+17	-4.286482E-18	3.107052E-6	1.000000E+6	3.636098E-7	5.611655E-6	0.000000E+0	0.000000E+0	0.000000E+0
1.179566E+4	-1.733131E+5	-1.462000E+0	-4.691026E+17	6.906363E-18	3.587877E-6	0.000000E+0	3.908881E-7	5.743301E-6	0.000000E+0	0.000000E+0	0.000000E+0
1.163383E+4	-1.686888E+5	-1.424000E+0	-5.704680E+17	6.512875E+16	4.937028E-7	0.000000E+0	4.069017E-7	5.900013E-6	0.000000E+0	0.000000E+0	0.000000E+0
1.206022E+4	-1.640015E+5	-1.386000E+0	-6.627991E-18	5.175899E+17	4.549642E-6	0.000000E+0	4.459820E-7	6.064709E-6	0.000000E+0	0.000000E+0	0.000000E+0
1.218244E+4	-1.596691E+5	-1.348000E+0	2.517955E+17	3.793721E+16	-1.098218E-6	0.000000E+0	4.750854E-7	6.226704E-6	0.000000E+0	0.000000E+0	0.000000E+0
1.235562E+4	-1.548677E+5	-1.310000E+0	4.553607E+17	-2.686618E+17	2.446999E-6	0.000000E+0	5.119025E-7	6.416284E-6	0.000000E+0	0.000000E+0	0.000000E+0
1.244307E+4	-1.500857E+5	-1.272000E+0	8.250878E-19	3.410070E-18	3.741952E-7	0.000000E+0	5.486230E-7	6.617376E-6	0.000000E+0	0.000000E+0	0.000000E+0
1.242617E+4	-1.444977E+5	-1.234000E+0	6.288344E-18	-3.929323E-18	4.430163E-6	0.000000E+0	5.907660E-7	6.869722E-6	0.000000E+0	0.000000E+0	0.000000E+0
1.236970E+4	-1.396240E+5	-1.196000E+0	4.284782E-18	4.664211E-18	-1.217733E-6	0.000000E+0	6.295695E-7	7.106317E-6	0.000000E+0	0.000000E+0	0.000000E+0
1.293628E+4	-1.340390E+5	-1.158000E+0	2.907620E+17	-1.496570E-18	2.327528E-6	0.000000E+0	7.133794E-7	7.391666E-6	0.000000E+0	0.000000E+0	0.000000E+0
1.299924E+4	-1.279818E+5	-1.120000E+0	-2.052875E-18	3.493290E-18	7.654889E-7	0.000000E+0	7.855322E-7	7.733824E-6	0.000000E+0	0.000000E+0	0.000000E+0
1.292273E+4	-1.218179E+5	-1.082000E+0	5.291893E-18	5.135446E+17	7.355993E-7	0.000000E+0	8.611366E-7	8.117623E-6	0.000000E+0	0.000000E+0	0.000000E+0
1.324556E+4	-1.156524E+5	-1.044000E+0	-6.504745E+16	2.346692E+17	1.727196E-6	0.000000E+0	9.774656E-7	8.534651E-6	0.000000E+0	0.000000E+0	0.000000E+0
1.328693E+4	-1.090248E+5	-1.006000E+0	-4.960950E+17	8.277014E+16	1.186592E-6	0.000000E+0	1.101466E-6	9.037989E-6	0.000000E+0	0.000000E+0	0.000000E+0
1.323234E+4	-1.023824E+5	-9.680000E-1	2.127762E-18	3.293656E+15	-8.861825E-7	0.000000E+0	1.241628E-6	9.606830E-6	0.000000E+0	0.000000E+0	0.000000E+0
1.319335E+4	-9.769281E+4	-9.300000E-1	8.607197E+16	4.249670E-18	1.126838E-6	0.000000E+0	1.357627E-6	1.005282E-5	0.000000E+0	0.000000E+0	0.000000E+0
1.293505E+4	-9.415002E+4	-8.920000E-1	-4.014473E-19	-2.240669E+17	4.672063E-6	0.000000E+0	1.432208E-6	1.042458E-5	0.000000E+0	0.000000E+0	0.000000E+0
1.242733E+4	-9.111611E+4	-8.540000E-1	2.698511E+17	-3.360764E+17	1.067117E-6	0.000000E+0	1.469545E-6	1.077458E-5	0.000000E+0	0.000000E+0	0.000000E+0
1.130718E+4	-8.803133E+4	-8.160000E-1	-6.256276E-18	1.398985E+17	-1.005657E-6	0.000000E+0	1.435401E-6	1.117522E-5	0.000000E+0	0.000000E+0	0.000000E+0
9.732969E+3	-8.550711E+4	-7.780000E-1	-1.006173E-18	-5.687810E-18	-5.248075E-7	0.000000E+0	1.314166E-6	1.154535E-5	0.000000E+0	0.000000E+0	0.000000E+0
7.908211E+3	-8.259008E+4	-7.410000E-1	1.311717E+15	5.157902E-18	-1.629087E-8	0.000000E+0	1.148838E-6	1.199799E-5	0.000000E+0	0.000000E+0	0.000000E+0
5.850949E+3	-7.872048E+4	-7.030000E-1	2.540081E-19	-1.518024E+17	-1.067609E-6	0.000000E+0	9.389842E-7	1.263338E-5	0.000000E+0	0.000000E+0	0.000000E+0
3.925430E+3	-7.252141E+4	-6.650000E-1	-5.203440E-18	3.830367E-18	1.966873E-6	0.000000E+0	7.441907E-7	1.374875E-5	0.000000E+0	0.000000E+0	0.000000E+0
2.431012E+3	-6.284420E+4	-6.270000E-1	-1.183523E-18	-5.342346E-18	2.958466E-6	0.000000E+0	6.146209E-7	1.588859E-5	0.000000E+0	0.000000E+0	0.000000E+0
1.545566E+3	-5.083902E+4	-5.890000E-1	-5.319197E+16	-3.553127E+17	2.417863E-6	0.000000E+0	5.974369E-7	1.965177E-5	0.000000E+0	0.000000E+0	0.000000E+0
1.003135E+3	-3.950027E+4	-5.510000E-1	2.088264E+17	-2.196584E+17	-6.763694E-7	0.000000E+0	6.425091E-7	2.529997E-5	0.000000E+0	0.000000E+0	0.000000E+0
7.292188E+2	-3.088918E+4	-5.130000E-1	-7.964855E+16	-3.372652E-18	2.358112E-6	0.000000E+0	7.638413E-7	3.235576E-5	0.000000E+0	0.000000E+0	0.000000E+0
5.429824E+2	-2.503866E+4	-4.750000E-1	-1.827512E-18	1.580559E+17	-1.246808E-6	0.000000E+0	8.656840E-7	3.991947E-5	0.000000E+0	0.000000E+0	0.000000E+0
4.131240E+2	-2.117409E+4	-4.370000E-1	-4.775830E-18	6.138991E-18	2.298388E-6	0.000000E+0	9.210975E-7	4.720956E-5	0.000000E+0	0.000000E+0	0.000000E+0
3.274883E+2	-1.870312E+4	-3.990000E-1	2.010006E+17	1.860550E+17	1.247068E-6	0.000000E+0	9.359110E-7	5.345063E-5	0.000000E+0	0.000000E+0	0.000000E+0
2.560801E+2	-1.704123E+4	-3.610000E-1	4.410889E+17	3.939340E-18	3.770807E-6	0.000000E+0	8.816088E-7	5.866796E-5	0.000000E+0	0.000000E+0	0.000000E+0
2.510371E+2	-1.579913E+4	-3.230000E-1	-5.506670E-18	3.318154E+17	1.658591E-7	0.000000E+0	1.005453E-6	6.327865E-5	0.000000E+0	0.000000E+0	0.000000E+0
2.261787E+2	-1.482068E+4	-2.850000E-1	-5.761072E+17	-4.172230E+17	1.668168E-6	0.000000E+0	1.029471E-6	6.745758E-5	0.000000E+0	0.000000E+0	0.000000E+0
1.901270E+2	-1.401931E+4	-2.470000E-1	6.303170E-18	-1.599031E-19	1.127592E-6	0.000000E+0	9.671874E-7	7.131707E-5	0.000000E+0	0.000000E+0	0.000000E+0
1.635791E+2	-1.334558E+4	-2.090000E-1	-1.696221E+17	-6.410774E-19	3.140615E-6	0.000000E+0	9.183065E-7	7.491992E-5	0.000000E+0	0.000000E+0	0.000000E+0
1.799902E+2	-1.276231E+4	-1.710000E-1	-2.816971E+17	1.903750E-18	1.578554E-6	0.000000E+0	1.104851E-6	7.834014E-5	0.000000E+0	0.000000E+0	0.000000E+0
1.506602E+2	-1.225387E+4	-1.330000E-1	-1.478400E+17	2.700591E+17	1.652006E-8	0.000000E+0	1.003197E-6	8.159454E-5	0.000000E+0	0.000000E+0	0.000000E+0
1.424277E+2	-1.183467E+4	-9.500000E-2	-2.949171E+17	-4.956124E-18	1.518830E-6	0.000000E+0	1.016762E-6	8.448526E-5	0.000000E+0	0.000000E+0	0.000000E+0
1.341855E+2	-1.145125E+4	-5.700000E-2	-4.717429E+17	-4.928282E+17	4.675112E-7	0.000000E+0	1.023152E-6	8.731472E-5	0.000000E+0	0.000000E+0	0.000000E+0
1.319785E+2	-1.110609E+4	-1.900000E-2	-9.427576E-19	-9.426377E-19	-7.309370E-8	0.000000E+0	1.069842E-6	9.002798E-5	0.000000E+0	0.000000E+0	0.000000E+0
1.323477E+2	-1.078585E+4	1.900000E-2	-3.093320E+17	4.406614E-18	1.429215E-6	0.000000E+0	1.137476E-6	9.270011E-5	0.000000E+0	0.000000E+0	0.000000E+0
1.089390E+2	-1.051259E+4	5.700000E-2	-4.715212E+17	-5.436513E+17	1.399354E-6	0.000000E+0	9.856377E-7	9.511382E-5	0.000000E+0	0.000000E+0	0.000000E+0
1.403428E+2	-1.025446E+4	9.500000E-2	4.697582E+17	-5.230656E+17	2.390920E-6	0.000000E+0	1.334391E-6	9.750028E-5	0.000000E+0	0.000000E+0	0.000000E+0
1.301079E+2	-1.001436E+4	1.330000E-1	-3.021231E-18	1.735786E-18	3.893230E-6	0.000000E+0	1.297131E-6	9.983975E-5	0.000000E+0	0.000000E+0	0.000000E+0
1.266787E+2	-9.791125E+3	1.710000E-1	-3.194760E-18	5.558819E-18	2.882825E-7	0.000000E+0	1.321191E-6	1.021162E-4	0.000000E+0	0.000000E+0	0.000000E+0
1.216558E+2	-9.580617E+3	2.090000E-1	4.155990E+17	-1.817843E+17	1.790592E-6	0.000000E+0	1.325183E-6	1.043606E-4	0.000000E+0	0.000000E+0	0.000000E+0
1.564878E+2	-9.376461E+3	2.470000E-1	-4.136209E+17	4.857998E-18	-1.303642E-6	0.000000E+0	1.779433E-6	1.066203E-4	0.000000E+0	0.000000E+0	0.000000E+0
1.450898E+2	-9.185168E+3	2.850000E-1	-3.851510E-18	-6.440443E-18	1.220125E-6	0.000000E+0	1.719311E-6	1.088440E-4	0.000000E+0	0.000000E+0	0.000000E+0
1.452617E+2	-9.017162E+3	3.230000E-1	4.766215E-20	4.558806E+17	6.795199E-7	0.000000E+0	1.786071E-6	1.108709E-4	0.000000E+0	0.000000E+0	0.000000E+0
1.444199E+2	-8.854086E+3	3.610000E-1	1.388541E-18	6.784133E-18	6.496575E-7	0.000000E+0	1.841722E-6	1.129122E-4	0.000000E+0	0.000000E+0	0.000000E+0
1.609619E+2	-8.698342E+3	3.990000E-1	4.707193E+17	-3.632098E-18	1.130511E-6	0.000000E+0	2.126677E-6	1.149251E-4	0.000000E+0	0.000000E+0	0.000000E+0
1.753706E+2	-8.546881E+3	4.370000E-1	-7.975154E-19	6.323277E-18	1.611363E-6	0.000000E+0	2.399709E-6	1.169525E-4	0.000000E+0	0.000000E+0	0.000000E+0
1.644492E+2	-8.418676E+3	4.750000E-1	-4.524462E+17	2.055148E+17	1.581502E-6	0.000000E+0	2.319415E-6	1.187382E-4	0.000000E+0	0.000000E+0	0.000000E+0
1.948726E+2	-8.292773E+3	5.130000E-1	-6.904434E-18	-8.375564E+16	5.301808E-7	0.000000E+0	2.832119E-6	1.205204E-4	0.000000E+0	0.000000E+0	0.000000E+0
1.863818E+2	-8.177021E+3	5.510000E-1	2.547933E-18	-2.672116E+16	5.003203E-7	0.000000E+0	2.786042E-6	1.222304E-4	0.000000E+0	0.000000E+0	0.000000E+0
1.748125E+2	-8.070699E+3	5.890000E-1	-1.554615E+17	1.089529E+17	-1.061740E-6	0.000000E+0	2.682542E-6	1.238469E-4	0.000000E+0	0.000000E+0	0.000000E+0
1.859272E+2	-7.970394E+3	6.270000E-1	-2.314515E+17	1.796536E+17	-5.808870E-7	0.000000E+0	2.925143E-6	1.253961E-4	0.000000E+0	0.000000E+0	0.000000E+0
2.098315E+2	-7.872217E+3	6.650000E-1	4.674714E-18	-5.707470E+17	1.942877E-6	0.000000E+0	3.383515E-6	1.269388E-4	0.000000E+0	0.000000E+0	0.000000E+0
2.074634E+2	-7.787826E+3	7.030000E-1	-2.820974E+17	-3.573550E+17	1.912987E-6	0.000000E+0	3.418227E-6	1.283145E-4	0.000000E+0	0.000000E+0	0.000000E+0
2.008882E+2	-7.716085E+3	7.410000E-1	7.433461E+16	-3.421240E+17	2.393841E-6	0.000000E+0	3.371834E-6	1.295116E-4	0.000000E+0	0.000000E+0	0.000000E+0
1.980737E+2	-7.648347E+3	7.780000E-1	4.333500E+17	8.421242E+16	-2.715584E-6	0.000000E+0	3.383767E-6	1.306596E-4	0.000000E+0	0.000000E+0	0.000000E+0
2.070767E+2	-7.579057E+3	8.160000E-1	5.364300E+17	-2.871878E+17	-2.234734E-6	0.000000E+0	3.602275E-6	1.318441E-4	0.000000E+0	0.000000E+0	0.000000E+0
2.132485E+2	-7.519684E+3	8.540000E-1	-4.075705E-18	1.659667E-18	-2.775338E-6	0.000000E+0	3.768232E-6	1.328774E-4	0.000000E+0	0.000000E+0	0.000000E+0
1.967720E+2	-7.471158E+3	8.920000E-1	9.225665E+16	1.907244E+17	-2.515699E-7	0.000000E+0	3.522786E-6	1.337553E-4	0.000000E+0	0.000000E+0	0.000000E+0
1.984365E+2	-7.417170E+3	9.300000E-1	4.020179E+17	1.832659E+17	7.399976E-7	0.000000E+0	3.604411E-6	1.347259E-4	0.000000E+0	0.000000E+0	0.000000E+0
2.099541E+2	-7.369595E+3	9.680000E-1	1.676928E-18	4.035830E-18	-1.332781E-6	0.000000E+0	3.862645E-6	1.355826E-4	0.000000E+0	0.000000E+0	0.000000E+0
1.959102E+2	-7.329068E+3	1.006000E+0	-2.658310E+17	-5.132058E+17	-1.362641E-6	0.000000E+0	3.644596E-6	1.363456E-4	0.000000E+0	0.000000E+0	0.000000E+0
2.011909E+2	-7.288558E+3	1.044000E+0	5.241928E+17	2.782928E-18	-1.392502E-6	0.000000E+0	3.784376E-6	1.370969E-4	0.000000E+0	0.000000E+0	0.000000E+0
2.352705E+2	-7.246233E+3	1.082000E+0	2.579781E+17	4.568510E-19	1.131237E-6	0.000000E+0	4.475951E-6	1.378574E-4	0.000000E+0	0.000000E+0	0.000000E+0
2.072412E+2	-7.210659E+3	1.120000E+0	-4.023263E-18	5.325189E+16	5.906622E-7	0.000000E+0	3.982608E-6	1.385691E-4	0.000000E+0	0.000000E+0	0.000000E+0
2.053286E+2	-7.184410E+3	1.158000E+0	-1.980656E+17	2.858813E+16	2.603680E-6	0.000000E+0	3.974776E-6	1.390767E-4	0.000000E+0	0.000000E+0	0.000000E+0
2.058960E+2	-7.155978E+3	1.196000E+0	-2.714796E-18	5.985466E+14	1.041626E-6	0.000000E+0	4.017450E-6	1.396277E-4	0.000000E+0	0.000000E+0	0.000000E+0
2.057568E+2	-7.125533E+3	1.234000E+0	5.785012E-19	5.234687E+17	-1.031127E-6	0.000000E+0	4.049091E-6	1.402235E-4	0.000000E+0	0.000000E+0	0.000000E+0
2.012495E+2	-7.104734E+3	1.272000E+0	-2.373659E+17	1.295985E-19	3.024783E-6	0.000000E+0	3.983739E-6	1.406384E-4	0.000000E+0	0.000000E+0	0.000000E+0
1.888110E+2	-7.084979E+3	1.310000E+0	-5.351627E-18	2.391872E+17	-1.090877E-6	0.000000E+0	3.758736E-6	1.410435E-4	0.000000E+0	0.000000E+0	0.000000E+0
1.989521E+2	-7.061524E+3	1.348000E+0	2.587907E+17	1.873793E-18	9.221403E-7	0.000000E+0	3.986640E-6	1.415002E-4	0.000000E+0	0.000000E+0	0.000000E+0
2.037202E+2	-7.040304E+3	1.386000E+0	-3.127958E+17	-9.739241E-19	1.402994E-6	0.000000E+0	4.106651E-6	1.419205E-4	0.000000E+0	0.000000E+0	0.000000E+0
2.010068E+2	-7.022481E+3	1.424000E+0	6.653843E-18	-4.395667E+17	-6.697810E-7	0.000000E+0	4.072620E-6	1.422832E-4	0.000000E+0	0.000000E+0	0.000000E+0
2.061846E+2	-7.004164E+3	1.462000E+0	-1.571544E-18	-4.190346E+17	1.343273E-6	0.000000E+0	4.199208E-6	1.426486E-4	0.000000E+0	0.000000E+0	0.000000E+0
2.211025E+2	-6.980856E+3	1.500000E+0	-9.275714E-19	-3.780201E-18	-2.772416E-6	0.000000E+0	4.532532E-6	1.431054E-4	0.000000E+0	0.000000E+0	0.000000E+0
