Real / Ohm	Ximag / Ohm	V_DC / V	I_a c / A	V_ac / V	I_DC / A
6.070820E+2	-8.954193E+3	-2.500000E+0	-3.567381E+17	-4.286482E-18	2.172776E-6	1.000000E+7	7.537073E-6	1.111685E-4	0.000000E+0	0.000000E+0	0.000000E+0
6.308843E+2	-8.120644E+3	-2.437000E+0	-4.691026E+17	6.906363E-18	4.297908E-7	0.000000E+0	9.509451E-6	1.224042E-4	0.000000E+0	0.000000E+0	0.000000E+0
5.912339E+2	-7.372124E+3	-2.373000E+0	-5.704680E+17	6.512875E+16	2.234199E-6	0.000000E+0	1.080910E-5	1.347792E-4	0.000000E+0	0.000000E+0	0.000000E+0
4.934949E+2	-6.720185E+3	-2.310000E+0	-6.627991E-18	5.175899E+17	-1.948501E-8	0.000000E+0	1.086887E-5	1.480073E-4	0.000000E+0	0.000000E+0	0.000000E+0
4.083689E+2	-6.045876E+3	-2.247000E+0	2.517955E+17	3.793721E+16	1.301887E-6	0.000000E+0	1.112134E-5	1.646508E-4	0.000000E+0	0.000000E+0	0.000000E+0
3.396926E+2	-5.252995E+3	-2.184000E+0	4.553607E+17	-2.686618E+17	3.644745E-6	0.000000E+0	1.225913E-5	1.895748E-4	0.000000E+0	0.000000E+0	0.000000E+0
3.473118E+2	-4.277963E+3	-2.120000E+0	8.250878E-19	3.410070E-18	-1.688168E-7	0.000000E+0	1.885352E-5	2.322255E-4	0.000000E+0	0.000000E+0	0.000000E+0
3.450552E+2	-3.273755E+3	-2.057000E+0	6.288344E-18	-3.929323E-18	-1.401088E-6	0.000000E+0	3.184184E-5	3.021035E-4	0.000000E+0	0.000000E+0	0.000000E+0
3.875717E+2	-2.464372E+3	-1.994000E+0	4.284782E-18	4.664211E-18	-1.611850E-6	0.000000E+0	6.227711E-5	3.959886E-4	0.000000E+0	0.000000E+0	0.000000E+0
4.253086E+2	-1.902346E+3	-1.930000E+0	2.907620E+17	-1.496570E-18	2.746187E-6	0.000000E+0	1.119290E-4	5.006427E-4	0.000000E+0	0.000000E+0	0.000000E+0
4.042314E+2	-1.568086E+3	-1.867000E+0	-2.052875E-18	3.493290E-18	-5.289912E-7	0.000000E+0	1.541517E-4	5.979819E-4	0.000000E+0	0.000000E+0	0.000000E+0
2.948695E+2	-1.371999E+3	-1.804000E+0	5.291893E-18	5.135446E+17	7.923809E-7	0.000000E+0	1.497309E-4	6.966834E-4	0.000000E+0	0.000000E+0	0.000000E+0
2.064671E+2	-1.208073E+3	-1.741000E+0	-6.504745E+16	2.346692E+17	2.113746E-6	0.000000E+0	1.374551E-4	8.042726E-4	0.000000E+0	0.000000E+0	0.000000E+0
1.632958E+2	-1.090369E+3	-1.677000E+0	-4.960950E+17	8.277014E+16	2.386019E-6	0.000000E+0	1.343368E-4	8.970022E-4	0.000000E+0	0.000000E+0	0.000000E+0
1.415212E+2	-1.010417E+3	-1.614000E+0	2.127762E-18	3.293656E+15	-1.399880E-6	0.000000E+0	1.359512E-4	9.706488E-4	0.000000E+0	0.000000E+0	0.000000E+0
1.260458E+2	-9.523207E+2	-1.551000E+0	8.607197E+16	4.249670E-18	-7.850758E-8	0.000000E+0	1.365903E-4	1.031988E-3	0.000000E+0	0.000000E+0	0.000000E+0
1.117670E+2	-9.084280E+2	-1.487000E+0	-4.014473E-19	-2.240669E+17	2.236680E-6	0.000000E+0	1.334160E-4	1.084388E-3	0.000000E+0	0.000000E+0	0.000000E+0
1.028148E+2	-8.725979E+2	-1.424000E+0	2.698511E+17	-3.360764E+17	1.004417E-6	0.000000E+0	1.331801E-4	1.130311E-3	0.000000E+0	0.000000E+0	0.000000E+0
7.045578E+1	-8.419991E+2	-1.361000E+0	-6.256276E-18	1.398985E+17	2.325782E-6	0.000000E+0	9.868772E-5	1.179392E-3	0.000000E+0	0.000000E+0	0.000000E+0
9.069690E+1	-8.170632E+2	-1.297000E+0	-1.006173E-18	-5.687810E-18	4.442700E-8	0.000000E+0	1.342031E-4	1.208999E-3	0.000000E+0	0.000000E+0	0.000000E+0
8.274210E+1	-7.952228E+2	-1.234000E+0	1.311717E+15	5.157902E-18	-6.771224E-7	0.000000E+0	1.294412E-4	1.244041E-3	0.000000E+0	0.000000E+0	0.000000E+0
7.703314E+1	-7.757848E+2	-1.171000E+0	2.540081E-19	-1.518024E+17	1.665729E-6	0.000000E+0	1.267459E-4	1.276432E-3	0.000000E+0	0.000000E+0	0.000000E+0
7.240872E+1	-7.581425E+2	-1.108000E+0	-5.203440E-18	3.830367E-18	9.442156E-7	0.000000E+0	1.248377E-4	1.307090E-3	0.000000E+0	0.000000E+0	0.000000E+0
7.416000E+1	-7.417977E+2	-1.044000E+0	-1.183523E-18	-5.342346E-18	-8.264324E-7	0.000000E+0	1.334380E-4	1.334736E-3	0.000000E+0	0.000000E+0	0.000000E+0
6.849426E+1	-7.269265E+2	-9.810000E-1	-5.319197E+16	-3.553127E+17	-1.547949E-6	0.000000E+0	1.284797E-4	1.363549E-3	0.000000E+0	0.000000E+0	0.000000E+0
6.475714E+1	-7.129020E+2	-9.180000E-1	2.088264E+17	-2.196584E+17	7.948438E-7	0.000000E+0	1.263744E-4	1.391238E-3	0.000000E+0	0.000000E+0	0.000000E+0
6.326984E+1	-6.997075E+2	-8.540000E-1	-7.964855E+16	-3.372652E-18	2.599289E-6	0.000000E+0	1.281820E-4	1.417578E-3	0.000000E+0	0.000000E+0	0.000000E+0
5.960001E+1	-6.882872E+2	-7.910000E-1	-1.827512E-18	1.580559E+17	-1.186603E-6	0.000000E+0	1.248713E-4	1.442069E-3	0.000000E+0	0.000000E+0	0.000000E+0
6.023267E+1	-6.768091E+2	-7.280000E-1	-4.775830E-18	6.138991E-18	3.199133E-6	0.000000E+0	1.304589E-4	1.465911E-3	0.000000E+0	0.000000E+0	0.000000E+0
5.966354E+1	-6.647955E+2	-6.650000E-1	2.010006E+17	1.860550E+17	-2.629640E-6	0.000000E+0	1.339210E-4	1.492203E-3	0.000000E+0	0.000000E+0	0.000000E+0
6.029254E+1	-6.541536E+2	-6.010000E-1	4.410889E+17	3.939340E-18	1.962289E-7	0.000000E+0	1.397109E-4	1.515816E-3	0.000000E+0	0.000000E+0	0.000000E+0
5.536108E+1	-6.435160E+2	-5.380000E-1	-5.506670E-18	3.318154E+17	3.049769E-6	0.000000E+0	1.327038E-4	1.542547E-3	0.000000E+0	0.000000E+0	0.000000E+0
5.552829E+1	-6.332222E+2	-4.750000E-1	-5.761072E+17	-4.172230E+17	-2.253801E-7	0.000000E+0	1.374280E-4	1.567173E-3	0.000000E+0	0.000000E+0	0.000000E+0
5.475446E+1	-6.235599E+2	-4.110000E-1	6.303170E-18	-1.599031E-19	-4.638496E-7	0.000000E+0	1.397421E-4	1.591424E-3	0.000000E+0	0.000000E+0	0.000000E+0
6.219067E+1	-6.150225E+2	-3.480000E-1	-1.696221E+17	-6.410774E-19	3.468012E-7	0.000000E+0	1.627515E-4	1.609499E-3	0.000000E+0	0.000000E+0	0.000000E+0
5.725339E+1	-6.055603E+2	-2.850000E-1	-2.816971E+17	1.903750E-18	-3.747173E-7	0.000000E+0	1.547467E-4	1.636733E-3	0.000000E+0	0.000000E+0	0.000000E+0
5.513437E+1	-5.969604E+2	-2.220000E-1	-1.478400E+17	2.700591E+17	1.457363E-6	0.000000E+0	1.534061E-4	1.660985E-3	0.000000E+0	0.000000E+0	0.000000E+0
5.541791E+1	-5.889255E+2	-1.580000E-1	-2.949171E+17	-4.956124E-18	1.974640E-7	0.000000E+0	1.583802E-4	1.683104E-3	0.000000E+0	0.000000E+0	0.000000E+0
5.948425E+1	-5.818109E+2	-9.500000E-2	-4.717429E+17	-4.928282E+17	1.008087E-6	0.000000E+0	1.739090E-4	1.700991E-3	0.000000E+0	0.000000E+0	0.000000E+0
4.848776E+1	-5.752656E+2	-3.200000E-2	-9.427576E-19	-9.426377E-19	-1.245603E-6	0.000000E+0	1.454859E-4	1.726065E-3	0.000000E+0	0.000000E+0	0.000000E+0
5.628622E+1	-5.671609E+2	3.200000E-2	-3.093320E+17	4.406614E-18	-1.994788E-6	0.000000E+0	1.732739E-4	1.745972E-3	0.000000E+0	0.000000E+0	0.000000E+0
5.625873E+1	-5.608147E+2	9.500000E-2	-4.715212E+17	-5.436513E+17	8.587490E-7	0.000000E+0	1.770935E-4	1.765355E-3	0.000000E+0	0.000000E+0	0.000000E+0
5.368475E+1	-5.543663E+2	1.580000E-1	4.697582E+17	-5.230656E+17	-1.394941E-6	0.000000E+0	1.730627E-4	1.787102E-3	0.000000E+0	0.000000E+0	0.000000E+0
5.092737E+1	-5.482026E+2	2.220000E-1	-3.021231E-18	1.735786E-18	2.452387E-6	0.000000E+0	1.680108E-4	1.808535E-3	0.000000E+0	0.000000E+0	0.000000E+0
5.289395E+1	-5.438584E+2	2.850000E-1	-3.194760E-18	5.558819E-18	-3.120458E-7	0.000000E+0	1.771518E-4	1.821485E-3	0.000000E+0	0.000000E+0	0.000000E+0
5.018976E+1	-5.380186E+2	3.480000E-1	4.155990E+17	-1.817843E+17	1.009321E-6	0.000000E+0	1.718927E-4	1.842637E-3	0.000000E+0	0.000000E+0	0.000000E+0
5.596393E+1	-5.337751E+2	4.110000E-1	-4.136209E+17	4.857998E-18	-2.229426E-7	0.000000E+0	1.942869E-4	1.853078E-3	0.000000E+0	0.000000E+0	0.000000E+0
5.554962E+1	-5.292284E+2	4.750000E-1	-3.851510E-18	-6.440443E-18	5.600450E-7	0.000000E+0	1.961716E-4	1.868952E-3	0.000000E+0	0.000000E+0	0.000000E+0
5.508322E+1	-5.255774E+2	5.380000E-1	4.766215E-20	4.558806E+17	-1.182932E-6	0.000000E+0	1.972430E-4	1.881997E-3	0.000000E+0	0.000000E+0	0.000000E+0
5.691925E+1	-5.222043E+2	6.010000E-1	1.388541E-18	6.784133E-18	-2.925906E-6	0.000000E+0	2.062762E-4	1.892476E-3	0.000000E+0	0.000000E+0	0.000000E+0
5.359592E+1	-5.203086E+2	6.650000E-1	4.707193E+17	-3.632098E-18	-3.164379E-6	0.000000E+0	1.958961E-4	1.901757E-3	0.000000E+0	0.000000E+0	0.000000E+0
5.967511E+1	-5.157441E+2	7.280000E-1	-7.975154E-19	6.323277E-18	-1.843011E-6	0.000000E+0	2.213854E-4	1.913330E-3	0.000000E+0	0.000000E+0	0.000000E+0
5.796793E+1	-5.129941E+2	7.910000E-1	-4.524462E+17	2.055148E+17	-2.053817E-6	0.000000E+0	2.174967E-4	1.924763E-3	0.000000E+0	0.000000E+0	0.000000E+0
5.577231E+1	-5.100071E+2	8.540000E-1	-6.904434E-18	-8.375564E+16	-2.264624E-6	0.000000E+0	2.118866E-4	1.937586E-3	0.000000E+0	0.000000E+0	0.000000E+0
5.342020E+1	-5.074846E+2	9.180000E-1	2.547933E-18	-2.672116E+16	-4.601789E-7	0.000000E+0	2.051512E-4	1.948908E-3	0.000000E+0	0.000000E+0	0.000000E+0
5.403207E+1	-5.054297E+2	9.810000E-1	-1.554615E+17	1.089529E+17	-1.602712E-7	0.000000E+0	2.091197E-4	1.956159E-3	0.000000E+0	0.000000E+0	0.000000E+0
5.637479E+1	-5.037900E+2	1.044000E+0	-2.314515E+17	1.796536E+17	-2.413959E-6	0.000000E+0	2.193721E-4	1.960406E-3	0.000000E+0	0.000000E+0	0.000000E+0
5.619449E+1	-5.014905E+2	1.108000E+0	4.674714E-18	-5.707470E+17	4.119065E-7	0.000000E+0	2.206730E-4	1.969328E-3	0.000000E+0	0.000000E+0	0.000000E+0
5.589813E+1	-4.998939E+2	1.171000E+0	-2.820974E+17	-3.573550E+17	-1.841778E-6	0.000000E+0	2.209251E-4	1.975721E-3	0.000000E+0	0.000000E+0	0.000000E+0
5.647568E+1	-4.987698E+2	1.234000E+0	7.433461E+16	-3.421240E+17	-5.204129E-7	0.000000E+0	2.241447E-4	1.979553E-3	0.000000E+0	0.000000E+0	0.000000E+0
5.761096E+1	-4.976780E+2	1.297000E+0	4.333500E+17	8.421242E+16	-4.306276E-6	0.000000E+0	2.295235E-4	1.982762E-3	0.000000E+0	0.000000E+0	0.000000E+0
5.299728E+1	-4.978023E+2	1.361000E+0	5.364300E+17	-2.871878E+17	-4.589747E-7	0.000000E+0	2.114682E-4	1.986316E-3	0.000000E+0	0.000000E+0	0.000000E+0
6.584482E+1	-4.964664E+2	1.424000E+0	-4.075705E-18	1.659667E-18	-1.691209E-6	0.000000E+0	2.625241E-4	1.979417E-3	0.000000E+0	0.000000E+0	0.000000E+0
5.664465E+1	-4.947037E+2	1.487000E+0	9.225665E+16	1.907244E+17	-1.391301E-6	0.000000E+0	2.284608E-4	1.995253E-3	0.000000E+0	0.000000E+0	0.000000E+0
5.253299E+1	-4.933378E+2	1.551000E+0	4.020179E+17	1.832659E+17	-6.083137E-7	0.000000E+0	2.134256E-4	2.004282E-3	0.000000E+0	0.000000E+0	0.000000E+0
5.286462E+1	-4.928766E+2	1.614000E+0	1.676928E-18	4.035830E-18	1.734516E-6	0.000000E+0	2.151399E-4	2.005830E-3	0.000000E+0	0.000000E+0	0.000000E+0
5.356924E+1	-4.935314E+2	1.677000E+0	-2.658310E+17	-5.132058E+17	-2.562098E-6	0.000000E+0	2.173698E-4	2.002620E-3	0.000000E+0	0.000000E+0	0.000000E+0
4.241077E+1	-4.912189E+2	1.741000E+0	5.241928E+17	2.782928E-18	2.637753E-7	0.000000E+0	1.744619E-4	2.020690E-3	0.000000E+0	0.000000E+0	0.000000E+0
5.500992E+1	-4.920535E+2	1.804000E+0	2.579781E+17	4.568510E-19	-1.989916E-6	0.000000E+0	2.243995E-4	2.007212E-3	0.000000E+0	0.000000E+0	0.000000E+0
5.155960E+1	-4.914399E+2	1.867000E+0	-4.023263E-18	5.325189E+16	-2.711429E-6	0.000000E+0	2.111614E-4	2.012683E-3	0.000000E+0	0.000000E+0	0.000000E+0
5.356818E+1	-4.922921E+2	1.930000E+0	-1.980656E+17	2.858813E+16	-1.390064E-6	0.000000E+0	2.184485E-4	2.007544E-3	0.000000E+0	0.000000E+0	0.000000E+0
5.284955E+1	-4.921232E+2	1.994000E+0	-2.714796E-18	5.985466E+14	-2.649998E-6	0.000000E+0	2.157315E-4	2.008844E-3	0.000000E+0	0.000000E+0	0.000000E+0
5.364157E+1	-4.929410E+2	2.057000E+0	5.785012E-19	5.234687E+17	-3.882247E-6	0.000000E+0	2.181720E-4	2.004899E-3	0.000000E+0	0.000000E+0	0.000000E+0
5.675168E+1	-4.933911E+2	2.120000E+0	-2.373659E+17	1.295985E-19	-4.603775E-6	0.000000E+0	2.300848E-4	2.000324E-3	0.000000E+0	0.000000E+0	0.000000E+0
5.535452E+1	-4.937474E+2	2.184000E+0	-5.351627E-18	2.391872E+17	-3.310081E-6	0.000000E+0	2.242430E-4	2.000187E-3	0.000000E+0	0.000000E+0	0.000000E+0
5.178641E+1	-4.954067E+2	2.247000E+0	2.587907E+17	1.873793E-18	-3.520880E-6	0.000000E+0	2.087239E-4	1.996725E-3	0.000000E+0	0.000000E+0	0.000000E+0
4.186188E+1	-4.938028E+2	2.310000E+0	-3.127958E+17	-9.739241E-19	-2.199507E-6	0.000000E+0	1.704518E-4	2.010650E-3	0.000000E+0	0.000000E+0	0.000000E+0
5.402206E+1	-4.960753E+2	2.373000E+0	6.653843E-18	-4.395667E+17	-2.410277E-6	0.000000E+0	2.169481E-4	1.992198E-3	0.000000E+0	0.000000E+0	0.000000E+0
5.165009E+1	-4.957343E+2	2.437000E+0	-1.571544E-18	-4.190346E+17	-9.515497E-8	0.000000E+0	2.079142E-4	1.995547E-3	0.000000E+0	0.000000E+0	0.000000E+0
5.541885E+1	-4.965348E+2	2.500000E+0	-9.275714E-19	-3.780201E-18	-3.881025E-6	0.000000E+0	2.220146E-4	1.989178E-3	0.000000E+0	0.000000E+0	0.000000E+0
