Real / Ohm	Ximag / Ohm	V_DC / V	I_a c / A	V_ac / V	I_DC / A
8.596308E+6	-2.600670E+6	-2.000000E+0	-3.567381E+17	-4.286482E-18	2.639907E-6	1.000000E+3	1.065746E-7	3.224238E-8	0.000000E+0	0.000000E+0	0.000000E+0
5.547947E+6	-1.363197E+6	-1.949000E+0	-4.691026E+17	6.906363E-18	-1.835411E-6	0.000000E+0	1.699842E-7	4.176715E-8	0.000000E+0	0.000000E+0	0.000000E+0
6.207068E+6	-9.243990E+5	-1.899000E+0	-5.704680E+17	6.512875E+16	2.399247E-6	0.000000E+0	1.576110E-7	2.347250E-8	0.000000E+0	0.000000E+0	0.000000E+0
6.565473E+6	2.106020E+4	-1.848000E+0	-6.627991E-18	5.175899E+17	9.882715E-7	0.000000E+0	1.523104E-7	-4.885691E-10	0.000000E+0	0.000000E+0	0.000000E+0
4.206543E+6	4.671859E+5	-1.797000E+0	2.517955E+17	3.793721E+16	2.641631E-6	0.000000E+0	2.348284E-7	-2.608044E-8	0.000000E+0	0.000000E+0	0.000000E+0
5.098954E+6	5.114584E+5	-1.747000E+0	4.553607E+17	-2.686618E+17	7.476046E-7	0.000000E+0	1.941651E-7	-1.947603E-8	0.000000E+0	0.000000E+0	0.000000E+0
5.140333E+6	-7.512107E+5	-1.696000E+0	8.250878E-19	3.410070E-18	2.911671E-6	0.000000E+0	1.904720E-7	2.783567E-8	0.000000E+0	0.000000E+0	0.000000E+0
1.118036E+7	-2.772887E+6	-1.646000E+0	6.288344E-18	-3.929323E-18	1.017645E-6	0.000000E+0	8.425966E-8	2.089758E-8	0.000000E+0	0.000000E+0	0.000000E+0
1.539474E+7	-7.789859E+6	-1.595000E+0	4.284782E-18	4.664211E-18	6.280970E-7	0.000000E+0	5.171575E-8	2.616857E-8	0.000000E+0	0.000000E+0	0.000000E+0
1.392903E+7	-1.114383E+7	-1.544000E+0	2.907620E+17	-1.496570E-18	-1.293600E-6	0.000000E+0	4.377406E-8	3.502115E-8	0.000000E+0	0.000000E+0	0.000000E+0
1.357308E+7	-1.475677E+7	-1.494000E+0	-2.052875E-18	3.493290E-18	8.981442E-7	0.000000E+0	3.376466E-8	3.670923E-8	0.000000E+0	0.000000E+0	0.000000E+0
1.045725E+7	-1.633527E+7	-1.443000E+0	5.291893E-18	5.135446E+17	2.551504E-6	0.000000E+0	2.779741E-8	4.342233E-8	0.000000E+0	0.000000E+0	0.000000E+0
8.212609E+6	-1.569373E+7	-1.392000E+0	-6.504745E+16	2.346692E+17	-9.023352E-7	0.000000E+0	2.617647E-8	5.002143E-8	0.000000E+0	0.000000E+0	0.000000E+0
6.640783E+6	-1.641649E+7	-1.342000E+0	-4.960950E+17	8.277014E+16	1.800123E-6	0.000000E+0	2.117589E-8	5.234831E-8	0.000000E+0	0.000000E+0	0.000000E+0
3.739266E+6	-1.584480E+7	-1.291000E+0	2.127762E-18	3.293656E+15	2.942768E-6	0.000000E+0	1.410832E-8	5.978272E-8	0.000000E+0	0.000000E+0	0.000000E+0
3.199608E+6	-1.458965E+7	-1.241000E+0	8.607197E+16	4.249670E-18	2.725574E-8	0.000000E+0	1.434188E-8	6.539647E-8	0.000000E+0	0.000000E+0	0.000000E+0
1.521090E+6	-1.365320E+7	-1.190000E+0	-4.014473E-19	-2.240669E+17	-3.622335E-7	0.000000E+0	8.059883E-9	7.234496E-8	0.000000E+0	0.000000E+0	0.000000E+0
1.526194E+6	-1.228210E+7	-1.139000E+0	2.698511E+17	-3.360764E+17	2.696906E-7	0.000000E+0	9.963451E-9	8.018123E-8	0.000000E+0	0.000000E+0	0.000000E+0
1.061163E+6	-1.173254E+7	-1.089000E+0	-6.256276E-18	1.398985E+17	1.440007E-6	0.000000E+0	7.646448E-9	8.454144E-8	0.000000E+0	0.000000E+0	0.000000E+0
8.575467E+5	-1.117970E+7	-1.038000E+0	-1.006173E-18	-5.687810E-18	5.397378E-7	0.000000E+0	6.821026E-9	8.892463E-8	0.000000E+0	0.000000E+0	0.000000E+0
6.340571E+5	-1.074192E+7	-9.870000E-1	1.311717E+15	5.157902E-18	3.214562E-6	0.000000E+0	5.475881E-9	9.277001E-8	0.000000E+0	0.000000E+0	0.000000E+0
4.369119E+5	-1.044600E+7	-9.370000E-1	2.540081E-19	-1.518024E+17	3.363417E-6	0.000000E+0	3.997005E-9	9.556325E-8	0.000000E+0	0.000000E+0	0.000000E+0
2.919380E+5	-9.937496E+6	-8.860000E-1	-5.203440E-18	3.830367E-18	9.309806E-7	0.000000E+0	2.953671E-9	1.005422E-7	0.000000E+0	0.000000E+0	0.000000E+0
3.124802E+5	-9.754982E+6	-8.350000E-1	-1.183523E-18	-5.342346E-18	3.095083E-6	0.000000E+0	3.280380E-9	1.024066E-7	0.000000E+0	0.000000E+0	0.000000E+0
4.031328E+5	-9.302616E+6	-7.850000E-1	-5.319197E+16	-3.553127E+17	2.222485E-6	0.000000E+0	4.649681E-9	1.072951E-7	0.000000E+0	0.000000E+0	0.000000E+0
2.032492E+5	-9.142024E+6	-7.340000E-1	2.088264E+17	-2.196584E+17	-7.206654E-7	0.000000E+0	2.430690E-9	1.093309E-7	0.000000E+0	0.000000E+0	0.000000E+0
2.693007E+5	-8.803690E+6	-6.840000E-1	-7.964855E+16	-3.372652E-18	-1.082524E-6	0.000000E+0	3.471377E-9	1.134825E-7	0.000000E+0	0.000000E+0	0.000000E+0
2.479583E+5	-8.729282E+6	-6.330000E-1	-1.827512E-18	1.580559E+17	5.708389E-7	0.000000E+0	3.251407E-9	1.144646E-7	0.000000E+0	0.000000E+0	0.000000E+0
2.364553E+5	-8.497278E+6	-5.820000E-1	-4.775830E-18	6.138991E-18	6.920272E-7	0.000000E+0	3.272301E-9	1.175937E-7	0.000000E+0	0.000000E+0	0.000000E+0
2.531382E+5	-8.345333E+6	-5.320000E-1	2.010006E+17	1.860550E+17	8.408824E-7	0.000000E+0	3.631374E-9	1.197173E-7	0.000000E+0	0.000000E+0	0.000000E+0
1.764837E+5	-8.250189E+6	-4.810000E-1	4.410889E+17	3.939340E-18	-2.102268E-6	0.000000E+0	2.591661E-9	1.211539E-7	0.000000E+0	0.000000E+0	0.000000E+0
2.482064E+5	-8.029255E+6	-4.300000E-1	-5.506670E-18	3.318154E+17	-1.470362E-6	0.000000E+0	3.846340E-9	1.244257E-7	0.000000E+0	0.000000E+0	0.000000E+0
1.184219E+5	-7.841727E+6	-3.800000E-1	-5.761072E+17	-4.172230E+17	2.106663E-7	0.000000E+0	1.925349E-9	1.274939E-7	0.000000E+0	0.000000E+0	0.000000E+0
3.440164E+4	-7.806036E+6	-3.290000E-1	6.303170E-18	-1.599031E-19	8.425995E-7	0.000000E+0	5.645594E-10	1.281035E-7	0.000000E+0	0.000000E+0	0.000000E+0
1.126274E+5	-7.658438E+6	-2.780000E-1	-1.696221E+17	-6.410774E-19	-5.766742E-8	0.000000E+0	1.919861E-9	1.305467E-7	0.000000E+0	0.000000E+0	0.000000E+0
1.557372E+5	-7.472250E+6	-2.280000E-1	-2.816971E+17	1.903750E-18	-1.951696E-6	0.000000E+0	2.788053E-9	1.337704E-7	0.000000E+0	0.000000E+0	0.000000E+0
1.256001E+5	-7.329801E+6	-1.770000E-1	-1.478400E+17	2.700591E+17	1.744551E-6	0.000000E+0	2.337104E-9	1.363893E-7	0.000000E+0	0.000000E+0	0.000000E+0
1.321247E+5	-7.329550E+6	-1.270000E-1	-2.949171E+17	-4.956124E-18	2.914865E-6	0.000000E+0	2.458602E-9	1.363897E-7	0.000000E+0	0.000000E+0	0.000000E+0
6.404929E+4	-7.236440E+6	-7.600000E-2	-4.717429E+17	-4.928282E+17	4.057512E-6	0.000000E+0	1.223011E-9	1.381787E-7	0.000000E+0	0.000000E+0	0.000000E+0
4.561833E+4	-7.067319E+6	-2.500000E-2	-9.427576E-19	-9.426377E-19	1.114361E-6	0.000000E+0	9.132967E-10	1.414905E-7	0.000000E+0	0.000000E+0	0.000000E+0
5.250120E+4	-7.062066E+6	2.500000E-2	-3.093320E+17	4.406614E-18	7.525039E-7	0.000000E+0	1.052644E-9	1.415938E-7	0.000000E+0	0.000000E+0	0.000000E+0
6.682489E+4	-6.876466E+6	7.600000E-2	-4.715212E+17	-5.436513E+17	-6.584764E-7	0.000000E+0	1.413080E-9	1.454098E-7	0.000000E+0	0.000000E+0	0.000000E+0
6.998806E+4	-6.819504E+6	1.270000E-1	4.697582E+17	-5.230656E+17	3.037771E-6	0.000000E+0	1.504779E-9	1.466228E-7	0.000000E+0	0.000000E+0	0.000000E+0
1.584154E+5	-6.802528E+6	1.770000E-1	-3.021231E-18	1.735786E-18	6.329992E-7	0.000000E+0	3.421537E-9	1.469245E-7	0.000000E+0	0.000000E+0	0.000000E+0
4.267729E+4	-6.565548E+6	2.280000E-1	-3.194760E-18	5.558819E-18	-2.672386E-7	0.000000E+0	9.900030E-10	1.523038E-7	0.000000E+0	0.000000E+0	0.000000E+0
1.017875E+5	-6.606685E+6	2.780000E-1	4.155990E+17	-1.817843E+17	-1.650553E-6	0.000000E+0	2.331440E-9	1.513259E-7	0.000000E+0	0.000000E+0	0.000000E+0
1.830488E+5	-6.530920E+6	3.290000E-1	-4.136209E+17	4.857998E-18	-5.079055E-7	0.000000E+0	4.288221E-9	1.529976E-7	0.000000E+0	0.000000E+0	0.000000E+0
3.862544E+5	-6.385309E+6	3.800000E-1	-3.851510E-18	-6.440443E-18	6.347127E-7	0.000000E+0	9.438943E-9	1.560385E-7	0.000000E+0	0.000000E+0	0.000000E+0
5.375694E+5	-6.296610E+6	4.300000E-1	4.766215E-20	4.558806E+17	1.294313E-6	0.000000E+0	1.346068E-8	1.576664E-7	0.000000E+0	0.000000E+0	0.000000E+0
8.425759E+5	-6.145821E+6	4.810000E-1	1.388541E-18	6.784133E-18	-1.166682E-7	0.000000E+0	2.189587E-8	1.597103E-7	0.000000E+0	0.000000E+0	0.000000E+0
7.975615E+5	-6.140856E+6	5.320000E-1	4.707193E+17	-3.632098E-18	-5.062175E-7	0.000000E+0	2.079896E-8	1.601424E-7	0.000000E+0	0.000000E+0	0.000000E+0
1.229664E+6	-5.909958E+6	5.820000E-1	-7.975154E-19	6.323277E-18	-1.889533E-6	0.000000E+0	3.374519E-8	1.621847E-7	0.000000E+0	0.000000E+0	0.000000E+0
1.113333E+6	-5.925914E+6	6.330000E-1	-4.524462E+17	2.055148E+17	2.745692E-7	0.000000E+0	3.062312E-8	1.629970E-7	0.000000E+0	0.000000E+0	0.000000E+0
1.396062E+6	-5.717936E+6	6.840000E-1	-6.904434E-18	-8.375564E+16	9.064752E-7	0.000000E+0	4.029762E-8	1.650494E-7	0.000000E+0	0.000000E+0	0.000000E+0
1.589295E+6	-5.439814E+6	7.340000E-1	2.547933E-18	-2.672116E+16	1.566073E-6	0.000000E+0	4.948387E-8	1.693726E-7	0.000000E+0	0.000000E+0	0.000000E+0
1.251360E+6	-5.622811E+6	7.850000E-1	-1.554615E+17	1.089529E+17	-1.377077E-6	0.000000E+0	3.771212E-8	1.694541E-7	0.000000E+0	0.000000E+0	0.000000E+0
1.533962E+6	-5.478678E+6	8.350000E-1	-2.314515E+17	1.796536E+17	-7.175040E-7	0.000000E+0	4.738992E-8	1.692572E-7	0.000000E+0	0.000000E+0	0.000000E+0
2.007091E+6	-5.034090E+6	8.860000E-1	4.674714E-18	-5.707470E+17	-1.617773E-6	0.000000E+0	6.833703E-8	1.713997E-7	0.000000E+0	0.000000E+0	0.000000E+0
2.558477E+6	-4.106755E+6	9.370000E-1	-2.820974E+17	-3.573550E+17	-9.858377E-7	0.000000E+0	1.092841E-7	1.754181E-7	0.000000E+0	0.000000E+0	0.000000E+0
2.899575E+6	-2.850834E+6	9.870000E-1	7.433461E+16	-3.421240E+17	-3.262685E-7	0.000000E+0	1.753621E-7	1.724143E-7	0.000000E+0	0.000000E+0	0.000000E+0
2.653372E+6	-1.865603E+6	1.038000E+0	4.333500E+17	8.421242E+16	-2.758672E-6	0.000000E+0	2.522011E-7	1.773242E-7	0.000000E+0	0.000000E+0	0.000000E+0
2.363883E+6	-1.296891E+6	1.089000E+0	5.364300E+17	-2.871878E+17	-5.945985E-7	0.000000E+0	3.251617E-7	1.783926E-7	0.000000E+0	0.000000E+0	0.000000E+0
2.137972E+6	-9.573832E+5	1.139000E+0	-4.075705E-18	1.659667E-18	-4.457397E-7	0.000000E+0	3.896072E-7	1.744660E-7	0.000000E+0	0.000000E+0	0.000000E+0
1.727150E+6	-5.861756E+5	1.190000E+0	9.225665E+16	1.907244E+17	-2.367444E-6	0.000000E+0	5.191861E-7	1.762060E-7	0.000000E+0	0.000000E+0	0.000000E+0
1.674880E+6	-5.327351E+5	1.241000E+0	4.020179E+17	1.832659E+17	-3.778419E-6	0.000000E+0	5.422026E-7	1.724603E-7	0.000000E+0	0.000000E+0	0.000000E+0
1.832614E+6	-8.055474E+5	1.291000E+0	1.676928E-18	4.035830E-18	-2.608103E-6	0.000000E+0	4.573097E-7	2.010159E-7	0.000000E+0	0.000000E+0	0.000000E+0
1.474670E+6	-5.502183E+5	1.342000E+0	-2.658310E+17	-5.132058E+17	2.620312E-6	0.000000E+0	5.952510E-7	2.220958E-7	0.000000E+0	0.000000E+0	0.000000E+0
1.209412E+6	-3.741671E+5	1.392000E+0	5.241928E+17	2.782928E-18	-8.058851E-7	0.000000E+0	7.546193E-7	2.334636E-7	0.000000E+0	0.000000E+0	0.000000E+0
1.036266E+6	-2.350668E+5	1.443000E+0	2.579781E+17	4.568510E-19	3.367604E-7	0.000000E+0	9.177776E-7	2.081889E-7	0.000000E+0	0.000000E+0	0.000000E+0
7.456524E+5	-1.076657E+5	1.494000E+0	-4.023263E-18	5.325189E+16	-3.117137E-6	0.000000E+0	1.313718E-6	1.896894E-7	0.000000E+0	0.000000E+0	0.000000E+0
5.211705E+5	-5.005193E+4	1.544000E+0	-1.980656E+17	2.858813E+16	1.628236E-6	0.000000E+0	1.901223E-6	1.825887E-7	0.000000E+0	0.000000E+0	0.000000E+0
4.085182E+5	-2.780143E+4	1.595000E+0	-2.714796E-18	5.985466E+14	-3.357804E-6	0.000000E+0	2.436587E-6	1.658203E-7	0.000000E+0	0.000000E+0	0.000000E+0
3.677789E+5	-3.585390E+4	1.646000E+0	5.785012E-19	5.234687E+17	-1.704437E-6	0.000000E+0	2.693427E-6	2.625759E-7	0.000000E+0	0.000000E+0	0.000000E+0
5.976909E+5	-1.047848E+5	1.696000E+0	-2.373659E+17	1.295985E-19	-5.341208E-7	0.000000E+0	1.623215E-6	2.845756E-7	0.000000E+0	0.000000E+0	0.000000E+0
6.159114E+5	-1.276858E+5	1.747000E+0	-5.351627E-18	2.391872E+17	-2.966568E-6	0.000000E+0	1.556706E-6	3.227237E-7	0.000000E+0	0.000000E+0	0.000000E+0
3.744847E+5	-2.790131E+4	1.797000E+0	2.587907E+17	1.873793E-18	-2.817709E-6	0.000000E+0	2.655595E-6	1.978574E-7	0.000000E+0	0.000000E+0	0.000000E+0
3.494863E+5	-2.529632E+4	1.848000E+0	-3.127958E+17	-9.739241E-19	-3.717949E-6	0.000000E+0	2.846430E-6	2.060287E-7	0.000000E+0	0.000000E+0	0.000000E+0
3.013467E+5	-1.917313E+4	1.899000E+0	6.653843E-18	-4.395667E+17	-1.043154E-6	0.000000E+0	3.305058E-6	2.102837E-7	0.000000E+0	0.000000E+0	0.000000E+0
2.475973E+5	-1.051876E+4	1.949000E+0	-1.571544E-18	-4.190346E+17	2.170076E-6	0.000000E+0	4.031540E-6	1.712733E-7	0.000000E+0	0.000000E+0	0.000000E+0
2.066352E+5	-7.152555E+3	2.000000E+0	-9.275714E-19	-3.780201E-18	1.780529E-6	0.000000E+0	4.833655E-6	1.673141E-7	0.000000E+0	0.000000E+0	0.000000E+0
