Real / Ohm	Ximag / Ohm	V_DC / V	I_a c / A	V_ac / V	I_DC / A
2.217969E+5	-3.551448E+6	2.500000E+0	-9.275714E-19	-3.780201E-18	-3.370311E-6	1.000000E+3	1.751677E-8	2.804813E-7	0.000000E+0	0.000000E+0	0.000000E+0
1.962652E+5	-3.573944E+6	2.437000E+0	-1.571544E-18	-4.190346E+17	9.263022E-7	0.000000E+0	1.531934E-8	2.789617E-7	0.000000E+0	0.000000E+0	0.000000E+0
2.039199E+5	-3.590369E+6	2.373000E+0	6.653843E-18	-4.395667E+17	-1.899563E-6	0.000000E+0	1.576822E-8	2.776273E-7	0.000000E+0	0.000000E+0	0.000000E+0
1.918308E+5	-3.587542E+6	2.310000E+0	-3.127958E+17	-9.739241E-19	-2.710221E-6	0.000000E+0	1.486224E-8	2.779477E-7	0.000000E+0	0.000000E+0	0.000000E+0
2.863668E+5	-3.194989E+6	2.247000E+0	2.587907E+17	1.873793E-18	-3.520880E-6	0.000000E+0	2.782973E-8	3.104957E-7	0.000000E+0	0.000000E+0	0.000000E+0
2.184981E+5	-3.551471E+6	2.184000E+0	-5.351627E-18	2.391872E+17	-2.457382E-7	0.000000E+0	1.725800E-8	2.805117E-7	0.000000E+0	0.000000E+0	0.000000E+0
2.025402E+5	-3.585096E+6	2.120000E+0	-2.373659E+17	1.295985E-19	-3.582318E-6	0.000000E+0	1.570817E-8	2.780451E-7	0.000000E+0	0.000000E+0	0.000000E+0
2.001557E+5	-3.594739E+6	2.057000E+0	5.785012E-19	5.234687E+17	-8.178758E-7	0.000000E+0	1.544148E-8	2.773245E-7	0.000000E+0	0.000000E+0	0.000000E+0
2.127663E+5	-3.628326E+6	1.994000E+0	-2.714796E-18	5.985466E+14	-3.160712E-6	0.000000E+0	1.610643E-8	2.746647E-7	0.000000E+0	0.000000E+0	0.000000E+0
2.091383E+5	-3.672298E+6	1.930000E+0	-1.980656E+17	2.858813E+16	1.421067E-7	0.000000E+0	1.545793E-8	2.714287E-7	0.000000E+0	0.000000E+0	0.000000E+0
3.648137E+5	2.111621E+5	1.867000E+0	-4.023263E-18	5.325189E+16	-4.243600E-6	0.000000E+0	2.053224E-6	-1.188451E-6	0.000000E+0	0.000000E+0	0.000000E+0
1.910843E+5	-3.529667E+6	1.804000E+0	2.579781E+17	4.568510E-19	2.095883E-6	0.000000E+0	1.529278E-8	2.824849E-7	0.000000E+0	0.000000E+0	0.000000E+0
1.979433E+5	-3.593388E+6	1.741000E+0	5.241928E+17	2.782928E-18	-2.289853E-6	0.000000E+0	1.528329E-8	2.774470E-7	0.000000E+0	0.000000E+0	0.000000E+0
2.164761E+5	-3.600378E+6	1.677000E+0	-2.658310E+17	-5.132058E+17	-1.540640E-6	0.000000E+0	1.663974E-8	2.767481E-7	0.000000E+0	0.000000E+0	0.000000E+0
1.993675E+5	-3.656951E+6	1.614000E+0	1.676928E-18	4.035830E-18	7.130584E-7	0.000000E+0	1.486371E-8	2.726415E-7	0.000000E+0	0.000000E+0	0.000000E+0
2.177840E+5	-3.695774E+6	1.551000E+0	4.020179E+17	1.832659E+17	-3.672656E-6	0.000000E+0	1.588948E-8	2.696430E-7	0.000000E+0	0.000000E+0	0.000000E+0
2.126947E+5	-3.734053E+6	1.487000E+0	9.225665E+16	1.907244E+17	-1.391301E-6	0.000000E+0	1.520509E-8	2.669394E-7	0.000000E+0	0.000000E+0	0.000000E+0
2.041616E+5	-3.779686E+6	1.424000E+0	-4.075705E-18	1.659667E-18	8.624193E-7	0.000000E+0	1.424942E-8	2.638026E-7	0.000000E+0	0.000000E+0	0.000000E+0
2.209373E+5	-3.826838E+6	1.361000E+0	5.364300E+17	-2.871878E+17	-3.012574E-6	0.000000E+0	1.503639E-8	2.604442E-7	0.000000E+0	0.000000E+0	0.000000E+0
2.421721E+5	-3.879031E+6	1.297000E+0	4.333500E+17	8.421242E+16	-2.263390E-6	0.000000E+0	1.603202E-8	2.567954E-7	0.000000E+0	0.000000E+0	0.000000E+0
2.229866E+5	-3.948870E+6	1.234000E+0	7.433461E+16	-3.421240E+17	-3.584755E-6	0.000000E+0	1.425445E-8	2.524321E-7	0.000000E+0	0.000000E+0	0.000000E+0
2.324527E+5	-3.981460E+6	1.171000E+0	-2.820974E+17	-3.573550E+17	-3.096065E-7	0.000000E+0	1.461410E-8	2.503109E-7	0.000000E+0	0.000000E+0	0.000000E+0
2.092100E+5	-4.058928E+6	1.108000E+0	4.674714E-18	-5.707470E+17	-2.141722E-6	0.000000E+0	1.266507E-8	2.457177E-7	0.000000E+0	0.000000E+0	0.000000E+0
2.196452E+5	-4.103458E+6	1.044000E+0	-2.314515E+17	1.796536E+17	2.182554E-6	0.000000E+0	1.300706E-8	2.430007E-7	0.000000E+0	0.000000E+0	0.000000E+0
2.156921E+5	-4.193097E+6	9.810000E-1	-1.554615E+17	1.089529E+17	-1.181699E-6	0.000000E+0	1.223536E-8	2.378578E-7	0.000000E+0	0.000000E+0	0.000000E+0
2.244458E+5	-4.272933E+6	9.180000E-1	2.547933E-18	-2.672116E+16	-3.524521E-6	0.000000E+0	1.225922E-8	2.333873E-7	0.000000E+0	0.000000E+0	0.000000E+0
2.408308E+5	-4.351784E+6	8.540000E-1	-6.904434E-18	-8.375564E+16	-1.753880E-6	0.000000E+0	1.267796E-8	2.290892E-7	0.000000E+0	0.000000E+0	0.000000E+0
2.435366E+5	-4.409281E+6	7.910000E-1	-4.524462E+17	2.055148E+17	4.998110E-7	0.000000E+0	1.248837E-8	2.261046E-7	0.000000E+0	0.000000E+0	0.000000E+0
2.209466E+5	-4.498741E+6	7.280000E-1	-7.975154E-19	6.323277E-18	-1.332268E-6	0.000000E+0	1.089078E-8	2.217495E-7	0.000000E+0	0.000000E+0	0.000000E+0
2.124758E+5	-4.572461E+6	6.650000E-1	4.707193E+17	-3.632098E-18	-1.632208E-6	0.000000E+0	1.014081E-8	2.182294E-7	0.000000E+0	0.000000E+0	0.000000E+0
2.284932E+5	-4.667013E+6	6.010000E-1	1.388541E-18	6.784133E-18	-1.393735E-6	0.000000E+0	1.046539E-8	2.137574E-7	0.000000E+0	0.000000E+0	0.000000E+0
2.472675E+5	-4.780417E+6	5.380000E-1	4.766215E-20	4.558806E+17	3.492387E-7	0.000000E+0	1.079133E-8	2.086286E-7	0.000000E+0	0.000000E+0	0.000000E+0
2.107053E+5	-4.822273E+6	4.750000E-1	-3.851510E-18	-6.440443E-18	4.933099E-8	0.000000E+0	9.043645E-9	2.069759E-7	0.000000E+0	0.000000E+0	0.000000E+0
2.450012E+5	-4.948957E+6	4.110000E-1	-4.136209E+17	4.857998E-18	-7.336566E-7	0.000000E+0	9.978788E-9	2.015688E-7	0.000000E+0	0.000000E+0	0.000000E+0
2.490007E+5	-5.078236E+6	3.480000E-1	4.155990E+17	-1.817843E+17	-1.544307E-6	0.000000E+0	9.632343E-9	1.964465E-7	0.000000E+0	0.000000E+0	0.000000E+0
2.651737E+5	-5.181612E+6	2.850000E-1	-3.194760E-18	5.558819E-18	7.094113E-7	0.000000E+0	9.850647E-9	1.924860E-7	0.000000E+0	0.000000E+0	0.000000E+0
2.760612E+5	-5.329495E+6	2.220000E-1	-3.021231E-18	1.735786E-18	-1.012413E-7	0.000000E+0	9.693253E-9	1.871329E-7	0.000000E+0	0.000000E+0	0.000000E+0
2.834045E+5	-5.543594E+6	1.580000E-1	4.697582E+17	-5.230656E+17	-1.905684E-6	0.000000E+0	9.197935E-9	1.799182E-7	0.000000E+0	0.000000E+0	0.000000E+0
2.897186E+5	-5.685279E+6	9.500000E-2	-4.715212E+17	-5.436513E+17	3.480350E-7	0.000000E+0	8.940184E-9	1.754373E-7	0.000000E+0	0.000000E+0	0.000000E+0
3.003453E+5	-5.841309E+6	3.200000E-2	-3.093320E+17	4.406614E-18	1.069554E-6	0.000000E+0	8.779177E-9	1.707431E-7	0.000000E+0	0.000000E+0	0.000000E+0
2.612633E+5	-6.127598E+6	-3.200000E-2	-9.427576E-19	-9.426377E-19	1.818739E-6	0.000000E+0	6.945589E-9	1.628999E-7	0.000000E+0	0.000000E+0	0.000000E+0
3.593859E+5	-6.268901E+6	-9.500000E-2	-4.717429E+17	-4.928282E+17	1.518830E-6	0.000000E+0	9.114928E-9	1.589950E-7	0.000000E+0	0.000000E+0	0.000000E+0
3.102989E+5	-6.506071E+6	-1.580000E-1	-2.949171E+17	-4.956124E-18	-1.334707E-6	0.000000E+0	7.314015E-9	1.533538E-7	0.000000E+0	0.000000E+0	0.000000E+0
3.871564E+5	-6.791036E+6	-2.220000E-1	-1.478400E+17	2.700591E+17	-5.855218E-7	0.000000E+0	8.367682E-9	1.467759E-7	0.000000E+0	0.000000E+0	0.000000E+0
4.751934E+5	-7.022007E+6	-2.850000E-1	-2.816971E+17	1.903750E-18	-3.747173E-7	0.000000E+0	9.593202E-9	1.417602E-7	0.000000E+0	0.000000E+0	0.000000E+0
5.112770E+5	-7.281407E+6	-3.480000E-1	-1.696221E+17	-6.410774E-19	8.575153E-7	0.000000E+0	9.595987E-9	1.366623E-7	0.000000E+0	0.000000E+0	0.000000E+0
6.132006E+5	-7.634279E+6	-4.110000E-1	6.303170E-18	-1.599031E-19	5.576076E-7	0.000000E+0	1.045379E-8	1.301485E-7	0.000000E+0	0.000000E+0	0.000000E+0
6.988959E+5	-8.061094E+6	-4.750000E-1	-5.761072E+17	-4.172230E+17	-7.360941E-7	0.000000E+0	1.067511E-8	1.231271E-7	0.000000E+0	0.000000E+0	0.000000E+0
1.016277E+6	-8.643212E+6	-5.380000E-1	-5.506670E-18	3.318154E+17	-1.457374E-8	0.000000E+0	1.341834E-8	1.141200E-7	0.000000E+0	0.000000E+0	0.000000E+0
1.282863E+6	-9.648432E+6	-6.010000E-1	4.410889E+17	3.939340E-18	-1.335942E-6	0.000000E+0	1.354117E-8	1.018433E-7	0.000000E+0	0.000000E+0	0.000000E+0
2.052510E+6	-1.119322E+7	-6.650000E-1	2.010006E+17	1.860550E+17	-1.608183E-6	0.000000E+0	1.584938E-8	8.643348E-8	0.000000E+0	0.000000E+0	0.000000E+0
3.106706E+6	-1.428722E+7	-7.280000E-1	-4.775830E-18	6.138991E-18	-8.866664E-7	0.000000E+0	1.453251E-8	6.683258E-8	0.000000E+0	0.000000E+0	0.000000E+0
5.356017E+6	-1.935994E+7	-7.910000E-1	-1.827512E-18	1.580559E+17	8.563111E-7	0.000000E+0	1.327409E-8	4.798072E-8	0.000000E+0	0.000000E+0	0.000000E+0
6.900434E+6	-2.573526E+7	-8.540000E-1	-7.964855E+16	-3.372652E-18	-4.650537E-7	0.000000E+0	9.720022E-9	3.625095E-8	0.000000E+0	0.000000E+0	0.000000E+0
1.035828E+7	-3.438907E+7	-9.180000E-1	2.088264E+17	-2.196584E+17	-1.248041E-6	0.000000E+0	8.030284E-9	2.666022E-8	0.000000E+0	0.000000E+0	0.000000E+0
9.915188E+6	-4.353047E+7	-9.810000E-1	-5.319197E+16	-3.553127E+17	2.027107E-6	0.000000E+0	4.974475E-9	2.183935E-8	0.000000E+0	0.000000E+0	0.000000E+0
4.799882E+6	-5.150310E+7	-1.044000E+0	-1.183523E-18	-5.342346E-18	-1.337146E-6	0.000000E+0	1.793941E-9	1.924912E-8	0.000000E+0	0.000000E+0	0.000000E+0
9.723948E+6	-5.748305E+7	-1.108000E+0	-5.203440E-18	3.830367E-18	-7.724157E-8	0.000000E+0	2.860947E-9	1.691247E-8	0.000000E+0	0.000000E+0	0.000000E+0
1.245012E+7	-6.056622E+7	-1.171000E+0	2.540081E-19	-1.518024E+17	6.442715E-7	0.000000E+0	3.256404E-9	1.584146E-8	0.000000E+0	0.000000E+0	0.000000E+0
8.711506E+6	-7.818125E+7	-1.234000E+0	1.311717E+15	5.157902E-18	-6.771224E-7	0.000000E+0	1.407761E-9	1.263393E-8	0.000000E+0	0.000000E+0	0.000000E+0
1.365573E+7	-7.112146E+7	-1.297000E+0	-1.006173E-18	-5.687810E-18	-2.509201E-6	0.000000E+0	2.603700E-9	1.356053E-8	0.000000E+0	0.000000E+0	0.000000E+0
1.490059E+7	-8.761698E+7	-1.361000E+0	-6.256276E-18	1.398985E+17	2.828674E-7	0.000000E+0	1.886446E-9	1.109249E-8	0.000000E+0	0.000000E+0	0.000000E+0
9.337756E+6	-8.649978E+7	-1.424000E+0	2.698511E+17	-3.360764E+17	-5.277834E-7	0.000000E+0	1.233618E-9	1.142755E-8	0.000000E+0	0.000000E+0	0.000000E+0
2.587181E+7	-9.034546E+7	-1.487000E+0	-4.014473E-19	-2.240669E+17	1.215194E-6	0.000000E+0	2.929442E-9	1.022973E-8	0.000000E+0	0.000000E+0	0.000000E+0
1.335664E+7	-8.625602E+7	-1.551000E+0	8.607197E+16	4.249670E-18	-7.850758E-8	0.000000E+0	1.753185E-9	1.132192E-8	0.000000E+0	0.000000E+0	0.000000E+0
2.209838E+7	-9.814254E+7	-1.614000E+0	2.127762E-18	3.293656E+15	-1.910594E-6	0.000000E+0	2.183570E-9	9.697595E-9	0.000000E+0	0.000000E+0	0.000000E+0
1.632171E+7	-9.734803E+7	-1.677000E+0	-4.960950E+17	8.277014E+16	1.364591E-6	0.000000E+0	1.675218E-9	9.991549E-9	0.000000E+0	0.000000E+0	0.000000E+0
1.646264E+7	-1.097412E+8	-1.741000E+0	-6.504745E+16	2.346692E+17	3.645946E-6	0.000000E+0	1.336888E-9	8.911797E-9	0.000000E+0	0.000000E+0	0.000000E+0
1.982165E+7	-1.093360E+8	-1.804000E+0	5.291893E-18	5.135446E+17	1.813867E-6	0.000000E+0	1.605348E-9	8.855083E-9	0.000000E+0	0.000000E+0	0.000000E+0
1.956856E+7	-1.195493E+8	-1.867000E+0	-2.052875E-18	3.493290E-18	3.046065E-6	0.000000E+0	1.333466E-9	8.146480E-9	0.000000E+0	0.000000E+0	0.000000E+0
1.622845E+7	-9.744683E+7	-1.930000E+0	2.907620E+17	-1.496570E-18	-1.339642E-6	0.000000E+0	1.662879E-9	9.985076E-9	0.000000E+0	0.000000E+0	0.000000E+0
1.463311E+7	-1.058256E+8	-1.994000E+0	4.284782E-18	4.664211E-18	-5.904221E-7	0.000000E+0	1.282123E-9	9.272223E-9	0.000000E+0	0.000000E+0	0.000000E+0
1.779154E+7	-1.069291E+8	-2.057000E+0	6.288344E-18	-3.929323E-18	1.663255E-6	0.000000E+0	1.514126E-9	9.100061E-9	0.000000E+0	0.000000E+0	0.000000E+0
-5.605817E+5	-9.962194E+7	-2.120000E+0	8.250878E-19	3.410070E-18	3.418972E-7	0.000000E+0	-5.648266E-11	1.003763E-8	0.000000E+0	0.000000E+0	0.000000E+0
2.718366E+7	-1.207592E+8	-2.184000E+0	4.553607E+17	-2.686618E+17	-1.462511E-6	0.000000E+0	1.774189E-9	7.881561E-9	0.000000E+0	0.000000E+0	0.000000E+0
2.308164E+7	-1.087525E+8	-2.247000E+0	2.517955E+17	3.793721E+16	2.323315E-6	0.000000E+0	1.867466E-9	8.798840E-9	0.000000E+0	0.000000E+0	0.000000E+0
1.601470E+7	-1.182347E+8	-2.310000E+0	-6.627991E-18	5.175899E+17	-1.040913E-6	0.000000E+0	1.124951E-9	8.305381E-9	0.000000E+0	0.000000E+0	0.000000E+0
2.438730E+7	-1.107183E+8	-2.373000E+0	-5.704680E+17	6.512875E+16	1.212771E-6	0.000000E+0	1.897360E-9	8.614010E-9	0.000000E+0	0.000000E+0	0.000000E+0
1.757104E+7	-1.174648E+8	-2.437000E+0	-4.691026E+17	6.906363E-18	9.405048E-7	0.000000E+0	1.245579E-9	8.326868E-9	0.000000E+0	0.000000E+0	0.000000E+0
2.201546E+7	-1.153746E+8	-2.500000E+0	-3.567381E+17	-4.286482E-18	3.194204E-6	0.000000E+0	1.595788E-9	8.362915E-9	0.000000E+0	0.000000E+0	0.000000E+0
