Real / Ohm	Ximag / Ohm	V_DC / V	I_a c / A	V_ac / V	I_DC / A
6.281358E+1	1.835415E+0	-2.000000E+0	-3.567381E+17	-4.286482E-18	-1.426751E-2	1.000000E+6	1.590654E-2	-4.647897E-4	0.000000E+0	0.000000E+0	0.000000E+0
6.739120E+1	3.206482E+0	-1.949000E+0	-4.691026E+17	6.906363E-18	-1.921478E-2	0.000000E+0	1.480522E-2	-7.044341E-4	0.000000E+0	0.000000E+0	0.000000E+0
5.086423E+1	1.778843E+0	-1.899000E+0	-5.704680E+17	6.512875E+16	-1.277899E-2	0.000000E+0	1.963617E-2	-6.867234E-4	0.000000E+0	0.000000E+0	0.000000E+0
7.585971E+1	5.509186E-1	-1.848000E+0	-6.627991E-18	5.175899E+17	-1.371656E-2	0.000000E+0	1.318153E-2	-9.572870E-5	0.000000E+0	0.000000E+0	0.000000E+0
7.682030E+1	7.062759E-1	-1.797000E+0	2.517955E+17	3.793721E+16	-1.263370E-2	0.000000E+0	1.301629E-2	-1.196701E-4	0.000000E+0	0.000000E+0	0.000000E+0
7.761211E+1	7.850914E-1	-1.747000E+0	4.553607E+17	-2.686618E+17	-1.347421E-2	0.000000E+0	1.288327E-2	-1.303217E-4	0.000000E+0	0.000000E+0	0.000000E+0
7.696979E+1	7.575569E-1	-1.696000E+0	8.250878E-19	3.410070E-18	-1.165437E-2	0.000000E+0	1.299085E-2	-1.278594E-4	0.000000E+0	0.000000E+0	0.000000E+0
7.804759E+1	8.408890E-1	-1.646000E+0	6.288344E-18	-3.929323E-18	-1.266750E-2	0.000000E+0	1.281121E-2	-1.380287E-4	0.000000E+0	0.000000E+0	0.000000E+0
8.256334E+1	1.833076E+0	-1.595000E+0	4.284782E-18	4.664211E-18	-1.064389E-2	0.000000E+0	1.210595E-2	-2.687769E-4	0.000000E+0	0.000000E+0	0.000000E+0
6.645435E+1	1.015556E+0	-1.544000E+0	2.907620E+17	-1.496570E-18	-1.263866E-2	0.000000E+0	1.504441E-2	-2.299088E-4	0.000000E+0	0.000000E+0	0.000000E+0
7.204541E+1	3.620274E+0	-1.494000E+0	-2.052875E-18	3.493290E-18	-1.131931E-2	0.000000E+0	1.384517E-2	-6.957185E-4	0.000000E+0	0.000000E+0	0.000000E+0
7.404353E+1	4.343689E+0	-1.443000E+0	5.291893E-18	5.135446E+17	-1.001276E-2	0.000000E+0	1.345925E-2	-7.895733E-4	0.000000E+0	0.000000E+0	0.000000E+0
5.899146E+1	1.180462E+0	-1.392000E+0	-6.504745E+16	2.346692E+17	-8.945731E-3	0.000000E+0	1.694482E-2	-3.390782E-4	0.000000E+0	0.000000E+0	0.000000E+0
9.284251E+1	3.030182E+0	-1.342000E+0	-4.960950E+17	8.277014E+16	-1.068204E-2	0.000000E+0	1.075947E-2	-3.511661E-4	0.000000E+0	0.000000E+0	0.000000E+0
9.982843E+1	1.137863E+0	-1.291000E+0	2.127762E-18	3.293656E+15	-7.917373E-3	0.000000E+0	1.001589E-2	-1.141629E-4	0.000000E+0	0.000000E+0	0.000000E+0
1.044625E+2	9.107819E-1	-1.241000E+0	8.607197E+16	4.249670E-18	-7.539798E-3	0.000000E+0	9.572086E-3	-8.345657E-5	0.000000E+0	0.000000E+0	0.000000E+0
1.043258E+2	7.998505E-1	-1.190000E+0	-4.014473E-19	-2.240669E+17	-6.976859E-3	0.000000E+0	9.584793E-3	-7.348519E-5	0.000000E+0	0.000000E+0	0.000000E+0
1.074460E+2	9.148407E-1	-1.139000E+0	2.698511E+17	-3.360764E+17	-6.811773E-3	0.000000E+0	9.306326E-3	-7.923800E-5	0.000000E+0	0.000000E+0	0.000000E+0
1.130205E+2	9.125900E-1	-1.089000E+0	-6.256276E-18	1.398985E+17	-6.201308E-3	0.000000E+0	8.847376E-3	-7.143860E-5	0.000000E+0	0.000000E+0	0.000000E+0
1.250051E+2	2.040100E+0	-1.038000E+0	-1.006173E-18	-5.687810E-18	-6.149604E-3	0.000000E+0	7.997543E-3	-1.305210E-4	0.000000E+0	0.000000E+0	0.000000E+0
9.400581E+1	1.436623E+0	-9.870000E-1	1.311717E+15	5.157902E-18	-5.399229E-3	0.000000E+0	1.063516E-2	-1.625294E-4	0.000000E+0	0.000000E+0	0.000000E+0
1.476781E+2	1.314583E+0	-9.370000E-1	2.540081E-19	-1.518024E+17	-6.261694E-3	0.000000E+0	6.770948E-3	-6.027281E-5	0.000000E+0	0.000000E+0	0.000000E+0
1.721472E+2	-1.164520E+0	-8.860000E-1	-5.203440E-18	3.830367E-18	-4.896917E-3	0.000000E+0	5.808716E-3	3.929408E-5	0.000000E+0	0.000000E+0	0.000000E+0
1.589113E+2	1.076889E-1	-8.350000E-1	-1.183523E-18	-5.342346E-18	-4.953997E-3	0.000000E+0	6.292816E-3	-4.264432E-6	0.000000E+0	0.000000E+0	0.000000E+0
1.772841E+2	-1.788437E+0	-7.850000E-1	-5.319197E+16	-3.553127E+17	-5.621876E-3	0.000000E+0	5.640090E-3	5.689707E-5	0.000000E+0	0.000000E+0	0.000000E+0
1.787747E+2	-2.536499E+0	-7.340000E-1	2.088264E+17	-2.196584E+17	-4.371501E-3	0.000000E+0	5.592507E-3	7.934785E-5	0.000000E+0	0.000000E+0	0.000000E+0
1.744312E+2	-2.398956E+0	-6.840000E-1	-7.964855E+16	-3.372652E-18	-4.000566E-3	0.000000E+0	5.731835E-3	7.883005E-5	0.000000E+0	0.000000E+0	0.000000E+0
1.695244E+2	-2.432892E+0	-6.330000E-1	-1.827512E-18	1.580559E+17	-3.868167E-3	0.000000E+0	5.897641E-3	8.463870E-5	0.000000E+0	0.000000E+0	0.000000E+0
1.634341E+2	-2.317924E+0	-5.820000E-1	-4.775830E-18	6.138991E-18	-3.461509E-3	0.000000E+0	6.117444E-3	8.676139E-5	0.000000E+0	0.000000E+0	0.000000E+0
1.585427E+2	-2.198982E+0	-5.320000E-1	2.010006E+17	1.860550E+17	-3.252474E-3	0.000000E+0	6.306236E-3	8.746728E-5	0.000000E+0	0.000000E+0	0.000000E+0
1.488038E+2	-2.099106E+0	-4.810000E-1	4.410889E+17	3.939340E-18	-2.933661E-3	0.000000E+0	6.718921E-3	9.478070E-5	0.000000E+0	0.000000E+0	0.000000E+0
1.351558E+2	-2.113976E+0	-4.300000E-1	-5.506670E-18	3.318154E+17	-3.379913E-3	0.000000E+0	7.397059E-3	1.156976E-4	0.000000E+0	0.000000E+0	0.000000E+0
1.418936E+2	-1.718742E+0	-3.800000E-1	-5.761072E+17	-4.172230E+17	-2.411430E-3	0.000000E+0	7.046500E-3	8.535350E-5	0.000000E+0	0.000000E+0	0.000000E+0
1.396723E+2	-1.644676E+0	-3.290000E-1	6.303170E-18	-1.599031E-19	-2.661054E-3	0.000000E+0	7.158623E-3	8.429456E-5	0.000000E+0	0.000000E+0	0.000000E+0
1.321200E+2	-1.290421E+0	-2.780000E-1	-1.696221E+17	-6.410774E-19	-1.805980E-3	0.000000E+0	7.568155E-3	7.391845E-5	0.000000E+0	0.000000E+0	0.000000E+0
1.116311E+2	-1.568733E+0	-2.280000E-1	-2.816971E+17	1.903750E-18	-1.845156E-3	0.000000E+0	8.956308E-3	1.258615E-4	0.000000E+0	0.000000E+0	0.000000E+0
1.258908E+2	-1.372849E+0	-1.770000E-1	-1.478400E+17	2.700591E+17	-1.181604E-3	0.000000E+0	7.942448E-3	8.661301E-5	0.000000E+0	0.000000E+0	0.000000E+0
1.298078E+2	-1.494896E+0	-1.270000E-1	-2.949171E+17	-4.956124E-18	-7.968798E-4	0.000000E+0	7.702676E-3	8.870576E-5	0.000000E+0	0.000000E+0	0.000000E+0
1.318876E+2	-1.591293E+0	-7.600000E-2	-4.717429E+17	-4.928282E+17	-4.908346E-4	0.000000E+0	7.581110E-3	9.147007E-5	0.000000E+0	0.000000E+0	0.000000E+0
1.375800E+2	-1.788391E+0	-2.500000E-2	-9.427576E-19	-9.426377E-19	-1.531244E-4	0.000000E+0	7.267270E-3	9.446664E-5	0.000000E+0	0.000000E+0	0.000000E+0
1.422635E+2	-2.012131E+0	2.500000E-2	-3.093320E+17	4.406614E-18	1.549912E-4	0.000000E+0	7.027804E-3	9.939909E-5	0.000000E+0	0.000000E+0	0.000000E+0
1.450922E+2	-2.185555E+0	7.600000E-2	-4.715212E+17	-5.436513E+17	4.421395E-4	0.000000E+0	6.890606E-3	1.037947E-4	0.000000E+0	0.000000E+0	0.000000E+0
1.240126E+2	-2.682419E+0	1.270000E-1	4.697582E+17	-5.230656E+17	7.369486E-4	0.000000E+0	8.059926E-3	1.743379E-4	0.000000E+0	0.000000E+0	0.000000E+0
1.488530E+2	-2.453979E+0	1.770000E-1	-3.021231E-18	1.735786E-18	9.802021E-4	0.000000E+0	6.716212E-3	1.107229E-4	0.000000E+0	0.000000E+0	0.000000E+0
1.576315E+2	-2.585663E+0	2.280000E-1	-3.194760E-18	5.558819E-18	1.406778E-3	0.000000E+0	6.342203E-3	1.040325E-4	0.000000E+0	0.000000E+0	0.000000E+0
1.564361E+2	-2.547379E+0	2.780000E-1	4.155990E+17	-1.817843E+17	1.519286E-3	0.000000E+0	6.390692E-3	1.040649E-4	0.000000E+0	0.000000E+0	0.000000E+0
1.401379E+2	-2.856865E+0	3.290000E-1	-4.136209E+17	4.857998E-18	1.892236E-3	0.000000E+0	7.132864E-3	1.454113E-4	0.000000E+0	0.000000E+0	0.000000E+0
1.610239E+2	-2.843918E+0	3.800000E-1	-3.851510E-18	-6.440443E-18	2.176320E-3	0.000000E+0	6.208322E-3	1.096481E-4	0.000000E+0	0.000000E+0	0.000000E+0
1.650977E+2	-2.944595E+0	4.300000E-1	4.766215E-20	4.558806E+17	2.457878E-3	0.000000E+0	6.055093E-3	1.079954E-4	0.000000E+0	0.000000E+0	0.000000E+0
1.643042E+2	-2.994087E+0	4.810000E-1	1.388541E-18	6.784133E-18	2.608152E-3	0.000000E+0	6.084251E-3	1.108723E-4	0.000000E+0	0.000000E+0	0.000000E+0
1.664364E+2	-3.027885E+0	5.320000E-1	4.707193E+17	-3.632098E-18	3.008171E-3	0.000000E+0	6.006313E-3	1.092695E-4	0.000000E+0	0.000000E+0	0.000000E+0
1.656302E+2	-3.084641E+0	5.820000E-1	-7.975154E-19	6.323277E-18	3.105357E-3	0.000000E+0	6.035453E-3	1.124022E-4	0.000000E+0	0.000000E+0	0.000000E+0
1.580690E+2	-2.992386E+0	6.330000E-1	-4.524462E+17	2.055148E+17	3.581473E-3	0.000000E+0	6.324085E-3	1.197205E-4	0.000000E+0	0.000000E+0	0.000000E+0
1.404055E+2	-3.096016E+0	6.840000E-1	-6.904434E-18	-8.375564E+16	3.647478E-3	0.000000E+0	7.118767E-3	1.569726E-4	0.000000E+0	0.000000E+0	0.000000E+0
1.604928E+2	-3.042824E+0	7.340000E-1	2.547933E-18	-2.672116E+16	5.008707E-3	0.000000E+0	6.228570E-3	1.180891E-4	0.000000E+0	0.000000E+0	0.000000E+0
1.640500E+2	-3.049522E+0	7.850000E-1	-1.554615E+17	1.089529E+17	4.206480E-3	0.000000E+0	6.093597E-3	1.132737E-4	0.000000E+0	0.000000E+0	0.000000E+0
1.615929E+2	-2.901733E+0	8.350000E-1	-2.314515E+17	1.796536E+17	4.699478E-3	0.000000E+0	6.186396E-3	1.110895E-4	0.000000E+0	0.000000E+0	0.000000E+0
1.406711E+2	-2.857231E+0	8.860000E-1	4.674714E-18	-5.707470E+17	4.597965E-3	0.000000E+0	7.105849E-3	1.443299E-4	0.000000E+0	0.000000E+0	0.000000E+0
1.588662E+2	-2.952309E+0	9.370000E-1	-2.820974E+17	-3.573550E+17	5.731895E-3	0.000000E+0	6.292432E-3	1.169362E-4	0.000000E+0	0.000000E+0	0.000000E+0
1.579432E+2	-2.866501E+0	9.870000E-1	7.433461E+16	-3.421240E+17	5.367385E-3	0.000000E+0	6.329305E-3	1.148702E-4	0.000000E+0	0.000000E+0	0.000000E+0
1.542816E+2	-2.787498E+0	1.038000E+0	4.333500E+17	8.421242E+16	5.700499E-3	0.000000E+0	6.479539E-3	1.170697E-4	0.000000E+0	0.000000E+0	0.000000E+0
1.517840E+2	-2.583099E+0	1.089000E+0	5.364300E+17	-2.871878E+17	5.953940E-3	0.000000E+0	6.586402E-3	1.120891E-4	0.000000E+0	0.000000E+0	0.000000E+0
1.477085E+2	-2.345024E+0	1.139000E+0	-4.075705E-18	1.659667E-18	6.519460E-3	0.000000E+0	6.768385E-3	1.074551E-4	0.000000E+0	0.000000E+0	0.000000E+0
1.261411E+2	-1.352936E+0	1.190000E+0	9.225665E+16	1.907244E+17	6.553289E-3	0.000000E+0	7.926718E-3	8.501862E-5	0.000000E+0	0.000000E+0	0.000000E+0
1.209257E+2	-1.230034E+0	1.241000E+0	4.020179E+17	1.832659E+17	6.934411E-3	0.000000E+0	8.268685E-3	8.410755E-5	0.000000E+0	0.000000E+0	0.000000E+0
1.178148E+2	-8.020020E-1	1.291000E+0	1.676928E-18	4.035830E-18	9.475922E-3	0.000000E+0	8.487505E-3	5.777708E-5	0.000000E+0	0.000000E+0	0.000000E+0
1.222388E+2	-1.314331E+0	1.342000E+0	-2.658310E+17	-5.132058E+17	8.288098E-3	0.000000E+0	8.179763E-3	8.795011E-5	0.000000E+0	0.000000E+0	0.000000E+0
1.184984E+2	-7.241745E-1	1.392000E+0	5.241928E+17	2.782928E-18	9.141158E-3	0.000000E+0	8.438617E-3	5.157058E-5	0.000000E+0	0.000000E+0	0.000000E+0
1.191495E+2	-1.072868E+0	1.443000E+0	2.579781E+17	4.568510E-19	8.735253E-3	0.000000E+0	8.392137E-3	7.556603E-5	0.000000E+0	0.000000E+0	0.000000E+0
1.233016E+2	-1.280289E+0	1.494000E+0	-4.023263E-18	5.325189E+16	8.899316E-3	0.000000E+0	8.109321E-3	8.420226E-5	0.000000E+0	0.000000E+0	0.000000E+0
1.224383E+2	-1.133865E+0	1.544000E+0	-1.980656E+17	2.858813E+16	9.643080E-3	0.000000E+0	8.166679E-3	7.562920E-5	0.000000E+0	0.000000E+0	0.000000E+0
1.183747E+2	-1.060364E+0	1.595000E+0	-2.714796E-18	5.985466E+14	9.607451E-3	0.000000E+0	8.447073E-3	7.566627E-5	0.000000E+0	0.000000E+0	0.000000E+0
1.176564E+2	-1.042969E+0	1.646000E+0	5.785012E-19	5.234687E+17	9.614211E-3	0.000000E+0	8.498657E-3	7.533663E-5	0.000000E+0	0.000000E+0	0.000000E+0
1.167019E+2	-9.158249E-1	1.696000E+0	-2.373659E+17	1.295985E-19	1.049025E-2	0.000000E+0	8.568313E-3	6.724033E-5	0.000000E+0	0.000000E+0	0.000000E+0
9.530536E+1	1.057884E+0	1.747000E+0	-5.351627E-18	2.391872E+17	1.072378E-2	0.000000E+0	1.049130E-2	-1.164528E-4	0.000000E+0	0.000000E+0	0.000000E+0
1.071007E+2	1.273346E-2	1.797000E+0	2.587907E+17	1.873793E-18	9.689195E-3	0.000000E+0	9.337007E-3	-1.110099E-6	0.000000E+0	0.000000E+0	0.000000E+0
1.093109E+2	-2.227554E-1	1.848000E+0	-3.127958E+17	-9.739241E-19	1.132210E-2	0.000000E+0	9.148181E-3	1.864230E-5	0.000000E+0	0.000000E+0	0.000000E+0
8.651128E+1	5.739975E+0	1.899000E+0	6.653843E-18	-4.395667E+17	9.948885E-3	0.000000E+0	1.150852E-2	-7.635841E-4	0.000000E+0	0.000000E+0	0.000000E+0
6.267837E+1	4.196598E+0	1.949000E+0	-1.571544E-18	-4.190346E+17	1.318447E-2	0.000000E+0	1.588326E-2	-1.063456E-3	0.000000E+0	0.000000E+0	0.000000E+0
5.035492E+1	1.483657E+1	2.000000E+0	-9.275714E-19	-3.780201E-18	1.392668E-2	0.000000E+0	1.827273E-2	-5.383875E-3	0.000000E+0	0.000000E+0	0.000000E+0
