Real / Ohm	Ximag / Ohm	V_DC / V	I_a c / A	V_ac / V	I_DC / A
-5.110351E+6	-7.820662E+7	-2.500000E+0	-3.567381E+17	-4.286482E-18	-1.912995E-6	1.000000E+3	-8.319807E-10	1.273228E-8	0.000000E+0	0.000000E+0	0.000000E+0
-3.428544E+6	-7.149014E+7	-2.437000E+0	-4.691026E+17	6.906363E-18	9.405048E-7	0.000000E+0	-6.692983E-10	1.395584E-8	0.000000E+0	0.000000E+0	0.000000E+0
4.217544E+6	-7.156434E+7	-2.373000E+0	-5.704680E+17	6.512875E+16	2.744913E-6	0.000000E+0	8.206548E-10	1.392508E-8	0.000000E+0	0.000000E+0	0.000000E+0
-2.369547E+6	-6.601234E+7	-2.310000E+0	-6.627991E-18	5.175899E+17	1.001943E-6	0.000000E+0	-5.430700E-10	1.512919E-8	0.000000E+0	0.000000E+0	0.000000E+0
5.588549E+5	-6.149935E+7	-2.247000E+0	2.517955E+17	3.793721E+16	7.911731E-7	0.000000E+0	1.477482E-10	1.625899E-8	0.000000E+0	0.000000E+0	0.000000E+0
1.915341E+6	-5.819400E+7	-2.184000E+0	4.553607E+17	-2.686618E+17	2.112545E-6	0.000000E+0	5.649623E-10	1.716531E-8	0.000000E+0	0.000000E+0	0.000000E+0
2.942838E+5	-5.292697E+7	-2.120000E+0	8.250878E-19	3.410070E-18	1.874098E-6	0.000000E+0	1.050507E-10	1.889337E-8	0.000000E+0	0.000000E+0	0.000000E+0
-7.560898E+5	-5.176117E+7	-2.057000E+0	6.288344E-18	-3.929323E-18	1.311128E-7	0.000000E+0	-2.821451E-10	1.931538E-8	0.000000E+0	0.000000E+0	0.000000E+0
1.177307E+6	-4.548093E+7	-1.994000E+0	4.284782E-18	4.664211E-18	9.417199E-7	0.000000E+0	5.687745E-10	2.197251E-8	0.000000E+0	0.000000E+0	0.000000E+0
7.151170E+5	-4.204554E+7	-1.930000E+0	2.907620E+17	-1.496570E-18	1.925582E-7	0.000000E+0	4.044004E-10	2.377686E-8	0.000000E+0	0.000000E+0	0.000000E+0
1.078843E+6	-4.092870E+7	-1.867000E+0	-2.052875E-18	3.493290E-18	4.924368E-7	0.000000E+0	6.435773E-10	2.441577E-8	0.000000E+0	0.000000E+0	0.000000E+0
1.336625E+6	-4.073790E+7	-1.804000E+0	5.291893E-18	5.135446E+17	-2.290471E-7	0.000000E+0	8.045352E-10	2.452077E-8	0.000000E+0	0.000000E+0	0.000000E+0
2.341062E+6	-4.040204E+7	-1.741000E+0	-6.504745E+16	2.346692E+17	7.088966E-8	0.000000E+0	1.429390E-9	2.466840E-8	0.000000E+0	0.000000E+0	0.000000E+0
5.930214E+5	-3.628739E+7	-1.677000E+0	-4.960950E+17	8.277014E+16	3.431051E-7	0.000000E+0	4.502388E-10	2.755042E-8	0.000000E+0	0.000000E+0	0.000000E+0
2.628974E+6	-3.518060E+7	-1.614000E+0	2.127762E-18	3.293656E+15	-1.399880E-6	0.000000E+0	2.112328E-9	2.826691E-8	0.000000E+0	0.000000E+0	0.000000E+0
3.701140E+6	-3.172971E+7	-1.551000E+0	8.607197E+16	4.249670E-18	2.475121E-6	0.000000E+0	3.626887E-9	3.109314E-8	0.000000E+0	0.000000E+0	0.000000E+0
5.286710E+6	-2.971598E+7	-1.487000E+0	-4.014473E-19	-2.240669E+17	3.258108E-6	0.000000E+0	5.803266E-9	3.261948E-8	0.000000E+0	0.000000E+0	0.000000E+0
4.941149E+6	-2.480506E+7	-1.424000E+0	2.698511E+17	-3.360764E+17	4.937028E-7	0.000000E+0	7.724094E-9	3.877572E-8	0.000000E+0	0.000000E+0	0.000000E+0
4.587825E+6	-2.282558E+7	-1.361000E+0	-6.256276E-18	1.398985E+17	2.325782E-6	0.000000E+0	8.463759E-9	4.210932E-8	0.000000E+0	0.000000E+0	0.000000E+0
4.842538E+6	-1.944179E+7	-1.297000E+0	-1.006173E-18	-5.687810E-18	2.598055E-6	0.000000E+0	1.206312E-8	4.843093E-8	0.000000E+0	0.000000E+0	0.000000E+0
3.679137E+6	-1.639379E+7	-1.234000E+0	1.311717E+15	5.157902E-18	3.919449E-6	0.000000E+0	1.303307E-8	5.807379E-8	0.000000E+0	0.000000E+0	0.000000E+0
2.286361E+6	-1.376101E+7	-1.171000E+0	2.540081E-19	-1.518024E+17	1.665729E-6	0.000000E+0	1.174946E-8	7.071694E-8	0.000000E+0	0.000000E+0	0.000000E+0
1.705409E+6	-1.149744E+7	-1.108000E+0	-5.203440E-18	3.830367E-18	-1.098699E-6	0.000000E+0	1.262335E-8	8.510347E-8	0.000000E+0	0.000000E+0	0.000000E+0
9.573290E+5	-9.700206E+6	-1.044000E+0	-1.183523E-18	-5.342346E-18	4.280795E-6	0.000000E+0	1.007604E-8	1.020962E-7	0.000000E+0	0.000000E+0	0.000000E+0
7.594068E+5	-8.433506E+6	-9.810000E-1	-5.319197E+16	-3.553127E+17	4.949361E-7	0.000000E+0	1.059134E-8	1.176209E-7	0.000000E+0	0.000000E+0	0.000000E+0
5.807679E+5	-7.576236E+6	-9.180000E-1	2.088264E+17	-2.196584E+17	-2.265842E-7	0.000000E+0	1.005891E-8	1.312206E-7	0.000000E+0	0.000000E+0	0.000000E+0
3.967205E+5	-6.921750E+6	-8.540000E-1	-7.964855E+16	-3.372652E-18	1.067117E-6	0.000000E+0	8.253316E-9	1.439991E-7	0.000000E+0	0.000000E+0	0.000000E+0
3.524400E+5	-6.446390E+6	-7.910000E-1	-1.827512E-18	1.580559E+17	3.455971E-7	0.000000E+0	8.455822E-9	1.546633E-7	0.000000E+0	0.000000E+0	0.000000E+0
2.424755E+5	-6.202912E+6	-7.280000E-1	-4.775830E-18	6.138991E-18	1.666962E-6	0.000000E+0	6.292359E-9	1.609686E-7	0.000000E+0	0.000000E+0	0.000000E+0
2.410675E+5	-5.857718E+6	-6.650000E-1	2.010006E+17	1.860550E+17	-1.097469E-6	0.000000E+0	7.013694E-9	1.704263E-7	0.000000E+0	0.000000E+0	0.000000E+0
2.151476E+5	-5.574957E+6	-6.010000E-1	4.410889E+17	3.939340E-18	3.260571E-6	0.000000E+0	6.912054E-9	1.791068E-7	0.000000E+0	0.000000E+0	0.000000E+0
1.771618E+5	-5.427088E+6	-5.380000E-1	-5.506670E-18	3.318154E+17	1.006883E-6	0.000000E+0	6.008607E-9	1.840647E-7	0.000000E+0	0.000000E+0	0.000000E+0
1.587610E+5	-5.218353E+6	-4.750000E-1	-5.761072E+17	-4.172230E+17	2.853631E-7	0.000000E+0	5.824721E-9	1.914541E-7	0.000000E+0	0.000000E+0	0.000000E+0
1.147758E+5	-5.067326E+6	-4.110000E-1	6.303170E-18	-1.599031E-19	4.643407E-6	0.000000E+0	4.467555E-9	1.972415E-7	0.000000E+0	0.000000E+0	0.000000E+0
1.317881E+5	-4.911208E+6	-3.480000E-1	-1.696221E+17	-6.410774E-19	1.368258E-6	0.000000E+0	5.459928E-9	2.034694E-7	0.000000E+0	0.000000E+0	0.000000E+0
1.163216E+5	-4.777947E+6	-2.850000E-1	-2.816971E+17	1.903750E-18	-3.747173E-7	0.000000E+0	5.092375E-9	2.091709E-7	0.000000E+0	0.000000E+0	0.000000E+0
8.183327E+4	-4.648742E+6	-2.220000E-1	-1.478400E+17	2.700591E+17	3.500278E-6	0.000000E+0	3.785511E-9	2.150453E-7	0.000000E+0	0.000000E+0	0.000000E+0
1.461756E+5	-4.539984E+6	-1.580000E-1	-2.949171E+17	-4.956124E-18	2.751063E-6	0.000000E+0	7.084615E-9	2.200370E-7	0.000000E+0	0.000000E+0	0.000000E+0
1.067308E+5	-4.394486E+6	-9.500000E-2	-4.717429E+17	-4.928282E+17	1.518830E-6	0.000000E+0	5.523540E-9	2.274237E-7	0.000000E+0	0.000000E+0	0.000000E+0
9.963008E+4	-4.272734E+6	-3.200000E-2	-9.427576E-19	-9.426377E-19	1.818739E-6	0.000000E+0	5.454346E-9	2.339150E-7	0.000000E+0	0.000000E+0	0.000000E+0
1.005300E+5	-4.147476E+6	3.200000E-2	-3.093320E+17	4.406614E-18	-4.626170E-7	0.000000E+0	5.840807E-9	2.409689E-7	0.000000E+0	0.000000E+0	0.000000E+0
1.108256E+5	-4.076228E+6	9.500000E-2	-4.715212E+17	-5.436513E+17	8.587490E-7	0.000000E+0	6.665032E-9	2.451436E-7	0.000000E+0	0.000000E+0	0.000000E+0
8.304923E+4	-3.955758E+6	1.580000E-1	4.697582E+17	-5.230656E+17	1.372300E-7	0.000000E+0	5.304993E-9	2.526847E-7	0.000000E+0	0.000000E+0	0.000000E+0
6.073782E+4	-3.861850E+6	2.220000E-1	-3.021231E-18	1.735786E-18	9.201867E-7	0.000000E+0	4.071561E-9	2.588792E-7	0.000000E+0	0.000000E+0	0.000000E+0
9.162289E+4	-3.754355E+6	2.850000E-1	-3.194760E-18	5.558819E-18	3.263011E-6	0.000000E+0	6.496430E-9	2.661988E-7	0.000000E+0	0.000000E+0	0.000000E+0
6.242644E+4	-3.677208E+6	3.480000E-1	4.155990E+17	-1.817843E+17	-1.033564E-6	0.000000E+0	4.615375E-9	2.718671E-7	0.000000E+0	0.000000E+0	0.000000E+0
1.071012E+5	-3.573061E+6	4.110000E-1	-4.136209E+17	4.857998E-18	2.841400E-6	0.000000E+0	8.381533E-9	2.796208E-7	0.000000E+0	0.000000E+0	0.000000E+0
9.058953E+4	-3.531166E+6	4.750000E-1	-3.851510E-18	-6.440443E-18	-1.993583E-6	0.000000E+0	7.260324E-9	2.830063E-7	0.000000E+0	0.000000E+0	0.000000E+0
9.129284E+4	-3.420408E+6	5.380000E-1	4.766215E-20	4.558806E+17	2.392153E-6	0.000000E+0	7.797791E-9	2.921547E-7	0.000000E+0	0.000000E+0	0.000000E+0
8.186794E+4	-3.352526E+6	6.010000E-1	1.388541E-18	6.784133E-18	2.181350E-6	0.000000E+0	7.279653E-9	2.981048E-7	0.000000E+0	0.000000E+0	0.000000E+0
1.043483E+5	-3.271458E+6	6.650000E-1	4.707193E+17	-3.632098E-18	9.214200E-7	0.000000E+0	9.740047E-9	3.053634E-7	0.000000E+0	0.000000E+0	0.000000E+0
9.102017E+4	-3.227522E+6	7.280000E-1	-7.975154E-19	6.323277E-18	1.221331E-6	0.000000E+0	8.730798E-9	3.095890E-7	0.000000E+0	0.000000E+0	0.000000E+0
9.390161E+4	-3.164045E+6	7.910000E-1	-4.524462E+17	2.055148E+17	-3.075245E-6	0.000000E+0	9.371420E-9	3.157730E-7	0.000000E+0	0.000000E+0	0.000000E+0
9.029517E+4	-3.106656E+6	8.540000E-1	-6.904434E-18	-8.375564E+16	-1.243166E-6	0.000000E+0	9.347844E-9	3.216178E-7	0.000000E+0	0.000000E+0	0.000000E+0
1.045335E+5	-3.069745E+6	9.180000E-1	2.547933E-18	-2.672116E+16	5.053516E-8	0.000000E+0	1.108020E-8	3.253826E-7	0.000000E+0	0.000000E+0	0.000000E+0
9.596989E+4	-3.040204E+6	9.810000E-1	-1.554615E+17	1.089529E+17	3.504720E-7	0.000000E+0	1.037282E-8	3.285979E-7	0.000000E+0	0.000000E+0	0.000000E+0
1.217371E+5	-2.984173E+6	1.044000E+0	-2.314515E+17	1.796536E+17	-3.710738E-7	0.000000E+0	1.364749E-8	3.345445E-7	0.000000E+0	0.000000E+0	0.000000E+0
9.988456E+4	-2.963217E+6	1.108000E+0	4.674714E-18	-5.707470E+17	9.226496E-7	0.000000E+0	1.136261E-8	3.370881E-7	0.000000E+0	0.000000E+0	0.000000E+0
1.016178E+5	-2.929465E+6	1.171000E+0	-2.820974E+17	-3.573550E+17	1.222565E-6	0.000000E+0	1.182690E-8	3.409490E-7	0.000000E+0	0.000000E+0	0.000000E+0
8.983245E+4	-2.898512E+6	1.234000E+0	7.433461E+16	-3.421240E+17	-2.563298E-6	0.000000E+0	1.068233E-8	3.446735E-7	0.000000E+0	0.000000E+0	0.000000E+0
9.577850E+4	-2.882711E+6	1.297000E+0	4.333500E+17	8.421242E+16	8.009520E-7	0.000000E+0	1.151295E-8	3.465132E-7	0.000000E+0	0.000000E+0	0.000000E+0
9.893927E+4	-2.845746E+6	1.361000E+0	5.364300E+17	-2.871878E+17	-9.696887E-7	0.000000E+0	1.220258E-8	3.509775E-7	0.000000E+0	0.000000E+0	0.000000E+0
1.156047E+5	-2.835950E+6	1.424000E+0	-4.075705E-18	1.659667E-18	-1.590379E-7	0.000000E+0	1.435018E-8	3.520306E-7	0.000000E+0	0.000000E+0	0.000000E+0
1.063729E+5	-2.805572E+6	1.487000E+0	9.225665E+16	1.907244E+17	-1.902015E-6	0.000000E+0	1.349473E-8	3.559219E-7	0.000000E+0	0.000000E+0	0.000000E+0
1.066422E+5	-2.775176E+6	1.551000E+0	4.020179E+17	1.832659E+17	-1.629771E-6	0.000000E+0	1.382634E-8	3.598062E-7	0.000000E+0	0.000000E+0	0.000000E+0
9.946088E+4	-2.773351E+6	1.614000E+0	1.676928E-18	4.035830E-18	7.130584E-7	0.000000E+0	1.291470E-8	3.601115E-7	0.000000E+0	0.000000E+0	0.000000E+0
1.095282E+5	-2.762183E+6	1.677000E+0	-2.658310E+17	-5.132058E+17	1.523702E-6	0.000000E+0	1.433305E-8	3.614641E-7	0.000000E+0	0.000000E+0	0.000000E+0
1.149262E+5	-2.727742E+6	1.741000E+0	5.241928E+17	2.782928E-18	-1.779110E-6	0.000000E+0	1.541850E-8	3.659540E-7	0.000000E+0	0.000000E+0	0.000000E+0
1.154091E+5	-2.731806E+6	1.804000E+0	2.579781E+17	4.568510E-19	2.095883E-6	0.000000E+0	1.543711E-8	3.654060E-7	0.000000E+0	0.000000E+0	0.000000E+0
1.116419E+5	-2.716320E+6	1.867000E+0	-4.023263E-18	5.325189E+16	-6.685441E-7	0.000000E+0	1.510540E-8	3.675243E-7	0.000000E+0	0.000000E+0	0.000000E+0
1.221491E+5	-2.704357E+6	1.930000E+0	-1.980656E+17	2.858813E+16	6.528207E-7	0.000000E+0	1.666776E-8	3.690208E-7	0.000000E+0	0.000000E+0	0.000000E+0
1.292722E+5	-2.705016E+6	1.994000E+0	-2.714796E-18	5.985466E+14	-9.637006E-8	0.000000E+0	1.762685E-8	3.688412E-7	0.000000E+0	0.000000E+0	0.000000E+0
1.168095E+5	-2.689962E+6	2.057000E+0	5.785012E-19	5.234687E+17	-3.371504E-6	0.000000E+0	1.611268E-8	3.710528E-7	0.000000E+0	0.000000E+0	0.000000E+0
1.327663E+5	-2.694878E+6	2.120000E+0	-2.373659E+17	1.295985E-19	-1.539433E-6	0.000000E+0	1.823714E-8	3.701758E-7	0.000000E+0	0.000000E+0	0.000000E+0
1.344481E+5	-2.703004E+6	2.184000E+0	-5.351627E-18	2.391872E+17	-1.267166E-6	0.000000E+0	1.835643E-8	3.690457E-7	0.000000E+0	0.000000E+0	0.000000E+0
1.366595E+5	-2.707055E+6	2.247000E+0	2.587907E+17	1.873793E-18	-4.565372E-7	0.000000E+0	1.860117E-8	3.684661E-7	0.000000E+0	0.000000E+0	0.000000E+0
1.393995E+5	-2.719648E+6	2.310000E+0	-3.127958E+17	-9.739241E-19	-6.673072E-7	0.000000E+0	1.879734E-8	3.667312E-7	0.000000E+0	0.000000E+0	0.000000E+0
1.299666E+5	-2.738864E+6	2.373000E+0	6.653843E-18	-4.395667E+17	6.540649E-7	0.000000E+0	1.728678E-8	3.642946E-7	0.000000E+0	0.000000E+0	0.000000E+0
1.338776E+5	-2.746581E+6	2.437000E+0	-1.571544E-18	-4.190346E+17	9.263022E-7	0.000000E+0	1.770486E-8	3.632260E-7	0.000000E+0	0.000000E+0	0.000000E+0
1.412965E+5	-2.757477E+6	2.500000E+0	-9.275714E-19	-3.780201E-18	-8.166826E-7	0.000000E+0	1.853398E-8	3.617006E-7	0.000000E+0	0.000000E+0	0.000000E+0
