Real / Ohm	Ximag / Ohm	V_DC / V	I_a c / A	V_ac / V	I_DC / A
2.616353E+2	6.656146E-2	-2.000000E+0	-3.567381E+17	-4.286482E-18	-7.114305E-3	1.000000E+4	3.822114E-3	-9.723668E-7	0.000000E+0	0.000000E+0	0.000000E+0
2.615164E+2	-1.589060E-3	-1.949000E+0	-4.691026E+17	6.906363E-18	-6.934409E-3	0.000000E+0	3.823852E-3	2.323499E-8	0.000000E+0	0.000000E+0	0.000000E+0
2.603281E+2	5.106473E-2	-1.899000E+0	-5.704680E+17	6.512875E+16	-6.780532E-3	0.000000E+0	3.841306E-3	-7.534925E-7	0.000000E+0	0.000000E+0	0.000000E+0
2.598938E+2	7.066250E-2	-1.848000E+0	-6.627991E-18	5.175899E+17	-6.603190E-3	0.000000E+0	3.847725E-3	-1.046158E-6	0.000000E+0	0.000000E+0	0.000000E+0
2.596639E+2	9.482861E-2	-1.797000E+0	2.517955E+17	3.793721E+16	-6.390607E-3	0.000000E+0	3.851132E-3	-1.406424E-6	0.000000E+0	0.000000E+0	0.000000E+0
2.607993E+2	-4.032850E-3	-1.747000E+0	4.553607E+17	-2.686618E+17	-6.243370E-3	0.000000E+0	3.834366E-3	5.929243E-8	0.000000E+0	0.000000E+0	0.000000E+0
2.607002E+2	2.324224E-2	-1.696000E+0	8.250878E-19	3.410070E-18	-6.058876E-3	0.000000E+0	3.835824E-3	-3.419757E-7	0.000000E+0	0.000000E+0	0.000000E+0
2.600155E+2	3.897452E-2	-1.646000E+0	6.288344E-18	-3.929323E-18	-5.763019E-3	0.000000E+0	3.845924E-3	-5.764774E-7	0.000000E+0	0.000000E+0	0.000000E+0
2.604679E+2	7.948518E-2	-1.595000E+0	4.284782E-18	4.664211E-18	-5.692928E-3	0.000000E+0	3.839244E-3	-1.171596E-6	0.000000E+0	0.000000E+0	0.000000E+0
2.607090E+2	-6.776428E-2	-1.544000E+0	2.907620E+17	-1.496570E-18	-5.503839E-3	0.000000E+0	3.835694E-3	9.969853E-7	0.000000E+0	0.000000E+0	0.000000E+0
2.612188E+2	8.352351E-2	-1.494000E+0	-2.052875E-18	3.493290E-18	-5.336173E-3	0.000000E+0	3.828208E-3	-1.224052E-6	0.000000E+0	0.000000E+0	0.000000E+0
2.611678E+2	-7.021523E-2	-1.443000E+0	5.291893E-18	5.135446E+17	-5.133805E-3	0.000000E+0	3.828956E-3	1.029419E-6	0.000000E+0	0.000000E+0	0.000000E+0
2.605507E+2	7.431817E-2	-1.392000E+0	-6.504745E+16	2.346692E+17	-4.952887E-3	0.000000E+0	3.838024E-3	-1.094739E-6	0.000000E+0	0.000000E+0	0.000000E+0
2.601570E+2	4.237413E-2	-1.342000E+0	-4.960950E+17	8.277014E+16	-4.789816E-3	0.000000E+0	3.843833E-3	-6.260799E-7	0.000000E+0	0.000000E+0	0.000000E+0
2.610897E+2	-3.058696E-2	-1.291000E+0	2.127762E-18	3.293656E+15	-4.612474E-3	0.000000E+0	3.830101E-3	4.487008E-7	0.000000E+0	0.000000E+0	0.000000E+0
2.605929E+2	3.858733E-2	-1.241000E+0	8.607197E+16	4.249670E-18	-4.420804E-3	0.000000E+0	3.837403E-3	-5.682240E-7	0.000000E+0	0.000000E+0	0.000000E+0
2.608621E+2	-1.688457E-2	-1.190000E+0	-4.014473E-19	-2.240669E+17	-4.242440E-3	0.000000E+0	3.833443E-3	2.481236E-7	0.000000E+0	0.000000E+0	0.000000E+0
2.596293E+2	-4.244328E-3	-1.139000E+0	2.698511E+17	-3.360764E+17	-4.056416E-3	0.000000E+0	3.851645E-3	6.296534E-8	0.000000E+0	0.000000E+0	0.000000E+0
2.619047E+2	-5.112195E-2	-1.089000E+0	-6.256276E-18	1.398985E+17	-3.884152E-3	0.000000E+0	3.818183E-3	7.452823E-7	0.000000E+0	0.000000E+0	0.000000E+0
2.617304E+2	-6.312370E-2	-1.038000E+0	-1.006173E-18	-5.687810E-18	-3.703745E-3	0.000000E+0	3.820725E-3	9.214761E-7	0.000000E+0	0.000000E+0	0.000000E+0
2.618558E+2	-4.825592E-4	-9.870000E-1	1.311717E+15	5.157902E-18	-3.506484E-3	0.000000E+0	3.818896E-3	7.037626E-9	0.000000E+0	0.000000E+0	0.000000E+0
2.609999E+2	-6.633282E-3	-9.370000E-1	2.540081E-19	-1.518024E+17	-3.329624E-3	0.000000E+0	3.831419E-3	9.737507E-8	0.000000E+0	0.000000E+0	0.000000E+0
2.612041E+2	-3.210211E-2	-8.860000E-1	-5.203440E-18	3.830367E-18	-3.156368E-3	0.000000E+0	3.828424E-3	4.705151E-7	0.000000E+0	0.000000E+0	0.000000E+0
2.613979E+2	-2.506113E-2	-8.350000E-1	-1.183523E-18	-5.342346E-18	-2.970343E-3	0.000000E+0	3.825585E-3	3.667722E-7	0.000000E+0	0.000000E+0	0.000000E+0
2.620110E+2	-6.796837E-2	-7.850000E-1	-5.319197E+16	-3.553127E+17	-2.800633E-3	0.000000E+0	3.816633E-3	9.900743E-7	0.000000E+0	0.000000E+0	0.000000E+0
2.614940E+2	-6.236362E-2	-7.340000E-1	2.088264E+17	-2.196584E+17	-2.612054E-3	0.000000E+0	3.824179E-3	9.120273E-7	0.000000E+0	0.000000E+0	0.000000E+0
2.616151E+2	-4.073644E-2	-6.840000E-1	-7.964855E+16	-3.372652E-18	-2.438260E-3	0.000000E+0	3.822409E-3	5.951925E-7	0.000000E+0	0.000000E+0	0.000000E+0
2.613624E+2	-9.380841E-2	-6.330000E-1	-1.827512E-18	1.580559E+17	-2.256831E-3	0.000000E+0	3.826105E-3	1.373269E-6	0.000000E+0	0.000000E+0	0.000000E+0
2.618303E+2	3.317022E-2	-5.820000E-1	-4.775830E-18	6.138991E-18	-2.053952E-3	0.000000E+0	3.819268E-3	-4.838475E-7	0.000000E+0	0.000000E+0	0.000000E+0
2.623457E+2	-3.956938E-2	-5.320000E-1	2.010006E+17	1.860550E+17	-1.891393E-3	0.000000E+0	3.811764E-3	5.749252E-7	0.000000E+0	0.000000E+0	0.000000E+0
2.623110E+2	-1.729219E-1	-4.810000E-1	4.410889E+17	3.939340E-18	-1.714051E-3	0.000000E+0	3.812267E-3	2.513141E-6	0.000000E+0	0.000000E+0	0.000000E+0
2.626596E+2	-5.195618E-2	-4.300000E-1	-5.506670E-18	3.318154E+17	-1.528536E-3	0.000000E+0	3.807209E-3	7.530965E-7	0.000000E+0	0.000000E+0	0.000000E+0
2.622039E+2	-1.956863E-1	-3.800000E-1	-5.761072E+17	-4.172230E+17	-1.358317E-3	0.000000E+0	3.813824E-3	2.846308E-6	0.000000E+0	0.000000E+0	0.000000E+0
2.622514E+2	-3.912997E-2	-3.290000E-1	6.303170E-18	-1.599031E-19	-1.173313E-3	0.000000E+0	3.813135E-3	5.689497E-7	0.000000E+0	0.000000E+0	0.000000E+0
2.624641E+2	-5.661821E-2	-2.780000E-1	-1.696221E+17	-6.410774E-19	-9.877989E-4	0.000000E+0	3.810045E-3	8.218949E-7	0.000000E+0	0.000000E+0	0.000000E+0
2.637415E+2	-7.428718E-2	-2.280000E-1	-2.816971E+17	1.903750E-18	-8.140036E-4	0.000000E+0	3.791591E-3	1.067965E-6	0.000000E+0	0.000000E+0	0.000000E+0
2.634553E+2	-5.903625E-2	-1.770000E-1	-1.478400E+17	2.700591E+17	-6.300216E-4	0.000000E+0	3.795710E-3	8.505598E-7	0.000000E+0	0.000000E+0	0.000000E+0
2.635646E+2	-8.533144E-2	-1.270000E-1	-2.949171E+17	-4.956124E-18	-4.531621E-4	0.000000E+0	3.794136E-3	1.228386E-6	0.000000E+0	0.000000E+0	0.000000E+0
2.628267E+2	-1.063435E-1	-7.600000E-2	-4.717429E+17	-4.928282E+17	-2.747981E-4	0.000000E+0	3.804788E-3	1.539472E-6	0.000000E+0	0.000000E+0	0.000000E+0
2.635289E+2	-6.798697E-2	-2.500000E-2	-9.427576E-19	-9.426377E-19	-9.285894E-5	0.000000E+0	3.794650E-3	9.789695E-7	0.000000E+0	0.000000E+0	0.000000E+0
2.635153E+2	-6.913447E-2	2.500000E-2	-3.093320E+17	4.406614E-18	8.655417E-5	0.000000E+0	3.794846E-3	9.955955E-7	0.000000E+0	0.000000E+0	0.000000E+0
2.633552E+2	-6.863594E-2	7.600000E-2	-4.715212E+17	-5.436513E+17	2.705361E-4	0.000000E+0	3.797153E-3	9.896184E-7	0.000000E+0	0.000000E+0	0.000000E+0
2.633493E+2	-1.494381E-1	1.270000E-1	4.697582E+17	-5.230656E+17	4.524752E-4	0.000000E+0	3.797237E-3	2.154750E-6	0.000000E+0	0.000000E+0	0.000000E+0
2.630616E+2	-9.635210E-2	1.770000E-1	-3.021231E-18	1.735786E-18	6.267809E-4	0.000000E+0	3.801390E-3	1.392343E-6	0.000000E+0	0.000000E+0	0.000000E+0
2.651425E+2	-1.285861E-1	2.280000E-1	-3.194760E-18	5.558819E-18	8.087200E-4	0.000000E+0	3.771556E-3	1.829091E-6	0.000000E+0	0.000000E+0	0.000000E+0
2.626368E+2	-1.237435E-1	2.780000E-1	4.155990E+17	-1.817843E+17	9.922190E-4	0.000000E+0	3.807539E-3	1.793953E-6	0.000000E+0	0.000000E+0	0.000000E+0
2.622884E+2	-1.798964E-2	3.290000E-1	-4.136209E+17	4.857998E-18	1.164454E-3	0.000000E+0	3.812597E-3	2.614956E-7	0.000000E+0	0.000000E+0	0.000000E+0
2.630593E+2	-1.016545E-1	3.800000E-1	-3.851510E-18	-6.440443E-18	1.352011E-3	0.000000E+0	3.801424E-3	1.468991E-6	0.000000E+0	0.000000E+0	0.000000E+0
2.630637E+2	-1.411228E-1	4.300000E-1	4.766215E-20	4.558806E+17	1.526317E-3	0.000000E+0	3.801360E-3	2.039272E-6	0.000000E+0	0.000000E+0	0.000000E+0
2.631879E+2	-1.184115E-1	4.810000E-1	1.388541E-18	6.784133E-18	1.700084E-3	0.000000E+0	3.799566E-3	1.709472E-6	0.000000E+0	0.000000E+0	0.000000E+0
2.622141E+2	-7.375407E-2	5.320000E-1	4.707193E+17	-3.632098E-18	1.883045E-3	0.000000E+0	3.813677E-3	1.072689E-6	0.000000E+0	0.000000E+0	0.000000E+0
2.621439E+2	-1.535408E-1	5.820000E-1	-7.975154E-19	6.323277E-18	2.069608E-3	0.000000E+0	3.814697E-3	2.234314E-6	0.000000E+0	0.000000E+0	0.000000E+0
2.622050E+2	-1.818843E-1	6.330000E-1	-4.524462E+17	2.055148E+17	2.249504E-3	0.000000E+0	3.813808E-3	2.645532E-6	0.000000E+0	0.000000E+0	0.000000E+0
2.617805E+2	-1.598184E-1	6.840000E-1	-6.904434E-18	-8.375564E+16	2.426336E-3	0.000000E+0	3.819993E-3	2.332126E-6	0.000000E+0	0.000000E+0	0.000000E+0
2.629401E+2	-3.803730E-3	7.340000E-1	2.547933E-18	-2.672116E+16	2.608813E-3	0.000000E+0	3.803148E-3	5.501689E-8	0.000000E+0	0.000000E+0	0.000000E+0
2.607898E+2	-8.455873E-2	7.850000E-1	-1.554615E+17	1.089529E+17	2.778495E-3	0.000000E+0	3.834505E-3	1.243304E-6	0.000000E+0	0.000000E+0	0.000000E+0
2.616277E+2	-1.550493E-1	8.350000E-1	-2.314515E+17	1.796536E+17	2.970166E-3	0.000000E+0	3.822224E-3	2.265177E-6	0.000000E+0	0.000000E+0	0.000000E+0
2.611062E+2	-1.619663E-1	8.860000E-1	4.674714E-18	-5.707470E+17	3.150573E-3	0.000000E+0	3.829858E-3	2.375692E-6	0.000000E+0	0.000000E+0	0.000000E+0
2.610519E+2	-1.012676E-1	9.370000E-1	-2.820974E+17	-3.573550E+17	3.333533E-3	0.000000E+0	3.830655E-3	1.485993E-6	0.000000E+0	0.000000E+0	0.000000E+0
2.608851E+2	-1.241281E-1	9.870000E-1	7.433461E+16	-3.421240E+17	3.499157E-3	0.000000E+0	3.833104E-3	1.823776E-6	0.000000E+0	0.000000E+0	0.000000E+0
2.614086E+2	-1.126213E-1	1.038000E+0	4.333500E+17	8.421242E+16	3.688246E-3	0.000000E+0	3.825428E-3	1.648089E-6	0.000000E+0	0.000000E+0	0.000000E+0
2.611600E+2	-1.359017E-1	1.089000E+0	5.364300E+17	-2.871878E+17	3.874271E-3	0.000000E+0	3.829069E-3	1.992560E-6	0.000000E+0	0.000000E+0	0.000000E+0
2.609153E+2	-1.148193E-1	1.139000E+0	-4.075705E-18	1.659667E-18	4.049597E-3	0.000000E+0	3.832661E-3	1.686614E-6	0.000000E+0	0.000000E+0	0.000000E+0
2.607459E+2	-1.058266E-1	1.190000E+0	9.225665E+16	1.907244E+17	4.231025E-3	0.000000E+0	3.835151E-3	1.556538E-6	0.000000E+0	0.000000E+0	0.000000E+0
2.606360E+2	-5.406404E-2	1.241000E+0	4.020179E+17	1.832659E+17	4.418583E-3	0.000000E+0	3.836768E-3	7.958655E-7	0.000000E+0	0.000000E+0	0.000000E+0
2.599520E+2	-9.566593E-2	1.291000E+0	1.676928E-18	4.035830E-18	4.597995E-3	0.000000E+0	3.846864E-3	1.415699E-6	0.000000E+0	0.000000E+0	0.000000E+0
2.607783E+2	-5.750537E-2	1.342000E+0	-2.658310E+17	-5.132058E+17	4.789127E-3	0.000000E+0	3.834675E-3	8.456010E-7	0.000000E+0	0.000000E+0	0.000000E+0
2.597934E+2	-1.231987E-1	1.392000E+0	5.241928E+17	2.782928E-18	4.940961E-3	0.000000E+0	3.849212E-3	1.825365E-6	0.000000E+0	0.000000E+0	0.000000E+0
2.599922E+2	-1.129043E-1	1.443000E+0	2.579781E+17	4.568510E-19	5.145373E-3	0.000000E+0	3.846269E-3	1.670282E-6	0.000000E+0	0.000000E+0	0.000000E+0
2.618444E+2	-9.611559E-2	1.494000E+0	-4.023263E-18	5.325189E+16	5.324759E-3	0.000000E+0	3.819061E-3	1.401868E-6	0.000000E+0	0.000000E+0	0.000000E+0
2.597510E+2	-2.273028E-1	1.544000E+0	-1.980656E+17	2.858813E+16	5.533794E-3	0.000000E+0	3.849838E-3	3.368915E-6	0.000000E+0	0.000000E+0	0.000000E+0
2.593279E+2	-8.980393E-2	1.595000E+0	-2.714796E-18	5.985466E+14	5.687643E-3	0.000000E+0	3.856121E-3	1.335355E-6	0.000000E+0	0.000000E+0	0.000000E+0
2.591257E+2	-1.189520E-1	1.646000E+0	5.785012E-19	5.234687E+17	5.866007E-3	0.000000E+0	3.859130E-3	1.771539E-6	0.000000E+0	0.000000E+0	0.000000E+0
2.603590E+2	-3.395057E-2	1.696000E+0	-2.373659E+17	1.295985E-19	6.054613E-3	0.000000E+0	3.840850E-3	5.008433E-7	0.000000E+0	0.000000E+0	0.000000E+0
2.599511E+2	-1.051939E-1	1.747000E+0	-5.351627E-18	2.391872E+17	6.215101E-3	0.000000E+0	3.846877E-3	1.556708E-6	0.000000E+0	0.000000E+0	0.000000E+0
2.587329E+2	-1.024973E-1	1.797000E+0	2.587907E+17	1.873793E-18	6.394515E-3	0.000000E+0	3.864989E-3	1.531119E-6	0.000000E+0	0.000000E+0	0.000000E+0
2.582570E+2	-1.732681E-1	1.848000E+0	-3.127958E+17	-9.739241E-19	6.605054E-3	0.000000E+0	3.872110E-3	2.597851E-6	0.000000E+0	0.000000E+0	0.000000E+0
2.588773E+2	-1.227727E-1	1.899000E+0	6.653843E-18	-4.395667E+17	6.789036E-3	0.000000E+0	3.862833E-3	1.831951E-6	0.000000E+0	0.000000E+0	0.000000E+0
2.585582E+2	-1.054842E-1	1.949000E+0	-1.571544E-18	-4.190346E+17	6.975600E-3	0.000000E+0	3.867601E-3	1.577868E-6	0.000000E+0	0.000000E+0	0.000000E+0
2.584237E+2	-1.385195E-1	2.000000E+0	-9.275714E-19	-3.780201E-18	7.145282E-3	0.000000E+0	3.869613E-3	2.074178E-6	0.000000E+0	0.000000E+0	0.000000E+0
