Real / Ohm	Ximag / Ohm	V_DC / V	I_a c / A	V_ac / V	I_DC / A
2.667834E+4	-8.931692E+6	-2.500000E+0	-3.567381E+17	-4.286482E-18	1.662062E-6	1.000000E+4	3.344163E-10	1.119599E-7	0.000000E+0	0.000000E+0	0.000000E+0
-1.498463E+4	-8.304548E+6	-2.437000E+0	-4.691026E+17	6.906363E-18	4.297908E-7	0.000000E+0	-2.172764E-10	1.204156E-7	0.000000E+0	0.000000E+0	0.000000E+0
-4.407677E+4	-7.484481E+6	-2.373000E+0	-5.704680E+17	6.512875E+16	1.723485E-6	0.000000E+0	-7.868126E-10	1.336052E-7	0.000000E+0	0.000000E+0	0.000000E+0
-5.690805E+3	-6.787137E+6	-2.310000E+0	-6.627991E-18	5.175899E+17	4.912290E-7	0.000000E+0	-1.235379E-10	1.473374E-7	0.000000E+0	0.000000E+0	0.000000E+0
2.201352E+4	-5.963316E+6	-2.247000E+0	2.517955E+17	3.793721E+16	-2.273169E-6	0.000000E+0	6.190246E-10	1.676897E-7	0.000000E+0	0.000000E+0	0.000000E+0
1.165893E+5	-5.354418E+6	-2.184000E+0	4.553607E+17	-2.686618E+17	-4.410831E-7	0.000000E+0	4.064698E-9	1.866732E-7	0.000000E+0	0.000000E+0	0.000000E+0
3.774315E+5	-4.724035E+6	-2.120000E+0	8.250878E-19	3.410070E-18	3.418972E-7	0.000000E+0	1.680539E-8	2.103408E-7	0.000000E+0	0.000000E+0	0.000000E+0
7.074679E+5	-4.037050E+6	-2.057000E+0	6.288344E-18	-3.929323E-18	-3.796595E-7	0.000000E+0	4.211549E-8	2.403251E-7	0.000000E+0	0.000000E+0	0.000000E+0
8.122032E+5	-3.129494E+6	-1.994000E+0	4.284782E-18	4.664211E-18	4.310059E-7	0.000000E+0	7.769746E-8	2.993755E-7	0.000000E+0	0.000000E+0	0.000000E+0
6.806669E+5	-2.349174E+6	-1.930000E+0	2.907620E+17	-1.496570E-18	1.213986E-6	0.000000E+0	1.137873E-7	3.927120E-7	0.000000E+0	0.000000E+0	0.000000E+0
4.790336E+5	-1.796372E+6	-1.867000E+0	-2.052875E-18	3.493290E-18	2.535351E-6	0.000000E+0	1.385922E-7	5.197196E-7	0.000000E+0	0.000000E+0	0.000000E+0
3.116301E+5	-1.406755E+6	-1.804000E+0	5.291893E-18	5.135446E+17	7.923809E-7	0.000000E+0	1.501056E-7	6.776038E-7	0.000000E+0	0.000000E+0	0.000000E+0
2.088333E+5	-1.152013E+6	-1.741000E+0	-6.504745E+16	2.346692E+17	2.624460E-6	0.000000E+0	1.523502E-7	8.404282E-7	0.000000E+0	0.000000E+0	0.000000E+0
1.490273E+5	-9.927095E+5	-1.677000E+0	-4.960950E+17	8.277014E+16	2.386019E-6	0.000000E+0	1.478913E-7	9.851423E-7	0.000000E+0	0.000000E+0	0.000000E+0
1.113361E+5	-8.954902E+5	-1.614000E+0	2.127762E-18	3.293656E+15	1.323206E-7	0.000000E+0	1.367264E-7	1.099708E-6	0.000000E+0	0.000000E+0	0.000000E+0
9.012655E+4	-8.374039E+5	-1.551000E+0	8.607197E+16	4.249670E-18	1.453693E-6	0.000000E+0	1.270519E-7	1.180493E-6	0.000000E+0	0.000000E+0	0.000000E+0
7.580309E+4	-8.006005E+5	-1.487000E+0	-4.014473E-19	-2.240669E+17	1.937660E-7	0.000000E+0	1.172139E-7	1.237964E-6	0.000000E+0	0.000000E+0	0.000000E+0
6.465660E+4	-7.759909E+5	-1.424000E+0	2.698511E+17	-3.360764E+17	4.937028E-7	0.000000E+0	1.066338E-7	1.279790E-6	0.000000E+0	0.000000E+0	0.000000E+0
5.603638E+4	-7.586071E+5	-1.361000E+0	-6.256276E-18	1.398985E+17	-2.278466E-7	0.000000E+0	9.684407E-8	1.311052E-6	0.000000E+0	0.000000E+0	0.000000E+0
4.968634E+4	-7.450606E+5	-1.297000E+0	-1.006173E-18	-5.687810E-18	2.087341E-6	0.000000E+0	8.911005E-8	1.336230E-6	0.000000E+0	0.000000E+0	0.000000E+0
4.352521E+4	-7.326424E+5	-1.234000E+0	1.311717E+15	5.157902E-18	-6.771224E-7	0.000000E+0	8.080285E-8	1.360122E-6	0.000000E+0	0.000000E+0	0.000000E+0
3.903056E+4	-7.228177E+5	-1.171000E+0	2.540081E-19	-1.518024E+17	6.442715E-7	0.000000E+0	7.448739E-8	1.379453E-6	0.000000E+0	0.000000E+0	0.000000E+0
3.445158E+4	-7.133884E+5	-1.108000E+0	-5.203440E-18	3.830367E-18	1.965673E-6	0.000000E+0	6.753756E-8	1.398499E-6	0.000000E+0	0.000000E+0	0.000000E+0
2.994536E+4	-7.041175E+5	-1.044000E+0	-1.183523E-18	-5.342346E-18	1.950248E-7	0.000000E+0	6.029127E-8	1.417653E-6	0.000000E+0	0.000000E+0	0.000000E+0
2.659339E+4	-6.942730E+5	-9.810000E-1	-5.319197E+16	-3.553127E+17	-1.577791E-8	0.000000E+0	5.509046E-8	1.438245E-6	0.000000E+0	0.000000E+0	0.000000E+0
2.376864E+4	-6.845449E+5	-9.180000E-1	2.088264E+17	-2.196584E+17	2.841298E-7	0.000000E+0	5.066140E-8	1.459066E-6	0.000000E+0	0.000000E+0	0.000000E+0
2.157276E+4	-6.746725E+5	-8.540000E-1	-7.964855E+16	-3.372652E-18	2.088575E-6	0.000000E+0	4.734519E-8	1.480687E-6	0.000000E+0	0.000000E+0	0.000000E+0
1.932262E+4	-6.652719E+5	-7.910000E-1	-1.827512E-18	1.580559E+17	8.563111E-7	0.000000E+0	4.362158E-8	1.501878E-6	0.000000E+0	0.000000E+0	0.000000E+0
1.791098E+4	-6.548834E+5	-7.280000E-1	-4.775830E-18	6.138991E-18	1.156219E-6	0.000000E+0	4.173175E-8	1.525848E-6	0.000000E+0	0.000000E+0	0.000000E+0
1.643970E+4	-6.445696E+5	-6.650000E-1	2.010006E+17	1.860550E+17	-7.601193E-8	0.000000E+0	3.954320E-8	1.550414E-6	0.000000E+0	0.000000E+0	0.000000E+0
1.505787E+4	-6.333225E+5	-6.010000E-1	4.410889E+17	3.939340E-18	3.260571E-6	0.000000E+0	3.752047E-8	1.578082E-6	0.000000E+0	0.000000E+0	0.000000E+0
1.462651E+4	-6.223771E+5	-5.380000E-1	-5.506670E-18	3.318154E+17	-1.457374E-8	0.000000E+0	3.773929E-8	1.605856E-6	0.000000E+0	0.000000E+0	0.000000E+0
1.389631E+4	-6.113941E+5	-4.750000E-1	-5.761072E+17	-4.172230E+17	1.306791E-6	0.000000E+0	3.715632E-8	1.634762E-6	0.000000E+0	0.000000E+0	0.000000E+0
1.389713E+4	-5.992011E+5	-4.110000E-1	6.303170E-18	-1.599031E-19	4.689355E-8	0.000000E+0	3.868534E-8	1.667992E-6	0.000000E+0	0.000000E+0	0.000000E+0
1.338231E+4	-5.886084E+5	-3.480000E-1	-1.696221E+17	-6.410774E-19	2.389716E-6	0.000000E+0	3.860591E-8	1.698045E-6	0.000000E+0	0.000000E+0	0.000000E+0
1.359791E+4	-5.772276E+5	-2.850000E-1	-2.816971E+17	1.903750E-18	-3.747173E-7	0.000000E+0	4.078844E-8	1.731458E-6	0.000000E+0	0.000000E+0	0.000000E+0
1.365958E+4	-5.658973E+5	-2.220000E-1	-1.478400E+17	2.700591E+17	-1.096236E-6	0.000000E+0	4.262939E-8	1.766076E-6	0.000000E+0	0.000000E+0	0.000000E+0
1.348584E+4	-5.554292E+5	-1.580000E-1	-2.949171E+17	-4.956124E-18	-1.845450E-6	0.000000E+0	4.368825E-8	1.799349E-6	0.000000E+0	0.000000E+0	0.000000E+0
1.410169E+4	-5.449297E+5	-9.500000E-2	-4.717429E+17	-4.928282E+17	3.561715E-6	0.000000E+0	4.745691E-8	1.833871E-6	0.000000E+0	0.000000E+0	0.000000E+0
1.473387E+4	-5.354246E+5	-3.200000E-2	-9.427576E-19	-9.426377E-19	2.865679E-7	0.000000E+0	5.135603E-8	1.866263E-6	0.000000E+0	0.000000E+0	0.000000E+0
1.456619E+4	-5.259023E+5	3.200000E-2	-3.093320E+17	4.406614E-18	-2.505531E-6	0.000000E+0	5.262629E-8	1.900036E-6	0.000000E+0	0.000000E+0	0.000000E+0
1.537639E+4	-5.174456E+5	9.500000E-2	-4.715212E+17	-5.436513E+17	1.369463E-6	0.000000E+0	5.737751E-8	1.930865E-6	0.000000E+0	0.000000E+0	0.000000E+0
1.551753E+4	-5.093018E+5	1.580000E-1	4.697582E+17	-5.230656E+17	-8.842271E-7	0.000000E+0	5.976807E-8	1.961651E-6	0.000000E+0	0.000000E+0	0.000000E+0
1.527033E+4	-5.019228E+5	2.220000E-1	-3.021231E-18	1.735786E-18	-6.119844E-7	0.000000E+0	6.055817E-8	1.990496E-6	0.000000E+0	0.000000E+0	0.000000E+0
1.574994E+4	-4.951966E+5	2.850000E-1	-3.194760E-18	5.558819E-18	1.986682E-7	0.000000E+0	6.416297E-8	2.017359E-6	0.000000E+0	0.000000E+0	0.000000E+0
1.552934E+4	-4.891364E+5	3.480000E-1	4.155990E+17	-1.817843E+17	1.520035E-6	0.000000E+0	6.484187E-8	2.042361E-6	0.000000E+0	0.000000E+0	0.000000E+0
1.589727E+4	-4.835175E+5	4.110000E-1	-4.136209E+17	4.857998E-18	-1.244371E-6	0.000000E+0	6.792489E-8	2.065944E-6	0.000000E+0	0.000000E+0	0.000000E+0
1.574533E+4	-4.783623E+5	4.750000E-1	-3.851510E-18	-6.440443E-18	4.933099E-8	0.000000E+0	6.873337E-8	2.088203E-6	0.000000E+0	0.000000E+0	0.000000E+0
1.580519E+4	-4.739000E+5	5.380000E-1	4.766215E-20	4.558806E+17	3.492387E-7	0.000000E+0	7.029809E-8	2.107805E-6	0.000000E+0	0.000000E+0	0.000000E+0
1.585136E+4	-4.701597E+5	6.010000E-1	1.388541E-18	6.784133E-18	1.384360E-7	0.000000E+0	7.162792E-8	2.124522E-6	0.000000E+0	0.000000E+0	0.000000E+0
1.580507E+4	-4.662346E+5	6.650000E-1	4.707193E+17	-3.632098E-18	-1.121465E-6	0.000000E+0	7.262542E-8	2.142381E-6	0.000000E+0	0.000000E+0	0.000000E+0
1.603225E+4	-4.628642E+5	7.280000E-1	-7.975154E-19	6.323277E-18	1.999033E-7	0.000000E+0	7.474232E-8	2.157872E-6	0.000000E+0	0.000000E+0	0.000000E+0
1.577052E+4	-4.600219E+5	7.910000E-1	-4.524462E+17	2.055148E+17	-2.053817E-6	0.000000E+0	7.443529E-8	2.171258E-6	0.000000E+0	0.000000E+0	0.000000E+0
1.561088E+4	-4.578705E+5	8.540000E-1	-6.904434E-18	-8.375564E+16	-2.264624E-6	0.000000E+0	7.437680E-8	2.181488E-6	0.000000E+0	0.000000E+0	0.000000E+0
1.585667E+4	-4.550907E+5	9.180000E-1	2.547933E-18	-2.672116E+16	-4.601789E-7	0.000000E+0	7.646966E-8	2.194700E-6	0.000000E+0	0.000000E+0	0.000000E+0
1.571701E+4	-4.530997E+5	9.810000E-1	-1.554615E+17	1.089529E+17	-1.181699E-6	0.000000E+0	7.646455E-8	2.204367E-6	0.000000E+0	0.000000E+0	0.000000E+0
1.570409E+4	-4.511612E+5	1.044000E+0	-2.314515E+17	1.796536E+17	-8.817879E-7	0.000000E+0	7.705901E-8	2.213820E-6	0.000000E+0	0.000000E+0	0.000000E+0
1.556086E+4	-4.493065E+5	1.108000E+0	4.674714E-18	-5.707470E+17	-1.630979E-6	0.000000E+0	7.698881E-8	2.222986E-6	0.000000E+0	0.000000E+0	0.000000E+0
1.588511E+4	-4.479524E+5	1.171000E+0	-2.820974E+17	-3.573550E+17	2.011075E-7	0.000000E+0	7.906435E-8	2.229576E-6	0.000000E+0	0.000000E+0	0.000000E+0
1.562639E+4	-4.466259E+5	1.234000E+0	7.433461E+16	-3.421240E+17	1.011758E-6	0.000000E+0	7.824193E-8	2.236273E-6	0.000000E+0	0.000000E+0	0.000000E+0
1.548977E+4	-4.457814E+5	1.297000E+0	4.333500E+17	8.421242E+16	-2.263390E-6	0.000000E+0	7.785330E-8	2.240547E-6	0.000000E+0	0.000000E+0	0.000000E+0
1.559337E+4	-4.449077E+5	1.361000E+0	5.364300E+17	-2.871878E+17	-4.544745E-6	0.000000E+0	7.868048E-8	2.244900E-6	0.000000E+0	0.000000E+0	0.000000E+0
1.544770E+4	-4.439607E+5	1.424000E+0	-4.075705E-18	1.659667E-18	1.883847E-6	0.000000E+0	7.827972E-8	2.249728E-6	0.000000E+0	0.000000E+0	0.000000E+0
1.551755E+4	-4.433947E+5	1.487000E+0	9.225665E+16	1.907244E+17	2.183784E-6	0.000000E+0	7.883345E-8	2.252568E-6	0.000000E+0	0.000000E+0	0.000000E+0
1.531876E+4	-4.428240E+5	1.551000E+0	4.020179E+17	1.832659E+17	-9.759970E-8	0.000000E+0	7.802646E-8	2.255534E-6	0.000000E+0	0.000000E+0	0.000000E+0
1.537849E+4	-4.420567E+5	1.614000E+0	1.676928E-18	4.035830E-18	1.223772E-6	0.000000E+0	7.860179E-8	2.259419E-6	0.000000E+0	0.000000E+0	0.000000E+0
1.501521E+4	-4.419558E+5	1.677000E+0	-2.658310E+17	-5.132058E+17	-1.029926E-6	0.000000E+0	7.678435E-8	2.260061E-6	0.000000E+0	0.000000E+0	0.000000E+0
1.527708E+4	-4.417459E+5	1.741000E+0	5.241928E+17	2.782928E-18	-2.469387E-7	0.000000E+0	7.819450E-8	2.261041E-6	0.000000E+0	0.000000E+0	0.000000E+0
1.509767E+4	-4.418162E+5	1.804000E+0	2.579781E+17	4.568510E-19	-1.479202E-6	0.000000E+0	7.725379E-8	2.260745E-6	0.000000E+0	0.000000E+0	0.000000E+0
1.502219E+4	-4.418172E+5	1.867000E+0	-4.023263E-18	5.325189E+16	-1.690001E-6	0.000000E+0	7.686811E-8	2.260766E-6	0.000000E+0	0.000000E+0	0.000000E+0
1.489938E+4	-4.424299E+5	1.930000E+0	-1.980656E+17	2.858813E+16	-1.900808E-6	0.000000E+0	7.603035E-8	2.257685E-6	0.000000E+0	0.000000E+0	0.000000E+0
1.496548E+4	-4.424900E+5	1.994000E+0	-2.714796E-18	5.985466E+14	-2.649998E-6	0.000000E+0	7.634617E-8	2.257356E-6	0.000000E+0	0.000000E+0	0.000000E+0
1.456210E+4	-4.422981E+5	2.057000E+0	5.785012E-19	5.234687E+17	3.267894E-6	0.000000E+0	7.435726E-8	2.258470E-6	0.000000E+0	0.000000E+0	0.000000E+0
1.484357E+4	-4.428286E+5	2.120000E+0	-2.373659E+17	1.295985E-19	-1.028689E-6	0.000000E+0	7.561002E-8	2.255676E-6	0.000000E+0	0.000000E+0	0.000000E+0
1.467181E+4	-4.434985E+5	2.184000E+0	-5.351627E-18	2.391872E+17	-2.288623E-6	0.000000E+0	7.451168E-8	2.252334E-6	0.000000E+0	0.000000E+0	0.000000E+0
1.495054E+4	-4.437202E+5	2.247000E+0	2.587907E+17	1.873793E-18	-2.499422E-6	0.000000E+0	7.584828E-8	2.251117E-6	0.000000E+0	0.000000E+0	0.000000E+0
1.466679E+4	-4.444570E+5	2.310000E+0	-3.127958E+17	-9.739241E-19	-3.731679E-6	0.000000E+0	7.416567E-8	2.247489E-6	0.000000E+0	0.000000E+0	0.000000E+0
1.444944E+4	-4.449382E+5	2.373000E+0	6.653843E-18	-4.395667E+17	-3.673922E-7	0.000000E+0	7.291113E-8	2.245135E-6	0.000000E+0	0.000000E+0	0.000000E+0
1.447413E+4	-4.460030E+5	2.437000E+0	-1.571544E-18	-4.190346E+17	1.437016E-6	0.000000E+0	7.268750E-8	2.239778E-6	0.000000E+0	0.000000E+0	0.000000E+0
1.429150E+4	-4.468647E+5	2.500000E+0	-9.275714E-19	-3.780201E-18	2.047746E-7	0.000000E+0	7.149600E-8	2.235527E-6	0.000000E+0	0.000000E+0	0.000000E+0
