Real / Ohm	Ximag / Ohm	V_DC / V	I_a c / A	V_ac / V	I_DC / A
1.778318E+2	-4.502592E+3	2.000000E+0	-9.275714E-19	-3.780201E-18	7.591007E-7	1.000000E+6	8.758048E-6	2.217484E-4	0.000000E+0	0.000000E+0	0.000000E+0
1.953018E+2	-4.535777E+3	1.949000E+0	-1.571544E-18	-4.190346E+17	-2.426466E-6	0.000000E+0	9.475419E-6	2.200614E-4	0.000000E+0	0.000000E+0	0.000000E+0
2.037361E+2	-4.570905E+3	1.899000E+0	6.653843E-18	-4.395667E+17	-2.169691E-8	0.000000E+0	9.731990E-6	2.183413E-4	0.000000E+0	0.000000E+0	0.000000E+0
2.082446E+2	-4.615784E+3	1.848000E+0	-3.127958E+17	-9.739241E-19	-6.536065E-7	0.000000E+0	9.754381E-6	2.162078E-4	0.000000E+0	0.000000E+0	0.000000E+0
2.110222E+2	-4.667592E+3	1.797000E+0	2.587907E+17	1.873793E-18	-2.817709E-6	0.000000E+0	9.666196E-6	2.138062E-4	0.000000E+0	0.000000E+0	0.000000E+0
1.957483E+2	-4.722867E+3	1.747000E+0	-5.351627E-18	2.391872E+17	-4.129397E-7	0.000000E+0	8.760747E-6	2.113727E-4	0.000000E+0	0.000000E+0	0.000000E+0
2.108157E+2	-4.784330E+3	1.696000E+0	-2.373659E+17	1.295985E-19	-1.044864E-6	0.000000E+0	9.192175E-6	2.086106E-4	0.000000E+0	0.000000E+0	0.000000E+0
2.157058E+2	-4.846994E+3	1.646000E+0	5.785012E-19	5.234687E+17	-4.768779E-6	0.000000E+0	9.163420E-6	2.059056E-4	0.000000E+0	0.000000E+0	0.000000E+0
2.051765E+2	-4.914229E+3	1.595000E+0	-2.714796E-18	5.985466E+14	5.324509E-6	0.000000E+0	8.481261E-6	2.031366E-4	0.000000E+0	0.000000E+0	0.000000E+0
2.165261E+2	-4.984283E+3	1.544000E+0	-1.980656E+17	2.858813E+16	-1.946821E-6	0.000000E+0	8.699335E-6	2.002527E-4	0.000000E+0	0.000000E+0	0.000000E+0
2.140085E+2	-5.056179E+3	1.494000E+0	-4.023263E-18	5.325189E+16	-4.138594E-6	0.000000E+0	8.356199E-6	1.974241E-4	0.000000E+0	0.000000E+0	0.000000E+0
2.176497E+2	-5.133132E+3	1.443000E+0	2.579781E+17	4.568510E-19	-4.259782E-6	0.000000E+0	8.245426E-6	1.944632E-4	0.000000E+0	0.000000E+0	0.000000E+0
2.156572E+2	-5.212978E+3	1.392000E+0	5.241928E+17	2.782928E-18	-2.848799E-6	0.000000E+0	7.922268E-6	1.915012E-4	0.000000E+0	0.000000E+0	0.000000E+0
2.152544E+2	-5.294980E+3	1.342000E+0	-2.658310E+17	-5.132058E+17	-9.547439E-7	0.000000E+0	7.664896E-6	1.885465E-4	0.000000E+0	0.000000E+0	0.000000E+0
2.122883E+2	-5.382447E+3	1.291000E+0	1.676928E-18	4.035830E-18	-5.652182E-7	0.000000E+0	7.316300E-6	1.855005E-4	0.000000E+0	0.000000E+0	0.000000E+0
2.101855E+2	-5.470142E+3	1.241000E+0	4.020179E+17	1.832659E+17	-2.033630E-7	0.000000E+0	7.013985E-6	1.825411E-4	0.000000E+0	0.000000E+0	0.000000E+0
1.835278E+2	-5.565641E+3	1.190000E+0	9.225665E+16	1.907244E+17	-8.352727E-7	0.000000E+0	5.918334E-6	1.794787E-4	0.000000E+0	0.000000E+0	0.000000E+0
2.031118E+2	-5.665037E+3	1.139000E+0	-4.075705E-18	1.659667E-18	-9.564537E-7	0.000000E+0	6.320795E-6	1.762947E-4	0.000000E+0	0.000000E+0	0.000000E+0
2.045752E+2	-5.768281E+3	1.089000E+0	5.364300E+17	-2.871878E+17	-1.616056E-6	0.000000E+0	6.140649E-6	1.731441E-4	0.000000E+0	0.000000E+0	0.000000E+0
1.972471E+2	-5.877119E+3	1.038000E+0	4.333500E+17	8.421242E+16	-7.157869E-7	0.000000E+0	5.704174E-6	1.699600E-4	0.000000E+0	0.000000E+0	0.000000E+0
1.973999E+2	-5.992396E+3	9.870000E-1	7.433461E+16	-3.421240E+17	1.716646E-6	0.000000E+0	5.491297E-6	1.666973E-4	0.000000E+0	0.000000E+0	0.000000E+0
1.988525E+2	-6.113294E+3	9.370000E-1	-2.820974E+17	-3.573550E+17	3.561945E-8	0.000000E+0	5.315220E-6	1.634050E-4	0.000000E+0	0.000000E+0	0.000000E+0
2.021489E+2	-6.242484E+3	8.860000E-1	4.674714E-18	-5.707470E+17	-1.107030E-6	0.000000E+0	5.182047E-6	1.600248E-4	0.000000E+0	0.000000E+0	0.000000E+0
1.963105E+2	-6.380482E+3	8.350000E-1	-2.314515E+17	1.796536E+17	-2.067900E-7	0.000000E+0	4.817543E-6	1.565797E-4	0.000000E+0	0.000000E+0	0.000000E+0
1.954634E+2	-6.525325E+3	7.850000E-1	-1.554615E+17	1.089529E+17	-1.377077E-6	0.000000E+0	4.586397E-6	1.531117E-4	0.000000E+0	0.000000E+0	0.000000E+0
1.933545E+2	-6.681577E+3	7.340000E-1	2.547933E-18	-2.672116E+16	-1.498269E-6	0.000000E+0	4.327457E-6	1.495400E-4	0.000000E+0	0.000000E+0	0.000000E+0
1.932573E+2	-6.845325E+3	6.840000E-1	-6.904434E-18	-8.375564E+16	2.949389E-6	0.000000E+0	4.120992E-6	1.459688E-4	0.000000E+0	0.000000E+0	0.000000E+0
1.671055E+2	-7.025838E+3	6.330000E-1	-4.524462E+17	2.055148E+17	-7.468880E-7	0.000000E+0	3.383365E-6	1.422513E-4	0.000000E+0	0.000000E+0	0.000000E+0
1.935225E+2	-7.222962E+3	5.820000E-1	-7.975154E-19	6.323277E-18	1.533808E-7	0.000000E+0	3.706715E-6	1.383480E-4	0.000000E+0	0.000000E+0	0.000000E+0
2.015771E+2	-7.433632E+3	5.320000E-1	4.707193E+17	-3.632098E-18	-1.527646E-6	0.000000E+0	3.645187E-6	1.344249E-4	0.000000E+0	0.000000E+0	0.000000E+0
2.082446E+2	-7.668096E+3	4.810000E-1	1.388541E-18	6.784133E-18	1.415503E-6	0.000000E+0	3.538983E-6	1.303144E-4	0.000000E+0	0.000000E+0	0.000000E+0
1.928130E+2	-7.929542E+3	4.300000E-1	4.766215E-20	4.558806E+17	7.835697E-7	0.000000E+0	3.064668E-6	1.260362E-4	0.000000E+0	0.000000E+0	0.000000E+0
2.215786E+2	-8.220227E+3	3.800000E-1	-3.851510E-18	-6.440443E-18	6.347127E-7	0.000000E+0	3.276761E-6	1.215628E-4	0.000000E+0	0.000000E+0	0.000000E+0
2.690864E+2	-8.558441E+3	3.290000E-1	-4.136209E+17	4.857998E-18	-1.529363E-6	0.000000E+0	3.670061E-6	1.167283E-4	0.000000E+0	0.000000E+0	0.000000E+0
3.091030E+2	-8.958563E+3	2.780000E-1	4.155990E+17	-1.817843E+17	-6.291248E-7	0.000000E+0	3.846890E-6	1.114923E-4	0.000000E+0	0.000000E+0	0.000000E+0
3.632222E+2	-9.446281E+3	2.280000E-1	-3.194760E-18	5.558819E-18	1.775647E-6	0.000000E+0	4.064518E-6	1.057055E-4	0.000000E+0	0.000000E+0	0.000000E+0
4.412754E+2	-1.010833E+4	1.770000E-1	-3.021231E-18	1.735786E-18	-2.431343E-6	0.000000E+0	4.310464E-6	9.874014E-5	0.000000E+0	0.000000E+0	0.000000E+0
5.541113E+2	-1.104851E+4	1.270000E-1	4.697582E+17	-5.230656E+17	-5.372858E-7	0.000000E+0	4.527918E-6	9.028286E-5	0.000000E+0	0.000000E+0	0.000000E+0
7.187412E+2	-1.258438E+4	7.600000E-2	-4.715212E+17	-5.436513E+17	2.405865E-6	0.000000E+0	4.523708E-6	7.920522E-5	0.000000E+0	0.000000E+0	0.000000E+0
9.944141E+2	-1.510700E+4	2.500000E-2	-3.093320E+17	4.406614E-18	2.284675E-6	0.000000E+0	4.338435E-6	6.590890E-5	0.000000E+0	0.000000E+0	0.000000E+0
1.376584E+3	-1.903502E+4	-2.500000E-2	-9.427576E-19	-9.426377E-19	2.135818E-6	0.000000E+0	3.779468E-6	5.226142E-5	0.000000E+0	0.000000E+0	0.000000E+0
1.847928E+3	-2.456701E+4	-7.600000E-2	-4.717429E+17	-4.928282E+17	1.503885E-6	0.000000E+0	3.044599E-6	4.047598E-5	0.000000E+0	0.000000E+0	0.000000E+0
2.232352E+3	-3.081560E+4	-1.270000E-1	-2.949171E+17	-4.956124E-18	8.719799E-7	0.000000E+0	2.338559E-6	3.228169E-5	0.000000E+0	0.000000E+0	0.000000E+0
2.564574E+3	-3.617023E+4	-1.770000E-1	-1.478400E+17	2.700591E+17	2.766008E-6	0.000000E+0	1.950450E-6	2.750875E-5	0.000000E+0	0.000000E+0	0.000000E+0
3.062834E+3	-4.062417E+4	-2.280000E-1	-2.816971E+17	1.903750E-18	6.019327E-7	0.000000E+0	1.845410E-6	2.447675E-5	0.000000E+0	0.000000E+0	0.000000E+0
3.676664E+3	-4.423263E+4	-2.780000E-1	-1.696221E+17	-6.410774E-19	9.637897E-7	0.000000E+0	1.866286E-6	2.245262E-5	0.000000E+0	0.000000E+0	0.000000E+0
4.315727E+3	-4.806212E+4	-3.290000E-1	6.303170E-18	-1.599031E-19	1.353314E-6	0.000000E+0	1.853363E-6	2.063998E-5	0.000000E+0	0.000000E+0	0.000000E+0
4.750035E+3	-5.245026E+4	-3.800000E-1	-5.761072E+17	-4.172230E+17	7.214094E-7	0.000000E+0	1.712593E-6	1.891059E-5	0.000000E+0	0.000000E+0	0.000000E+0
4.975238E+3	-5.695721E+4	-4.300000E-1	-5.506670E-18	3.318154E+17	1.083266E-6	0.000000E+0	1.522002E-6	1.742409E-5	0.000000E+0	0.000000E+0	0.000000E+0
5.108078E+3	-6.158132E+4	-4.810000E-1	4.410889E+17	3.939340E-18	-5.700949E-7	0.000000E+0	1.337771E-6	1.612772E-5	0.000000E+0	0.000000E+0	0.000000E+0
5.145648E+3	-6.592452E+4	-5.320000E-1	2.010006E+17	1.860550E+17	1.862340E-6	0.000000E+0	1.176815E-6	1.507701E-5	0.000000E+0	0.000000E+0	0.000000E+0
5.192316E+3	-6.993281E+4	-5.820000E-1	-4.775830E-18	6.138991E-18	-8.401439E-7	0.000000E+0	1.055873E-6	1.422104E-5	0.000000E+0	0.000000E+0	0.000000E+0
5.228539E+3	-7.385063E+4	-6.330000E-1	-1.827512E-18	1.580559E+17	-4.506182E-7	0.000000E+0	9.538948E-7	1.347331E-5	0.000000E+0	0.000000E+0	0.000000E+0
5.075160E+3	-7.751594E+4	-6.840000E-1	-7.964855E+16	-3.372652E-18	3.003246E-6	0.000000E+0	8.410271E-7	1.284551E-5	0.000000E+0	0.000000E+0	0.000000E+0
4.985820E+3	-8.085808E+4	-7.340000E-1	2.088264E+17	-2.196584E+17	4.897305E-6	0.000000E+0	7.596991E-7	1.232050E-5	0.000000E+0	0.000000E+0	0.000000E+0
5.064957E+3	-8.402834E+4	-7.850000E-1	-5.319197E+16	-3.553127E+17	6.903138E-7	0.000000E+0	7.147417E-7	1.185766E-5	0.000000E+0	0.000000E+0	0.000000E+0
5.087148E+3	-8.705019E+4	-8.350000E-1	-1.183523E-18	-5.342346E-18	3.095083E-6	0.000000E+0	6.690434E-7	1.144853E-5	0.000000E+0	0.000000E+0	0.000000E+0
4.998047E+3	-8.980189E+4	-8.860000E-1	-5.203440E-18	3.830367E-18	4.202666E-7	0.000000E+0	6.178544E-7	1.110124E-5	0.000000E+0	0.000000E+0	0.000000E+0
4.976289E+3	-9.248681E+4	-9.370000E-1	2.540081E-19	-1.518024E+17	8.097886E-7	0.000000E+0	5.800835E-7	1.078114E-5	0.000000E+0	0.000000E+0	0.000000E+0
5.046633E+3	-9.491277E+4	-9.870000E-1	1.311717E+15	5.157902E-18	-8.712377E-7	0.000000E+0	5.586327E-7	1.050629E-5	0.000000E+0	0.000000E+0	0.000000E+0
4.912055E+3	-9.735550E+4	-1.038000E+0	-1.006173E-18	-5.687810E-18	5.136251E-6	0.000000E+0	5.169375E-7	1.024555E-5	0.000000E+0	0.000000E+0	0.000000E+0
4.983820E+3	-9.949117E+4	-1.089000E+0	-6.256276E-18	1.398985E+17	1.440007E-6	0.000000E+0	5.022325E-7	1.002598E-5	0.000000E+0	0.000000E+0	0.000000E+0
4.897641E+3	-1.015208E+5	-1.139000E+0	2.698511E+17	-3.360764E+17	1.801862E-6	0.000000E+0	4.740971E-7	9.827326E-6	0.000000E+0	0.000000E+0	0.000000E+0
4.936070E+3	-1.034870E+5	-1.190000E+0	-4.014473E-19	-2.240669E+17	2.191395E-6	0.000000E+0	4.598570E-7	9.641115E-6	0.000000E+0	0.000000E+0	0.000000E+0
4.822547E+3	-1.051384E+5	-1.241000E+0	8.607197E+16	4.249670E-18	5.380280E-7	0.000000E+0	4.353524E-7	9.491304E-6	0.000000E+0	0.000000E+0	0.000000E+0
4.829367E+3	-1.066924E+5	-1.291000E+0	2.127762E-18	3.293656E+15	-1.215740E-7	0.000000E+0	4.233839E-7	9.353575E-6	0.000000E+0	0.000000E+0	0.000000E+0
4.985375E+3	-1.082544E+5	-1.342000E+0	-4.960950E+17	8.277014E+16	-2.427914E-7	0.000000E+0	4.245087E-7	9.217950E-6	0.000000E+0	0.000000E+0	0.000000E+0
4.954914E+3	-1.094973E+5	-1.392000E+0	-6.504745E+16	2.346692E+17	1.651235E-6	0.000000E+0	4.124211E-7	9.113983E-6	0.000000E+0	0.000000E+0	0.000000E+0
4.922617E+3	-1.106277E+5	-1.443000E+0	5.291893E-18	5.135446E+17	1.019362E-6	0.000000E+0	4.014294E-7	9.021465E-6	0.000000E+0	0.000000E+0	0.000000E+0
4.809961E+3	-1.115450E+5	-1.494000E+0	-2.052875E-18	3.493290E-18	3.874302E-7	0.000000E+0	3.858642E-7	8.948353E-6	0.000000E+0	0.000000E+0	0.000000E+0
4.878836E+3	-1.123712E+5	-1.544000E+0	2.907620E+17	-1.496570E-18	2.281457E-6	0.000000E+0	3.856455E-7	8.882334E-6	0.000000E+0	0.000000E+0	0.000000E+0
4.879258E+3	-1.132426E+5	-1.595000E+0	4.284782E-18	4.664211E-18	1.173830E-7	0.000000E+0	3.797770E-7	8.814236E-6	0.000000E+0	0.000000E+0	0.000000E+0
4.754930E+3	-1.140096E+5	-1.646000E+0	6.288344E-18	-3.929323E-18	5.069305E-7	0.000000E+0	3.651796E-7	8.755961E-6	0.000000E+0	0.000000E+0	0.000000E+0
4.898453E+3	-1.143710E+5	-1.696000E+0	8.250878E-19	3.410070E-18	3.580426E-7	0.000000E+0	3.737930E-7	8.727466E-6	0.000000E+0	0.000000E+0	0.000000E+0
4.820727E+3	-1.149396E+5	-1.747000E+0	4.553607E+17	-2.686618E+17	1.258319E-6	0.000000E+0	3.642587E-7	8.684944E-6	0.000000E+0	0.000000E+0	0.000000E+0
4.859734E+3	-1.152647E+5	-1.797000E+0	2.517955E+17	3.793721E+16	2.641631E-6	0.000000E+0	3.651309E-7	8.660289E-6	0.000000E+0	0.000000E+0	0.000000E+0
4.774344E+3	-1.156269E+5	-1.848000E+0	-6.627991E-18	5.175899E+17	-3.321475E-8	0.000000E+0	3.564972E-7	8.633786E-6	0.000000E+0	0.000000E+0	0.000000E+0
4.966828E+3	-1.159082E+5	-1.899000E+0	-5.704680E+17	6.512875E+16	2.399247E-6	0.000000E+0	3.690235E-7	8.611704E-6	0.000000E+0	0.000000E+0	0.000000E+0
4.925133E+3	-1.161982E+5	-1.949000E+0	-4.691026E+17	6.906363E-18	-3.032692E-7	0.000000E+0	3.641159E-7	8.590552E-6	0.000000E+0	0.000000E+0	0.000000E+0
4.817813E+3	-1.164551E+5	-2.000000E+0	-3.567381E+17	-4.286482E-18	5.969923E-7	0.000000E+0	3.546421E-7	8.572329E-6	0.000000E+0	0.000000E+0	0.000000E+0
