Real / Ohm	Ximag / Ohm	V_DC / V	I_a c / A	V_ac / V	I_DC / A
3.190613E+4	-3.230940E+5	-3.000000E+0	-3.567359E+17	-4.286482E-18	6.842020E-7	1.000000E+4	3.026925E-7	3.065183E-6	0.000000E+0	0.000000E+0	0.000000E+0
3.006108E+4	-3.304822E+5	-2.924000E+0	-4.916206E+17	6.689525E-18	1.645909E-6	0.000000E+0	2.729794E-7	3.001051E-6	0.000000E+0	0.000000E+0	0.000000E+0
2.925708E+4	-3.323348E+5	-2.848000E+0	-5.704677E+17	6.512875E+16	3.118330E-6	0.000000E+0	2.628612E-7	2.985873E-6	0.000000E+0	0.000000E+0	0.000000E+0
2.853875E+4	-3.319161E+5	-2.772000E+0	-6.627993E-18	6.447512E-18	2.037123E-6	0.000000E+0	2.571458E-7	2.990700E-6	0.000000E+0	0.000000E+0	0.000000E+0
2.803786E+4	-3.305946E+5	-2.696000E+0	2.517966E+17	3.793721E+16	-5.762267E-7	0.000000E+0	2.547069E-7	3.003251E-6	0.000000E+0	0.000000E+0	0.000000E+0
2.724777E+4	-3.285917E+5	-2.620000E+0	4.553607E+17	-2.686618E+17	1.406952E-6	0.000000E+0	2.506350E-7	3.022507E-6	0.000000E+0	0.000000E+0	0.000000E+0
2.680202E+4	-3.262754E+5	-2.544000E+0	8.250878E-19	2.835790E+17	1.347173E-6	0.000000E+0	2.500795E-7	3.044353E-6	0.000000E+0	0.000000E+0	0.000000E+0
2.639207E+4	-3.238621E+5	-2.468000E+0	6.288337E-18	-3.925935E-18	3.841080E-6	0.000000E+0	2.499647E-7	3.067364E-6	0.000000E+0	0.000000E+0	0.000000E+0
2.581882E+4	-3.215031E+5	-2.392000E+0	-3.086734E-18	4.664198E-18	2.249144E-6	0.000000E+0	2.481843E-7	3.090459E-6	0.000000E+0	0.000000E+0	0.000000E+0
2.557128E+4	-3.188905E+5	-2.316000E+0	2.906916E+17	-1.493182E-18	3.210866E-6	0.000000E+0	2.498536E-7	3.115837E-6	0.000000E+0	0.000000E+0	0.000000E+0
2.501100E+4	-3.167877E+5	-2.241000E+0	-5.522322E-18	3.493290E-18	1.144508E-7	0.000000E+0	2.476827E-7	3.137133E-6	0.000000E+0	0.000000E+0	0.000000E+0
2.463814E+4	-3.145813E+5	-2.165000E+0	5.739126E-18	5.135446E+17	2.608314E-6	0.000000E+0	2.474493E-7	3.159448E-6	0.000000E+0	0.000000E+0	0.000000E+0
2.433006E+4	-3.124917E+5	-2.089000E+0	-6.504745E+16	2.346697E+17	2.548579E-6	0.000000E+0	2.476518E-7	3.180803E-6	0.000000E+0	0.000000E+0	0.000000E+0
2.408319E+4	-3.102681E+5	-2.013000E+0	-4.960950E+17	-4.576442E+17	1.467371E-6	0.000000E+0	2.486744E-7	3.203717E-6	0.000000E+0	0.000000E+0	0.000000E+0
2.377461E+4	-3.085935E+5	-1.937000E+0	2.127762E-18	3.276064E+15	8.969437E-7	0.000000E+0	2.481817E-7	3.221389E-6	0.000000E+0	0.000000E+0	0.000000E+0
2.333046E+4	-3.065462E+5	-1.861000E+0	8.607211E+16	2.393421E-17	2.369357E-6	0.000000E+0	2.468443E-7	3.243364E-6	0.000000E+0	0.000000E+0	0.000000E+0
2.317722E+4	-3.049409E+5	-1.785000E+0	-4.013414E-19	-2.241021E+17	2.820343E-6	0.000000E+0	2.478154E-7	3.260489E-6	0.000000E+0	0.000000E+0	0.000000E+0
2.303569E+4	-3.030063E+5	-1.709000E+0	2.692530E+17	-2.999069E+17	2.249908E-6	0.000000E+0	2.494566E-7	3.281297E-6	0.000000E+0	0.000000E+0	0.000000E+0
2.258765E+4	-3.012840E+5	-1.633000E+0	-6.256277E-18	1.220246E+17	1.168701E-6	0.000000E+0	2.474484E-7	3.300576E-6	0.000000E+0	0.000000E+0	0.000000E+0
2.243940E+4	-2.995426E+5	-1.557000E+0	-1.009562E-18	-5.687651E-18	2.130400E-6	0.000000E+0	2.486931E-7	3.319793E-6	0.000000E+0	0.000000E+0	0.000000E+0
2.215807E+4	-2.977005E+5	-1.481000E+0	1.311717E+15	4.724009E-18	1.049193E-6	0.000000E+0	2.486414E-7	3.340574E-6	0.000000E+0	0.000000E+0	0.000000E+0
2.187445E+4	-2.958374E+5	-1.405000E+0	3.093325E+17	-1.518024E+17	1.500186E-6	0.000000E+0	2.485782E-7	3.361855E-6	0.000000E+0	0.000000E+0	0.000000E+0
2.150228E+4	-2.940892E+5	-1.329000E+0	-5.203440E-18	3.830366E-18	1.440465E-6	0.000000E+0	2.472925E-7	3.382248E-6	0.000000E+0	0.000000E+0	0.000000E+0
2.139956E+4	-2.924127E+5	-1.253000E+0	-1.291944E-18	-5.341499E-18	8.700226E-7	0.000000E+0	2.489388E-7	3.401606E-6	0.000000E+0	0.000000E+0	0.000000E+0
2.112284E+4	-2.906081E+5	-1.177000E+0	5.232665E+17	-3.553127E+17	8.102725E-7	0.000000E+0	2.487989E-7	3.422976E-6	0.000000E+0	0.000000E+0	0.000000E+0
2.081357E+4	-2.887671E+5	-1.101000E+0	2.088242E+17	-2.195880E+17	7.505441E-7	0.000000E+0	2.483138E-7	3.445101E-6	0.000000E+0	0.000000E+0	0.000000E+0
2.087917E+4	-2.869156E+5	-1.025000E+0	-7.957825E+16	-3.386204E-18	2.222965E-6	0.000000E+0	2.522964E-7	3.466986E-6	0.000000E+0	0.000000E+0	0.000000E+0
2.067121E+4	-2.850139E+5	-9.490000E-1	-1.774996E-18	1.794108E-18	3.184672E-6	0.000000E+0	2.531368E-7	3.490242E-6	0.000000E+0	0.000000E+0	0.000000E+0
2.039841E+4	-2.831011E+5	-8.730000E-1	-1.333488E-18	6.138991E-18	2.103490E-6	0.000000E+0	2.532004E-7	3.514063E-6	0.000000E+0	0.000000E+0	0.000000E+0
2.033411E+4	-2.810718E+5	-7.970000E-1	1.829862E+17	1.861957E+17	1.533022E-6	0.000000E+0	2.560493E-7	3.539286E-6	0.000000E+0	0.000000E+0	0.000000E+0
2.009889E+4	-2.791949E+5	-7.220000E-1	4.410889E+17	3.939340E-18	4.054567E-6	0.000000E+0	2.565147E-7	3.563261E-6	0.000000E+0	0.000000E+0	0.000000E+0
1.991330E+4	-2.768798E+5	-6.460000E-1	-5.506670E-18	3.318154E+17	3.484129E-6	0.000000E+0	2.584164E-7	3.593090E-6	0.000000E+0	0.000000E+0	0.000000E+0
1.970412E+4	-2.746206E+5	-5.700000E-1	-4.319920E+17	-4.172230E+17	1.892204E-6	0.000000E+0	2.599326E-7	3.622737E-6	0.000000E+0	0.000000E+0	0.000000E+0
1.944509E+4	-2.723081E+5	-4.940000E-1	2.833723E-18	-1.599031E-19	-7.211474E-7	0.000000E+0	2.609035E-7	3.653680E-6	0.000000E+0	0.000000E+0	0.000000E+0
1.935246E+4	-2.700682E+5	-4.180000E-1	-1.696221E+17	-6.427781E-19	7.512699E-7	0.000000E+0	2.639763E-7	3.683852E-6	0.000000E+0	0.000000E+0	0.000000E+0
1.910356E+4	-2.675747E+5	-3.420000E-1	-2.726899E+17	1.903750E-18	2.734432E-6	0.000000E+0	2.654704E-7	3.718321E-6	0.000000E+0	0.000000E+0	0.000000E+0
1.901627E+4	-2.650042E+5	-2.660000E-1	-1.478400E+17	2.700588E+17	1.210792E-7	0.000000E+0	2.693948E-7	3.754194E-6	0.000000E+0	0.000000E+0	0.000000E+0
1.893123E+4	-2.624830E+5	-1.900000E-1	-2.949193E+17	-4.901914E-18	4.147128E-6	0.000000E+0	2.733526E-7	3.790055E-6	0.000000E+0	0.000000E+0	0.000000E+0
1.876109E+4	-2.597935E+5	-1.140000E-1	-4.717429E+17	-4.925467E+17	-5.091388E-7	0.000000E+0	2.765302E-7	3.829241E-6	0.000000E+0	0.000000E+0	0.000000E+0
1.852146E+4	-2.571688E+5	-3.800000E-2	-9.427510E-19	-9.422141E-19	4.525657E-7	0.000000E+0	2.786069E-7	3.868431E-6	0.000000E+0	0.000000E+0	0.000000E+0
1.825096E+4	-2.543696E+5	3.800000E-2	-3.453602E+17	4.406614E-18	2.946441E-6	0.000000E+0	2.806243E-7	3.911153E-6	0.000000E+0	0.000000E+0	0.000000E+0
1.819316E+4	-2.514679E+5	1.140000E-1	-4.715167E+17	-5.436425E+17	1.865261E-6	0.000000E+0	2.862040E-7	3.955944E-6	0.000000E+0	0.000000E+0	0.000000E+0
1.803557E+4	-2.486206E+5	1.900000E-1	-1.067025E+17	-5.230656E+17	2.826964E-6	0.000000E+0	2.902527E-7	4.001137E-6	0.000000E+0	0.000000E+0	0.000000E+0
1.781627E+4	-2.456887E+5	2.660000E-1	-3.021231E-18	3.036828E-18	2.136148E-7	0.000000E+0	2.936085E-7	4.048900E-6	0.000000E+0	0.000000E+0	0.000000E+0
1.763115E+4	-2.427605E+5	3.420000E-1	-3.411811E-18	5.558819E-18	1.538610E-7	0.000000E+0	2.976047E-7	4.097672E-6	0.000000E+0	0.000000E+0	0.000000E+0
1.753359E+4	-2.398857E+5	4.180000E-1	4.155979E+17	-2.188149E-18	9.413816E-8	0.000000E+0	3.030736E-7	4.146500E-6	0.000000E+0	0.000000E+0	0.000000E+0
1.732732E+4	-2.370749E+5	4.940000E-1	-4.313450E+17	4.857998E-18	-4.763297E-7	0.000000E+0	3.066525E-7	4.195664E-6	0.000000E+0	0.000000E+0	0.000000E+0
1.699114E+4	-2.343992E+5	5.700000E-1	-5.584540E-18	-6.440456E-18	3.039004E-6	0.000000E+0	3.076339E-7	4.243926E-6	0.000000E+0	0.000000E+0	0.000000E+0
1.675257E+4	-2.321126E+5	6.460000E-1	4.766215E-20	4.558795E+17	1.447079E-6	0.000000E+0	3.093339E-7	4.285928E-6	0.000000E+0	0.000000E+0	0.000000E+0
1.664579E+4	-2.298984E+5	7.220000E-1	1.388541E-18	6.784146E-18	2.919496E-6	0.000000E+0	3.133009E-7	4.327063E-6	0.000000E+0	0.000000E+0	0.000000E+0
1.631431E+4	-2.284067E+5	7.970000E-1	4.707512E+17	-3.197573E+17	-6.876435E-7	0.000000E+0	3.111294E-7	4.355932E-6	0.000000E+0	0.000000E+0	0.000000E+0
1.605723E+4	-2.271603E+5	8.730000E-1	-3.570583E-19	6.323277E-18	3.338431E-6	0.000000E+0	3.096287E-7	4.380291E-6	0.000000E+0	0.000000E+0	0.000000E+0
1.574475E+4	-2.266091E+5	9.490000E-1	-4.524460E+17	2.055323E+17	2.257220E-6	0.000000E+0	3.051333E-7	4.391685E-6	0.000000E+0	0.000000E+0	0.000000E+0
1.547127E+4	-2.263624E+5	1.025000E+0	-6.904437E-18	-8.375564E+16	1.176042E-6	0.000000E+0	3.005338E-7	4.397154E-6	0.000000E+0	0.000000E+0	0.000000E+0
1.527130E+4	-2.265343E+5	1.101000E+0	2.547933E-18	-3.572836E+16	1.116321E-6	0.000000E+0	2.962367E-7	4.394372E-6	0.000000E+0	0.000000E+0	0.000000E+0
1.503169E+4	-2.268435E+5	1.177000E+0	-1.554791E+17	3.966226E+17	1.056564E-6	0.000000E+0	2.908388E-7	4.389053E-6	0.000000E+0	0.000000E+0	0.000000E+0
1.486046E+4	-2.266910E+5	1.253000E+0	-5.196808E+17	2.162502E-18	-1.046072E-6	0.000000E+0	2.879396E-7	4.392416E-6	0.000000E+0	0.000000E+0	0.000000E+0
1.468832E+4	-2.265169E+5	1.329000E+0	1.000945E+17	-5.707470E+17	4.263420E-7	0.000000E+0	2.850681E-7	4.396197E-6	0.000000E+0	0.000000E+0	0.000000E+0
1.465384E+4	-2.264497E+5	1.405000E+0	-2.820974E+17	-3.562313E+17	3.666210E-7	0.000000E+0	2.845726E-7	4.397577E-6	0.000000E+0	0.000000E+0	0.000000E+0
1.453814E+4	-2.268239E+5	1.481000E+0	7.433461E+16	-3.421229E+17	3.068708E-7	0.000000E+0	2.814173E-7	4.390669E-6	0.000000E+0	0.000000E+0	0.000000E+0
1.447565E+4	-2.277499E+5	1.557000E+0	5.230660E-18	8.421242E+16	-7.743074E-7	0.000000E+0	2.779526E-7	4.373115E-6	0.000000E+0	0.000000E+0	0.000000E+0
1.438965E+4	-2.293050E+5	1.633000E+0	5.364297E+17	-2.871880E+17	-1.344779E-6	0.000000E+0	2.725940E-7	4.343898E-6	0.000000E+0	0.000000E+0	0.000000E+0
1.416749E+4	-2.312948E+5	1.709000E+0	5.519484E-18	1.673219E-18	1.276712E-7	0.000000E+0	2.638364E-7	4.307326E-6	0.000000E+0	0.000000E+0	0.000000E+0
1.405235E+4	-2.333743E+5	1.785000E+0	9.183430E+16	2.296609E-18	1.089378E-6	0.000000E+0	2.570817E-7	4.269482E-6	0.000000E+0	0.000000E+0	0.000000E+0
1.407055E+4	-2.356462E+5	1.861000E+0	4.020355E+17	1.810141E+17	2.051078E-6	0.000000E+0	2.524902E-7	4.228574E-6	0.000000E+0	0.000000E+0	0.000000E+0
1.390103E+4	-2.379315E+5	1.937000E+0	4.712699E-18	4.035830E-18	-1.583736E-6	0.000000E+0	2.447165E-7	4.188593E-6	0.000000E+0	0.000000E+0	0.000000E+0
1.400721E+4	-2.402484E+5	2.013000E+0	-2.680121E+17	-5.492346E+17	-1.643479E-6	0.000000E+0	2.418560E-7	4.148258E-6	0.000000E+0	0.000000E+0	0.000000E+0
1.404576E+4	-2.426780E+5	2.089000E+0	5.241928E+17	-4.156389E-18	-2.213943E-6	0.000000E+0	2.377016E-7	4.106929E-6	0.000000E+0	0.000000E+0	0.000000E+0
1.407194E+4	-2.448071E+5	2.165000E+0	2.579782E+17	4.569569E-19	-1.252251E-6	0.000000E+0	2.340310E-7	4.071396E-6	0.000000E+0	0.000000E+0	0.000000E+0
1.417381E+4	-2.469237E+5	2.241000E+0	2.915631E-18	5.325189E+16	7.309282E-7	0.000000E+0	2.317034E-7	4.036534E-6	0.000000E+0	0.000000E+0	0.000000E+0
1.447246E+4	-2.488125E+5	2.316000E+0	-1.980568E+17	1.958093E+16	-1.854773E-6	0.000000E+0	2.329867E-7	4.005539E-6	0.000000E+0	0.000000E+0	0.000000E+0
1.467764E+4	-2.506650E+5	2.392000E+0	-2.769006E-18	2.287397E+15	2.171291E-6	0.000000E+0	2.327997E-7	3.975757E-6	0.000000E+0	0.000000E+0	0.000000E+0
1.511588E+4	-2.521429E+5	2.468000E+0	5.768137E-19	5.234688E+17	-4.420726E-7	0.000000E+0	2.369092E-7	3.951802E-6	0.000000E+0	0.000000E+0	0.000000E+0
1.555893E+4	-2.534977E+5	2.544000E+0	3.389543E+17	1.295985E-19	-2.544708E-6	0.000000E+0	2.412119E-7	3.930004E-6	0.000000E+0	0.000000E+0	0.000000E+0
1.612786E+4	-2.548249E+5	2.620000E+0	-5.351627E-18	5.229140E+17	4.598842E-7	0.000000E+0	2.473756E-7	3.908607E-6	0.000000E+0	0.000000E+0	0.000000E+0
1.676846E+4	-2.559822E+5	2.696000E+0	2.587905E+17	2.524367E-18	9.108626E-7	0.000000E+0	2.548086E-7	3.889830E-6	0.000000E+0	0.000000E+0	0.000000E+0
1.783343E+4	-2.569428E+5	2.772000E+0	-3.127958E+17	-2.708644E-18	-6.810587E-7	0.000000E+0	2.688283E-7	3.873258E-6	0.000000E+0	0.000000E+0	0.000000E+0
1.886983E+4	-2.578401E+5	2.848000E+0	6.653843E-18	-4.395315E+17	2.806773E-7	0.000000E+0	2.823236E-7	3.857711E-6	0.000000E+0	0.000000E+0	0.000000E+0
2.033911E+4	-2.584900E+5	2.924000E+0	-1.137863E-18	-4.190346E+17	1.753098E-6	0.000000E+0	3.025269E-7	3.844817E-6	0.000000E+0	0.000000E+0	0.000000E+0
2.219511E+4	-2.589630E+5	3.000000E+0	-9.275714E-19	-3.780148E-18	1.693348E-6	0.000000E+0	3.285514E-7	3.833396E-6	0.000000E+0	0.000000E+0	0.000000E+0
