Real / Ohm	Ximag / Ohm	V_DC / V	I_a c / A	V_ac / V	I_DC / A
2.024641E+1	2.489755E-2	-2.500000E+0	-3.567359E+17	-4.286482E-18	-3.834762E-2	1.000000E+3	4.939140E-2	-6.073792E-5	0.000000E+0	0.000000E+0	0.000000E+0
2.088942E+1	7.883236E-2	-2.437000E+0	-4.916206E+17	6.689525E-18	-3.698879E-2	0.000000E+0	4.787044E-2	-1.806532E-4	0.000000E+0	0.000000E+0	0.000000E+0
2.157366E+1	5.604387E-2	-2.373000E+0	-5.704677E+17	6.512875E+16	-3.566932E-2	0.000000E+0	4.635251E-2	-1.204142E-4	0.000000E+0	0.000000E+0	0.000000E+0
2.228446E+1	6.701563E-2	-2.310000E+0	-6.627993E-18	6.447512E-18	-3.437740E-2	0.000000E+0	4.487391E-2	-1.349485E-4	0.000000E+0	0.000000E+0	0.000000E+0
2.310439E+1	3.864323E-2	-2.247000E+0	2.517966E+17	3.793721E+16	-3.308241E-2	0.000000E+0	4.328170E-2	-7.239077E-5	0.000000E+0	0.000000E+0	0.000000E+0
2.401689E+1	5.214238E-2	-2.184000E+0	4.553607E+17	-2.686618E+17	-3.184973E-2	0.000000E+0	4.163717E-2	-9.039726E-5	0.000000E+0	0.000000E+0	0.000000E+0
2.459541E+1	6.614810E-2	-2.120000E+0	8.250878E-19	2.835790E+17	-3.057673E-2	0.000000E+0	4.065770E-2	-1.093468E-4	0.000000E+0	0.000000E+0	0.000000E+0
2.530595E+1	3.966976E-2	-2.057000E+0	6.288337E-18	-3.925935E-18	-2.935988E-2	0.000000E+0	3.951630E-2	-6.194599E-5	0.000000E+0	0.000000E+0	0.000000E+0
2.607362E+1	2.774363E-2	-1.994000E+0	-3.086734E-18	4.664198E-18	-2.817522E-2	0.000000E+0	3.835290E-2	-4.080939E-5	0.000000E+0	0.000000E+0	0.000000E+0
2.693842E+1	-2.541631E-2	-1.930000E+0	2.906916E+17	-1.493182E-18	-2.693541E-2	0.000000E+0	3.712167E-2	3.502417E-5	0.000000E+0	0.000000E+0	0.000000E+0
2.780450E+1	1.239734E-2	-1.867000E+0	-5.522322E-18	3.493290E-18	-2.578803E-2	0.000000E+0	3.596539E-2	-1.603608E-5	0.000000E+0	0.000000E+0	0.000000E+0
2.878443E+1	2.592013E-2	-1.804000E+0	5.739126E-18	5.135446E+17	-2.464881E-2	0.000000E+0	3.474098E-2	-3.128395E-5	0.000000E+0	0.000000E+0	0.000000E+0
2.993889E+1	2.603271E-2	-1.741000E+0	-6.504745E+16	2.346697E+17	-2.352645E-2	0.000000E+0	3.340135E-2	-2.904341E-5	0.000000E+0	0.000000E+0	0.000000E+0
3.131292E+1	4.019078E-2	-1.677000E+0	-4.960950E+17	-4.576442E+17	-2.242352E-2	0.000000E+0	3.193565E-2	-4.099006E-5	0.000000E+0	0.000000E+0	0.000000E+0
3.285167E+1	3.681126E-2	-1.614000E+0	2.127762E-18	3.276064E+15	-2.134202E-2	0.000000E+0	3.043981E-2	-3.410871E-5	0.000000E+0	0.000000E+0	0.000000E+0
3.466732E+1	-6.476149E-3	-1.551000E+0	8.607211E+16	2.393421E-17	-2.030240E-2	0.000000E+0	2.884561E-2	5.388604E-6	0.000000E+0	0.000000E+0	0.000000E+0
3.647497E+1	2.983478E-2	-1.487000E+0	-4.013414E-19	-2.241021E+17	-1.926791E-2	0.000000E+0	2.741604E-2	-2.242501E-5	0.000000E+0	0.000000E+0	0.000000E+0
3.843723E+1	2.768923E-2	-1.424000E+0	2.692530E+17	-2.999069E+17	-1.829519E-2	0.000000E+0	2.601643E-2	-1.874159E-5	0.000000E+0	0.000000E+0	0.000000E+0
4.050591E+1	4.113021E-2	-1.361000E+0	-6.256277E-18	1.220246E+17	-1.735209E-2	0.000000E+0	2.468773E-2	-2.506823E-5	0.000000E+0	0.000000E+0	0.000000E+0
4.269080E+1	3.170503E-2	-1.297000E+0	-1.009562E-18	-5.687651E-18	-1.640953E-2	0.000000E+0	2.342424E-2	-1.739640E-5	0.000000E+0	0.000000E+0	0.000000E+0
4.496881E+1	4.342429E-2	-1.234000E+0	1.311717E+15	4.724009E-18	-1.552517E-2	0.000000E+0	2.223761E-2	-2.147383E-5	0.000000E+0	0.000000E+0	0.000000E+0
4.717597E+1	2.108004E-2	-1.171000E+0	3.093325E+17	-1.518024E+17	-1.466787E-2	0.000000E+0	2.119723E-2	-9.471738E-6	0.000000E+0	0.000000E+0	0.000000E+0
4.923061E+1	2.480690E-2	-1.108000E+0	-5.203440E-18	3.830366E-18	-1.382386E-2	0.000000E+0	2.031256E-2	-1.023533E-5	0.000000E+0	0.000000E+0	0.000000E+0
5.114667E+1	3.428503E-2	-1.044000E+0	-1.291944E-18	-5.341499E-18	-1.299417E-2	0.000000E+0	1.955161E-2	-1.310598E-5	0.000000E+0	0.000000E+0	0.000000E+0
5.254176E+1	1.646064E-3	-9.810000E-1	5.232665E+17	-3.553127E+17	-1.219816E-2	0.000000E+0	1.903248E-2	-5.962625E-7	0.000000E+0	0.000000E+0	0.000000E+0
5.339902E+1	4.162364E-3	-9.180000E-1	2.088242E+17	-2.195880E+17	-1.141747E-2	0.000000E+0	1.872694E-2	-1.459733E-6	0.000000E+0	0.000000E+0	0.000000E+0
5.384013E+1	5.787373E-3	-8.540000E-1	-7.957825E+16	-3.386204E-18	-1.062302E-2	0.000000E+0	1.857351E-2	-1.996500E-6	0.000000E+0	0.000000E+0	0.000000E+0
5.392441E+1	1.674987E-2	-7.910000E-1	-1.774996E-18	1.794108E-18	-9.850509E-3	0.000000E+0	1.854448E-2	-5.760240E-6	0.000000E+0	0.000000E+0	0.000000E+0
5.377388E+1	1.235157E-4	-7.280000E-1	-1.333488E-18	6.138991E-18	-9.067778E-3	0.000000E+0	1.859639E-2	-4.271490E-8	0.000000E+0	0.000000E+0	0.000000E+0
5.356364E+1	2.120969E-2	-6.650000E-1	1.829862E+17	1.861957E+17	-8.285049E-3	0.000000E+0	1.866938E-2	-7.392547E-6	0.000000E+0	0.000000E+0	0.000000E+0
5.333897E+1	8.043230E-3	-6.010000E-1	4.410889E+17	3.939340E-18	-7.505410E-3	0.000000E+0	1.874802E-2	-2.827100E-6	0.000000E+0	0.000000E+0	0.000000E+0
5.306997E+1	-6.314769E-3	-5.380000E-1	-5.506670E-18	3.318154E+17	-6.718083E-3	0.000000E+0	1.884305E-2	2.242125E-6	0.000000E+0	0.000000E+0	0.000000E+0
5.286169E+1	1.632411E-2	-4.750000E-1	-4.319920E+17	-4.172230E+17	-5.924629E-3	0.000000E+0	1.891729E-2	-5.841809E-6	0.000000E+0	0.000000E+0	0.000000E+0
5.272926E+1	6.159924E-3	-4.110000E-1	2.833723E-18	-1.599031E-19	-5.129158E-3	0.000000E+0	1.896480E-2	-2.215501E-6	0.000000E+0	0.000000E+0	0.000000E+0
5.268237E+1	3.538579E-4	-3.480000E-1	-1.696221E+17	-6.427781E-19	-4.335704E-3	0.000000E+0	1.898168E-2	-1.274965E-7	0.000000E+0	0.000000E+0	0.000000E+0
5.270809E+1	-1.568347E-4	-2.850000E-1	-2.726899E+17	1.903750E-18	-3.551953E-3	0.000000E+0	1.897242E-2	5.645307E-8	0.000000E+0	0.000000E+0	0.000000E+0
5.283858E+1	2.444372E-3	-2.220000E-1	-1.478400E+17	2.700588E+17	-2.761562E-3	0.000000E+0	1.892557E-2	-8.755179E-7	0.000000E+0	0.000000E+0	0.000000E+0
5.308264E+1	9.261250E-3	-1.580000E-1	-2.949193E+17	-4.901914E-18	-1.964559E-3	0.000000E+0	1.883855E-2	-3.286734E-6	0.000000E+0	0.000000E+0	0.000000E+0
5.341347E+1	6.597050E-3	-9.500000E-2	-4.717429E+17	-4.925467E+17	-1.178765E-3	0.000000E+0	1.872187E-2	-2.312321E-6	0.000000E+0	0.000000E+0	0.000000E+0
5.383788E+1	-9.531334E-3	-3.200000E-2	-9.427510E-19	-9.422141E-19	-3.985892E-4	0.000000E+0	1.857428E-2	3.288348E-6	0.000000E+0	0.000000E+0	0.000000E+0
5.437343E+1	-3.167614E-3	3.200000E-2	-3.453602E+17	4.406614E-18	3.979023E-4	0.000000E+0	1.839134E-2	1.071418E-6	0.000000E+0	0.000000E+0	0.000000E+0
5.498399E+1	1.324072E-3	9.500000E-2	-4.715167E+17	-5.436425E+17	1.167353E-3	0.000000E+0	1.818711E-2	-4.379647E-7	0.000000E+0	0.000000E+0	0.000000E+0
5.564582E+1	-8.255094E-4	1.580000E-1	-1.067025E+17	-5.230656E+17	1.929143E-3	0.000000E+0	1.797080E-2	2.665980E-7	0.000000E+0	0.000000E+0	0.000000E+0
5.640514E+1	3.213868E-3	2.220000E-1	-3.021231E-18	3.036828E-18	2.705716E-3	0.000000E+0	1.772888E-2	-1.010161E-6	0.000000E+0	0.000000E+0	0.000000E+0
5.717297E+1	-3.649443E-3	2.850000E-1	-3.411811E-18	5.558819E-18	3.455249E-3	0.000000E+0	1.749078E-2	1.116465E-6	0.000000E+0	0.000000E+0	0.000000E+0
5.801962E+1	-5.008683E-3	3.480000E-1	4.155979E+17	-2.188149E-18	4.196098E-3	0.000000E+0	1.723555E-2	1.487900E-6	0.000000E+0	0.000000E+0	0.000000E+0
5.890444E+1	-3.666297E-3	4.110000E-1	-4.313450E+17	4.857998E-18	4.934905E-3	0.000000E+0	1.697665E-2	1.056651E-6	0.000000E+0	0.000000E+0	0.000000E+0
5.979961E+1	-2.848685E-3	4.750000E-1	-5.584540E-18	-6.440456E-18	5.673175E-3	0.000000E+0	1.672252E-2	7.966136E-7	0.000000E+0	0.000000E+0	0.000000E+0
6.070502E+1	-2.063750E-2	5.380000E-1	4.766215E-20	4.558795E+17	6.401256E-3	0.000000E+0	1.647310E-2	5.600255E-6	0.000000E+0	0.000000E+0	0.000000E+0
6.163473E+1	-6.673560E-3	6.010000E-1	1.388541E-18	6.784146E-18	7.110952E-3	0.000000E+0	1.622462E-2	1.756736E-6	0.000000E+0	0.000000E+0	0.000000E+0
6.253136E+1	6.025493E-3	6.650000E-1	4.707512E+17	-3.197573E+17	7.819599E-3	0.000000E+0	1.599198E-2	-1.540979E-6	0.000000E+0	0.000000E+0	0.000000E+0
6.343548E+1	-2.841516E-2	7.280000E-1	-3.570583E-19	6.323277E-18	8.527761E-3	0.000000E+0	1.576405E-2	7.061315E-6	0.000000E+0	0.000000E+0	0.000000E+0
6.430959E+1	-5.362973E-3	7.910000E-1	-4.524460E+17	2.055323E+17	9.219073E-3	0.000000E+0	1.554978E-2	1.296744E-6	0.000000E+0	0.000000E+0	0.000000E+0
6.499263E+1	-1.439470E-2	8.540000E-1	-6.904437E-18	-8.375564E+16	9.902211E-3	0.000000E+0	1.538636E-2	3.407802E-6	0.000000E+0	0.000000E+0	0.000000E+0
6.556296E+1	-1.392484E-3	9.180000E-1	2.547933E-18	-3.572836E+16	1.061699E-2	0.000000E+0	1.525251E-2	3.239464E-7	0.000000E+0	0.000000E+0	0.000000E+0
6.663660E+1	-2.860457E-3	9.810000E-1	-1.554791E+17	3.966226E+17	1.132617E-2	0.000000E+0	1.500677E-2	6.441837E-7	0.000000E+0	0.000000E+0	0.000000E+0
6.817505E+1	-6.542191E-3	1.044000E+0	-5.196808E+17	2.162502E-18	1.192862E-2	0.000000E+0	1.466812E-2	1.407577E-6	0.000000E+0	0.000000E+0	0.000000E+0
6.794135E+1	6.741042E-2	1.108000E+0	1.000945E+17	-5.707470E+17	1.248047E-2	0.000000E+0	1.471856E-2	-1.460354E-5	0.000000E+0	0.000000E+0	0.000000E+0
6.758041E+1	-1.972925E-1	1.171000E+0	-2.820974E+17	-3.562313E+17	1.300631E-2	0.000000E+0	1.479706E-2	4.319816E-5	0.000000E+0	0.000000E+0	0.000000E+0
6.721614E+1	-2.791507E-1	1.234000E+0	7.433461E+16	-3.421229E+17	1.359445E-2	0.000000E+0	1.487712E-2	6.178515E-5	0.000000E+0	0.000000E+0	0.000000E+0
6.547150E+1	-3.161849E-1	1.297000E+0	5.230660E-18	8.421242E+16	1.421273E-2	0.000000E+0	1.527347E-2	7.376094E-5	0.000000E+0	0.000000E+0	0.000000E+0
6.613026E+1	9.807581E-2	1.361000E+0	5.364297E+17	-2.871880E+17	1.474466E-2	0.000000E+0	1.512164E-2	-2.242645E-5	0.000000E+0	0.000000E+0	0.000000E+0
6.593684E+1	-2.677274E-1	1.424000E+0	5.519484E-18	1.673219E-18	1.547479E-2	0.000000E+0	1.516578E-2	6.157854E-5	0.000000E+0	0.000000E+0	0.000000E+0
6.452791E+1	-9.088558E-2	1.487000E+0	9.183430E+16	2.296609E-18	1.534485E-2	0.000000E+0	1.549714E-2	2.182725E-5	0.000000E+0	0.000000E+0	0.000000E+0
6.455647E+1	3.465829E-1	1.551000E+0	4.020355E+17	1.810141E+17	1.526545E-2	0.000000E+0	1.548987E-2	-8.316011E-5	0.000000E+0	0.000000E+0	0.000000E+0
6.008806E+1	3.445930E-1	1.614000E+0	4.712699E-18	4.035830E-18	1.558750E-2	0.000000E+0	1.664169E-2	-9.543679E-5	0.000000E+0	0.000000E+0	0.000000E+0
5.978668E+1	-2.030535E-1	1.677000E+0	-2.680121E+17	-5.492346E+17	1.601324E-2	0.000000E+0	1.672594E-2	5.680631E-5	0.000000E+0	0.000000E+0	0.000000E+0
5.620927E+1	-5.560105E-1	1.741000E+0	5.241928E+17	-4.156389E-18	1.627245E-2	0.000000E+0	1.778892E-2	1.759643E-4	0.000000E+0	0.000000E+0	0.000000E+0
4.685786E+1	6.684643E+0	1.804000E+0	2.579782E+17	4.569569E-19	1.640247E-2	0.000000E+0	2.091548E-2	-2.983758E-3	0.000000E+0	0.000000E+0	0.000000E+0
4.686758E+1	-9.476364E-1	1.867000E+0	2.915631E-18	5.325189E+16	1.735476E-2	0.000000E+0	2.132799E-2	4.312401E-4	0.000000E+0	0.000000E+0	0.000000E+0
3.560582E+1	-7.181293E-1	1.930000E+0	-1.980568E+17	1.958093E+16	1.790000E-2	0.000000E+0	2.807388E-2	5.662185E-4	0.000000E+0	0.000000E+0	0.000000E+0
2.587906E+1	2.042914E+0	1.994000E+0	-2.769006E-18	2.287397E+15	1.950344E-2	0.000000E+0	3.840197E-2	-3.031483E-3	0.000000E+0	0.000000E+0	0.000000E+0
2.739932E+1	9.988612E-1	2.057000E+0	5.768137E-19	5.234688E+17	1.962325E-2	0.000000E+0	3.644882E-2	-1.328767E-3	0.000000E+0	0.000000E+0	0.000000E+0
1.258976E+1	5.791610E-1	2.120000E+0	3.389543E+17	1.295985E-19	2.162763E-2	0.000000E+0	7.926189E-2	-3.646249E-3	0.000000E+0	0.000000E+0	0.000000E+0
6.807155E+0	5.848786E-1	2.184000E+0	-5.351627E-18	5.229140E+17	2.408756E-2	0.000000E+0	1.458277E-1	-1.252968E-2	0.000000E+0	0.000000E+0	0.000000E+0
6.323648E+0	6.668626E-1	2.247000E+0	2.587905E+17	2.524367E-18	2.832993E-2	0.000000E+0	1.563973E-1	-1.649293E-2	0.000000E+0	0.000000E+0	0.000000E+0
-2.633252E-1	4.222164E-1	2.310000E+0	-3.127958E+17	-2.708644E-18	3.095485E-2	0.000000E+0	-1.063481E+0	-1.705189E+0	0.000000E+0	0.000000E+0	0.000000E+0
1.284765E+1	3.534132E+0	2.373000E+0	6.653843E-18	-4.395315E+17	3.514665E-2	0.000000E+0	7.235985E-2	-1.990475E-2	0.000000E+0	0.000000E+0	0.000000E+0
1.330572E+1	-5.618710E-3	2.437000E+0	-1.137863E-18	-4.190346E+17	3.451210E-2	0.000000E+0	7.515563E-2	3.173655E-5	0.000000E+0	0.000000E+0	0.000000E+0
1.266133E+1	-1.682776E+0	2.500000E+0	-9.275714E-19	-3.780148E-18	3.597817E-2	0.000000E+0	7.760973E-2	1.031486E-2	0.000000E+0	0.000000E+0	0.000000E+0
