Real / Ohm	Ximag / Ohm	V_DC / V	I_a c / A	V_ac / V	I_DC / A
6.386761E+1	-6.793641E+2	-3.000000E+0	-3.567359E+17	-4.286482E-18	4.769972E-6	1.000000E+7	1.371684E-4	1.459069E-3	0.000000E+0	0.000000E+0	0.000000E+0
6.197635E+1	-6.633119E+2	-2.924000E+0	-4.916206E+17	6.689525E-18	3.178051E-6	0.000000E+0	1.396418E-4	1.494539E-3	0.000000E+0	0.000000E+0	0.000000E+0
6.142883E+1	-6.486398E+2	-2.848000E+0	-5.704677E+17	6.512875E+16	2.607616E-6	0.000000E+0	1.447063E-4	1.527983E-3	0.000000E+0	0.000000E+0	0.000000E+0
6.097540E+1	-6.362313E+2	-2.772000E+0	-6.627993E-18	6.447512E-18	4.080037E-6	0.000000E+0	1.492636E-4	1.557450E-3	0.000000E+0	0.000000E+0	0.000000E+0
6.052625E+1	-6.255951E+2	-2.696000E+0	2.517966E+17	3.793721E+16	2.488116E-6	0.000000E+0	1.532183E-4	1.583654E-3	0.000000E+0	0.000000E+0	0.000000E+0
6.009027E+1	-6.165232E+2	-2.620000E+0	4.553607E+17	-2.686618E+17	4.982008E-6	0.000000E+0	1.566027E-4	1.606735E-3	0.000000E+0	0.000000E+0	0.000000E+0
5.964346E+1	-6.085518E+2	-2.544000E+0	8.250878E-19	2.835790E+17	2.368659E-6	0.000000E+0	1.595203E-4	1.627611E-3	0.000000E+0	0.000000E+0	0.000000E+0
5.933246E+1	-6.013086E+2	-2.468000E+0	6.288337E-18	-3.925935E-18	3.330366E-6	0.000000E+0	1.625136E-4	1.647004E-3	0.000000E+0	0.000000E+0	0.000000E+0
5.878030E+1	-5.947755E+2	-2.392000E+0	-3.086734E-18	4.664198E-18	3.781344E-6	0.000000E+0	1.645525E-4	1.665044E-3	0.000000E+0	0.000000E+0	0.000000E+0
5.837964E+1	-5.887633E+2	-2.316000E+0	2.906916E+17	-1.493182E-18	1.465232E-7	0.000000E+0	1.667750E-4	1.681939E-3	0.000000E+0	0.000000E+0	0.000000E+0
5.796506E+1	-5.834259E+2	-2.241000E+0	-5.522322E-18	3.493290E-18	1.646593E-6	0.000000E+0	1.686277E-4	1.697260E-3	0.000000E+0	0.000000E+0	0.000000E+0
5.757132E+1	-5.781228E+2	-2.165000E+0	5.739126E-18	5.135446E+17	4.651229E-6	0.000000E+0	1.705613E-4	1.712751E-3	0.000000E+0	0.000000E+0	0.000000E+0
5.724414E+1	-5.731487E+2	-2.089000E+0	-6.504745E+16	2.346697E+17	5.102207E-6	0.000000E+0	1.725384E-4	1.727515E-3	0.000000E+0	0.000000E+0	0.000000E+0
5.689279E+1	-5.685183E+2	-2.013000E+0	-4.960950E+17	-4.576442E+17	2.999572E-6	0.000000E+0	1.742773E-4	1.741518E-3	0.000000E+0	0.000000E+0	0.000000E+0
5.657242E+1	-5.641243E+2	-1.937000E+0	2.127762E-18	3.276064E+15	6.004200E-6	0.000000E+0	1.759987E-4	1.755009E-3	0.000000E+0	0.000000E+0	0.000000E+0
5.614035E+1	-5.598538E+2	-1.861000E+0	8.607211E+16	2.393421E-17	-1.842709E-7	0.000000E+0	1.773294E-4	1.768399E-3	0.000000E+0	0.000000E+0	0.000000E+0
5.585605E+1	-5.557327E+2	-1.785000E+0	-4.013414E-19	-2.241021E+17	4.352543E-6	0.000000E+0	1.790495E-4	1.781430E-3	0.000000E+0	0.000000E+0	0.000000E+0
5.556360E+1	-5.517368E+2	-1.709000E+0	2.692530E+17	-2.999069E+17	3.271336E-6	0.000000E+0	1.806942E-4	1.794261E-3	0.000000E+0	0.000000E+0	0.000000E+0
5.531525E+1	-5.478557E+2	-1.633000E+0	-6.256277E-18	1.220246E+17	1.472727E-7	0.000000E+0	1.824348E-4	1.806878E-3	0.000000E+0	0.000000E+0	0.000000E+0
5.493823E+1	-5.439740E+2	-1.557000E+0	-1.009562E-18	-5.687651E-18	-9.339419E-7	0.000000E+0	1.837854E-4	1.819762E-3	0.000000E+0	0.000000E+0	0.000000E+0
5.470123E+1	-5.401851E+2	-1.481000E+0	1.311717E+15	4.724009E-18	3.092107E-6	0.000000E+0	1.855586E-4	1.832427E-3	0.000000E+0	0.000000E+0	0.000000E+0
5.439816E+1	-5.364106E+2	-1.405000E+0	3.093325E+17	-1.518024E+17	1.500186E-6	0.000000E+0	1.871311E-4	1.845266E-3	0.000000E+0	0.000000E+0	0.000000E+0
5.405106E+1	-5.327568E+2	-1.329000E+0	-5.203440E-18	3.830366E-18	3.483379E-6	0.000000E+0	1.884945E-4	1.857905E-3	0.000000E+0	0.000000E+0	0.000000E+0
5.381912E+1	-5.291548E+2	-1.253000E+0	-1.291944E-18	-5.341499E-18	3.423651E-6	0.000000E+0	1.902399E-4	1.870457E-3	0.000000E+0	0.000000E+0	0.000000E+0
5.361380E+1	-5.255210E+2	-1.177000E+0	5.232665E+17	-3.553127E+17	5.406815E-6	0.000000E+0	1.921320E-4	1.883272E-3	0.000000E+0	0.000000E+0	0.000000E+0
5.336514E+1	-5.217732E+2	-1.101000E+0	2.088242E+17	-2.195880E+17	1.772001E-6	0.000000E+0	1.939880E-4	1.896701E-3	0.000000E+0	0.000000E+0	0.000000E+0
5.308453E+1	-5.180923E+2	-1.025000E+0	-7.957825E+16	-3.386204E-18	5.287307E-6	0.000000E+0	1.957123E-4	1.910105E-3	0.000000E+0	0.000000E+0	0.000000E+0
5.290726E+1	-5.144065E+2	-9.490000E-1	-1.774996E-18	1.794108E-18	4.206129E-6	0.000000E+0	1.978483E-4	1.923639E-3	0.000000E+0	0.000000E+0	0.000000E+0
5.268423E+1	-5.106556E+2	-8.730000E-1	-1.333488E-18	6.138991E-18	3.124947E-6	0.000000E+0	1.999062E-4	1.937643E-3	0.000000E+0	0.000000E+0	0.000000E+0
5.247714E+1	-5.068966E+2	-7.970000E-1	1.829862E+17	1.861957E+17	2.554480E-6	0.000000E+0	2.020699E-4	1.951869E-3	0.000000E+0	0.000000E+0	0.000000E+0
5.225467E+1	-5.031901E+2	-7.220000E-1	4.410889E+17	3.939340E-18	4.795111E-7	0.000000E+0	2.041750E-4	1.966118E-3	0.000000E+0	0.000000E+0	0.000000E+0
5.205563E+1	-4.992472E+2	-6.460000E-1	-5.506670E-18	3.318154E+17	5.016300E-6	0.000000E+0	2.066048E-4	1.981473E-3	0.000000E+0	0.000000E+0	0.000000E+0
5.186340E+1	-4.952800E+2	-5.700000E-1	-4.319920E+17	-4.172230E+17	1.892204E-6	0.000000E+0	2.091333E-4	1.997160E-3	0.000000E+0	0.000000E+0	0.000000E+0
5.170016E+1	-4.912629E+2	-4.940000E-1	2.833723E-18	-1.599031E-19	3.364623E-6	0.000000E+0	2.118754E-4	2.013272E-3	0.000000E+0	0.000000E+0	0.000000E+0
5.152902E+1	-4.871223E+2	-4.180000E-1	-1.696221E+17	-6.427781E-19	1.772727E-6	0.000000E+0	2.147549E-4	2.030155E-3	0.000000E+0	0.000000E+0	0.000000E+0
5.138232E+1	-4.829583E+2	-3.420000E-1	-2.726899E+17	1.903750E-18	2.223718E-6	0.000000E+0	2.178243E-4	2.047398E-3	0.000000E+0	0.000000E+0	0.000000E+0
5.118866E+1	-4.786041E+2	-2.660000E-1	-1.478400E+17	2.700588E+17	1.142507E-6	0.000000E+0	2.209435E-4	2.065779E-3	0.000000E+0	0.000000E+0	0.000000E+0
5.105090E+1	-4.742545E+2	-1.900000E-1	-2.949193E+17	-4.901914E-18	3.125670E-6	0.000000E+0	2.243764E-4	2.084420E-3	0.000000E+0	0.000000E+0	0.000000E+0
5.093173E+1	-4.697315E+2	-1.140000E-1	-4.717429E+17	-4.925467E+17	1.533746E-6	0.000000E+0	2.281461E-4	2.104138E-3	0.000000E+0	0.000000E+0	0.000000E+0
5.076807E+1	-4.651157E+2	-3.800000E-2	-9.427510E-19	-9.422141E-19	2.495480E-6	0.000000E+0	2.319130E-4	2.124689E-3	0.000000E+0	0.000000E+0	0.000000E+0
5.062469E+1	-4.603237E+2	3.800000E-2	-3.453602E+17	4.406614E-18	9.035562E-7	0.000000E+0	2.360557E-4	2.146424E-3	0.000000E+0	0.000000E+0	0.000000E+0
5.045630E+1	-4.555671E+2	1.140000E-1	-4.715167E+17	-5.436425E+17	4.418889E-6	0.000000E+0	2.401683E-4	2.168466E-3	0.000000E+0	0.000000E+0	0.000000E+0
5.034467E+1	-4.506115E+2	1.900000E-1	-1.067025E+17	-5.230656E+17	2.826964E-6	0.000000E+0	2.448846E-4	2.191847E-3	0.000000E+0	0.000000E+0	0.000000E+0
5.019244E+1	-4.455831E+2	2.660000E-1	-3.021231E-18	3.036828E-18	-2.971283E-7	0.000000E+0	2.496347E-4	2.216130E-3	0.000000E+0	0.000000E+0	0.000000E+0
5.007974E+1	-4.404120E+2	3.420000E-1	-3.411811E-18	5.558819E-18	3.218203E-6	0.000000E+0	2.548967E-4	2.241617E-3	0.000000E+0	0.000000E+0	0.000000E+0
4.991257E+1	-4.352158E+2	4.180000E-1	4.155979E+17	-2.188149E-18	1.115566E-6	0.000000E+0	2.600913E-4	2.267882E-3	0.000000E+0	0.000000E+0	0.000000E+0
4.978030E+1	-4.300767E+2	4.940000E-1	-4.313450E+17	4.857998E-18	3.438436E-8	0.000000E+0	2.655742E-4	2.294427E-3	0.000000E+0	0.000000E+0	0.000000E+0
4.960507E+1	-4.249997E+2	5.700000E-1	-5.584540E-18	-6.440456E-18	-2.533852E-8	0.000000E+0	2.709395E-4	2.321319E-3	0.000000E+0	0.000000E+0	0.000000E+0
4.945969E+1	-4.200203E+2	6.460000E-1	4.766215E-20	4.558795E+17	1.957793E-6	0.000000E+0	2.765223E-4	2.348275E-3	0.000000E+0	0.000000E+0	0.000000E+0
4.924115E+1	-4.154510E+2	7.220000E-1	1.388541E-18	6.784146E-18	1.898068E-6	0.000000E+0	2.813391E-4	2.373677E-3	0.000000E+0	0.000000E+0	0.000000E+0
4.903583E+1	-4.114873E+2	7.970000E-1	4.707512E+17	-3.197573E+17	1.865985E-6	0.000000E+0	2.855464E-4	2.396181E-3	0.000000E+0	0.000000E+0	0.000000E+0
4.878812E+1	-4.080873E+2	8.730000E-1	-3.570583E-19	6.323277E-18	3.338431E-6	0.000000E+0	2.888315E-4	2.415925E-3	0.000000E+0	0.000000E+0	0.000000E+0
4.853555E+1	-4.055450E+2	9.490000E-1	-4.524460E+17	2.055323E+17	7.250492E-7	0.000000E+0	2.909414E-4	2.430998E-3	0.000000E+0	0.000000E+0	0.000000E+0
4.828928E+1	-4.038057E+2	1.025000E+0	-6.904437E-18	-8.375564E+16	-8.668430E-7	0.000000E+0	2.919706E-4	2.441523E-3	0.000000E+0	0.000000E+0	0.000000E+0
4.808212E+1	-4.025291E+2	1.101000E+0	2.547933E-18	-3.572836E+16	2.648492E-6	0.000000E+0	2.925743E-4	2.449344E-3	0.000000E+0	0.000000E+0	0.000000E+0
4.788376E+1	-4.015264E+2	1.177000E+0	-1.554791E+17	3.966226E+17	2.078021E-6	0.000000E+0	2.928378E-4	2.455574E-3	0.000000E+0	0.000000E+0	0.000000E+0
4.774036E+1	-4.006080E+2	1.253000E+0	-5.196808E+17	2.162502E-18	2.018271E-6	0.000000E+0	2.933069E-4	2.461252E-3	0.000000E+0	0.000000E+0	0.000000E+0
4.762073E+1	-4.000705E+2	1.329000E+0	1.000945E+17	-5.707470E+17	1.958513E-6	0.000000E+0	2.933681E-4	2.464640E-3	0.000000E+0	0.000000E+0	0.000000E+0
4.748895E+1	-4.002731E+2	1.405000E+0	-2.820974E+17	-3.562313E+17	-6.548362E-7	0.000000E+0	2.922869E-4	2.463617E-3	0.000000E+0	0.000000E+0	0.000000E+0
4.739349E+1	-4.013539E+2	1.481000E+0	7.433461E+16	-3.421229E+17	1.328328E-6	0.000000E+0	2.901682E-4	2.457302E-3	0.000000E+0	0.000000E+0	0.000000E+0
4.730878E+1	-4.034211E+2	1.557000E+0	5.230660E-18	8.421242E+16	2.471497E-7	0.000000E+0	2.867430E-4	2.445173E-3	0.000000E+0	0.000000E+0	0.000000E+0
4.726273E+1	-4.063124E+2	1.633000E+0	5.364297E+17	-2.871880E+17	1.208849E-6	0.000000E+0	2.824631E-4	2.428304E-3	0.000000E+0	0.000000E+0	0.000000E+0
4.722461E+1	-4.097254E+2	1.709000E+0	5.519484E-18	1.673219E-18	-8.937859E-7	0.000000E+0	2.776202E-4	2.408661E-3	0.000000E+0	0.000000E+0	0.000000E+0
4.721878E+1	-4.132827E+2	1.785000E+0	9.183430E+16	2.296609E-18	6.792106E-8	0.000000E+0	2.728901E-4	2.388473E-3	0.000000E+0	0.000000E+0	0.000000E+0
4.715692E+1	-4.169437E+2	1.861000E+0	4.020355E+17	1.810141E+17	3.072535E-6	0.000000E+0	2.678369E-4	2.368113E-3	0.000000E+0	0.000000E+0	0.000000E+0
4.713971E+1	-4.205480E+2	1.937000E+0	4.712699E-18	4.035830E-18	-5.623078E-7	0.000000E+0	2.632286E-4	2.348344E-3	0.000000E+0	0.000000E+0	0.000000E+0
4.710196E+1	-4.241133E+2	2.013000E+0	-2.680121E+17	-5.492346E+17	-6.220216E-7	0.000000E+0	2.586731E-4	2.329132E-3	0.000000E+0	0.000000E+0	0.000000E+0
4.703741E+1	-4.275756E+2	2.089000E+0	5.241928E+17	-4.156389E-18	8.503994E-7	0.000000E+0	2.542104E-4	2.310802E-3	0.000000E+0	0.000000E+0	0.000000E+0
4.699503E+1	-4.308475E+2	2.165000E+0	2.579782E+17	4.569569E-19	-2.307934E-7	0.000000E+0	2.501890E-4	2.293717E-3	0.000000E+0	0.000000E+0	0.000000E+0
4.694995E+1	-4.339363E+2	2.241000E+0	2.915631E-18	5.325189E+16	2.263099E-6	0.000000E+0	2.464499E-4	2.277821E-3	0.000000E+0	0.000000E+0	0.000000E+0
4.690005E+1	-4.368275E+2	2.316000E+0	-1.980568E+17	1.958093E+16	-3.226014E-7	0.000000E+0	2.429829E-4	2.263145E-3	0.000000E+0	0.000000E+0	0.000000E+0
4.686984E+1	-4.394855E+2	2.392000E+0	-2.769006E-18	2.287397E+15	-3.823370E-7	0.000000E+0	2.399345E-4	2.249800E-3	0.000000E+0	0.000000E+0	0.000000E+0
4.680441E+1	-4.419482E+2	2.468000E+0	5.768137E-19	5.234688E+17	-1.974244E-6	0.000000E+0	2.369737E-4	2.237612E-3	0.000000E+0	0.000000E+0	0.000000E+0
4.680273E+1	-4.442026E+2	2.544000E+0	3.389543E+17	1.295985E-19	8.920324E-9	0.000000E+0	2.345926E-4	2.226508E-3	0.000000E+0	0.000000E+0	0.000000E+0
4.678320E+1	-4.462692E+2	2.620000E+0	-5.351627E-18	5.229140E+17	9.706273E-7	0.000000E+0	2.323536E-4	2.216442E-3	0.000000E+0	0.000000E+0	0.000000E+0
4.673392E+1	-4.481834E+2	2.696000E+0	2.587905E+17	2.524367E-18	1.421577E-6	0.000000E+0	2.301569E-4	2.207230E-3	0.000000E+0	0.000000E+0	0.000000E+0
4.673523E+1	-4.499341E+2	2.772000E+0	-3.127958E+17	-2.708644E-18	2.894027E-6	0.000000E+0	2.283947E-4	2.198824E-3	0.000000E+0	0.000000E+0	0.000000E+0
4.673416E+1	-4.515325E+2	2.848000E+0	6.653843E-18	-4.395315E+17	2.806773E-7	0.000000E+0	2.267925E-4	2.191207E-3	0.000000E+0	0.000000E+0	0.000000E+0
4.670749E+1	-4.529727E+2	2.924000E+0	-1.137863E-18	-4.190346E+17	-2.897868E-7	0.000000E+0	2.252420E-4	2.184413E-3	0.000000E+0	0.000000E+0	0.000000E+0
4.671848E+1	-4.542441E+2	3.000000E+0	-9.275714E-19	-3.780148E-18	-3.495370E-7	0.000000E+0	2.240476E-4	2.178416E-3	0.000000E+0	0.000000E+0	0.000000E+0
