Real / Ohm	Ximag / Ohm	V_DC / V	I_a c / A	V_ac / V	I_DC / A
4.859932E+2	-6.536350E+3	-3.000000E+0	-3.567381E+17	-4.286482E-18	6.842020E-7	1.000000E+6	1.131267E-5	1.521495E-4	0.000000E+0	0.000000E+0	0.000000E+0
4.606279E+2	-6.317805E+3	-2.924000E+0	-4.736062E+17	6.906363E-18	4.710251E-6	0.000000E+0	1.147930E-5	1.574459E-4	0.000000E+0	0.000000E+0	0.000000E+0
4.474390E+2	-6.121414E+3	-2.848000E+0	-5.749716E+17	6.512875E+16	-4.567264E-7	0.000000E+0	1.187726E-5	1.624928E-4	0.000000E+0	0.000000E+0	0.000000E+0
4.377690E+2	-5.964214E+3	-2.772000E+0	-6.627993E-18	5.176237E+17	3.058609E-6	0.000000E+0	1.224067E-5	1.667682E-4	0.000000E+0	0.000000E+0	0.000000E+0
4.283550E+2	-5.838046E+3	-2.696000E+0	2.517955E+17	3.793721E+16	1.977402E-6	0.000000E+0	1.250078E-5	1.703730E-4	0.000000E+0	0.000000E+0	0.000000E+0
4.199863E+2	-5.734516E+3	-2.620000E+0	4.553607E+17	-2.686618E+17	3.449808E-6	0.000000E+0	1.270335E-5	1.734523E-4	0.000000E+0	0.000000E+0	0.000000E+0
4.118672E+2	-5.647258E+3	-2.544000E+0	8.250878E-19	2.832976E+17	-1.206456E-6	0.000000E+0	1.284630E-5	1.761402E-4	0.000000E+0	0.000000E+0	0.000000E+0
4.039883E+2	-5.570071E+3	-2.468000E+0	2.818890E-18	-3.928899E-18	7.767376E-7	0.000000E+0	1.295295E-5	1.785915E-4	0.000000E+0	0.000000E+0	0.000000E+0
3.969912E+2	-5.502552E+3	-2.392000E+0	-3.087581E-18	4.670974E-18	1.227716E-6	0.000000E+0	1.304361E-5	1.807928E-4	0.000000E+0	0.000000E+0	0.000000E+0
3.900093E+2	-5.441563E+3	-2.316000E+0	2.907620E+17	-1.496573E-18	1.465232E-7	0.000000E+0	1.310396E-5	1.828315E-4	0.000000E+0	0.000000E+0	0.000000E+0
3.840220E+2	-5.387735E+3	-2.241000E+0	-2.052452E-18	3.493290E-18	3.689507E-6	0.000000E+0	1.316264E-5	1.846686E-4	0.000000E+0	0.000000E+0	0.000000E+0
3.776130E+2	-5.335001E+3	-2.165000E+0	5.725574E-18	6.181145E-18	1.076172E-6	0.000000E+0	1.320102E-5	1.865070E-4	0.000000E+0	0.000000E+0	0.000000E+0
3.732778E+2	-5.286755E+3	-2.089000E+0	-6.504745E+16	2.369913E+17	5.056645E-7	0.000000E+0	1.328906E-5	1.882137E-4	0.000000E+0	0.000000E+0	0.000000E+0
3.677466E+2	-5.241569E+3	-2.013000E+0	7.811391E+16	1.187967E+17	-6.477057E-8	0.000000E+0	1.331967E-5	1.898481E-4	0.000000E+0	0.000000E+0	0.000000E+0
3.631660E+2	-5.199528E+3	-1.937000E+0	2.127762E-18	3.293656E+15	1.918372E-6	0.000000E+0	1.336792E-5	1.913915E-4	0.000000E+0	0.000000E+0	0.000000E+0
3.586250E+2	-5.158646E+3	-1.861000E+0	8.610729E+16	1.699529E-17	1.858643E-6	0.000000E+0	1.341144E-5	1.929170E-4	0.000000E+0	0.000000E+0	0.000000E+0
3.545142E+2	-5.119354E+3	-1.785000E+0	-3.334214E+16	-2.240669E+17	7.774288E-7	0.000000E+0	1.346250E-5	1.944049E-4	0.000000E+0	0.000000E+0	0.000000E+0
3.503821E+2	-5.081941E+3	-1.709000E+0	2.698511E+17	-3.359357E+17	7.177077E-7	0.000000E+0	1.350278E-5	1.958442E-4	0.000000E+0	0.000000E+0	0.000000E+0
3.462627E+2	-5.045766E+3	-1.633000E+0	-6.256269E-18	1.400392E+17	1.168701E-6	0.000000E+0	1.353665E-5	1.972570E-4	0.000000E+0	0.000000E+0	0.000000E+0
3.427053E+2	-5.010574E+3	-1.557000E+0	-1.016338E-18	-5.687757E-18	4.173315E-6	0.000000E+0	1.358685E-5	1.986486E-4	0.000000E+0	0.000000E+0	0.000000E+0
3.389338E+2	-4.975161E+3	-1.481000E+0	1.311717E+15	5.157902E-18	-1.504435E-6	0.000000E+0	1.362981E-5	2.000700E-4	0.000000E+0	0.000000E+0	0.000000E+0
3.358882E+2	-4.941098E+3	-1.405000E+0	2.540081E-19	4.246583E+17	1.500186E-6	0.000000E+0	1.369448E-5	2.014532E-4	0.000000E+0	0.000000E+0	0.000000E+0
3.327976E+2	-4.907582E+3	-1.329000E+0	-6.938164E-18	3.830367E-18	1.951179E-6	0.000000E+0	1.375474E-5	2.028336E-4	0.000000E+0	0.000000E+0	0.000000E+0
3.297605E+2	-4.874279E+3	-1.253000E+0	-1.291944E-18	-5.342346E-18	-2.705092E-6	0.000000E+0	1.381639E-5	2.042238E-4	0.000000E+0	0.000000E+0	0.000000E+0
3.265938E+2	-4.841854E+3	-1.177000E+0	-5.319417E+16	-3.192840E+17	-1.232613E-6	0.000000E+0	1.386798E-5	2.055970E-4	0.000000E+0	0.000000E+0	0.000000E+0
3.234265E+2	-4.808675E+3	-1.101000E+0	2.088264E+17	-2.196584E+17	2.793429E-6	0.000000E+0	1.392402E-5	2.070210E-4	0.000000E+0	0.000000E+0	0.000000E+0
3.210193E+2	-4.775885E+3	-1.025000E+0	-7.993003E+16	-3.386204E-18	2.222965E-6	0.000000E+0	1.401089E-5	2.084435E-4	0.000000E+0	0.000000E+0	0.000000E+0
3.177463E+2	-4.742578E+3	-9.490000E-1	-2.208677E-18	1.902529E-18	1.141787E-6	0.000000E+0	1.406392E-5	2.099135E-4	0.000000E+0	0.000000E+0	0.000000E+0
3.152012E+2	-4.709278E+3	-8.730000E-1	-4.775830E-18	6.132215E-18	4.146405E-6	0.000000E+0	1.414940E-5	2.113997E-4	0.000000E+0	0.000000E+0	0.000000E+0
3.129192E+2	-4.675605E+3	-7.970000E-1	3.887097E+16	1.849291E+17	1.533022E-6	0.000000E+0	1.425003E-5	2.129224E-4	0.000000E+0	0.000000E+0	0.000000E+0
3.107456E+2	-4.643250E+3	-7.220000E-1	4.410889E+17	3.940187E-18	-1.052660E-6	0.000000E+0	1.434895E-5	2.144061E-4	0.000000E+0	0.000000E+0	0.000000E+0
3.081516E+2	-4.609131E+3	-6.460000E-1	-5.506674E-18	3.318154E+17	9.305004E-7	0.000000E+0	1.444074E-5	2.159952E-4	0.000000E+0	0.000000E+0	0.000000E+0
3.062134E+2	-4.573744E+3	-5.700000E-1	-5.761072E+17	-5.613382E+17	1.892204E-6	0.000000E+0	1.457264E-5	2.176636E-4	0.000000E+0	0.000000E+0	0.000000E+0
3.039109E+2	-4.538084E+3	-4.940000E-1	2.833723E-18	-1.599031E-19	-2.104334E-7	0.000000E+0	1.469122E-5	2.193735E-4	0.000000E+0	0.000000E+0	0.000000E+0
3.014155E+2	-4.501512E+3	-4.180000E-1	-1.696221E+17	-6.410840E-19	-2.701872E-7	0.000000E+0	1.480833E-5	2.211560E-4	0.000000E+0	0.000000E+0	0.000000E+0
2.994946E+2	-4.465179E+3	-3.420000E-1	-2.726899E+17	2.120590E-18	6.915179E-7	0.000000E+0	1.495415E-5	2.229522E-4	0.000000E+0	0.000000E+0	0.000000E+0
2.978757E+2	-4.427354E+3	-2.660000E-1	-1.523436E+17	2.700613E+17	1.142507E-6	0.000000E+0	1.512812E-5	2.248507E-4	0.000000E+0	0.000000E+0	0.000000E+0
2.958076E+2	-4.389379E+3	-1.900000E-1	-2.971689E+17	-4.956124E-18	-9.601290E-7	0.000000E+0	1.528394E-5	2.267927E-4	0.000000E+0	0.000000E+0	0.000000E+0
2.941711E+2	-4.350071E+3	-1.140000E-1	-4.717429E+17	-4.925478E+17	2.044490E-6	0.000000E+0	1.547483E-5	2.288348E-4	0.000000E+0	0.000000E+0	0.000000E+0
2.923105E+2	-4.309090E+3	-3.800000E-2	-9.427576E-19	-9.693192E-19	-5.814832E-8	0.000000E+0	1.567037E-5	2.310045E-4	0.000000E+0	0.000000E+0	0.000000E+0
2.901519E+2	-4.267021E+3	3.800000E-2	-3.093320E+17	4.406614E-18	1.925013E-6	0.000000E+0	1.586253E-5	2.332769E-4	0.000000E+0	0.000000E+0	0.000000E+0
2.886313E+2	-4.224015E+3	1.140000E-1	-4.715167E+17	-5.481549E+17	1.354547E-6	0.000000E+0	1.610162E-5	2.356413E-4	0.000000E+0	0.000000E+0	0.000000E+0
2.867502E+2	-4.179412E+3	1.900000E-1	4.697494E+17	-4.510080E+17	3.337707E-6	0.000000E+0	1.633931E-5	2.381471E-4	0.000000E+0	0.000000E+0	0.000000E+0
2.850750E+2	-4.134413E+3	2.660000E-1	-3.021231E-18	2.522898E+17	1.745786E-6	0.000000E+0	1.659860E-5	2.407278E-4	0.000000E+0	0.000000E+0	0.000000E+0
2.833691E+2	-4.086414E+3	3.420000E-1	-3.194971E-18	5.558819E-18	5.261118E-6	0.000000E+0	1.688824E-5	2.435422E-4	0.000000E+0	0.000000E+0	0.000000E+0
2.818044E+2	-4.037417E+3	4.180000E-1	4.155979E+17	-2.188149E-18	1.115566E-6	0.000000E+0	1.720402E-5	2.464823E-4	0.000000E+0	0.000000E+0	0.000000E+0
2.800527E+2	-3.987039E+3	4.940000E-1	-4.136209E+17	4.857998E-18	1.055841E-6	0.000000E+0	1.753078E-5	2.495813E-4	0.000000E+0	0.000000E+0	0.000000E+0
2.777405E+2	-3.935389E+3	5.700000E-1	-3.849816E-18	-6.440654E-18	3.549718E-6	0.000000E+0	1.784457E-5	2.528451E-4	0.000000E+0	0.000000E+0	0.000000E+0
2.760898E+2	-3.882023E+3	6.460000E-1	4.766215E-20	4.558806E+17	1.447079E-6	0.000000E+0	1.822817E-5	2.563013E-4	0.000000E+0	0.000000E+0	0.000000E+0
2.743083E+2	-3.827136E+3	7.220000E-1	1.388541E-18	6.784133E-18	-6.555601E-7	0.000000E+0	1.863227E-5	2.599565E-4	0.000000E+0	0.000000E+0	0.000000E+0
2.720725E+2	-3.773010E+3	7.970000E-1	3.311088E+17	-4.500095E-18	-1.769004E-7	0.000000E+0	1.901325E-5	2.636693E-4	0.000000E+0	0.000000E+0	0.000000E+0
2.700151E+2	-3.718483E+3	8.730000E-1	-7.975154E-19	6.323277E-18	1.295517E-6	0.000000E+0	1.942551E-5	2.675163E-4	0.000000E+0	0.000000E+0	0.000000E+0
2.671714E+2	-3.666438E+3	9.490000E-1	-4.524503E+17	2.055147E+17	2.143352E-7	0.000000E+0	1.976976E-5	2.713037E-4	0.000000E+0	0.000000E+0	0.000000E+0
2.643250E+2	-3.619899E+3	1.025000E+0	-6.904543E-18	-8.375564E+16	-1.888300E-6	0.000000E+0	2.006485E-5	2.747857E-4	0.000000E+0	0.000000E+0	0.000000E+0
2.614885E+2	-3.582717E+3	1.101000E+0	2.547933E-18	-2.672116E+16	9.486394E-8	0.000000E+0	2.026377E-5	2.776388E-4	0.000000E+0	0.000000E+0	0.000000E+0
2.584573E+2	-3.556622E+3	1.177000E+0	-1.554791E+17	-4.675079E+17	3.510650E-8	0.000000E+0	2.032479E-5	2.796887E-4	0.000000E+0	0.000000E+0	0.000000E+0
2.557512E+2	-3.540677E+3	1.253000E+0	-5.196819E+17	2.155725E-18	-2.461456E-8	0.000000E+0	2.029481E-5	2.809659E-4	0.000000E+0	0.000000E+0	0.000000E+0
2.527993E+2	-3.532892E+3	1.329000E+0	1.001296E+17	-5.707470E+17	4.512141E-6	0.000000E+0	2.015102E-5	2.816123E-4	0.000000E+0	0.000000E+0	0.000000E+0
2.512061E+2	-3.545906E+3	1.405000E+0	-2.820974E+17	-3.562291E+17	8.773350E-7	0.000000E+0	1.987932E-5	2.806070E-4	0.000000E+0	0.000000E+0	0.000000E+0
2.499990E+2	-3.589372E+3	1.481000E+0	7.431702E+16	-3.376193E+17	1.839042E-6	0.000000E+0	1.931077E-5	2.772553E-4	0.000000E+0	0.000000E+0	0.000000E+0
2.490281E+2	-3.645456E+3	1.557000E+0	5.230660E-18	8.421242E+16	2.471497E-7	0.000000E+0	1.865188E-5	2.730400E-4	0.000000E+0	0.000000E+0	0.000000E+0
2.483748E+2	-3.703938E+3	1.633000E+0	5.318052E+17	-2.871878E+17	1.208849E-6	0.000000E+0	1.802319E-5	2.687743E-4	0.000000E+0	0.000000E+0	0.000000E+0
2.475759E+2	-3.765951E+3	1.709000E+0	-5.656005E-19	1.659667E-18	-3.830719E-7	0.000000E+0	1.738146E-5	2.643945E-4	0.000000E+0	0.000000E+0	0.000000E+0
2.472922E+2	-3.827704E+3	1.785000E+0	9.197504E+16	2.296609E-18	2.621549E-6	0.000000E+0	1.680834E-5	2.601673E-4	0.000000E+0	0.000000E+0	0.000000E+0
2.463970E+2	-3.885451E+3	1.861000E+0	4.020355E+17	1.810141E+17	2.051078E-6	0.000000E+0	1.625584E-5	2.563395E-4	0.000000E+0	0.000000E+0	0.000000E+0
2.457231E+2	-3.936617E+3	1.937000E+0	1.676929E-18	4.035830E-18	-5.623078E-7	0.000000E+0	1.579468E-5	2.530393E-4	0.000000E+0	0.000000E+0	0.000000E+0
2.449272E+2	-3.981956E+3	2.013000E+0	-2.680828E+17	-5.132058E+17	-3.175650E-6	0.000000E+0	1.538878E-5	2.501863E-4	0.000000E+0	0.000000E+0	0.000000E+0
2.445486E+2	-4.020165E+3	2.089000E+0	5.241928E+17	-4.155966E-18	-1.192486E-6	0.000000E+0	1.507556E-5	2.478290E-4	0.000000E+0	0.000000E+0	0.000000E+0
2.433293E+2	-4.053711E+3	2.165000E+0	2.579781E+17	4.569569E-19	-2.273679E-6	0.000000E+0	1.475458E-5	2.458019E-4	0.000000E+0	0.000000E+0	0.000000E+0
2.433818E+2	-4.083168E+3	2.241000E+0	2.915631E-18	5.325299E+16	-2.905290E-7	0.000000E+0	1.454633E-5	2.440408E-4	0.000000E+0	0.000000E+0	0.000000E+0
2.424888E+2	-4.108789E+3	2.316000E+0	-1.980651E+17	3.078113E+17	-1.854773E-6	0.000000E+0	1.431377E-5	2.425360E-4	0.000000E+0	0.000000E+0	0.000000E+0
2.419028E+2	-4.130809E+3	2.392000E+0	4.142783E-18	4.323812E+17	1.284061E-7	0.000000E+0	1.412810E-5	2.412560E-4	0.000000E+0	0.000000E+0	0.000000E+0
2.414658E+2	-4.150412E+3	2.468000E+0	5.785012E-19	5.234688E+17	2.622270E-6	0.000000E+0	1.397030E-5	2.401272E-4	0.000000E+0	0.000000E+0	0.000000E+0
2.410713E+2	-4.168492E+3	2.544000E+0	3.389541E+17	1.295985E-19	2.051805E-6	0.000000E+0	1.382730E-5	2.390952E-4	0.000000E+0	0.000000E+0	0.000000E+0
2.404456E+2	-4.184479E+3	2.620000E+0	-5.351625E-18	2.346836E+17	-1.072287E-6	0.000000E+0	1.368682E-5	2.381919E-4	0.000000E+0	0.000000E+0	0.000000E+0
2.403857E+2	-4.198828E+3	2.696000E+0	2.587907E+17	-4.848260E-18	-6.213086E-7	0.000000E+0	1.359037E-5	2.373836E-4	0.000000E+0	0.000000E+0	0.000000E+0
2.399275E+2	-4.211917E+3	2.772000E+0	-3.127958E+17	-2.708653E-18	-1.702487E-6	0.000000E+0	1.348073E-5	2.366537E-4	0.000000E+0	0.000000E+0	0.000000E+0
2.396353E+2	-4.223707E+3	2.848000E+0	6.653843E-18	-4.395667E+17	-3.294408E-6	0.000000E+0	1.338960E-5	2.359992E-4	0.000000E+0	0.000000E+0	0.000000E+0
2.398015E+2	-4.234252E+3	2.924000E+0	-1.137863E-18	-4.190346E+17	-1.311244E-6	0.000000E+0	1.333238E-5	2.354142E-4	0.000000E+0	0.000000E+0	0.000000E+0
2.397537E+2	-4.243799E+3	3.000000E+0	-9.275714E-19	-3.753044E-18	2.204091E-6	0.000000E+0	1.327003E-5	2.348882E-4	0.000000E+0	0.000000E+0	0.000000E+0
