Real / Ohm	Ximag / Ohm	V_DC / V	I_a c / A	V_ac / V	I_DC / A
1.619367E+1	1.918171E+0	-2.000000E+0	-3.567359E+17	-4.286482E-18	-2.648608E-2	1.000000E+4	6.089807E-2	-7.213492E-3	0.000000E+0	0.000000E+0	0.000000E+0
1.689755E+1	1.800748E+0	-1.949000E+0	-4.916206E+17	6.689525E-18	-2.536901E-2	0.000000E+0	5.851562E-2	-6.235927E-3	0.000000E+0	0.000000E+0	0.000000E+0
2.083180E+1	3.557507E-1	-1.899000E+0	-5.704677E+17	6.512875E+16	-2.419725E-2	0.000000E+0	4.798954E-2	-8.195313E-4	0.000000E+0	0.000000E+0	0.000000E+0
2.219280E+1	2.139562E-1	-1.848000E+0	-6.627993E-18	6.447512E-18	-2.299795E-2	0.000000E+0	4.505547E-2	-4.343705E-4	0.000000E+0	0.000000E+0	0.000000E+0
2.365956E+1	1.966631E-1	-1.797000E+0	2.517966E+17	3.793721E+16	-2.191101E-2	0.000000E+0	4.226329E-2	-3.513011E-4	0.000000E+0	0.000000E+0	0.000000E+0
2.512193E+1	1.803945E-1	-1.747000E+0	4.553607E+17	-2.686618E+17	-2.093640E-2	0.000000E+0	3.980381E-2	-2.858215E-4	0.000000E+0	0.000000E+0	0.000000E+0
2.646972E+1	1.446972E-1	-1.696000E+0	8.250878E-19	2.835790E+17	-1.996539E-2	0.000000E+0	3.777789E-2	-2.065135E-4	0.000000E+0	0.000000E+0	0.000000E+0
2.776057E+1	1.775972E-1	-1.646000E+0	6.288337E-18	-3.925935E-18	-1.903624E-2	0.000000E+0	3.602084E-2	-2.304420E-4	0.000000E+0	0.000000E+0	0.000000E+0
2.906535E+1	1.385100E-1	-1.595000E+0	-3.086734E-18	4.664198E-18	-1.809128E-2	0.000000E+0	3.440445E-2	-1.639533E-4	0.000000E+0	0.000000E+0	0.000000E+0
3.010410E+1	1.559816E-1	-1.544000E+0	2.906916E+17	-1.493182E-18	-1.716879E-2	0.000000E+0	3.321717E-2	-1.721117E-4	0.000000E+0	0.000000E+0	0.000000E+0
3.110421E+1	1.770350E-1	-1.494000E+0	-5.522322E-18	3.493290E-18	-1.627180E-2	0.000000E+0	3.214895E-2	-1.829813E-4	0.000000E+0	0.000000E+0	0.000000E+0
3.212672E+1	1.873485E-1	-1.443000E+0	5.739126E-18	5.135446E+17	-1.538762E-2	0.000000E+0	3.112568E-2	-1.815109E-4	0.000000E+0	0.000000E+0	0.000000E+0
3.259120E+1	2.679999E-1	-1.392000E+0	-6.504745E+16	2.346697E+17	-1.451263E-2	0.000000E+0	3.068105E-2	-2.522926E-4	0.000000E+0	0.000000E+0	0.000000E+0
3.391824E+1	1.875512E-1	-1.342000E+0	-4.960950E+17	-4.576442E+17	-1.363148E-2	0.000000E+0	2.948176E-2	-1.630196E-4	0.000000E+0	0.000000E+0	0.000000E+0
3.503530E+1	1.539142E-1	-1.291000E+0	2.127762E-18	3.276064E+15	-1.279990E-2	0.000000E+0	2.854209E-2	-1.253888E-4	0.000000E+0	0.000000E+0	0.000000E+0
3.598417E+1	1.527198E-1	-1.241000E+0	8.607211E+16	2.393421E-17	-1.199076E-2	0.000000E+0	2.778950E-2	-1.179409E-4	0.000000E+0	0.000000E+0	0.000000E+0
3.699045E+1	1.365046E-1	-1.190000E+0	-4.013414E-19	-2.241021E+17	-1.119851E-2	0.000000E+0	2.703364E-2	-9.976131E-5	0.000000E+0	0.000000E+0	0.000000E+0
3.820743E+1	1.240988E-1	-1.139000E+0	2.692530E+17	-2.999069E+17	-1.039859E-2	0.000000E+0	2.617264E-2	-8.500948E-5	0.000000E+0	0.000000E+0	0.000000E+0
3.985248E+1	1.092927E-1	-1.089000E+0	-6.256277E-18	1.220246E+17	-9.647677E-3	0.000000E+0	2.509235E-2	-6.881406E-5	0.000000E+0	0.000000E+0	0.000000E+0
4.241905E+1	1.129485E-1	-1.038000E+0	-1.009562E-18	-5.687651E-18	-8.894239E-3	0.000000E+0	2.357415E-2	-6.277049E-5	0.000000E+0	0.000000E+0	0.000000E+0
4.621687E+1	1.097791E-1	-9.870000E-1	1.311717E+15	4.724009E-18	-8.172464E-3	0.000000E+0	2.163700E-2	-5.139444E-5	0.000000E+0	0.000000E+0	0.000000E+0
5.107748E+1	1.226063E-1	-9.370000E-1	3.093325E+17	-1.518024E+17	-7.512969E-3	0.000000E+0	1.957799E-2	-4.699497E-5	0.000000E+0	0.000000E+0	0.000000E+0
5.702031E+1	1.477181E-1	-8.860000E-1	-5.203440E-18	3.830366E-18	-6.878528E-3	0.000000E+0	1.753749E-2	-4.543302E-5	0.000000E+0	0.000000E+0	0.000000E+0
6.402808E+1	1.608341E-1	-8.350000E-1	-1.291944E-18	-5.341499E-18	-6.294648E-3	0.000000E+0	1.561805E-2	-3.923146E-5	0.000000E+0	0.000000E+0	0.000000E+0
7.220567E+1	1.697353E-1	-7.850000E-1	5.232665E+17	-3.553127E+17	-5.765389E-3	0.000000E+0	1.384925E-2	-3.255571E-5	0.000000E+0	0.000000E+0	0.000000E+0
8.244817E+1	2.123164E-1	-7.340000E-1	2.088242E+17	-2.195880E+17	-5.282633E-3	0.000000E+0	1.212875E-2	-3.123335E-5	0.000000E+0	0.000000E+0	0.000000E+0
9.406850E+1	2.224327E-1	-6.840000E-1	-7.957825E+16	-3.386204E-18	-4.841218E-3	0.000000E+0	1.063049E-2	-2.513667E-5	0.000000E+0	0.000000E+0	0.000000E+0
1.060713E+2	2.238909E-1	-6.330000E-1	-1.774996E-18	1.794108E-18	-4.445796E-3	0.000000E+0	9.427579E-3	-1.989934E-5	0.000000E+0	0.000000E+0	0.000000E+0
1.157701E+2	2.188679E-1	-5.820000E-1	-1.333488E-18	6.138991E-18	-4.078465E-3	0.000000E+0	8.637778E-3	-1.633006E-5	0.000000E+0	0.000000E+0	0.000000E+0
1.211182E+2	1.470370E-1	-5.320000E-1	1.829862E+17	1.861957E+17	-3.735109E-3	0.000000E+0	8.256385E-3	-1.002322E-5	0.000000E+0	0.000000E+0	0.000000E+0
1.222664E+2	1.023674E-1	-4.810000E-1	4.410889E+17	3.939340E-18	-3.396888E-3	0.000000E+0	8.178856E-3	-6.847738E-6	0.000000E+0	0.000000E+0	0.000000E+0
1.207734E+2	1.189634E-1	-4.300000E-1	-5.506670E-18	3.318154E+17	-3.055092E-3	0.000000E+0	8.279961E-3	-8.155871E-6	0.000000E+0	0.000000E+0	0.000000E+0
1.182188E+2	5.490553E-2	-3.800000E-1	-4.319920E+17	-4.172230E+17	-2.711226E-3	0.000000E+0	8.458890E-3	-3.928646E-6	0.000000E+0	0.000000E+0	0.000000E+0
1.155709E+2	9.150743E-2	-3.290000E-1	2.833723E-18	-1.599031E-19	-2.360237E-3	0.000000E+0	8.652692E-3	-6.851081E-6	0.000000E+0	0.000000E+0	0.000000E+0
1.134199E+2	4.195046E-2	-2.780000E-1	-1.696221E+17	-6.427781E-19	-1.995969E-3	0.000000E+0	8.816794E-3	-3.261055E-6	0.000000E+0	0.000000E+0	0.000000E+0
1.119428E+2	6.659150E-2	-2.280000E-1	-2.726899E+17	1.903750E-18	-1.637802E-3	0.000000E+0	8.933131E-3	-5.314058E-6	0.000000E+0	0.000000E+0	0.000000E+0
1.111966E+2	3.949809E-2	-1.770000E-1	-1.478400E+17	2.700588E+17	-1.272513E-3	0.000000E+0	8.993080E-3	-3.194427E-6	0.000000E+0	0.000000E+0	0.000000E+0
1.114575E+2	3.961170E-2	-1.270000E-1	-2.949193E+17	-4.901914E-18	-9.107712E-4	0.000000E+0	8.972029E-3	-3.188635E-6	0.000000E+0	0.000000E+0	0.000000E+0
1.128113E+2	4.873192E-2	-7.600000E-2	-4.717429E+17	-4.925467E+17	-5.424178E-4	0.000000E+0	8.864359E-3	-3.829202E-6	0.000000E+0	0.000000E+0	0.000000E+0
1.151187E+2	2.848625E-2	-2.500000E-2	-9.427510E-19	-9.422141E-19	-1.786606E-4	0.000000E+0	8.686685E-3	-2.149530E-6	0.000000E+0	0.000000E+0	0.000000E+0
1.184883E+2	3.376400E-2	2.500000E-2	-3.453602E+17	4.406614E-18	1.743987E-4	0.000000E+0	8.439651E-3	-2.404933E-6	0.000000E+0	0.000000E+0	0.000000E+0
1.226232E+2	2.778029E-2	7.600000E-2	-4.715167E+17	-5.436425E+17	5.187481E-4	0.000000E+0	8.155063E-3	-1.847530E-6	0.000000E+0	0.000000E+0	0.000000E+0
1.274082E+2	3.656125E-2	1.270000E-1	-1.067025E+17	-5.230656E+17	8.539044E-4	0.000000E+0	7.848788E-3	-2.252300E-6	0.000000E+0	0.000000E+0	0.000000E+0
1.325215E+2	-2.596378E-4	1.770000E-1	-3.021231E-18	3.036828E-18	1.172745E-3	0.000000E+0	7.545945E-3	1.478411E-8	0.000000E+0	0.000000E+0	0.000000E+0
1.380229E+2	-3.762245E-4	2.280000E-1	-3.411811E-18	5.558819E-18	1.486451E-3	0.000000E+0	7.245175E-3	1.974898E-8	0.000000E+0	0.000000E+0	0.000000E+0
1.435947E+2	-2.073026E-2	2.780000E-1	4.155979E+17	-2.188149E-18	1.785884E-3	0.000000E+0	6.964045E-3	1.005375E-6	0.000000E+0	0.000000E+0	0.000000E+0
1.491940E+2	-6.035328E-3	3.290000E-1	-4.313450E+17	4.857998E-18	2.075586E-3	0.000000E+0	6.702682E-3	2.711429E-7	0.000000E+0	0.000000E+0	0.000000E+0
1.547911E+2	-7.112932E-2	3.800000E-1	-5.584540E-18	-6.440456E-18	2.360692E-3	0.000000E+0	6.460318E-3	2.968634E-6	0.000000E+0	0.000000E+0	0.000000E+0
1.600292E+2	-1.223304E-1	4.300000E-1	4.766215E-20	4.558795E+17	2.632035E-3	0.000000E+0	6.248856E-3	4.776785E-6	0.000000E+0	0.000000E+0	0.000000E+0
1.648776E+2	-1.494653E-1	4.810000E-1	1.388541E-18	6.784146E-18	2.897733E-3	0.000000E+0	6.065100E-3	5.498152E-6	0.000000E+0	0.000000E+0	0.000000E+0
1.691440E+2	-1.001446E-1	5.320000E-1	4.707512E+17	-3.197573E+17	3.159856E-3	0.000000E+0	5.912120E-3	3.500372E-6	0.000000E+0	0.000000E+0	0.000000E+0
1.723326E+2	-1.251440E-1	5.820000E-1	-3.570583E-19	6.323277E-18	3.409238E-3	0.000000E+0	5.802730E-3	4.213810E-6	0.000000E+0	0.000000E+0	0.000000E+0
1.744558E+2	-1.819501E-1	6.330000E-1	-4.524460E+17	2.055323E+17	3.664721E-3	0.000000E+0	5.732105E-3	5.978345E-6	0.000000E+0	0.000000E+0	0.000000E+0
1.748032E+2	-4.246807E-2	6.840000E-1	-6.904437E-18	-8.375564E+16	3.910501E-3	0.000000E+0	5.720719E-3	1.389837E-6	0.000000E+0	0.000000E+0	0.000000E+0
1.729867E+2	-1.162229E-1	7.340000E-1	2.547933E-18	-3.572836E+16	4.157329E-3	0.000000E+0	5.780789E-3	3.883883E-6	0.000000E+0	0.000000E+0	0.000000E+0
1.687136E+2	-1.101372E-1	7.850000E-1	-1.554791E+17	3.966226E+17	4.413834E-3	0.000000E+0	5.927202E-3	3.869311E-6	0.000000E+0	0.000000E+0	0.000000E+0
1.619823E+2	-5.726087E-2	8.350000E-1	-5.196808E+17	2.162502E-18	4.667303E-3	0.000000E+0	6.173513E-3	2.182342E-6	0.000000E+0	0.000000E+0	0.000000E+0
1.522505E+2	2.245140E-2	8.860000E-1	1.000945E+17	-5.707470E+17	4.943726E-3	0.000000E+0	6.568123E-3	-9.685587E-7	0.000000E+0	0.000000E+0	0.000000E+0
1.400999E+2	1.525980E-1	9.370000E-1	-2.820974E+17	-3.562313E+17	5.235981E-3	0.000000E+0	7.137755E-3	-7.774504E-6	0.000000E+0	0.000000E+0	0.000000E+0
1.261142E+2	1.890396E-1	9.870000E-1	7.433461E+16	-3.421229E+17	5.545118E-3	0.000000E+0	7.929303E-3	-1.188567E-5	0.000000E+0	0.000000E+0	0.000000E+0
1.065966E+2	2.595491E-1	1.038000E+0	5.230660E-18	8.421242E+16	5.896617E-3	0.000000E+0	9.381107E-3	-2.284180E-5	0.000000E+0	0.000000E+0	0.000000E+0
9.160199E+1	6.547754E-1	1.089000E+0	5.364297E+17	-2.871880E+17	6.348729E-3	0.000000E+0	1.091624E-2	-7.802977E-5	0.000000E+0	0.000000E+0	0.000000E+0
1.160821E+2	1.861740E-1	1.139000E+0	5.519484E-18	1.673219E-18	6.475538E-3	0.000000E+0	8.614570E-3	-1.381616E-5	0.000000E+0	0.000000E+0	0.000000E+0
1.126930E+2	1.910485E-1	1.190000E+0	9.183430E+16	2.296609E-18	6.612022E-3	0.000000E+0	8.873640E-3	-1.504349E-5	0.000000E+0	0.000000E+0	0.000000E+0
1.010644E+2	2.371678E-1	1.241000E+0	4.020355E+17	1.810141E+17	6.839416E-3	0.000000E+0	9.894627E-3	-2.321972E-5	0.000000E+0	0.000000E+0	0.000000E+0
9.143575E+1	1.787901E-1	1.291000E+0	4.712699E-18	4.035830E-18	7.118420E-3	0.000000E+0	1.093660E-2	-2.138502E-5	0.000000E+0	0.000000E+0	0.000000E+0
7.520445E+1	1.401829E-1	1.342000E+0	-2.680121E+17	-5.492346E+17	7.456130E-3	0.000000E+0	1.329704E-2	-2.478600E-5	0.000000E+0	0.000000E+0	0.000000E+0
5.574407E+1	4.076787E-1	1.392000E+0	5.241928E+17	-4.156389E-18	7.828597E-3	0.000000E+0	1.793817E-2	-1.311890E-4	0.000000E+0	0.000000E+0	0.000000E+0
3.745772E+1	5.047183E-1	1.443000E+0	2.579782E+17	4.569569E-19	8.503893E-3	0.000000E+0	2.669192E-2	-3.596562E-4	0.000000E+0	0.000000E+0	0.000000E+0
3.548357E+1	1.880274E-1	1.494000E+0	2.915631E-18	5.325189E+16	9.015763E-3	0.000000E+0	2.818127E-2	-1.493325E-4	0.000000E+0	0.000000E+0	0.000000E+0
2.546776E+1	-6.786336E-1	1.544000E+0	-1.980568E+17	1.958093E+16	9.208454E-3	0.000000E+0	3.923747E-2	1.045552E-3	0.000000E+0	0.000000E+0	0.000000E+0
1.627515E+1	4.791940E-1	1.595000E+0	-2.769006E-18	2.287397E+15	1.024126E-2	0.000000E+0	6.139015E-2	-1.807528E-3	0.000000E+0	0.000000E+0	0.000000E+0
1.234830E+1	1.154301E+0	1.646000E+0	5.768137E-19	5.234688E+17	1.061063E-2	0.000000E+0	8.028129E-2	-7.504577E-3	0.000000E+0	0.000000E+0	0.000000E+0
-4.802893E+0	4.505222E+0	1.696000E+0	3.389543E+17	1.295985E-19	1.156277E-2	0.000000E+0	-1.107556E-1	-1.038912E-1	0.000000E+0	0.000000E+0	0.000000E+0
1.286975E+0	1.866074E+0	1.747000E+0	-5.351627E-18	5.229140E+17	1.586115E-2	0.000000E+0	2.504555E-1	-3.631528E-1	0.000000E+0	0.000000E+0	0.000000E+0
6.367890E+0	2.771993E-1	1.797000E+0	2.587905E+17	2.524367E-18	2.039040E-2	0.000000E+0	1.567409E-1	-6.823055E-3	0.000000E+0	0.000000E+0	0.000000E+0
-7.423790E-1	2.204942E+0	1.848000E+0	-3.127958E+17	-2.708644E-18	2.135732E-2	0.000000E+0	-1.371501E-1	-4.073498E-1	0.000000E+0	0.000000E+0	0.000000E+0
7.802414E+0	4.102952E-1	1.899000E+0	6.653843E-18	-4.395315E+17	2.176552E-2	0.000000E+0	1.278120E-1	-6.721082E-3	0.000000E+0	0.000000E+0	0.000000E+0
9.061090E+0	4.730922E-1	1.949000E+0	-1.137863E-18	-4.190346E+17	2.298936E-2	0.000000E+0	1.100620E-1	-5.746489E-3	0.000000E+0	0.000000E+0	0.000000E+0
1.063506E+1	3.109095E-1	2.000000E+0	-9.275714E-19	-3.780148E-18	2.478774E-2	0.000000E+0	9.394833E-2	-2.746522E-3	0.000000E+0	0.000000E+0	0.000000E+0
