Real / Ohm	Ximag / Ohm	V_DC / V	I_a c / A	V_ac / V	I_DC / A
1.374065E+1	9.654776E-1	2.500000E+0	-9.275714E-19	-3.780148E-18	4.033720E-2	1.000000E+3	7.241922E-2	-5.088488E-3	0.000000E+0	0.000000E+0	0.000000E+0
1.214627E+1	4.777208E-1	2.437000E+0	-1.137863E-18	-4.190346E+17	3.857644E-2	0.000000E+0	8.220264E-2	-3.233084E-3	0.000000E+0	0.000000E+0	0.000000E+0
1.818947E+1	-3.292260E-1	2.373000E+0	6.653843E-18	-4.395315E+17	3.583051E-2	0.000000E+0	5.495886E-2	9.947450E-4	0.000000E+0	0.000000E+0	0.000000E+0
1.714360E+1	-3.976543E-2	2.310000E+0	-3.127958E+17	-2.708644E-18	3.658966E-2	0.000000E+0	5.833049E-2	1.353005E-4	0.000000E+0	0.000000E+0	0.000000E+0
1.507061E+1	-2.432826E-2	2.247000E+0	2.587905E+17	2.524367E-18	3.516138E-2	0.000000E+0	6.635414E-2	1.071145E-4	0.000000E+0	0.000000E+0	0.000000E+0
1.223232E+1	2.153489E-1	2.184000E+0	-5.351627E-18	5.229140E+17	3.354872E-2	0.000000E+0	8.172531E-2	-1.438767E-3	0.000000E+0	0.000000E+0	0.000000E+0
4.941106E+0	4.201697E+0	2.120000E+0	3.389543E+17	1.295985E-19	3.179768E-2	0.000000E+0	1.174530E-1	-9.987683E-2	0.000000E+0	0.000000E+0	0.000000E+0
-5.029193E+0	9.048792E+0	2.057000E+0	5.768137E-19	5.234688E+17	2.992967E-2	0.000000E+0	-4.692575E-2	-8.443131E-2	0.000000E+0	0.000000E+0	0.000000E+0
3.520782E+0	4.200520E+0	1.994000E+0	-2.769006E-18	2.287397E+15	2.638647E-2	0.000000E+0	1.172021E-1	-1.398296E-1	0.000000E+0	0.000000E+0	0.000000E+0
9.358288E+0	2.190303E+0	1.930000E+0	-1.980568E+17	1.958093E+16	2.283871E-2	0.000000E+0	1.013076E-1	-2.371100E-2	0.000000E+0	0.000000E+0	0.000000E+0
2.635256E+0	5.601220E-1	1.867000E+0	2.915631E-18	5.325189E+16	2.012187E-2	0.000000E+0	3.630674E-1	-7.716975E-2	0.000000E+0	0.000000E+0	0.000000E+0
1.340817E+1	2.422606E+0	1.804000E+0	2.579782E+17	4.569569E-19	1.659808E-2	0.000000E+0	7.222360E-2	-1.304946E-2	0.000000E+0	0.000000E+0	0.000000E+0
2.182553E+1	-1.345768E-1	1.741000E+0	5.241928E+17	-4.156389E-18	1.648644E-2	0.000000E+0	4.581616E-2	2.825037E-4	0.000000E+0	0.000000E+0	0.000000E+0
3.530868E+1	1.906140E-1	1.677000E+0	-2.680121E+17	-5.492346E+17	1.571855E-2	0.000000E+0	2.832082E-2	-1.528900E-4	0.000000E+0	0.000000E+0	0.000000E+0
4.359692E+1	4.666551E-1	1.614000E+0	4.712699E-18	4.035830E-18	1.394246E-2	0.000000E+0	2.293477E-2	-2.454905E-4	0.000000E+0	0.000000E+0	0.000000E+0
5.314440E+1	3.226471E-1	1.551000E+0	4.020355E+17	1.810141E+17	1.305197E-2	0.000000E+0	1.881596E-2	-1.142344E-4	0.000000E+0	0.000000E+0	0.000000E+0
6.191181E+1	2.698784E-1	1.487000E+0	9.183430E+16	2.296609E-18	1.227591E-2	0.000000E+0	1.615170E-2	-7.040652E-5	0.000000E+0	0.000000E+0	0.000000E+0
6.931329E+1	1.126002E-1	1.424000E+0	5.519484E-18	1.673219E-18	1.158051E-2	0.000000E+0	1.442721E-2	-2.343716E-5	0.000000E+0	0.000000E+0	0.000000E+0
7.523248E+1	-3.161077E-2	1.361000E+0	5.364297E+17	-2.871880E+17	1.095509E-2	0.000000E+0	1.329213E-2	5.585014E-6	0.000000E+0	0.000000E+0	0.000000E+0
7.965691E+1	5.007832E-2	1.297000E+0	5.230660E-18	8.421242E+16	1.045379E-2	0.000000E+0	1.255383E-2	-7.892283E-6	0.000000E+0	0.000000E+0	0.000000E+0
8.339664E+1	-1.810193E-2	1.234000E+0	7.433461E+16	-3.421229E+17	9.778317E-3	0.000000E+0	1.199089E-2	2.602722E-6	0.000000E+0	0.000000E+0	0.000000E+0
8.617169E+1	-4.873693E-3	1.171000E+0	-2.820974E+17	-3.562313E+17	9.222858E-3	0.000000E+0	1.160474E-2	6.563401E-7	0.000000E+0	0.000000E+0	0.000000E+0
8.806523E+1	2.108413E-2	1.108000E+0	1.000945E+17	-5.707470E+17	8.670976E-3	0.000000E+0	1.135522E-2	-2.718609E-6	0.000000E+0	0.000000E+0	0.000000E+0
8.997882E+1	2.269965E-2	1.044000E+0	-5.196808E+17	2.162502E-18	8.105844E-3	0.000000E+0	1.111373E-2	-2.803745E-6	0.000000E+0	0.000000E+0	0.000000E+0
9.166330E+1	-3.671062E-2	9.810000E-1	-1.554791E+17	3.966226E+17	7.574902E-3	0.000000E+0	1.090949E-2	4.369187E-6	0.000000E+0	0.000000E+0	0.000000E+0
9.305811E+1	-1.289272E-2	9.180000E-1	2.547933E-18	-3.572836E+16	7.048045E-3	0.000000E+0	1.074597E-2	1.488799E-6	0.000000E+0	0.000000E+0	0.000000E+0
9.431236E+1	-4.725218E-3	8.540000E-1	-6.904437E-18	-8.375564E+16	6.539091E-3	0.000000E+0	1.060306E-2	5.312325E-7	0.000000E+0	0.000000E+0	0.000000E+0
9.585069E+1	-2.153057E-2	7.910000E-1	-4.524460E+17	2.055323E+17	6.018364E-3	0.000000E+0	1.043289E-2	2.343500E-6	0.000000E+0	0.000000E+0	0.000000E+0
9.686324E+1	-1.314804E-3	7.280000E-1	-3.570583E-19	6.323277E-18	5.511936E-3	0.000000E+0	1.032383E-2	1.401338E-7	0.000000E+0	0.000000E+0	0.000000E+0
9.813805E+1	-5.607045E-2	6.650000E-1	4.707512E+17	-3.197573E+17	5.003465E-3	0.000000E+0	1.018972E-2	5.821824E-6	0.000000E+0	0.000000E+0	0.000000E+0
9.960048E+1	-4.048792E-2	6.010000E-1	1.388541E-18	6.784146E-18	4.505237E-3	0.000000E+0	1.004011E-2	4.081338E-6	0.000000E+0	0.000000E+0	0.000000E+0
1.010026E+2	-3.556004E-2	5.380000E-1	4.766215E-20	4.558795E+17	4.013109E-3	0.000000E+0	9.900734E-3	3.485757E-6	0.000000E+0	0.000000E+0	0.000000E+0
1.024604E+2	-5.003378E-2	4.750000E-1	-5.584540E-18	-6.440456E-18	3.523025E-3	0.000000E+0	9.759866E-3	4.765968E-6	0.000000E+0	0.000000E+0	0.000000E+0
1.039886E+2	-3.110439E-3	4.110000E-1	-4.313450E+17	4.857998E-18	3.036033E-3	0.000000E+0	9.616439E-3	2.876406E-7	0.000000E+0	0.000000E+0	0.000000E+0
1.053747E+2	-2.304256E-2	3.480000E-1	4.155979E+17	-2.188149E-18	2.557695E-3	0.000000E+0	9.489944E-3	2.075191E-6	0.000000E+0	0.000000E+0	0.000000E+0
1.066944E+2	-4.227838E-2	2.850000E-1	-3.411811E-18	5.558819E-18	2.085996E-3	0.000000E+0	9.372562E-3	3.713941E-6	0.000000E+0	0.000000E+0	0.000000E+0
1.079438E+2	-1.271853E-2	2.220000E-1	-3.021231E-18	3.036828E-18	1.621959E-3	0.000000E+0	9.264080E-3	1.091545E-6	0.000000E+0	0.000000E+0	0.000000E+0
1.091077E+2	-2.264684E-2	1.580000E-1	-1.067025E+17	-5.230656E+17	1.149778E-3	0.000000E+0	9.165256E-3	1.902378E-6	0.000000E+0	0.000000E+0	0.000000E+0
1.100417E+2	4.736710E-2	9.500000E-2	-4.715167E+17	-5.436425E+17	6.923795E-4	0.000000E+0	9.087462E-3	-3.911669E-6	0.000000E+0	0.000000E+0	0.000000E+0
1.107996E+2	2.319089E-2	3.200000E-2	-3.453602E+17	4.406614E-18	2.354920E-4	0.000000E+0	9.025303E-3	-1.889039E-6	0.000000E+0	0.000000E+0	0.000000E+0
1.111957E+2	2.038822E-2	-3.200000E-2	-9.427510E-19	-9.422141E-19	-2.356681E-4	0.000000E+0	8.993153E-3	-1.648934E-6	0.000000E+0	0.000000E+0	0.000000E+0
1.110383E+2	4.685092E-2	-9.500000E-2	-4.717429E+17	-4.925467E+17	-6.894914E-4	0.000000E+0	9.005900E-3	-3.799902E-6	0.000000E+0	0.000000E+0	0.000000E+0
1.105386E+2	7.097906E-2	-1.580000E-1	-2.949193E+17	-4.901914E-18	-1.147401E-3	0.000000E+0	9.046610E-3	-5.809010E-6	0.000000E+0	0.000000E+0	0.000000E+0
1.095958E+2	1.061300E-1	-2.220000E-1	-1.478400E+17	2.700588E+17	-1.613964E-3	0.000000E+0	9.124429E-3	-8.835883E-6	0.000000E+0	0.000000E+0	0.000000E+0
1.085007E+2	8.115923E-2	-2.850000E-1	-2.726899E+17	1.903750E-18	-2.080045E-3	0.000000E+0	9.216525E-3	-6.894021E-6	0.000000E+0	0.000000E+0	0.000000E+0
1.073096E+2	1.134975E-1	-3.480000E-1	-1.696221E+17	-6.427781E-19	-2.549700E-3	0.000000E+0	9.318820E-3	-9.856181E-6	0.000000E+0	0.000000E+0	0.000000E+0
1.057218E+2	1.410223E-1	-4.110000E-1	2.833723E-18	-1.599031E-19	-3.023442E-3	0.000000E+0	9.458770E-3	-1.261705E-5	0.000000E+0	0.000000E+0	0.000000E+0
1.040267E+2	1.826741E-1	-4.750000E-1	-4.319920E+17	-4.172230E+17	-3.525756E-3	0.000000E+0	9.612887E-3	-1.688053E-5	0.000000E+0	0.000000E+0	0.000000E+0
1.023716E+2	1.580377E-1	-5.380000E-1	-5.506670E-18	3.318154E+17	-4.014820E-3	0.000000E+0	9.768311E-3	-1.507998E-5	0.000000E+0	0.000000E+0	0.000000E+0
1.005559E+2	2.385589E-1	-6.010000E-1	4.410889E+17	3.939340E-18	-4.512565E-3	0.000000E+0	9.944661E-3	-2.359272E-5	0.000000E+0	0.000000E+0	0.000000E+0
7.724310E+1	1.245600E-1	-6.650000E-1	1.829862E+17	1.861957E+17	-6.348892E-3	0.000000E+0	1.294611E-2	-2.087652E-5	0.000000E+0	0.000000E+0	0.000000E+0
7.398404E+1	2.673965E-1	-7.280000E-1	-1.333488E-18	6.138991E-18	-7.155115E-3	0.000000E+0	1.351625E-2	-4.885106E-5	0.000000E+0	0.000000E+0	0.000000E+0
7.046487E+1	9.350775E-2	-7.910000E-1	-1.774996E-18	1.794108E-18	-7.894946E-3	0.000000E+0	1.419144E-2	-1.883222E-5	0.000000E+0	0.000000E+0	0.000000E+0
6.734695E+1	1.418582E-1	-8.540000E-1	-7.957825E+16	-3.386204E-18	-8.514754E-3	0.000000E+0	1.484842E-2	-3.127639E-5	0.000000E+0	0.000000E+0	0.000000E+0
6.473183E+1	2.232746E-1	-9.180000E-1	2.088242E+17	-2.195880E+17	-9.004299E-3	0.000000E+0	1.544817E-2	-5.328419E-5	0.000000E+0	0.000000E+0	0.000000E+0
6.188957E+1	1.983594E-1	-9.810000E-1	5.232665E+17	-3.553127E+17	-9.487744E-3	0.000000E+0	1.615765E-2	-5.178612E-5	0.000000E+0	0.000000E+0	0.000000E+0
5.712391E+1	-3.049538E-1	-1.044000E+0	-1.291944E-18	-5.341499E-18	-1.000796E-2	0.000000E+0	1.750531E-2	9.345140E-5	0.000000E+0	0.000000E+0	0.000000E+0
5.330109E+1	-5.200620E-1	-1.108000E+0	-5.203440E-18	3.830366E-18	-1.159506E-2	0.000000E+0	1.875956E-2	1.830381E-4	0.000000E+0	0.000000E+0	0.000000E+0
4.901783E+1	3.436088E-2	-1.171000E+0	3.093325E+17	-1.518024E+17	-1.250546E-2	0.000000E+0	2.040073E-2	-1.430065E-5	0.000000E+0	0.000000E+0	0.000000E+0
4.662014E+1	4.456744E-1	-1.234000E+0	1.311717E+15	4.724009E-18	-1.354152E-2	0.000000E+0	2.144800E-2	-2.050363E-4	0.000000E+0	0.000000E+0	0.000000E+0
3.031621E+1	-7.365030E-2	-1.297000E+0	-1.009562E-18	-5.687651E-18	-1.517154E-2	0.000000E+0	3.298546E-2	8.013498E-5	0.000000E+0	0.000000E+0	0.000000E+0
3.017815E+1	-1.786740E-1	-1.361000E+0	-6.256277E-18	1.220246E+17	-1.820194E-2	0.000000E+0	3.313540E-2	1.961828E-4	0.000000E+0	0.000000E+0	0.000000E+0
3.691359E+1	-9.387577E-1	-1.424000E+0	2.692530E+17	-2.999069E+17	-1.922879E-2	0.000000E+0	2.707278E-2	6.884940E-4	0.000000E+0	0.000000E+0	0.000000E+0
3.277997E+1	-2.830502E-2	-1.487000E+0	-4.013414E-19	-2.241021E+17	-1.909426E-2	0.000000E+0	3.050641E-2	2.634184E-5	0.000000E+0	0.000000E+0	0.000000E+0
3.126613E+1	3.134178E-2	-1.551000E+0	8.607211E+16	2.393421E-17	-2.010015E-2	0.000000E+0	3.198346E-2	-3.206084E-5	0.000000E+0	0.000000E+0	0.000000E+0
2.965889E+1	-3.990677E-2	-1.614000E+0	2.127762E-18	3.276064E+15	-2.104171E-2	0.000000E+0	3.371664E-2	4.536658E-5	0.000000E+0	0.000000E+0	0.000000E+0
2.755814E+1	-6.851353E-3	-1.677000E+0	-4.960950E+17	-4.576442E+17	-2.209564E-2	0.000000E+0	3.628692E-2	9.021453E-6	0.000000E+0	0.000000E+0	0.000000E+0
2.682961E+1	-2.807997E-1	-1.741000E+0	-6.504745E+16	2.346697E+17	-2.370163E-2	0.000000E+0	3.726817E-2	3.900501E-4	0.000000E+0	0.000000E+0	0.000000E+0
2.532722E+1	-3.353307E-1	-1.804000E+0	5.739126E-18	5.135446E+17	-2.707782E-2	0.000000E+0	3.947629E-2	5.226635E-4	0.000000E+0	0.000000E+0	0.000000E+0
2.354575E+1	-3.842025E-1	-1.867000E+0	-5.522322E-18	3.493290E-18	-2.837638E-2	0.000000E+0	4.245920E-2	6.928186E-4	0.000000E+0	0.000000E+0	0.000000E+0
2.233673E+1	-4.936297E-1	-1.930000E+0	2.906916E+17	-1.493182E-18	-2.972857E-2	0.000000E+0	4.474746E-2	9.888947E-4	0.000000E+0	0.000000E+0	0.000000E+0
2.106086E+1	-1.818736E-1	-1.994000E+0	-3.086734E-18	4.664198E-18	-3.104447E-2	0.000000E+0	4.747790E-2	4.100012E-4	0.000000E+0	0.000000E+0	0.000000E+0
2.044483E+1	-8.883892E-2	-2.057000E+0	6.288337E-18	-3.925935E-18	-3.256111E-2	0.000000E+0	4.891120E-2	2.125338E-4	0.000000E+0	0.000000E+0	0.000000E+0
2.019677E+1	-4.548997E-3	-2.120000E+0	8.250878E-19	2.835790E+17	-3.388010E-2	0.000000E+0	4.951287E-2	1.115198E-5	0.000000E+0	0.000000E+0	0.000000E+0
1.996402E+1	-2.228346E-2	-2.184000E+0	4.553607E+17	-2.686618E+17	-3.528895E-2	0.000000E+0	5.009005E-2	5.590956E-5	0.000000E+0	0.000000E+0	0.000000E+0
1.978708E+1	-5.026154E-2	-2.247000E+0	2.517966E+17	3.793721E+16	-3.658649E-2	0.000000E+0	5.053770E-2	1.283718E-4	0.000000E+0	0.000000E+0	0.000000E+0
1.955213E+1	-5.412508E-3	-2.310000E+0	-6.627993E-18	6.447512E-18	-3.785697E-2	0.000000E+0	5.114532E-2	1.415828E-5	0.000000E+0	0.000000E+0	0.000000E+0
1.936154E+1	-1.982017E-2	-2.373000E+0	-5.704677E+17	6.512875E+16	-3.916625E-2	0.000000E+0	5.164873E-2	5.287217E-5	0.000000E+0	0.000000E+0	0.000000E+0
1.841139E+1	1.113530E-1	-2.437000E+0	-4.916206E+17	6.689525E-18	-4.054292E-2	0.000000E+0	5.431222E-2	-3.284830E-4	0.000000E+0	0.000000E+0	0.000000E+0
1.854384E+1	-3.783060E-2	-2.500000E+0	-3.567359E+17	-4.286482E-18	-4.246763E-2	0.000000E+0	5.392604E-2	1.100125E-4	0.000000E+0	0.000000E+0	0.000000E+0
