Real / Ohm	Ximag / Ohm	V_DC / V	I_a c / A	V_ac / V	I_DC / A
3.010957E+5	-3.268330E+6	-3.000000E+0	-3.567359E+17	-4.286482E-18	2.727058E-6	1.000000E+3	2.795004E-8	3.033918E-7	0.000000E+0	0.000000E+0	0.000000E+0
2.766089E+5	-3.221798E+6	-2.924000E+0	-4.916206E+17	6.689525E-18	1.645909E-6	0.000000E+0	2.645331E-8	3.081145E-7	0.000000E+0	0.000000E+0	0.000000E+0
2.848649E+5	-3.154289E+6	-2.848000E+0	-5.704677E+17	6.512875E+16	4.139758E-6	0.000000E+0	2.839934E-8	3.144639E-7	0.000000E+0	0.000000E+0	0.000000E+0
2.761519E+5	-3.101776E+6	-2.772000E+0	-6.627993E-18	6.447512E-18	1.526409E-6	0.000000E+0	2.847727E-8	3.198606E-7	0.000000E+0	0.000000E+0	0.000000E+0
2.583544E+5	-3.073753E+6	-2.696000E+0	2.517966E+17	3.793721E+16	4.020316E-6	0.000000E+0	2.715317E-8	3.230529E-7	0.000000E+0	0.000000E+0	0.000000E+0
2.631820E+5	-3.018394E+6	-2.620000E+0	4.553607E+17	-2.686618E+17	3.960522E-6	0.000000E+0	2.866917E-8	3.288023E-7	0.000000E+0	0.000000E+0	0.000000E+0
2.400216E+5	-2.978175E+6	-2.544000E+0	8.250878E-19	2.835790E+17	2.368659E-6	0.000000E+0	2.688674E-8	3.336092E-7	0.000000E+0	0.000000E+0	0.000000E+0
2.467679E+5	-2.940129E+6	-2.468000E+0	6.288337E-18	-3.925935E-18	2.308880E-6	0.000000E+0	2.834701E-8	3.377419E-7	0.000000E+0	0.000000E+0	0.000000E+0
2.576126E+5	-2.925139E+6	-2.392000E+0	-3.086734E-18	4.664198E-18	4.292058E-6	0.000000E+0	2.987574E-8	3.392330E-7	0.000000E+0	0.000000E+0	0.000000E+0
2.358157E+5	-2.905253E+6	-2.316000E+0	2.906916E+17	-1.493182E-18	1.678723E-6	0.000000E+0	2.775575E-8	3.419512E-7	0.000000E+0	0.000000E+0	0.000000E+0
2.317901E+5	-2.896444E+6	-2.241000E+0	-5.522322E-18	3.493290E-18	2.668079E-6	0.000000E+0	2.745315E-8	3.430540E-7	0.000000E+0	0.000000E+0	0.000000E+0
2.347015E+5	-2.878683E+6	-2.165000E+0	5.739126E-18	5.135446E+17	3.119087E-6	0.000000E+0	2.813525E-8	3.450872E-7	0.000000E+0	0.000000E+0	0.000000E+0
2.362346E+5	-2.844321E+6	-2.089000E+0	-6.504745E+16	2.346697E+17	3.570007E-6	0.000000E+0	2.900018E-8	3.491692E-7	0.000000E+0	0.000000E+0	0.000000E+0
2.309532E+5	-2.837044E+6	-2.013000E+0	-4.960950E+17	-4.576442E+17	4.021000E-6	0.000000E+0	2.850515E-8	3.501591E-7	0.000000E+0	0.000000E+0	0.000000E+0
2.273089E+5	-2.826526E+6	-1.937000E+0	2.127762E-18	3.276064E+15	1.407658E-6	0.000000E+0	2.826902E-8	3.515178E-7	0.000000E+0	0.000000E+0	0.000000E+0
2.265639E+5	-2.810268E+6	-1.861000E+0	8.607211E+16	2.393421E-17	4.412272E-6	0.000000E+0	2.850241E-8	3.535401E-7	0.000000E+0	0.000000E+0	0.000000E+0
2.258799E+5	-2.797025E+6	-1.785000E+0	-4.013414E-19	-2.241021E+17	2.820343E-6	0.000000E+0	2.868545E-8	3.552062E-7	0.000000E+0	0.000000E+0	0.000000E+0
2.152886E+5	-2.785543E+6	-1.709000E+0	2.692530E+17	-2.999069E+17	3.271336E-6	0.000000E+0	2.758130E-8	3.568647E-7	0.000000E+0	0.000000E+0	0.000000E+0
2.252267E+5	-2.776807E+6	-1.633000E+0	-6.256277E-18	1.220246E+17	3.211615E-6	0.000000E+0	2.901888E-8	3.577721E-7	0.000000E+0	0.000000E+0	0.000000E+0
2.052647E+5	-2.760529E+6	-1.557000E+0	-1.009562E-18	-5.687651E-18	5.705457E-6	0.000000E+0	2.678768E-8	3.602576E-7	0.000000E+0	0.000000E+0	0.000000E+0
2.055016E+5	-2.740144E+6	-1.481000E+0	1.311717E+15	4.724009E-18	5.135022E-6	0.000000E+0	2.721652E-8	3.629032E-7	0.000000E+0	0.000000E+0	0.000000E+0
2.114985E+5	-2.732287E+6	-1.405000E+0	3.093325E+17	-1.518024E+17	2.010900E-6	0.000000E+0	2.816179E-8	3.638138E-7	0.000000E+0	0.000000E+0	0.000000E+0
2.246319E+5	-2.692078E+6	-1.329000E+0	-5.203440E-18	3.830366E-18	9.297510E-7	0.000000E+0	3.078101E-8	3.688918E-7	0.000000E+0	0.000000E+0	0.000000E+0
2.125658E+5	-2.690704E+6	-1.253000E+0	-1.291944E-18	-5.341499E-18	2.912908E-6	0.000000E+0	2.917827E-8	3.693449E-7	0.000000E+0	0.000000E+0	0.000000E+0
1.884142E+5	-2.675681E+6	-1.177000E+0	5.232665E+17	-3.553127E+17	-1.743385E-6	0.000000E+0	2.618767E-8	3.718926E-7	0.000000E+0	0.000000E+0	0.000000E+0
2.150300E+5	-2.667366E+6	-1.101000E+0	2.088242E+17	-2.195880E+17	1.772001E-6	0.000000E+0	3.002760E-8	3.724810E-7	0.000000E+0	0.000000E+0	0.000000E+0
2.071378E+5	-2.647493E+6	-1.025000E+0	-7.957825E+16	-3.386204E-18	4.265879E-6	0.000000E+0	2.937239E-8	3.754178E-7	0.000000E+0	0.000000E+0	0.000000E+0
1.987985E+5	-2.633192E+6	-9.490000E-1	-1.774996E-18	1.794108E-18	1.203298E-7	0.000000E+0	2.850885E-8	3.776149E-7	0.000000E+0	0.000000E+0	0.000000E+0
1.967378E+5	-2.615636E+6	-8.730000E-1	-1.333488E-18	6.138991E-18	-1.471566E-6	0.000000E+0	2.859454E-8	3.801654E-7	0.000000E+0	0.000000E+0	0.000000E+0
1.889149E+5	-2.603384E+6	-7.970000E-1	1.829862E+17	1.861957E+17	2.043766E-6	0.000000E+0	2.772738E-8	3.821034E-7	0.000000E+0	0.000000E+0	0.000000E+0
1.959506E+5	-2.595588E+6	-7.220000E-1	4.410889E+17	3.939340E-18	-1.052660E-6	0.000000E+0	2.892058E-8	3.830858E-7	0.000000E+0	0.000000E+0	0.000000E+0
1.825172E+5	-2.562722E+6	-6.460000E-1	-5.506670E-18	3.318154E+17	3.484129E-6	0.000000E+0	2.765053E-8	3.882408E-7	0.000000E+0	0.000000E+0	0.000000E+0
1.875911E+5	-2.549129E+6	-5.700000E-1	-4.319920E+17	-4.172230E+17	8.707466E-7	0.000000E+0	2.871329E-8	3.901778E-7	0.000000E+0	0.000000E+0	0.000000E+0
1.898434E+5	-2.522075E+6	-4.940000E-1	2.833723E-18	-1.599031E-19	4.386080E-6	0.000000E+0	2.967739E-8	3.942650E-7	0.000000E+0	0.000000E+0	0.000000E+0
1.908071E+5	-2.506346E+6	-4.180000E-1	-1.696221E+17	-6.427781E-19	-1.291615E-6	0.000000E+0	3.019970E-8	3.966881E-7	0.000000E+0	0.000000E+0	0.000000E+0
1.962175E+5	-2.479348E+6	-3.420000E-1	-2.726899E+17	1.903750E-18	1.808039E-7	0.000000E+0	3.172131E-8	4.008214E-7	0.000000E+0	0.000000E+0	0.000000E+0
1.816379E+5	-2.457017E+6	-2.660000E-1	-1.478400E+17	2.700588E+17	6.249764E-6	0.000000E+0	2.992424E-8	4.047854E-7	0.000000E+0	0.000000E+0	0.000000E+0
1.774679E+5	-2.428036E+6	-1.900000E-1	-2.949193E+17	-4.901914E-18	1.593499E-6	0.000000E+0	2.994302E-8	4.096669E-7	0.000000E+0	0.000000E+0	0.000000E+0
1.813665E+5	-2.412671E+6	-1.140000E-1	-4.717429E+17	-4.925467E+17	4.598118E-6	0.000000E+0	3.098230E-8	4.121494E-7	0.000000E+0	0.000000E+0	0.000000E+0
1.850828E+5	-2.378324E+6	-3.800000E-2	-9.427510E-19	-9.422141E-19	3.006194E-6	0.000000E+0	3.252384E-8	4.179331E-7	0.000000E+0	0.000000E+0	0.000000E+0
1.820577E+5	-2.359971E+6	3.800000E-2	-3.453602E+17	4.406614E-18	-1.179008E-7	0.000000E+0	3.249517E-8	4.212272E-7	0.000000E+0	0.000000E+0	0.000000E+0
1.486233E+5	-2.292491E+6	1.140000E-1	-4.715167E+17	-5.436425E+17	8.438037E-7	0.000000E+0	2.816113E-8	4.343810E-7	0.000000E+0	0.000000E+0	0.000000E+0
1.775897E+5	-2.301321E+6	1.900000E-1	-1.067025E+17	-5.230656E+17	1.805508E-6	0.000000E+0	3.333380E-8	4.319607E-7	0.000000E+0	0.000000E+0	0.000000E+0
1.778737E+5	-2.280789E+6	2.660000E-1	-3.021231E-18	3.036828E-18	2.256500E-6	0.000000E+0	3.398663E-8	4.357942E-7	0.000000E+0	0.000000E+0	0.000000E+0
1.802422E+5	-2.258484E+6	3.420000E-1	-3.411811E-18	5.558819E-18	-8.675670E-7	0.000000E+0	3.511277E-8	4.399727E-7	0.000000E+0	0.000000E+0	0.000000E+0
1.720762E+5	-2.230341E+6	4.180000E-1	4.155979E+17	-2.188149E-18	2.137023E-6	0.000000E+0	3.438752E-8	4.457089E-7	0.000000E+0	0.000000E+0	0.000000E+0
1.716681E+5	-2.210464E+6	4.940000E-1	-4.313450E+17	4.857998E-18	2.077297E-6	0.000000E+0	3.492297E-8	4.496815E-7	0.000000E+0	0.000000E+0	0.000000E+0
1.771001E+5	-2.176180E+6	5.700000E-1	-5.584540E-18	-6.440456E-18	1.506833E-6	0.000000E+0	3.715030E-8	4.564975E-7	0.000000E+0	0.000000E+0	0.000000E+0
1.770559E+5	-2.157621E+6	6.460000E-1	4.766215E-20	4.558795E+17	4.000707E-6	0.000000E+0	3.777856E-8	4.603733E-7	0.000000E+0	0.000000E+0	0.000000E+0
1.707957E+5	-2.147291E+6	7.220000E-1	1.388541E-18	6.784146E-18	1.387325E-6	0.000000E+0	3.680918E-8	4.627753E-7	0.000000E+0	0.000000E+0	0.000000E+0
1.722723E+5	-2.128680E+6	7.970000E-1	4.707512E+17	-3.197573E+17	4.419613E-6	0.000000E+0	3.777109E-8	4.667179E-7	0.000000E+0	0.000000E+0	0.000000E+0
1.702718E+5	-2.125066E+6	8.730000E-1	-3.570583E-19	6.323277E-18	2.827688E-6	0.000000E+0	3.746438E-8	4.675718E-7	0.000000E+0	0.000000E+0	0.000000E+0
1.709408E+5	-2.117803E+6	9.490000E-1	-4.524460E+17	2.055323E+17	2.767963E-6	0.000000E+0	3.786643E-8	4.691310E-7	0.000000E+0	0.000000E+0	0.000000E+0
1.653694E+5	-2.115923E+6	1.025000E+0	-6.904437E-18	-8.375564E+16	-3.561290E-7	0.000000E+0	3.671223E-8	4.697378E-7	0.000000E+0	0.000000E+0	0.000000E+0
1.623445E+5	-2.127310E+6	1.101000E+0	2.547933E-18	-3.572836E+16	2.137749E-6	0.000000E+0	3.566597E-8	4.673554E-7	0.000000E+0	0.000000E+0	0.000000E+0
1.552217E+5	-2.136814E+6	1.177000E+0	-1.554791E+17	3.966226E+17	1.567278E-6	0.000000E+0	3.381686E-8	4.655299E-7	0.000000E+0	0.000000E+0	0.000000E+0
1.663109E+5	-2.139189E+6	1.253000E+0	-5.196808E+17	2.162502E-18	-2.461456E-8	0.000000E+0	3.612479E-8	4.646584E-7	0.000000E+0	0.000000E+0	0.000000E+0
1.669864E+5	-2.143045E+6	1.329000E+0	1.000945E+17	-5.707470E+17	9.370851E-7	0.000000E+0	3.614013E-8	4.638097E-7	0.000000E+0	0.000000E+0	0.000000E+0
1.617841E+5	-2.148735E+6	1.405000E+0	-2.820974E+17	-3.562313E+17	1.388078E-6	0.000000E+0	3.484296E-8	4.627667E-7	0.000000E+0	0.000000E+0	0.000000E+0
1.684226E+5	-2.143466E+6	1.481000E+0	7.433461E+16	-3.421229E+17	-2.246758E-6	0.000000E+0	3.643293E-8	4.636714E-7	0.000000E+0	0.000000E+0	0.000000E+0
1.601869E+5	-2.160302E+6	1.557000E+0	5.230660E-18	8.421242E+16	-1.795765E-6	0.000000E+0	3.413632E-8	4.603670E-7	0.000000E+0	0.000000E+0	0.000000E+0
1.641388E+5	-2.162803E+6	1.633000E+0	5.364297E+17	-2.871880E+17	-3.233217E-7	0.000000E+0	3.488857E-8	4.597152E-7	0.000000E+0	0.000000E+0	0.000000E+0
1.620054E+5	-2.187583E+6	1.709000E+0	5.519484E-18	1.673219E-18	1.276712E-7	0.000000E+0	3.366860E-8	4.546321E-7	0.000000E+0	0.000000E+0	0.000000E+0
1.628615E+5	-2.200745E+6	1.785000E+0	9.183430E+16	2.296609E-18	-4.427930E-7	0.000000E+0	3.344314E-8	4.519167E-7	0.000000E+0	0.000000E+0	0.000000E+0
1.543110E+5	-2.215391E+6	1.861000E+0	4.020355E+17	1.810141E+17	8.163624E-9	0.000000E+0	3.128918E-8	4.492082E-7	0.000000E+0	0.000000E+0	0.000000E+0
1.583010E+5	-2.247744E+6	1.937000E+0	4.712699E-18	4.035830E-18	4.591493E-7	0.000000E+0	3.117750E-8	4.426948E-7	0.000000E+0	0.000000E+0	0.000000E+0
1.721073E+5	-2.265371E+6	2.013000E+0	-2.680121E+17	-5.492346E+17	-1.643479E-6	0.000000E+0	3.334426E-8	4.388955E-7	0.000000E+0	0.000000E+0	0.000000E+0
1.765848E+5	-2.290744E+6	2.089000E+0	5.241928E+17	-4.156389E-18	1.871857E-6	0.000000E+0	3.345239E-8	4.339607E-7	0.000000E+0	0.000000E+0	0.000000E+0
1.864781E+5	-2.309919E+6	2.165000E+0	2.579782E+17	4.569569E-19	1.812092E-6	0.000000E+0	3.472267E-8	4.301125E-7	0.000000E+0	0.000000E+0	0.000000E+0
1.999442E+5	-2.326910E+6	2.241000E+0	2.915631E-18	5.325189E+16	-2.905290E-7	0.000000E+0	3.665682E-8	4.266047E-7	0.000000E+0	0.000000E+0	0.000000E+0
2.169764E+5	-2.334091E+6	2.316000E+0	-1.980568E+17	1.958093E+16	-1.344059E-6	0.000000E+0	3.948572E-8	4.247617E-7	0.000000E+0	0.000000E+0	0.000000E+0
2.345402E+5	-2.349026E+6	2.392000E+0	-2.769006E-18	2.287397E+15	-2.935936E-6	0.000000E+0	4.208560E-8	4.215063E-7	0.000000E+0	0.000000E+0	0.000000E+0
2.654064E+5	-2.365296E+6	2.468000E+0	5.768137E-19	5.234688E+17	6.864138E-8	0.000000E+0	4.684966E-8	4.175231E-7	0.000000E+0	0.000000E+0	0.000000E+0
2.997241E+5	-2.358824E+6	2.544000E+0	3.389543E+17	1.295985E-19	2.562520E-6	0.000000E+0	5.301206E-8	4.172041E-7	0.000000E+0	0.000000E+0	0.000000E+0
3.431182E+5	-2.363129E+6	2.620000E+0	-5.351627E-18	5.229140E+17	2.502798E-6	0.000000E+0	6.017391E-8	4.144307E-7	0.000000E+0	0.000000E+0	0.000000E+0
4.009222E+5	-2.347565E+6	2.696000E+0	2.587905E+17	2.524367E-18	1.421577E-6	0.000000E+0	7.068694E-8	4.139012E-7	0.000000E+0	0.000000E+0	0.000000E+0
4.688401E+5	-2.333838E+6	2.772000E+0	-3.127958E+17	-2.708644E-18	-1.191773E-6	0.000000E+0	8.273730E-8	4.118578E-7	0.000000E+0	0.000000E+0	0.000000E+0
5.437055E+5	-2.291517E+6	2.848000E+0	6.653843E-18	-4.395315E+17	-7.407798E-7	0.000000E+0	9.802384E-8	4.131341E-7	0.000000E+0	0.000000E+0	0.000000E+0
6.119272E+5	-2.261112E+6	2.924000E+0	-1.137863E-18	-4.190346E+17	2.209272E-7	0.000000E+0	1.115214E-7	4.120791E-7	0.000000E+0	0.000000E+0	0.000000E+0
7.152916E+5	-2.185593E+6	3.000000E+0	-9.275714E-19	-3.780148E-18	1.693348E-6	0.000000E+0	1.352552E-7	4.132760E-7	0.000000E+0	0.000000E+0	0.000000E+0
