Real / Ohm	Ximag / Ohm	V_DC / V	I_a c / A	V_ac / V	I_DC / A
1.480292E+1	-4.244989E-1	-2.000000E+0	-3.567359E+17	-4.286482E-18	-1.769958E-2	1.000000E+3	6.749873E-2	1.935641E-3	0.000000E+0	0.000000E+0	0.000000E+0
1.511044E+1	-4.391586E-2	-1.949000E+0	-4.916206E+17	6.689525E-18	-2.943131E-2	0.000000E+0	6.617885E-2	1.923373E-4	0.000000E+0	0.000000E+0	0.000000E+0
1.496593E+1	1.601768E-1	-1.899000E+0	-5.704677E+17	6.512875E+16	-2.867426E-2	0.000000E+0	6.681078E-2	-7.150599E-4	0.000000E+0	0.000000E+0	0.000000E+0
1.762437E+1	-8.768359E-2	-1.848000E+0	-6.627993E-18	6.447512E-18	-2.700867E-2	0.000000E+0	5.673821E-2	2.822802E-4	0.000000E+0	0.000000E+0	0.000000E+0
1.654168E+1	4.949402E-1	-1.797000E+0	2.517966E+17	3.793721E+16	-2.565258E-2	0.000000E+0	6.039928E-2	-1.807194E-3	0.000000E+0	0.000000E+0	0.000000E+0
1.852086E+1	3.611069E-1	-1.747000E+0	4.553607E+17	-2.686618E+17	-2.450636E-2	0.000000E+0	5.397266E-2	-1.052321E-3	0.000000E+0	0.000000E+0	0.000000E+0
1.732108E+1	2.122672E-1	-1.696000E+0	8.250878E-19	2.835790E+17	-2.359307E-2	0.000000E+0	5.772445E-2	-7.074044E-4	0.000000E+0	0.000000E+0	0.000000E+0
1.791441E+1	6.353647E-2	-1.646000E+0	6.288337E-18	-3.925935E-18	-2.215881E-2	0.000000E+0	5.582028E-2	-1.979760E-4	0.000000E+0	0.000000E+0	0.000000E+0
1.877996E+1	6.143968E-1	-1.595000E+0	-3.086734E-18	4.664198E-18	-2.038392E-2	0.000000E+0	5.319132E-2	-1.740183E-3	0.000000E+0	0.000000E+0	0.000000E+0
2.073671E+1	6.122005E-1	-1.544000E+0	2.906916E+17	-1.493182E-18	-1.924284E-2	0.000000E+0	4.818166E-2	-1.422445E-3	0.000000E+0	0.000000E+0	0.000000E+0
2.608108E+1	5.324829E-1	-1.494000E+0	-5.522322E-18	3.493290E-18	-1.794187E-2	0.000000E+0	3.832600E-2	-7.824805E-4	0.000000E+0	0.000000E+0	0.000000E+0
2.826379E+1	4.859313E-2	-1.443000E+0	5.739126E-18	5.135446E+17	-1.670427E-2	0.000000E+0	3.538085E-2	-6.082930E-5	0.000000E+0	0.000000E+0	0.000000E+0
2.888495E+1	-1.499450E-1	-1.392000E+0	-6.504745E+16	2.346697E+17	-1.559485E-2	0.000000E+0	3.461917E-2	1.797120E-4	0.000000E+0	0.000000E+0	0.000000E+0
2.880845E+1	-1.460805E-1	-1.342000E+0	-4.960950E+17	-4.576442E+17	-1.467080E-2	0.000000E+0	3.471115E-2	1.760116E-4	0.000000E+0	0.000000E+0	0.000000E+0
2.867260E+1	-4.067083E-2	-1.291000E+0	2.127762E-18	3.276064E+15	-1.385914E-2	0.000000E+0	3.487643E-2	4.947069E-5	0.000000E+0	0.000000E+0	0.000000E+0
2.865931E+1	3.595792E-3	-1.241000E+0	8.607211E+16	2.393421E-17	-1.303519E-2	0.000000E+0	3.489267E-2	-4.377872E-6	0.000000E+0	0.000000E+0	0.000000E+0
2.881955E+1	6.433107E-3	-1.190000E+0	-4.013414E-19	-2.241021E+17	-1.210351E-2	0.000000E+0	3.469867E-2	-7.745445E-6	0.000000E+0	0.000000E+0	0.000000E+0
2.940052E+1	1.689254E-2	-1.139000E+0	2.692530E+17	-2.999069E+17	-1.115702E-2	0.000000E+0	3.401299E-2	-1.954271E-5	0.000000E+0	0.000000E+0	0.000000E+0
3.063732E+1	9.097844E-3	-1.089000E+0	-6.256277E-18	1.220246E+17	-1.031571E-2	0.000000E+0	3.263993E-2	-9.692524E-6	0.000000E+0	0.000000E+0	0.000000E+0
3.257129E+1	1.762365E-2	-1.038000E+0	-1.009562E-18	-5.687651E-18	-9.416709E-3	0.000000E+0	3.070188E-2	-1.661215E-5	0.000000E+0	0.000000E+0	0.000000E+0
3.524255E+1	7.144496E-3	-9.870000E-1	1.311717E+15	4.724009E-18	-8.539673E-3	0.000000E+0	2.837479E-2	-5.752239E-6	0.000000E+0	0.000000E+0	0.000000E+0
3.856918E+1	2.568769E-2	-9.370000E-1	3.093325E+17	-1.518024E+17	-7.715216E-3	0.000000E+0	2.592743E-2	-1.726808E-5	0.000000E+0	0.000000E+0	0.000000E+0
4.275557E+1	3.689479E-2	-8.860000E-1	-5.203440E-18	3.830366E-18	-6.974033E-3	0.000000E+0	2.338875E-2	-2.018270E-5	0.000000E+0	0.000000E+0	0.000000E+0
4.824068E+1	6.565082E-2	-8.350000E-1	-1.291944E-18	-5.341499E-18	-6.380450E-3	0.000000E+0	2.072935E-2	-2.821061E-5	0.000000E+0	0.000000E+0	0.000000E+0
5.575745E+1	7.856329E-2	-7.850000E-1	5.232665E+17	-3.553127E+17	-5.755175E-3	0.000000E+0	1.793479E-2	-2.527045E-5	0.000000E+0	0.000000E+0	0.000000E+0
6.628325E+1	-4.826039E-3	-7.340000E-1	2.088242E+17	-2.195880E+17	-5.115116E-3	0.000000E+0	1.508677E-2	1.098457E-6	0.000000E+0	0.000000E+0	0.000000E+0
8.017346E+1	1.138264E-1	-6.840000E-1	-7.957825E+16	-3.386204E-18	-4.607307E-3	0.000000E+0	1.247293E-2	-1.770846E-5	0.000000E+0	0.000000E+0	0.000000E+0
9.746613E+1	1.389991E-1	-6.330000E-1	-1.774996E-18	1.794108E-18	-4.163876E-3	0.000000E+0	1.025995E-2	-1.463200E-5	0.000000E+0	0.000000E+0	0.000000E+0
1.141798E+2	1.002923E-1	-5.820000E-1	-1.333488E-18	6.138991E-18	-3.772030E-3	0.000000E+0	8.758110E-3	-7.692875E-6	0.000000E+0	0.000000E+0	0.000000E+0
1.254344E+2	1.347648E-1	-5.320000E-1	1.829862E+17	1.861957E+17	-3.421524E-3	0.000000E+0	7.972285E-3	-8.565302E-6	0.000000E+0	0.000000E+0	0.000000E+0
1.304406E+2	3.527957E-2	-4.810000E-1	4.410889E+17	3.939340E-18	-3.099646E-3	0.000000E+0	7.666324E-3	-2.073470E-6	0.000000E+0	0.000000E+0	0.000000E+0
1.306070E+2	1.072969E-1	-4.300000E-1	-5.506670E-18	3.318154E+17	-2.798708E-3	0.000000E+0	7.656552E-3	-6.290048E-6	0.000000E+0	0.000000E+0	0.000000E+0
1.291187E+2	1.455602E-2	-3.800000E-1	-4.319920E+17	-4.172230E+17	-2.485485E-3	0.000000E+0	7.744811E-3	-8.731007E-7	0.000000E+0	0.000000E+0	0.000000E+0
1.271339E+2	1.381350E-2	-3.290000E-1	2.833723E-18	-1.599031E-19	-2.150840E-3	0.000000E+0	7.865723E-3	-8.546356E-7	0.000000E+0	0.000000E+0	0.000000E+0
1.254533E+2	2.220401E-2	-2.780000E-1	-1.696221E+17	-6.427781E-19	-1.802404E-3	0.000000E+0	7.971093E-3	-1.410806E-6	0.000000E+0	0.000000E+0	0.000000E+0
1.244279E+2	3.347844E-3	-2.280000E-1	-2.726899E+17	1.903750E-18	-1.475392E-3	0.000000E+0	8.036783E-3	-2.162368E-7	0.000000E+0	0.000000E+0	0.000000E+0
1.242928E+2	1.452297E-2	-1.770000E-1	-1.478400E+17	2.700588E+17	-1.141767E-3	0.000000E+0	8.045518E-3	-9.400771E-7	0.000000E+0	0.000000E+0	0.000000E+0
1.251443E+2	5.728465E-2	-1.270000E-1	-2.949193E+17	-4.901914E-18	-8.157765E-4	0.000000E+0	7.990774E-3	-3.657767E-6	0.000000E+0	0.000000E+0	0.000000E+0
1.272365E+2	7.423437E-2	-7.600000E-2	-4.717429E+17	-4.925467E+17	-4.795986E-4	0.000000E+0	7.859377E-3	-4.585445E-6	0.000000E+0	0.000000E+0	0.000000E+0
1.304259E+2	4.700947E-2	-2.500000E-2	-9.427510E-19	-9.422141E-19	-1.510816E-4	0.000000E+0	7.667188E-3	-2.763488E-6	0.000000E+0	0.000000E+0	0.000000E+0
1.343466E+2	4.254326E-2	2.500000E-2	-3.453602E+17	4.406614E-18	1.667379E-4	0.000000E+0	7.443433E-3	-2.357096E-6	0.000000E+0	0.000000E+0	0.000000E+0
1.390060E+2	6.526813E-2	7.600000E-2	-4.715167E+17	-5.436425E+17	4.809545E-4	0.000000E+0	7.193932E-3	-3.377800E-6	0.000000E+0	0.000000E+0	0.000000E+0
1.442021E+2	-1.213679E-2	1.270000E-1	-1.067025E+17	-5.230656E+17	7.762744E-4	0.000000E+0	6.934712E-3	5.836610E-7	0.000000E+0	0.000000E+0	0.000000E+0
1.493440E+2	-5.045244E-2	1.770000E-1	-3.021231E-18	3.036828E-18	1.057832E-3	0.000000E+0	6.695950E-3	2.262073E-6	0.000000E+0	0.000000E+0	0.000000E+0
1.547462E+2	-9.651941E-2	2.280000E-1	-3.411811E-18	5.558819E-18	1.343959E-3	0.000000E+0	6.462192E-3	4.030645E-6	0.000000E+0	0.000000E+0	0.000000E+0
1.603367E+2	-1.945981E-1	2.780000E-1	4.155979E+17	-2.188149E-18	1.621431E-3	0.000000E+0	6.236866E-3	7.569585E-6	0.000000E+0	0.000000E+0	0.000000E+0
1.655758E+2	-1.929162E-1	3.290000E-1	-4.313450E+17	4.857998E-18	1.890193E-3	0.000000E+0	6.039522E-3	7.036787E-6	0.000000E+0	0.000000E+0	0.000000E+0
1.708902E+2	-1.937024E-1	3.800000E-1	-5.584540E-18	-6.440456E-18	2.146698E-3	0.000000E+0	5.851703E-3	6.632849E-6	0.000000E+0	0.000000E+0	0.000000E+0
1.762888E+2	-2.519757E-1	4.300000E-1	4.766215E-20	4.558795E+17	2.397613E-3	0.000000E+0	5.672499E-3	8.107899E-6	0.000000E+0	0.000000E+0	0.000000E+0
1.814720E+2	-3.399565E-1	4.810000E-1	1.388541E-18	6.784146E-18	2.633178E-3	0.000000E+0	5.510473E-3	1.032292E-5	0.000000E+0	0.000000E+0	0.000000E+0
1.861150E+2	-4.202104E-1	5.320000E-1	4.707512E+17	-3.197573E+17	2.871296E-3	0.000000E+0	5.372995E-3	1.213115E-5	0.000000E+0	0.000000E+0	0.000000E+0
1.902132E+2	-5.035323E-1	5.820000E-1	-3.570583E-19	6.323277E-18	3.090035E-3	0.000000E+0	5.257222E-3	1.391692E-5	0.000000E+0	0.000000E+0	0.000000E+0
1.938710E+2	-4.953128E-1	6.330000E-1	-4.524460E+17	2.055323E+17	3.312321E-3	0.000000E+0	5.158035E-3	1.317805E-5	0.000000E+0	0.000000E+0	0.000000E+0
1.965053E+2	-8.110895E-1	6.840000E-1	-6.904437E-18	-8.375564E+16	3.559123E-3	0.000000E+0	5.088835E-3	2.100452E-5	0.000000E+0	0.000000E+0	0.000000E+0
1.974177E+2	-6.135156E-1	7.340000E-1	2.547933E-18	-3.572836E+16	3.789608E-3	0.000000E+0	5.065353E-3	1.574161E-5	0.000000E+0	0.000000E+0	0.000000E+0
1.963442E+2	-6.563895E-1	7.850000E-1	-1.554791E+17	3.966226E+17	4.005255E-3	0.000000E+0	5.093040E-3	1.702631E-5	0.000000E+0	0.000000E+0	0.000000E+0
1.931993E+2	-6.397856E-1	8.350000E-1	-5.196808E+17	2.162502E-18	4.205608E-3	0.000000E+0	5.175945E-3	1.714031E-5	0.000000E+0	0.000000E+0	0.000000E+0
1.871785E+2	-6.601962E-1	8.860000E-1	1.000945E+17	-5.707470E+17	4.410530E-3	0.000000E+0	5.342427E-3	1.884324E-5	0.000000E+0	0.000000E+0	0.000000E+0
1.787376E+2	-6.313777E-1	9.370000E-1	-2.820974E+17	-3.562313E+17	4.638944E-3	0.000000E+0	5.594724E-3	1.976296E-5	0.000000E+0	0.000000E+0	0.000000E+0
1.662935E+2	-4.603280E-1	9.870000E-1	7.433461E+16	-3.421229E+17	4.885772E-3	0.000000E+0	6.013418E-3	1.664614E-5	0.000000E+0	0.000000E+0	0.000000E+0
1.517421E+2	-4.228309E-1	1.038000E+0	5.230660E-18	8.421242E+16	5.143299E-3	0.000000E+0	6.590078E-3	1.836332E-5	0.000000E+0	0.000000E+0	0.000000E+0
1.345250E+2	-3.897980E-1	1.089000E+0	5.364297E+17	-2.871880E+17	5.439640E-3	0.000000E+0	7.433500E-3	2.153922E-5	0.000000E+0	0.000000E+0	0.000000E+0
1.125730E+2	-1.064123E-1	1.139000E+0	5.519484E-18	1.673219E-18	5.789636E-3	0.000000E+0	8.883117E-3	8.396977E-6	0.000000E+0	0.000000E+0	0.000000E+0
9.182805E+1	-2.059820E-2	1.190000E+0	9.183430E+16	2.296609E-18	6.200379E-3	0.000000E+0	1.088992E-2	2.442747E-6	0.000000E+0	0.000000E+0	0.000000E+0
6.914726E+1	7.005626E-2	1.241000E+0	4.020355E+17	1.810141E+17	6.630019E-3	0.000000E+0	1.446187E-2	-1.465199E-5	0.000000E+0	0.000000E+0	0.000000E+0
4.827277E+1	5.595842E-2	1.291000E+0	4.712699E-18	4.035830E-18	7.118420E-3	0.000000E+0	2.071558E-2	-2.401377E-5	0.000000E+0	0.000000E+0	0.000000E+0
2.830130E+1	3.873271E-2	1.342000E+0	-2.680121E+17	-5.492346E+17	7.727835E-3	0.000000E+0	3.533400E-2	-4.835755E-5	0.000000E+0	0.000000E+0	0.000000E+0
-6.946338E-1	2.353194E-1	1.392000E+0	5.241928E+17	-4.156389E-18	8.917460E-3	0.000000E+0	-1.291402E+0	-4.374850E-1	0.000000E+0	0.000000E+0	0.000000E+0
-9.542937E-1	-1.531689E-1	1.443000E+0	2.579782E+17	4.569569E-19	1.363974E-2	0.000000E+0	-1.021578E+0	1.639683E-1	0.000000E+0	0.000000E+0	0.000000E+0
1.372299E+1	-7.949236E-2	1.494000E+0	2.915631E-18	5.325189E+16	2.007039E-2	0.000000E+0	7.286797E-2	4.220980E-4	0.000000E+0	0.000000E+0	0.000000E+0
1.508785E+1	-1.666863E-1	1.544000E+0	-1.980568E+17	1.958093E+16	2.194643E-2	0.000000E+0	6.627041E-2	7.321367E-4	0.000000E+0	0.000000E+0	0.000000E+0
1.498789E+1	-1.378026E-1	1.595000E+0	-2.769006E-18	2.287397E+15	2.355482E-2	0.000000E+0	6.671489E-2	6.133943E-4	0.000000E+0	0.000000E+0	0.000000E+0
1.385260E+1	-2.150334E-1	1.646000E+0	5.768137E-19	5.234688E+17	2.504575E-2	0.000000E+0	7.217122E-2	1.120311E-3	0.000000E+0	0.000000E+0	0.000000E+0
1.448880E+1	-2.027302E-1	1.696000E+0	3.389543E+17	1.295985E-19	2.622363E-2	0.000000E+0	6.900532E-2	9.655363E-4	0.000000E+0	0.000000E+0	0.000000E+0
1.517092E+1	-1.554374E-1	1.747000E+0	-5.351627E-18	5.229140E+17	2.748371E-2	0.000000E+0	6.590866E-2	6.752834E-4	0.000000E+0	0.000000E+0	0.000000E+0
1.533633E+1	-1.563194E-1	1.797000E+0	2.587905E+17	2.524367E-18	2.885821E-2	0.000000E+0	6.519787E-2	6.645457E-4	0.000000E+0	0.000000E+0	0.000000E+0
1.595559E+1	-1.207913E-1	1.848000E+0	-3.127958E+17	-2.708644E-18	3.017906E-2	0.000000E+0	6.267037E-2	4.744441E-4	0.000000E+0	0.000000E+0	0.000000E+0
1.586055E+1	-7.825099E-2	1.899000E+0	6.653843E-18	-4.395315E+17	3.162198E-2	0.000000E+0	6.304798E-2	3.110590E-4	0.000000E+0	0.000000E+0	0.000000E+0
1.535855E+1	1.074768E-2	1.949000E+0	-1.137863E-18	-4.190346E+17	3.281416E-2	0.000000E+0	6.511028E-2	-4.556319E-5	0.000000E+0	0.000000E+0	0.000000E+0
1.494061E+1	-4.850824E-2	2.000000E+0	-9.275714E-19	-3.780148E-18	3.413450E-2	0.000000E+0	6.693097E-2	2.173073E-4	0.000000E+0	0.000000E+0	0.000000E+0
