Real / Ohm	Ximag / Ohm	V_DC / V	I_a c / A	V_ac / V	I_DC / A
7.732898E+1	-5.750649E+2	-2.500000E+0	-3.567359E+17	-4.286482E-18	3.194204E-6	1.000000E+7	2.296813E-4	1.708049E-3	0.000000E+0	0.000000E+0	0.000000E+0
7.746194E+1	-5.781696E+2	-2.437000E+0	-4.916206E+17	6.689525E-18	1.451219E-6	0.000000E+0	2.276415E-4	1.699097E-3	0.000000E+0	0.000000E+0	0.000000E+0
7.764639E+1	-5.806560E+2	-2.373000E+0	-5.704677E+17	6.512875E+16	3.255685E-6	0.000000E+0	2.262488E-4	1.691936E-3	0.000000E+0	0.000000E+0	0.000000E+0
7.782141E+1	-5.829078E+2	-2.310000E+0	-6.627993E-18	6.447512E-18	2.023429E-6	0.000000E+0	2.250229E-4	1.685495E-3	0.000000E+0	0.000000E+0	0.000000E+0
7.805490E+1	-5.849985E+2	-2.247000E+0	2.517966E+17	3.793721E+16	1.812601E-6	0.000000E+0	2.240923E-4	1.679506E-3	0.000000E+0	0.000000E+0	0.000000E+0
7.819873E+1	-5.871748E+2	-2.184000E+0	4.553607E+17	-2.686618E+17	-4.410831E-7	0.000000E+0	2.228587E-4	1.673391E-3	0.000000E+0	0.000000E+0	0.000000E+0
7.836884E+1	-5.896333E+2	-2.120000E+0	8.250878E-19	2.835790E+17	2.895526E-6	0.000000E+0	2.215003E-4	1.666529E-3	0.000000E+0	0.000000E+0	0.000000E+0
7.833621E+1	-5.919653E+2	-2.057000E+0	6.288337E-18	-3.925935E-18	6.770511E-6	0.000000E+0	2.197003E-4	1.660215E-3	0.000000E+0	0.000000E+0	0.000000E+0
7.842673E+1	-5.945293E+2	-1.994000E+0	-3.086734E-18	4.664198E-18	2.473920E-6	0.000000E+0	2.180847E-4	1.653234E-3	0.000000E+0	0.000000E+0	0.000000E+0
7.850879E+1	-5.972881E+2	-1.930000E+0	2.906916E+17	-1.493182E-18	2.746187E-6	0.000000E+0	2.163273E-4	1.645799E-3	0.000000E+0	0.000000E+0	0.000000E+0
7.847952E+1	-6.002789E+2	-1.867000E+0	-5.522322E-18	3.493290E-18	2.535351E-6	0.000000E+0	2.141360E-4	1.637896E-3	0.000000E+0	0.000000E+0	0.000000E+0
7.847974E+1	-6.034371E+2	-1.804000E+0	5.739126E-18	5.135446E+17	2.324581E-6	0.000000E+0	2.119382E-4	1.629610E-3	0.000000E+0	0.000000E+0	0.000000E+0
7.838586E+1	-6.065992E+2	-1.741000E+0	-6.504745E+16	2.346697E+17	2.113746E-6	0.000000E+0	2.095280E-4	1.621459E-3	0.000000E+0	0.000000E+0	0.000000E+0
7.827399E+1	-6.101973E+2	-1.677000E+0	-4.960950E+17	-4.576442E+17	2.896733E-6	0.000000E+0	2.068182E-4	1.612284E-3	0.000000E+0	0.000000E+0	0.000000E+0
7.823019E+1	-6.138800E+2	-1.614000E+0	2.127762E-18	3.276064E+15	3.707377E-6	0.000000E+0	2.042731E-4	1.602951E-3	0.000000E+0	0.000000E+0	0.000000E+0
7.819260E+1	-6.177642E+2	-1.551000E+0	8.607211E+16	2.393421E-17	1.453693E-6	0.000000E+0	2.016590E-4	1.593216E-3	0.000000E+0	0.000000E+0	0.000000E+0
7.808139E+1	-6.218037E+2	-1.487000E+0	-4.013414E-19	-2.241021E+17	3.768822E-6	0.000000E+0	1.988137E-4	1.583259E-3	0.000000E+0	0.000000E+0	0.000000E+0
7.801151E+1	-6.260060E+2	-1.424000E+0	2.692530E+17	-2.999069E+17	2.536559E-6	0.000000E+0	1.960239E-4	1.573001E-3	0.000000E+0	0.000000E+0	0.000000E+0
7.787363E+1	-6.304006E+2	-1.361000E+0	-6.256277E-18	1.220246E+17	2.828674E-7	0.000000E+0	1.930101E-4	1.562450E-3	0.000000E+0	0.000000E+0	0.000000E+0
7.783798E+1	-6.350793E+2	-1.297000E+0	-1.009562E-18	-5.687651E-18	2.087341E-6	0.000000E+0	1.901342E-4	1.551303E-3	0.000000E+0	0.000000E+0	0.000000E+0
7.761697E+1	-6.397437E+2	-1.234000E+0	1.311717E+15	4.724009E-18	3.919449E-6	0.000000E+0	1.868954E-4	1.540451E-3	0.000000E+0	0.000000E+0	0.000000E+0
7.760629E+1	-6.447374E+2	-1.171000E+0	3.093325E+17	-1.518024E+17	6.442715E-7	0.000000E+0	1.840280E-4	1.528868E-3	0.000000E+0	0.000000E+0	0.000000E+0
7.746811E+1	-6.498534E+2	-1.108000E+0	-5.203440E-18	3.830366E-18	1.454930E-6	0.000000E+0	1.808689E-4	1.517247E-3	0.000000E+0	0.000000E+0	0.000000E+0
7.746976E+1	-6.552512E+2	-1.044000E+0	-1.291944E-18	-5.341499E-18	4.280795E-6	0.000000E+0	1.779459E-4	1.505094E-3	0.000000E+0	0.000000E+0	0.000000E+0
7.742645E+1	-6.606420E+2	-9.810000E-1	5.232665E+17	-3.553127E+17	5.602193E-6	0.000000E+0	1.749977E-4	1.493170E-3	0.000000E+0	0.000000E+0	0.000000E+0
7.743790E+1	-6.663666E+2	-9.180000E-1	2.088242E+17	-2.195880E+17	2.837758E-6	0.000000E+0	1.720685E-4	1.480680E-3	0.000000E+0	0.000000E+0	0.000000E+0
7.750140E+1	-6.719828E+2	-8.540000E-1	-7.957825E+16	-3.386204E-18	4.642174E-6	0.000000E+0	1.693770E-4	1.468599E-3	0.000000E+0	0.000000E+0	0.000000E+0
7.763812E+1	-6.778577E+2	-7.910000E-1	-1.774996E-18	1.794108E-18	3.920653E-6	0.000000E+0	1.667776E-4	1.456134E-3	0.000000E+0	0.000000E+0	0.000000E+0
7.782819E+1	-6.836188E+2	-7.280000E-1	-1.333488E-18	6.138991E-18	1.666962E-6	0.000000E+0	1.644054E-4	1.444086E-3	0.000000E+0	0.000000E+0	0.000000E+0
7.792633E+1	-6.896451E+2	-6.650000E-1	1.829862E+17	1.861957E+17	-1.608183E-6	0.000000E+0	1.617793E-4	1.431741E-3	0.000000E+0	0.000000E+0	0.000000E+0
7.812109E+1	-6.957587E+2	-6.010000E-1	4.410889E+17	3.939340E-18	7.069430E-7	0.000000E+0	1.593713E-4	1.419385E-3	0.000000E+0	0.000000E+0	0.000000E+0
7.850842E+1	-7.018920E+2	-5.380000E-1	-5.506670E-18	3.318154E+17	2.028341E-6	0.000000E+0	1.573896E-4	1.407116E-3	0.000000E+0	0.000000E+0	0.000000E+0
7.874353E+1	-7.080999E+2	-4.750000E-1	-4.319920E+17	-4.172230E+17	2.838962E-6	0.000000E+0	1.551273E-4	1.394979E-3	0.000000E+0	0.000000E+0	0.000000E+0
7.939282E+1	-7.147349E+2	-4.110000E-1	2.833723E-18	-1.599031E-19	5.154121E-6	0.000000E+0	1.535201E-4	1.382067E-3	0.000000E+0	0.000000E+0	0.000000E+0
7.972754E+1	-7.212208E+2	-3.480000E-1	-1.696221E+17	-6.427781E-19	1.368258E-6	0.000000E+0	1.514247E-4	1.369799E-3	0.000000E+0	0.000000E+0	0.000000E+0
8.040036E+1	-7.277826E+2	-2.850000E-1	-2.726899E+17	1.903750E-18	2.689625E-6	0.000000E+0	1.499638E-4	1.357470E-3	0.000000E+0	0.000000E+0	0.000000E+0
8.098999E+1	-7.347456E+2	-2.220000E-1	-1.478400E+17	2.700588E+17	4.359354E-7	0.000000E+0	1.482219E-4	1.344677E-3	0.000000E+0	0.000000E+0	0.000000E+0
8.179111E+1	-7.419312E+2	-1.580000E-1	-2.949193E+17	-4.901914E-18	1.729635E-6	0.000000E+0	1.468022E-4	1.331650E-3	0.000000E+0	0.000000E+0	0.000000E+0
8.250513E+1	-7.490114E+2	-9.500000E-2	-4.717429E+17	-4.925467E+17	-5.240840E-7	0.000000E+0	1.453002E-4	1.319088E-3	0.000000E+0	0.000000E+0	0.000000E+0
8.338895E+1	-7.561987E+2	-3.200000E-2	-9.427510E-19	-9.422141E-19	1.818739E-6	0.000000E+0	1.440746E-4	1.306516E-3	0.000000E+0	0.000000E+0	0.000000E+0
8.436057E+1	-7.639692E+2	3.200000E-2	-3.453602E+17	4.406614E-18	1.069554E-6	0.000000E+0	1.427987E-4	1.293185E-3	0.000000E+0	0.000000E+0	0.000000E+0
8.537161E+1	-7.714552E+2	9.500000E-2	-4.715167E+17	-5.436425E+17	1.880206E-6	0.000000E+0	1.417117E-4	1.280569E-3	0.000000E+0	0.000000E+0	0.000000E+0
8.652026E+1	-7.791411E+2	1.580000E-1	-1.067025E+17	-5.230656E+17	3.201572E-6	0.000000E+0	1.407871E-4	1.267831E-3	0.000000E+0	0.000000E+0	0.000000E+0
8.777954E+1	-7.869668E+2	2.220000E-1	-3.021231E-18	3.036828E-18	4.094727E-7	0.000000E+0	1.399944E-4	1.255086E-3	0.000000E+0	0.000000E+0	0.000000E+0
8.895306E+1	-7.948236E+2	2.850000E-1	-3.411811E-18	5.558819E-18	1.730839E-6	0.000000E+0	1.390636E-4	1.242577E-3	0.000000E+0	0.000000E+0	0.000000E+0
9.060608E+1	-8.027332E+2	3.480000E-1	4.155979E+17	-2.188149E-18	3.052206E-6	0.000000E+0	1.388407E-4	1.230073E-3	0.000000E+0	0.000000E+0	0.000000E+0
9.219952E+1	-8.107311E+2	4.110000E-1	-4.313450E+17	4.857998E-18	1.309229E-6	0.000000E+0	1.384823E-4	1.217706E-3	0.000000E+0	0.000000E+0	0.000000E+0
9.407037E+1	-8.188632E+2	4.750000E-1	-5.584540E-18	-6.440456E-18	-4.614121E-7	0.000000E+0	1.384638E-4	1.205299E-3	0.000000E+0	0.000000E+0	0.000000E+0
9.609485E+1	-8.266547E+2	5.380000E-1	4.766215E-20	4.558795E+17	2.392153E-6	0.000000E+0	1.387467E-4	1.193566E-3	0.000000E+0	0.000000E+0	0.000000E+0
9.828668E+1	-8.346825E+2	6.010000E-1	1.388541E-18	6.784146E-18	2.181350E-6	0.000000E+0	1.391463E-4	1.181675E-3	0.000000E+0	0.000000E+0	0.000000E+0
1.004941E+2	-8.424800E+2	6.650000E-1	4.707512E+17	-3.197573E+17	9.214200E-7	0.000000E+0	1.396000E-4	1.170320E-3	0.000000E+0	0.000000E+0	0.000000E+0
1.027715E+2	-8.500353E+2	7.280000E-1	-3.570583E-19	6.323277E-18	1.221331E-6	0.000000E+0	1.401834E-4	1.159473E-3	0.000000E+0	0.000000E+0	0.000000E+0
1.051626E+2	-8.576052E+2	7.910000E-1	-4.524460E+17	2.055323E+17	-5.216461E-7	0.000000E+0	1.408656E-4	1.148764E-3	0.000000E+0	0.000000E+0	0.000000E+0
1.079966E+2	-8.649868E+2	8.540000E-1	-6.904437E-18	-8.375564E+16	1.310462E-6	0.000000E+0	1.421260E-4	1.138342E-3	0.000000E+0	0.000000E+0	0.000000E+0
1.108389E+2	-8.722234E+2	9.180000E-1	2.547933E-18	-3.572836E+16	2.093449E-6	0.000000E+0	1.433770E-4	1.128275E-3	0.000000E+0	0.000000E+0	0.000000E+0
1.139981E+2	-8.788342E+2	9.810000E-1	-1.554791E+17	3.966226E+17	3.504720E-7	0.000000E+0	1.451567E-4	1.119042E-3	0.000000E+0	0.000000E+0	0.000000E+0
1.170287E+2	-8.848412E+2	1.044000E+0	-5.196808E+17	2.162502E-18	3.204012E-6	0.000000E+0	1.469029E-4	1.110717E-3	0.000000E+0	0.000000E+0	0.000000E+0
1.203724E+2	-8.911899E+2	1.108000E+0	1.000945E+17	-5.707470E+17	2.454821E-6	0.000000E+0	1.488451E-4	1.101991E-3	0.000000E+0	0.000000E+0	0.000000E+0
1.238585E+2	-8.965219E+2	1.171000E+0	-2.820974E+17	-3.562313E+17	-8.203206E-7	0.000000E+0	1.512143E-4	1.094531E-3	0.000000E+0	0.000000E+0	0.000000E+0
1.272764E+2	-9.012311E+2	1.234000E+0	7.433461E+16	-3.421229E+17	5.010443E-7	0.000000E+0	1.536381E-4	1.087896E-3	0.000000E+0	0.000000E+0	0.000000E+0
1.305639E+2	-9.057181E+2	1.297000E+0	5.230660E-18	8.421242E+16	2.333123E-6	0.000000E+0	1.559210E-4	1.081619E-3	0.000000E+0	0.000000E+0	0.000000E+0
1.344254E+2	-9.092861E+2	1.361000E+0	5.364297E+17	-2.871880E+17	2.094654E-6	0.000000E+0	1.591075E-4	1.076242E-3	0.000000E+0	0.000000E+0	0.000000E+0
1.381393E+2	-9.123564E+2	1.424000E+0	5.519484E-18	1.673219E-18	1.883847E-6	0.000000E+0	1.622350E-4	1.071499E-3	0.000000E+0	0.000000E+0	0.000000E+0
1.416782E+2	-9.143800E+2	1.487000E+0	9.183430E+16	2.296609E-18	-3.698442E-7	0.000000E+0	1.654803E-4	1.067997E-3	0.000000E+0	0.000000E+0	0.000000E+0
1.452314E+2	-9.159396E+2	1.551000E+0	4.020355E+17	1.810141E+17	3.477486E-6	0.000000E+0	1.688664E-4	1.065000E-3	0.000000E+0	0.000000E+0	0.000000E+0
1.490078E+2	-9.165132E+2	1.614000E+0	4.712699E-18	4.035830E-18	2.245230E-6	0.000000E+0	1.728228E-4	1.062994E-3	0.000000E+0	0.000000E+0	0.000000E+0
1.524112E+2	-9.166683E+2	1.677000E+0	-2.680121E+17	-5.492346E+17	3.055873E-6	0.000000E+0	1.765020E-4	1.061561E-3	0.000000E+0	0.000000E+0	0.000000E+0
1.557205E+2	-9.162502E+2	1.741000E+0	5.241928E+17	-4.156389E-18	2.817404E-6	0.000000E+0	1.802814E-4	1.060765E-3	0.000000E+0	0.000000E+0	0.000000E+0
1.591954E+2	-9.150071E+2	1.804000E+0	2.579782E+17	4.569569E-19	5.296897E-8	0.000000E+0	1.845570E-4	1.060778E-3	0.000000E+0	0.000000E+0	0.000000E+0
1.620099E+2	-9.133452E+2	1.867000E+0	2.915631E-18	5.325189E+16	-1.179258E-6	0.000000E+0	1.882858E-4	1.061478E-3	0.000000E+0	0.000000E+0	0.000000E+0
1.650534E+2	-9.110643E+2	1.930000E+0	-1.980568E+17	1.958093E+16	1.674278E-6	0.000000E+0	1.925313E-4	1.062737E-3	0.000000E+0	0.000000E+0	0.000000E+0
1.677991E+2	-9.083839E+2	1.994000E+0	-2.769006E-18	2.287397E+15	-6.070841E-7	0.000000E+0	1.966431E-4	1.064532E-3	0.000000E+0	0.000000E+0	0.000000E+0
1.705091E+2	-9.053607E+2	2.057000E+0	5.768137E-19	5.234688E+17	-3.071618E-7	0.000000E+0	2.008941E-4	1.066697E-3	0.000000E+0	0.000000E+0	0.000000E+0
1.730715E+2	-9.019263E+2	2.120000E+0	3.389543E+17	1.295985E-19	2.035653E-6	0.000000E+0	2.052009E-4	1.069362E-3	0.000000E+0	0.000000E+0	0.000000E+0
1.753571E+2	-8.978801E+2	2.184000E+0	-5.351627E-18	5.229140E+17	-2.799337E-6	0.000000E+0	2.095220E-4	1.072815E-3	0.000000E+0	0.000000E+0	0.000000E+0
1.774308E+2	-8.936663E+2	2.247000E+0	2.587905E+17	2.524367E-18	-1.477965E-6	0.000000E+0	2.137409E-4	1.076549E-3	0.000000E+0	0.000000E+0	0.000000E+0
1.796084E+2	-8.889954E+2	2.310000E+0	-3.127958E+17	-2.708644E-18	-1.565932E-7	0.000000E+0	2.183498E-4	1.080751E-3	0.000000E+0	0.000000E+0	0.000000E+0
1.812775E+2	-8.844121E+2	2.373000E+0	6.653843E-18	-4.395315E+17	1.164779E-6	0.000000E+0	2.224137E-4	1.085107E-3	0.000000E+0	0.000000E+0	0.000000E+0
1.829417E+2	-8.791700E+2	2.437000E+0	-1.137863E-18	-4.190346E+17	2.458473E-6	0.000000E+0	2.268601E-4	1.090230E-3	0.000000E+0	0.000000E+0	0.000000E+0
1.844286E+2	-8.741230E+2	2.500000E+0	-9.275714E-19	-3.780148E-18	1.736946E-6	0.000000E+0	2.310831E-4	1.095248E-3	0.000000E+0	0.000000E+0	0.000000E+0
