Real / Ohm	Ximag / Ohm	V_DC / V	I_a c / A	V_ac / V	I_DC / A
5.185321E+1	-5.876359E+2	-2.000000E+0	-3.567359E+17	-4.286482E-18	1.107706E-6	1.000000E+7	1.490015E-4	1.688586E-3	0.000000E+0	0.000000E+0	0.000000E+0
4.902597E+1	-5.829159E+2	-1.949000E+0	-4.916206E+17	6.689525E-18	1.739645E-6	0.000000E+0	1.432693E-4	1.703464E-3	0.000000E+0	0.000000E+0	0.000000E+0
4.694165E+1	-5.779510E+2	-1.899000E+0	-5.704677E+17	6.512875E+16	1.377761E-6	0.000000E+0	1.396114E-4	1.718911E-3	0.000000E+0	0.000000E+0	0.000000E+0
4.514963E+1	-5.727505E+2	-1.848000E+0	-6.627993E-18	6.447512E-18	1.498986E-6	0.000000E+0	1.367832E-4	1.735178E-3	0.000000E+0	0.000000E+0	0.000000E+0
4.359186E+1	-5.678912E+2	-1.797000E+0	2.517966E+17	3.793721E+16	4.684545E-6	0.000000E+0	1.343766E-4	1.750586E-3	0.000000E+0	0.000000E+0	0.000000E+0
4.210315E+1	-5.633055E+2	-1.747000E+0	4.553607E+17	-2.686618E+17	1.769033E-6	0.000000E+0	1.319493E-4	1.765373E-3	0.000000E+0	0.000000E+0	0.000000E+0
4.073294E+1	-5.588308E+2	-1.696000E+0	8.250878E-19	2.835790E+17	4.443813E-6	0.000000E+0	1.297430E-4	1.779993E-3	0.000000E+0	0.000000E+0	0.000000E+0
3.944318E+1	-5.546299E+2	-1.646000E+0	6.288337E-18	-3.925935E-18	3.571273E-6	0.000000E+0	1.275776E-4	1.793931E-3	0.000000E+0	0.000000E+0	0.000000E+0
3.816135E+1	-5.503893E+2	-1.595000E+0	-3.086734E-18	4.664198E-18	1.173830E-7	0.000000E+0	1.253721E-4	1.808203E-3	0.000000E+0	0.000000E+0	0.000000E+0
3.695523E+1	-5.463496E+2	-1.544000E+0	2.906916E+17	-1.493182E-18	3.813657E-6	0.000000E+0	1.232401E-4	1.821994E-3	0.000000E+0	0.000000E+0	0.000000E+0
3.588681E+1	-5.424301E+2	-1.494000E+0	-5.522322E-18	3.493290E-18	8.981442E-7	0.000000E+0	1.214369E-4	1.835521E-3	0.000000E+0	0.000000E+0	0.000000E+0
3.480283E+1	-5.385809E+2	-1.443000E+0	5.739126E-18	5.135446E+17	2.040790E-6	0.000000E+0	1.194821E-4	1.849010E-3	0.000000E+0	0.000000E+0	0.000000E+0
3.378824E+1	-5.346831E+2	-1.392000E+0	-6.504745E+16	2.346697E+17	1.651235E-6	0.000000E+0	1.177177E-4	1.862828E-3	0.000000E+0	0.000000E+0	0.000000E+0
3.288516E+1	-5.308951E+2	-1.342000E+0	-4.960950E+17	-4.576442E+17	3.332323E-6	0.000000E+0	1.162303E-4	1.876412E-3	0.000000E+0	0.000000E+0	0.000000E+0
3.199521E+1	-5.271707E+2	-1.291000E+0	2.127762E-18	3.276064E+15	3.891400E-7	0.000000E+0	1.147059E-4	1.889957E-3	0.000000E+0	0.000000E+0	0.000000E+0
3.117719E+1	-5.235220E+2	-1.241000E+0	8.607211E+16	2.393421E-17	2.580913E-6	0.000000E+0	1.133521E-4	1.903389E-3	0.000000E+0	0.000000E+0	0.000000E+0
3.036798E+1	-5.198068E+2	-1.190000E+0	-4.013414E-19	-2.241021E+17	1.169938E-6	0.000000E+0	1.120088E-4	1.917248E-3	0.000000E+0	0.000000E+0	0.000000E+0
2.961786E+1	-5.161626E+2	-1.139000E+0	2.692530E+17	-2.999069E+17	2.823319E-6	0.000000E+0	1.108034E-4	1.931016E-3	0.000000E+0	0.000000E+0	0.000000E+0
2.894940E+1	-5.126826E+2	-1.089000E+0	-6.256277E-18	1.220246E+17	1.950721E-6	0.000000E+0	1.097893E-4	1.944325E-3	0.000000E+0	0.000000E+0	0.000000E+0
2.828943E+1	-5.091049E+2	-1.038000E+0	-1.009562E-18	-5.687651E-18	2.071909E-6	0.000000E+0	1.088105E-4	1.958185E-3	0.000000E+0	0.000000E+0	0.000000E+0
2.765567E+1	-5.056074E+2	-9.870000E-1	1.311717E+15	4.724009E-18	1.171647E-6	0.000000E+0	1.078599E-4	1.971919E-3	0.000000E+0	0.000000E+0	0.000000E+0
2.715726E+1	-5.022060E+2	-9.370000E-1	3.093325E+17	-1.518024E+17	1.320503E-6	0.000000E+0	1.073629E-4	1.985409E-3	0.000000E+0	0.000000E+0	0.000000E+0
2.658170E+1	-4.988037E+2	-8.860000E-1	-5.203440E-18	3.830366E-18	9.309806E-7	0.000000E+0	1.065349E-4	1.999119E-3	0.000000E+0	0.000000E+0	0.000000E+0
2.610150E+1	-4.953909E+2	-8.350000E-1	-1.291944E-18	-5.341499E-18	4.116511E-6	0.000000E+0	1.060634E-4	2.013020E-3	0.000000E+0	0.000000E+0	0.000000E+0
2.567609E+1	-4.921370E+2	-7.850000E-1	5.232665E+17	-3.553127E+17	3.243942E-6	0.000000E+0	1.057247E-4	2.026439E-3	0.000000E+0	0.000000E+0	0.000000E+0
2.519522E+1	-4.888545E+2	-7.340000E-1	2.088242E+17	-2.195880E+17	2.854391E-6	0.000000E+0	1.051494E-4	2.040179E-3	0.000000E+0	0.000000E+0	0.000000E+0
2.480798E+1	-4.856679E+2	-6.840000E-1	-7.957825E+16	-3.386204E-18	2.492532E-6	0.000000E+0	1.049013E-4	2.053662E-3	0.000000E+0	0.000000E+0	0.000000E+0
2.445575E+1	-4.824410E+2	-6.330000E-1	-1.774996E-18	1.794108E-18	3.124467E-6	0.000000E+0	1.048040E-4	2.067480E-3	0.000000E+0	0.000000E+0	0.000000E+0
2.407626E+1	-4.792746E+2	-5.820000E-1	-1.333488E-18	6.138991E-18	1.202741E-6	0.000000E+0	1.045504E-4	2.081234E-3	0.000000E+0	0.000000E+0	0.000000E+0
2.370081E+1	-4.762317E+2	-5.320000E-1	1.829862E+17	1.861957E+17	2.373054E-6	0.000000E+0	1.042443E-4	2.094630E-3	0.000000E+0	0.000000E+0	0.000000E+0
2.338879E+1	-4.731852E+2	-4.810000E-1	4.410889E+17	3.939340E-18	3.515705E-6	0.000000E+0	1.042043E-4	2.108187E-3	0.000000E+0	0.000000E+0	0.000000E+0
2.308185E+1	-4.701547E+2	-4.300000E-1	-5.506670E-18	3.318154E+17	2.104724E-6	0.000000E+0	1.041702E-4	2.121845E-3	0.000000E+0	0.000000E+0	0.000000E+0
2.278810E+1	-4.672234E+2	-3.800000E-1	-4.319920E+17	-4.172230E+17	7.214094E-7	0.000000E+0	1.041423E-4	2.135224E-3	0.000000E+0	0.000000E+0	0.000000E+0
2.255438E+1	-4.642985E+2	-3.290000E-1	2.833723E-18	-1.599031E-19	3.318564E-7	0.000000E+0	1.043789E-4	2.148716E-3	0.000000E+0	0.000000E+0	0.000000E+0
2.226474E+1	-4.613667E+2	-2.780000E-1	-1.696221E+17	-6.427781E-19	4.538846E-6	0.000000E+0	1.043554E-4	2.162437E-3	0.000000E+0	0.000000E+0	0.000000E+0
2.205247E+1	-4.585720E+2	-2.280000E-1	-2.726899E+17	1.903750E-18	9.118958E-8	0.000000E+0	1.046258E-4	2.175651E-3	0.000000E+0	0.000000E+0	0.000000E+0
2.181624E+1	-4.557302E+2	-1.770000E-1	-1.478400E+17	2.700588E+17	4.298179E-6	0.000000E+0	1.048021E-4	2.189264E-3	0.000000E+0	0.000000E+0	0.000000E+0
2.160120E+1	-4.529479E+2	-1.270000E-1	-2.949193E+17	-4.901914E-18	8.719799E-7	0.000000E+0	1.050497E-4	2.202750E-3	0.000000E+0	0.000000E+0	0.000000E+0
2.143169E+1	-4.500663E+2	-7.600000E-2	-4.717429E+17	-4.925467E+17	2.525342E-6	0.000000E+0	1.055650E-4	2.216868E-3	0.000000E+0	0.000000E+0	0.000000E+0
2.125238E+1	-4.471617E+2	-2.500000E-2	-9.427510E-19	-9.422141E-19	1.625075E-6	0.000000E+0	1.060470E-4	2.231287E-3	0.000000E+0	0.000000E+0	0.000000E+0
2.115204E+1	-4.442818E+2	2.500000E-2	-3.453602E+17	4.406614E-18	-7.796963E-7	0.000000E+0	1.069183E-4	2.245733E-3	0.000000E+0	0.000000E+0	0.000000E+0
2.106039E+1	-4.413213E+2	7.600000E-2	-4.715167E+17	-5.436425E+17	-1.477624E-7	0.000000E+0	1.078869E-4	2.260774E-3	0.000000E+0	0.000000E+0	0.000000E+0
2.100668E+1	-4.382816E+2	1.270000E-1	-1.067025E+17	-5.230656E+17	1.505599E-6	0.000000E+0	1.091074E-4	2.276409E-3	0.000000E+0	0.000000E+0	0.000000E+0
2.098898E+1	-4.353291E+2	1.770000E-1	-3.021231E-18	3.036828E-18	3.697371E-6	0.000000E+0	1.104963E-4	2.291785E-3	0.000000E+0	0.000000E+0	0.000000E+0
2.101433E+1	-4.322104E+2	2.280000E-1	-3.411811E-18	5.558819E-18	1.775647E-6	0.000000E+0	1.122276E-4	2.308231E-3	0.000000E+0	0.000000E+0	0.000000E+0
2.105669E+1	-4.291767E+2	2.780000E-1	4.155979E+17	-2.188149E-18	1.413790E-6	0.000000E+0	1.140443E-4	2.324447E-3	0.000000E+0	0.000000E+0	0.000000E+0
2.114079E+1	-4.260793E+2	3.290000E-1	-4.313450E+17	4.857998E-18	-5.079055E-7	0.000000E+0	1.161642E-4	2.341217E-3	0.000000E+0	0.000000E+0	0.000000E+0
2.124023E+1	-4.230293E+2	3.800000E-1	-5.584540E-18	-6.440456E-18	3.188341E-6	0.000000E+0	1.183927E-4	2.357958E-3	0.000000E+0	0.000000E+0	0.000000E+0
2.136041E+1	-4.200732E+2	4.300000E-1	4.766215E-20	4.558795E+17	2.826484E-6	0.000000E+0	1.207364E-4	2.374398E-3	0.000000E+0	0.000000E+0	0.000000E+0
2.148848E+1	-4.171247E+2	4.810000E-1	1.388541E-18	6.784146E-18	1.926217E-6	0.000000E+0	1.231751E-4	2.391019E-3	0.000000E+0	0.000000E+0	0.000000E+0
2.161259E+1	-4.143114E+2	5.320000E-1	4.707512E+17	-3.197573E+17	1.025983E-6	0.000000E+0	1.255662E-4	2.407093E-3	0.000000E+0	0.000000E+0	0.000000E+0
2.171466E+1	-4.116662E+2	5.820000E-1	-3.570583E-19	6.323277E-18	1.533808E-7	0.000000E+0	1.277780E-4	2.422412E-3	0.000000E+0	0.000000E+0	0.000000E+0
2.185445E+1	-4.090311E+2	6.330000E-1	-4.524460E+17	2.055323E+17	7.852832E-7	0.000000E+0	1.302534E-4	2.437842E-3	0.000000E+0	0.000000E+0	0.000000E+0
2.195395E+1	-4.065623E+2	6.840000E-1	-6.904437E-18	-8.375564E+16	9.064752E-7	0.000000E+0	1.324323E-4	2.452496E-3	0.000000E+0	0.000000E+0	0.000000E+0
2.206071E+1	-4.042646E+2	7.340000E-1	2.547933E-18	-3.572836E+16	1.566073E-6	0.000000E+0	1.345850E-4	2.466283E-3	0.000000E+0	0.000000E+0	0.000000E+0
2.214496E+1	-4.020458E+2	7.850000E-1	-1.554791E+17	3.966226E+17	1.687265E-6	0.000000E+0	1.365866E-4	2.479756E-3	0.000000E+0	0.000000E+0	0.000000E+0
2.225633E+1	-3.999935E+2	8.350000E-1	-5.196808E+17	2.162502E-18	4.389753E-6	0.000000E+0	1.386772E-4	2.492324E-3	0.000000E+0	0.000000E+0	0.000000E+0
2.234680E+1	-3.979996E+2	8.860000E-1	1.000945E+17	-5.707470E+17	1.957313E-6	0.000000E+0	1.406317E-4	2.504669E-3	0.000000E+0	0.000000E+0	0.000000E+0
2.241043E+1	-3.961434E+2	9.370000E-1	-2.820974E+17	-3.562313E+17	2.589219E-6	0.000000E+0	1.423501E-4	2.516285E-3	0.000000E+0	0.000000E+0	0.000000E+0
2.249136E+1	-3.944450E+2	9.870000E-1	7.433461E+16	-3.421229E+17	1.716646E-6	0.000000E+0	1.440897E-4	2.526992E-3	0.000000E+0	0.000000E+0	0.000000E+0
2.254941E+1	-3.928093E+2	1.038000E+0	5.230660E-18	8.421242E+16	3.880727E-6	0.000000E+0	1.456609E-4	2.537403E-3	0.000000E+0	0.000000E+0	0.000000E+0
2.259529E+1	-3.912813E+2	1.089000E+0	5.364297E+17	-2.871880E+17	9.375726E-7	0.000000E+0	1.470936E-4	2.547212E-3	0.000000E+0	0.000000E+0	0.000000E+0
2.263199E+1	-3.899177E+2	1.139000E+0	5.519484E-18	1.673219E-18	5.757174E-7	0.000000E+0	1.483598E-4	2.556033E-3	0.000000E+0	0.000000E+0	0.000000E+0
2.267496E+1	-3.885828E+2	1.190000E+0	9.183430E+16	2.296609E-18	1.718356E-6	0.000000E+0	1.496591E-4	2.564721E-3	0.000000E+0	0.000000E+0	0.000000E+0
2.271184E+1	-3.873693E+2	1.241000E+0	4.020355E+17	1.810141E+17	1.839551E-6	0.000000E+0	1.508383E-4	2.572672E-3	0.000000E+0	0.000000E+0	0.000000E+0
2.275163E+1	-3.862736E+2	1.291000E+0	4.712699E-18	4.035830E-18	3.520581E-6	0.000000E+0	1.519562E-4	2.579888E-3	0.000000E+0	0.000000E+0	0.000000E+0
2.275677E+1	-3.852140E+2	1.342000E+0	-2.680121E+17	-5.492346E+17	2.109598E-6	0.000000E+0	1.528247E-4	2.586931E-3	0.000000E+0	0.000000E+0	0.000000E+0
2.277159E+1	-3.843057E+2	1.392000E+0	5.241928E+17	-4.156389E-18	2.769171E-6	0.000000E+0	1.536447E-4	2.592991E-3	0.000000E+0	0.000000E+0	0.000000E+0
2.278766E+1	-3.834357E+2	1.443000E+0	2.579782E+17	4.569569E-19	-1.739827E-7	0.000000E+0	1.544484E-4	2.598820E-3	0.000000E+0	0.000000E+0	0.000000E+0
2.277840E+1	-3.826461E+2	1.494000E+0	2.915631E-18	5.325189E+16	1.479377E-6	0.000000E+0	1.550217E-4	2.604153E-3	0.000000E+0	0.000000E+0	0.000000E+0
2.280608E+1	-3.819671E+2	1.544000E+0	-1.980568E+17	1.958093E+16	2.649693E-6	0.000000E+0	1.557590E-4	2.608727E-3	0.000000E+0	0.000000E+0	0.000000E+0
2.277995E+1	-3.813060E+2	1.595000E+0	-2.769006E-18	2.287397E+15	2.172528E-7	0.000000E+0	1.561199E-4	2.613239E-3	0.000000E+0	0.000000E+0	0.000000E+0
2.277682E+1	-3.807079E+2	1.646000E+0	5.768137E-19	5.234688E+17	8.491916E-7	0.000000E+0	1.565877E-4	2.617317E-3	0.000000E+0	0.000000E+0	0.000000E+0
2.276573E+1	-3.801752E+2	1.696000E+0	3.389543E+17	1.295985E-19	1.508764E-6	0.000000E+0	1.569493E-4	2.620968E-3	0.000000E+0	0.000000E+0	0.000000E+0
2.276883E+1	-3.796026E+2	1.747000E+0	-5.351627E-18	5.229140E+17	2.651403E-6	0.000000E+0	1.574428E-4	2.624890E-3	0.000000E+0	0.000000E+0	0.000000E+0
2.275612E+1	-3.790944E+2	1.797000E+0	2.587905E+17	2.524367E-18	2.466331E-7	0.000000E+0	1.577762E-4	2.628394E-3	0.000000E+0	0.000000E+0	0.000000E+0
2.275046E+1	-3.785630E+2	1.848000E+0	-3.127958E+17	-2.708644E-18	-6.536065E-7	0.000000E+0	1.581788E-4	2.632062E-3	0.000000E+0	0.000000E+0	0.000000E+0
2.275099E+1	-3.780077E+2	1.899000E+0	6.653843E-18	-4.395315E+17	2.531931E-6	0.000000E+0	1.586458E-4	2.635900E-3	0.000000E+0	0.000000E+0	0.000000E+0
2.276746E+1	-3.775074E+2	1.949000E+0	-1.137863E-18	-4.190346E+17	-3.835521E-7	0.000000E+0	1.591794E-4	2.639355E-3	0.000000E+0	0.000000E+0	0.000000E+0
2.277954E+1	-3.769600E+2	2.000000E+0	-9.275714E-19	-3.780148E-18	1.780529E-6	0.000000E+0	1.597244E-4	2.643149E-3	0.000000E+0	0.000000E+0	0.000000E+0
