Real / Ohm	Ximag / Ohm	V_DC / V	I_a c / A	V_ac / V	I_DC / A
1.641207E+6	-3.466307E+6	3.000000E+0	-9.275714E-19	-3.780148E-18	1.693348E-6	1.000000E+3	1.115796E-7	2.356614E-7	0.000000E+0	0.000000E+0	0.000000E+0
1.241944E+6	-3.920517E+6	2.924000E+0	-1.137863E-18	-4.190346E+17	1.242384E-6	0.000000E+0	7.343185E-8	2.318066E-7	0.000000E+0	0.000000E+0	0.000000E+0
9.383592E+5	-4.167912E+6	2.848000E+0	6.653843E-18	-4.395315E+17	-2.300658E-7	0.000000E+0	5.141128E-8	2.283536E-7	0.000000E+0	0.000000E+0	0.000000E+0
6.505740E+5	-4.326490E+6	2.772000E+0	-3.127958E+17	-2.708644E-18	1.872570E-6	0.000000E+0	3.398715E-8	2.260236E-7	0.000000E+0	0.000000E+0	0.000000E+0
4.678987E+5	-4.376358E+6	2.696000E+0	2.587905E+17	2.524367E-18	1.421577E-6	0.000000E+0	2.415405E-8	2.259181E-7	0.000000E+0	0.000000E+0	0.000000E+0
3.903174E+5	-4.430209E+6	2.620000E+0	-5.351627E-18	5.229140E+17	1.481341E-6	0.000000E+0	1.973383E-8	2.239844E-7	0.000000E+0	0.000000E+0	0.000000E+0
3.216287E+5	-4.499959E+6	2.544000E+0	3.389543E+17	1.295985E-19	1.541091E-6	0.000000E+0	1.580246E-8	2.210948E-7	0.000000E+0	0.000000E+0	0.000000E+0
2.432274E+5	-4.494075E+6	2.468000E+0	5.768137E-19	5.234688E+17	1.090099E-6	0.000000E+0	1.200775E-8	2.218653E-7	0.000000E+0	0.000000E+0	0.000000E+0
1.949353E+5	-4.500380E+6	2.392000E+0	-2.769006E-18	2.287397E+15	3.703462E-6	0.000000E+0	9.606785E-9	2.217873E-7	0.000000E+0	0.000000E+0	0.000000E+0
1.690584E+5	-4.483663E+6	2.316000E+0	-1.980568E+17	1.958093E+16	6.988557E-7	0.000000E+0	8.397574E-9	2.227153E-7	0.000000E+0	0.000000E+0	0.000000E+0
1.726500E+5	-4.550781E+6	2.241000E+0	2.915631E-18	5.325189E+16	-2.905290E-7	0.000000E+0	8.324728E-9	2.194267E-7	0.000000E+0	0.000000E+0	0.000000E+0
1.461131E+5	-4.535466E+6	2.165000E+0	2.579782E+17	4.569569E-19	1.812092E-6	0.000000E+0	7.095693E-9	2.202559E-7	0.000000E+0	0.000000E+0	0.000000E+0
1.499490E+5	-4.590947E+6	2.089000E+0	5.241928E+17	-4.156389E-18	-2.724657E-6	0.000000E+0	7.106831E-9	2.175879E-7	0.000000E+0	0.000000E+0	0.000000E+0
1.525699E+5	-4.567620E+6	2.013000E+0	-2.680121E+17	-5.492346E+17	9.101495E-7	0.000000E+0	7.304738E-9	2.186884E-7	0.000000E+0	0.000000E+0	0.000000E+0
1.517872E+5	-4.643785E+6	1.937000E+0	4.712699E-18	4.035830E-18	2.502064E-6	0.000000E+0	7.031163E-9	2.151118E-7	0.000000E+0	0.000000E+0	0.000000E+0
1.761562E+5	-4.667376E+6	1.861000E+0	4.020355E+17	1.810141E+17	8.163624E-9	0.000000E+0	8.074844E-9	2.139484E-7	0.000000E+0	0.000000E+0	0.000000E+0
1.625925E+5	-4.660118E+6	1.785000E+0	9.183430E+16	2.296609E-18	6.792106E-8	0.000000E+0	7.477877E-9	2.143259E-7	0.000000E+0	0.000000E+0	0.000000E+0
2.035118E+5	-4.690245E+6	1.709000E+0	5.519484E-18	1.673219E-18	2.170556E-6	0.000000E+0	9.233825E-9	2.128078E-7	0.000000E+0	0.000000E+0	0.000000E+0
1.467451E+5	-4.714183E+6	1.633000E+0	5.364297E+17	-2.871880E+17	2.230307E-6	0.000000E+0	6.596751E-9	2.119205E-7	0.000000E+0	0.000000E+0	0.000000E+0
1.495959E+5	-4.758113E+6	1.557000E+0	5.230660E-18	8.421242E+16	7.578637E-7	0.000000E+0	6.601173E-9	2.099598E-7	0.000000E+0	0.000000E+0	0.000000E+0
9.235595E+4	-4.811641E+6	1.481000E+0	7.433461E+16	-3.421229E+17	1.839042E-6	0.000000E+0	3.987663E-9	2.077528E-7	0.000000E+0	0.000000E+0	0.000000E+0
1.707948E+5	-4.868383E+6	1.405000E+0	-2.820974E+17	-3.562313E+17	1.388078E-6	0.000000E+0	7.197323E-9	2.051545E-7	0.000000E+0	0.000000E+0	0.000000E+0
1.835563E+5	-4.872052E+6	1.329000E+0	1.000945E+17	-5.707470E+17	-8.437200E-8	0.000000E+0	7.721994E-9	2.049614E-7	0.000000E+0	0.000000E+0	0.000000E+0
1.467625E+5	-4.971348E+6	1.253000E+0	-5.196808E+17	2.162502E-18	-2.461456E-8	0.000000E+0	5.933192E-9	2.009775E-7	0.000000E+0	0.000000E+0	0.000000E+0
1.289248E+5	-4.943826E+6	1.177000E+0	-1.554791E+17	3.966226E+17	3.610192E-6	0.000000E+0	5.271265E-9	2.021350E-7	0.000000E+0	0.000000E+0	0.000000E+0
1.818582E+5	-5.003762E+6	1.101000E+0	2.547933E-18	-3.572836E+16	1.116321E-6	0.000000E+0	7.253812E-9	1.995860E-7	0.000000E+0	0.000000E+0	0.000000E+0
1.877243E+5	-5.060398E+6	1.025000E+0	-6.904437E-18	-8.375564E+16	6.653281E-7	0.000000E+0	7.320722E-9	1.973413E-7	0.000000E+0	0.000000E+0	0.000000E+0
1.648718E+5	-5.091860E+6	9.490000E-1	-4.524460E+17	2.055323E+17	-1.317836E-6	0.000000E+0	6.352408E-9	1.961862E-7	0.000000E+0	0.000000E+0	0.000000E+0
2.258285E+5	-5.168090E+6	8.730000E-1	-3.570583E-19	6.323277E-18	7.848030E-7	0.000000E+0	8.438984E-9	1.931263E-7	0.000000E+0	0.000000E+0	0.000000E+0
1.669168E+5	-5.174874E+6	7.970000E-1	4.707512E+17	-3.197573E+17	3.398156E-6	0.000000E+0	6.226570E-9	1.930406E-7	0.000000E+0	0.000000E+0	0.000000E+0
1.736877E+5	-5.237101E+6	7.220000E-1	1.388541E-18	6.784146E-18	8.766110E-7	0.000000E+0	6.325717E-9	1.907355E-7	0.000000E+0	0.000000E+0	0.000000E+0
2.036227E+5	-5.310436E+6	6.460000E-1	4.766215E-20	4.558795E+17	2.979250E-6	0.000000E+0	7.209876E-9	1.880320E-7	0.000000E+0	0.000000E+0	0.000000E+0
1.961526E+5	-5.316578E+6	5.700000E-1	-5.584540E-18	-6.440456E-18	9.960895E-7	0.000000E+0	6.930091E-9	1.878352E-7	0.000000E+0	0.000000E+0	0.000000E+0
2.167199E+5	-5.396868E+6	4.940000E-1	-4.313450E+17	4.857998E-18	1.055841E-6	0.000000E+0	7.428745E-9	1.849943E-7	0.000000E+0	0.000000E+0	0.000000E+0
1.955290E+5	-5.374797E+6	4.180000E-1	4.155979E+17	-2.188149E-18	2.647737E-6	0.000000E+0	6.759470E-9	1.858076E-7	0.000000E+0	0.000000E+0	0.000000E+0
2.086977E+5	-5.451920E+6	3.420000E-1	-3.411811E-18	5.558819E-18	1.175318E-6	0.000000E+0	7.011046E-9	1.831532E-7	0.000000E+0	0.000000E+0	0.000000E+0
2.643284E+5	-5.522671E+6	2.660000E-1	-3.021231E-18	3.036828E-18	1.235072E-6	0.000000E+0	8.646727E-9	1.806580E-7	0.000000E+0	0.000000E+0	0.000000E+0
2.317158E+5	-5.492062E+6	1.900000E-1	-1.067025E+17	-5.230656E+17	3.337707E-6	0.000000E+0	7.668535E-9	1.817574E-7	0.000000E+0	0.000000E+0	0.000000E+0
2.314507E+5	-5.530469E+6	1.140000E-1	-4.715167E+17	-5.436425E+17	1.865261E-6	0.000000E+0	7.553959E-9	1.805004E-7	0.000000E+0	0.000000E+0	0.000000E+0
2.154141E+5	-5.536053E+6	3.800000E-2	-3.453602E+17	4.406614E-18	3.457184E-6	0.000000E+0	7.018052E-9	1.803610E-7	0.000000E+0	0.000000E+0	0.000000E+0
2.200161E+5	-5.565253E+6	-3.800000E-2	-9.427510E-19	-9.422141E-19	4.525657E-7	0.000000E+0	7.092615E-9	1.794060E-7	0.000000E+0	0.000000E+0	0.000000E+0
3.009598E+5	-5.647073E+6	-1.140000E-1	-4.717429E+17	-4.925467E+17	5.123184E-7	0.000000E+0	9.410873E-9	1.765813E-7	0.000000E+0	0.000000E+0	0.000000E+0
2.516825E+5	-5.499375E+6	-1.900000E-1	-2.949193E+17	-4.901914E-18	5.720422E-7	0.000000E+0	8.304580E-9	1.814588E-7	0.000000E+0	0.000000E+0	0.000000E+0
2.814549E+5	-5.609996E+6	-2.660000E-1	-1.478400E+17	2.700588E+17	4.206850E-6	0.000000E+0	8.920556E-9	1.778057E-7	0.000000E+0	0.000000E+0	0.000000E+0
2.152797E+5	-5.590338E+6	-3.420000E-1	-2.726899E+17	1.903750E-18	3.245146E-6	0.000000E+0	6.878336E-9	1.786152E-7	0.000000E+0	0.000000E+0	0.000000E+0
2.395965E+5	-5.580397E+6	-4.180000E-1	-1.696221E+17	-6.427781E-19	3.304898E-6	0.000000E+0	7.679809E-9	1.788690E-7	0.000000E+0	0.000000E+0	0.000000E+0
2.347264E+5	-5.609702E+6	-4.940000E-1	2.833723E-18	-1.599031E-19	2.853909E-6	0.000000E+0	7.445993E-9	1.779510E-7	0.000000E+0	0.000000E+0	0.000000E+0
2.750403E+5	-5.588167E+6	-5.700000E-1	-4.319920E+17	-4.172230E+17	2.913661E-6	0.000000E+0	8.786316E-9	1.785171E-7	0.000000E+0	0.000000E+0	0.000000E+0
2.491405E+5	-5.655292E+6	-6.460000E-1	-5.506670E-18	3.318154E+17	1.951928E-6	0.000000E+0	7.774853E-9	1.764830E-7	0.000000E+0	0.000000E+0	0.000000E+0
2.542766E+5	-5.660158E+6	-7.220000E-1	4.410889E+17	3.939340E-18	5.076025E-6	0.000000E+0	7.920885E-9	1.763177E-7	0.000000E+0	0.000000E+0	0.000000E+0
2.723742E+5	-5.612881E+6	-7.970000E-1	1.829862E+17	1.861957E+17	4.086651E-6	0.000000E+0	8.625272E-9	1.777431E-7	0.000000E+0	0.000000E+0	0.000000E+0
2.510731E+5	-5.669254E+6	-8.730000E-1	-1.333488E-18	6.138991E-18	2.103490E-6	0.000000E+0	7.796459E-9	1.760448E-7	0.000000E+0	0.000000E+0	0.000000E+0
3.424936E+5	-5.565800E+6	-9.490000E-1	-1.774996E-18	1.794108E-18	2.163244E-6	0.000000E+0	1.101427E-8	1.789909E-7	0.000000E+0	0.000000E+0	0.000000E+0
2.610575E+5	-5.536727E+6	-1.025000E+0	-7.957825E+16	-3.386204E-18	3.244422E-6	0.000000E+0	8.496998E-9	1.802115E-7	0.000000E+0	0.000000E+0	0.000000E+0
3.154281E+5	-5.546738E+6	-1.101000E+0	2.088242E+17	-2.195880E+17	2.282715E-6	0.000000E+0	1.021934E-8	1.797050E-7	0.000000E+0	0.000000E+0	0.000000E+0
3.112349E+5	-5.512852E+6	-1.177000E+0	5.232665E+17	-3.553127E+17	8.102725E-7	0.000000E+0	1.020830E-8	1.808180E-7	0.000000E+0	0.000000E+0	0.000000E+0
3.582749E+5	-5.506257E+6	-1.253000E+0	-1.291944E-18	-5.341499E-18	-1.683606E-6	0.000000E+0	1.176708E-8	1.808459E-7	0.000000E+0	0.000000E+0	0.000000E+0
3.573401E+5	-5.544758E+6	-1.329000E+0	-5.203440E-18	3.830366E-18	1.440465E-6	0.000000E+0	1.157488E-8	1.796046E-7	0.000000E+0	0.000000E+0	0.000000E+0
3.007269E+5	-5.522076E+6	-1.405000E+0	3.093325E+17	-1.518024E+17	4.053814E-6	0.000000E+0	9.832895E-9	1.805558E-7	0.000000E+0	0.000000E+0	0.000000E+0
3.570387E+5	-5.470079E+6	-1.481000E+0	1.311717E+15	4.724009E-18	1.559965E-6	0.000000E+0	1.188179E-8	1.820372E-7	0.000000E+0	0.000000E+0	0.000000E+0
3.751407E+5	-5.454588E+6	-1.557000E+0	-1.009562E-18	-5.687651E-18	3.662601E-6	0.000000E+0	1.254934E-8	1.824688E-7	0.000000E+0	0.000000E+0	0.000000E+0
3.907699E+5	-5.439257E+6	-1.633000E+0	-6.256277E-18	1.220246E+17	3.722329E-6	0.000000E+0	1.314033E-8	1.829046E-7	0.000000E+0	0.000000E+0	0.000000E+0
3.587741E+5	-5.422206E+6	-1.709000E+0	2.692530E+17	-2.999069E+17	2.069937E-7	0.000000E+0	1.214987E-8	1.836229E-7	0.000000E+0	0.000000E+0	0.000000E+0
3.636260E+5	-5.499922E+6	-1.785000E+0	-4.013414E-19	-2.241021E+17	2.667148E-7	0.000000E+0	1.196872E-8	1.810295E-7	0.000000E+0	0.000000E+0	0.000000E+0
4.107284E+5	-5.409619E+6	-1.861000E+0	8.607211E+16	2.393421E-17	1.858643E-6	0.000000E+0	1.395484E-8	1.837964E-7	0.000000E+0	0.000000E+0	0.000000E+0
4.185873E+5	-5.398401E+6	-1.937000E+0	2.127762E-18	3.276064E+15	3.450572E-6	0.000000E+0	1.427751E-8	1.841330E-7	0.000000E+0	0.000000E+0	0.000000E+0
4.283784E+5	-5.419531E+6	-2.013000E+0	-4.960950E+17	-4.576442E+17	1.978144E-6	0.000000E+0	1.449436E-8	1.833721E-7	0.000000E+0	0.000000E+0	0.000000E+0
3.998055E+5	-5.436751E+6	-2.089000E+0	-6.504745E+16	2.346697E+17	4.591493E-6	0.000000E+0	1.345326E-8	1.829441E-7	0.000000E+0	0.000000E+0	0.000000E+0
3.755212E+5	-5.398381E+6	-2.165000E+0	5.739126E-18	5.135446E+17	5.468610E-8	0.000000E+0	1.282363E-8	1.843487E-7	0.000000E+0	0.000000E+0	0.000000E+0
3.814391E+5	-5.361192E+6	-2.241000E+0	-5.522322E-18	3.493290E-18	4.200221E-6	0.000000E+0	1.320412E-8	1.855862E-7	0.000000E+0	0.000000E+0	0.000000E+0
3.884663E+5	-5.387660E+6	-2.316000E+0	2.906916E+17	-1.493182E-18	2.189438E-6	0.000000E+0	1.331377E-8	1.846494E-7	0.000000E+0	0.000000E+0	0.000000E+0
4.059767E+5	-5.369115E+6	-2.392000E+0	-3.086734E-18	4.664198E-18	4.292058E-6	0.000000E+0	1.400296E-8	1.851916E-7	0.000000E+0	0.000000E+0	0.000000E+0
4.165681E+5	-5.370676E+6	-2.468000E+0	6.288337E-18	-3.925935E-18	2.308880E-6	0.000000E+0	1.435566E-8	1.850828E-7	0.000000E+0	0.000000E+0	0.000000E+0
3.897681E+5	-5.307144E+6	-2.544000E+0	8.250878E-19	2.835790E+17	3.900801E-6	0.000000E+0	1.376412E-8	1.874144E-7	0.000000E+0	0.000000E+0	0.000000E+0
3.948504E+5	-5.296924E+6	-2.620000E+0	4.553607E+17	-2.686618E+17	2.939094E-6	0.000000E+0	1.399518E-8	1.877456E-7	0.000000E+0	0.000000E+0	0.000000E+0
4.185213E+5	-5.289784E+6	-2.696000E+0	2.517966E+17	3.793721E+16	2.998830E-6	0.000000E+0	1.486386E-8	1.878676E-7	0.000000E+0	0.000000E+0	0.000000E+0
3.979999E+5	-5.253822E+6	-2.772000E+0	-6.627993E-18	6.447512E-18	5.612237E-6	0.000000E+0	1.433663E-8	1.892516E-7	0.000000E+0	0.000000E+0	0.000000E+0
4.086882E+5	-5.210400E+6	-2.848000E+0	-5.704677E+17	6.512875E+16	4.139758E-6	0.000000E+0	1.496188E-8	1.907503E-7	0.000000E+0	0.000000E+0	0.000000E+0
3.753911E+5	-5.188920E+6	-2.924000E+0	-4.916206E+17	6.689525E-18	1.645909E-6	0.000000E+0	1.386957E-8	1.917149E-7	0.000000E+0	0.000000E+0	0.000000E+0
3.754851E+5	-5.184502E+6	-3.000000E+0	-3.567359E+17	-4.286482E-18	3.748544E-6	0.000000E+0	1.389654E-8	1.918761E-7	0.000000E+0	0.000000E+0	0.000000E+0
