Real / Ohm	Ximag / Ohm	V_DC / V	I_a c / A	V_ac / V	I_DC / A
1.856895E+1	1.064077E+0	-2.000000E+0	-3.567359E+17	-4.286482E-18	-3.262346E-2	1.000000E+6	5.367708E-2	-3.075917E-3	0.000000E+0	0.000000E+0	0.000000E+0
1.889357E+1	1.056154E+0	-1.949000E+0	-4.916206E+17	6.689525E-18	-3.147063E-2	0.000000E+0	5.276318E-2	-2.949472E-3	0.000000E+0	0.000000E+0	0.000000E+0
1.923198E+1	1.049689E+0	-1.899000E+0	-5.704677E+17	6.512875E+16	-3.037293E-2	0.000000E+0	5.184229E-2	-2.829572E-3	0.000000E+0	0.000000E+0	0.000000E+0
1.960931E+1	1.043294E+0	-1.848000E+0	-6.627993E-18	6.447512E-18	-2.924309E-2	0.000000E+0	5.085224E-2	-2.705543E-3	0.000000E+0	0.000000E+0	0.000000E+0
1.984594E+1	1.068800E+0	-1.797000E+0	2.517966E+17	3.793721E+16	-2.812244E-2	0.000000E+0	5.024242E-2	-2.705798E-3	0.000000E+0	0.000000E+0	0.000000E+0
2.035880E+1	1.037558E+0	-1.747000E+0	4.553607E+17	-2.686618E+17	-2.703138E-2	0.000000E+0	4.899156E-2	-2.496787E-3	0.000000E+0	0.000000E+0	0.000000E+0
2.093187E+1	1.010638E+0	-1.696000E+0	8.250878E-19	2.835790E+17	-2.594291E-2	0.000000E+0	4.766293E-2	-2.301274E-3	0.000000E+0	0.000000E+0	0.000000E+0
2.149172E+1	9.914036E-1	-1.646000E+0	6.288337E-18	-3.925935E-18	-2.488250E-2	0.000000E+0	4.643075E-2	-2.141830E-3	0.000000E+0	0.000000E+0	0.000000E+0
2.211096E+1	9.594460E-1	-1.595000E+0	-3.086734E-18	4.664198E-18	-2.382160E-2	0.000000E+0	4.514144E-2	-1.958792E-3	0.000000E+0	0.000000E+0	0.000000E+0
2.277214E+1	9.338837E-1	-1.544000E+0	2.906916E+17	-1.493182E-18	-2.276735E-2	0.000000E+0	4.383958E-2	-1.797858E-3	0.000000E+0	0.000000E+0	0.000000E+0
2.348680E+1	9.057446E-1	-1.494000E+0	-5.522322E-18	3.493290E-18	-2.174779E-2	0.000000E+0	4.251388E-2	-1.639505E-3	0.000000E+0	0.000000E+0	0.000000E+0
2.429334E+1	8.835487E-1	-1.443000E+0	5.739126E-18	5.135446E+17	-2.072928E-2	0.000000E+0	4.110917E-2	-1.495140E-3	0.000000E+0	0.000000E+0	0.000000E+0
2.519878E+1	8.550167E-1	-1.392000E+0	-6.504745E+16	2.346697E+17	-1.972406E-2	0.000000E+0	3.963882E-2	-1.344980E-3	0.000000E+0	0.000000E+0	0.000000E+0
2.621735E+1	8.360310E-1	-1.342000E+0	-4.960950E+17	-4.576442E+17	-1.876068E-2	0.000000E+0	3.810393E-2	-1.215076E-3	0.000000E+0	0.000000E+0	0.000000E+0
2.742100E+1	8.123341E-1	-1.291000E+0	2.127762E-18	3.276064E+15	-1.779887E-2	0.000000E+0	3.643642E-2	-1.079412E-3	0.000000E+0	0.000000E+0	0.000000E+0
2.879273E+1	7.933865E-1	-1.241000E+0	8.607211E+16	2.393421E-17	-1.688044E-2	0.000000E+0	3.470464E-2	-9.562897E-4	0.000000E+0	0.000000E+0	0.000000E+0
3.045653E+1	7.714062E-1	-1.190000E+0	-4.013414E-19	-2.241021E+17	-1.596254E-2	0.000000E+0	3.281263E-2	-8.310818E-4	0.000000E+0	0.000000E+0	0.000000E+0
3.241689E+1	7.395897E-1	-1.139000E+0	2.692530E+17	-2.999069E+17	-1.507785E-2	0.000000E+0	3.083207E-2	-7.034321E-4	0.000000E+0	0.000000E+0	0.000000E+0
3.468338E+1	7.018757E-1	-1.089000E+0	-6.256277E-18	1.220246E+17	-1.423654E-2	0.000000E+0	2.882045E-2	-5.832296E-4	0.000000E+0	0.000000E+0	0.000000E+0
3.739563E+1	6.489105E-1	-1.038000E+0	-1.009562E-18	-5.687651E-18	-1.341466E-2	0.000000E+0	2.673304E-2	-4.638871E-4	0.000000E+0	0.000000E+0	0.000000E+0
4.047588E+1	5.665836E-1	-9.870000E-1	1.311717E+15	4.724009E-18	-1.263313E-2	0.000000E+0	2.470123E-2	-3.457692E-4	0.000000E+0	0.000000E+0	0.000000E+0
4.374918E+1	4.604836E-1	-9.370000E-1	3.093325E+17	-1.518024E+17	-1.190571E-2	0.000000E+0	2.285504E-2	-2.405616E-4	0.000000E+0	0.000000E+0	0.000000E+0
4.707019E+1	3.324051E-1	-8.860000E-1	-5.203440E-18	3.830366E-18	-1.119466E-2	0.000000E+0	2.124381E-2	-1.500217E-4	0.000000E+0	0.000000E+0	0.000000E+0
5.004259E+1	1.836472E-1	-8.350000E-1	-1.291944E-18	-5.341499E-18	-1.052447E-2	0.000000E+0	1.998271E-2	-7.333291E-5	0.000000E+0	0.000000E+0	0.000000E+0
5.227473E+1	4.751968E-2	-7.850000E-1	5.232665E+17	-3.553127E+17	-9.881830E-3	0.000000E+0	1.912969E-2	-1.738960E-5	0.000000E+0	0.000000E+0	0.000000E+0
5.366393E+1	-6.260681E-2	-7.340000E-1	2.088242E+17	-2.195880E+17	-9.244323E-3	0.000000E+0	1.863447E-2	2.173982E-5	0.000000E+0	0.000000E+0	0.000000E+0
5.422767E+1	-1.453896E-1	-6.840000E-1	-7.957825E+16	-3.386204E-18	-8.627731E-3	0.000000E+0	1.844064E-2	4.944112E-5	0.000000E+0	0.000000E+0	0.000000E+0
5.419500E+1	-1.951942E-1	-6.330000E-1	-1.774996E-18	1.794108E-18	-7.999929E-3	0.000000E+0	1.845165E-2	6.645732E-5	0.000000E+0	0.000000E+0	0.000000E+0
5.380547E+1	-2.276649E-1	-5.820000E-1	-1.333488E-18	6.138991E-18	-7.368040E-3	0.000000E+0	1.858514E-2	7.863854E-5	0.000000E+0	0.000000E+0	0.000000E+0
5.327035E+1	-2.465515E-1	-5.320000E-1	1.829862E+17	1.861957E+17	-6.747361E-3	0.000000E+0	1.877177E-2	8.688149E-5	0.000000E+0	0.000000E+0	0.000000E+0
5.269949E+1	-2.518806E-1	-4.810000E-1	4.410889E+17	3.939340E-18	-6.114963E-3	0.000000E+0	1.897508E-2	9.069263E-5	0.000000E+0	0.000000E+0	0.000000E+0
5.216727E+1	-2.688141E-1	-4.300000E-1	-5.506670E-18	3.318154E+17	-5.471329E-3	0.000000E+0	1.916860E-2	9.877438E-5	0.000000E+0	0.000000E+0	0.000000E+0
5.173597E+1	-2.724724E-1	-3.800000E-1	-4.319920E+17	-4.172230E+17	-4.836861E-3	0.000000E+0	1.932838E-2	1.017947E-4	0.000000E+0	0.000000E+0	0.000000E+0
5.140082E+1	-2.793159E-1	-3.290000E-1	2.833723E-18	-1.599031E-19	-4.189141E-3	0.000000E+0	1.945437E-2	1.057165E-4	0.000000E+0	0.000000E+0	0.000000E+0
5.120935E+1	-2.900772E-1	-2.780000E-1	-1.696221E+17	-6.427781E-19	-3.537335E-3	0.000000E+0	1.952706E-2	1.106117E-4	0.000000E+0	0.000000E+0	0.000000E+0
5.114994E+1	-3.011475E-1	-2.280000E-1	-2.726899E+17	1.903750E-18	-2.900823E-3	0.000000E+0	1.954969E-2	1.150996E-4	0.000000E+0	0.000000E+0	0.000000E+0
5.124151E+1	-3.180199E-1	-1.770000E-1	-1.478400E+17	2.700588E+17	-2.249529E-3	0.000000E+0	1.951468E-2	1.211138E-4	0.000000E+0	0.000000E+0	0.000000E+0
5.146214E+1	-3.339996E-1	-1.270000E-1	-2.949193E+17	-4.901914E-18	-1.610464E-3	0.000000E+0	1.943094E-2	1.261107E-4	0.000000E+0	0.000000E+0	0.000000E+0
5.183755E+1	-3.553581E-1	-7.600000E-2	-4.717429E+17	-4.925467E+17	-9.622333E-4	0.000000E+0	1.929013E-2	1.322382E-4	0.000000E+0	0.000000E+0	0.000000E+0
5.235234E+1	-3.740807E-1	-2.500000E-2	-9.427510E-19	-9.422141E-19	-3.160456E-4	0.000000E+0	1.910037E-2	1.364806E-4	0.000000E+0	0.000000E+0	0.000000E+0
5.298302E+1	-4.035416E-1	2.500000E-2	-3.453602E+17	4.406614E-18	3.133158E-4	0.000000E+0	1.887288E-2	1.437440E-4	0.000000E+0	0.000000E+0	0.000000E+0
5.374017E+1	-4.320641E-1	7.600000E-2	-4.715167E+17	-5.436425E+17	9.452029E-4	0.000000E+0	1.860685E-2	1.495967E-4	0.000000E+0	0.000000E+0	0.000000E+0
5.459143E+1	-4.649506E-1	1.270000E-1	-1.067025E+17	-5.230656E+17	1.570961E-3	0.000000E+0	1.831656E-2	1.560006E-4	0.000000E+0	0.000000E+0	0.000000E+0
5.551003E+1	-5.057640E-1	1.770000E-1	-3.021231E-18	3.036828E-18	2.179382E-3	0.000000E+0	1.801327E-2	1.641228E-4	0.000000E+0	0.000000E+0	0.000000E+0
5.651773E+1	-5.473938E-1	2.280000E-1	-3.411811E-18	5.558819E-18	2.788287E-3	0.000000E+0	1.769190E-2	1.713522E-4	0.000000E+0	0.000000E+0	0.000000E+0
5.756728E+1	-5.882301E-1	2.780000E-1	4.155979E+17	-2.188149E-18	3.384962E-3	0.000000E+0	1.736917E-2	1.774804E-4	0.000000E+0	0.000000E+0	0.000000E+0
5.866725E+1	-6.293755E-1	3.290000E-1	-4.313450E+17	4.857998E-18	3.975481E-3	0.000000E+0	1.704332E-2	1.828388E-4	0.000000E+0	0.000000E+0	0.000000E+0
5.979189E+1	-6.729851E-1	3.800000E-1	-5.584540E-18	-6.440456E-18	4.565488E-3	0.000000E+0	1.672256E-2	1.882200E-4	0.000000E+0	0.000000E+0	0.000000E+0
6.089041E+1	-7.098808E-1	4.300000E-1	4.766215E-20	4.558795E+17	5.132541E-3	0.000000E+0	1.642072E-2	1.914382E-4	0.000000E+0	0.000000E+0	0.000000E+0
6.201797E+1	-7.625084E-1	4.810000E-1	1.388541E-18	6.784146E-18	5.704674E-3	0.000000E+0	1.612192E-2	1.982184E-4	0.000000E+0	0.000000E+0	0.000000E+0
6.312000E+1	-8.093338E-1	5.320000E-1	4.707512E+17	-3.197573E+17	6.267102E-3	0.000000E+0	1.584023E-2	2.031058E-4	0.000000E+0	0.000000E+0	0.000000E+0
6.412292E+1	-8.491211E-1	5.820000E-1	-3.570583E-19	6.323277E-18	6.810661E-3	0.000000E+0	1.559231E-2	2.064747E-4	0.000000E+0	0.000000E+0	0.000000E+0
6.505878E+1	-8.853836E-1	6.330000E-1	-4.524460E+17	2.055323E+17	7.365429E-3	0.000000E+0	1.536787E-2	2.091410E-4	0.000000E+0	0.000000E+0	0.000000E+0
6.585579E+1	-9.212608E-1	6.840000E-1	-6.904437E-18	-8.375564E+16	7.910494E-3	0.000000E+0	1.518172E-2	2.123781E-4	0.000000E+0	0.000000E+0	0.000000E+0
6.643706E+1	-9.406509E-1	7.340000E-1	2.547933E-18	-3.572836E+16	8.440262E-3	0.000000E+0	1.504882E-2	2.130692E-4	0.000000E+0	0.000000E+0	0.000000E+0
6.672775E+1	-9.455490E-1	7.850000E-1	-1.554791E+17	3.966226E+17	8.973580E-3	0.000000E+0	1.498326E-2	2.123166E-4	0.000000E+0	0.000000E+0	0.000000E+0
6.667151E+1	-9.318428E-1	8.350000E-1	-5.196808E+17	2.162502E-18	9.497732E-3	0.000000E+0	1.499598E-2	2.095932E-4	0.000000E+0	0.000000E+0	0.000000E+0
6.618222E+1	-8.896751E-1	8.860000E-1	1.000945E+17	-5.707470E+17	1.003667E-2	0.000000E+0	1.510707E-2	2.030815E-4	0.000000E+0	0.000000E+0	0.000000E+0
6.520567E+1	-8.109703E-1	9.370000E-1	-2.820974E+17	-3.562313E+17	1.057918E-2	0.000000E+0	1.533372E-2	1.907072E-4	0.000000E+0	0.000000E+0	0.000000E+0
6.353571E+1	-7.062531E-1	9.870000E-1	7.433461E+16	-3.421229E+17	1.110741E-2	0.000000E+0	1.573724E-2	1.749327E-4	0.000000E+0	0.000000E+0	0.000000E+0
6.117078E+1	-5.443573E-1	1.038000E+0	5.230660E-18	8.421242E+16	1.166933E-2	0.000000E+0	1.634638E-2	1.454660E-4	0.000000E+0	0.000000E+0	0.000000E+0
5.826161E+1	-3.385048E-1	1.089000E+0	5.364297E+17	-2.871880E+17	1.217303E-2	0.000000E+0	1.716338E-2	9.972067E-5	0.000000E+0	0.000000E+0	0.000000E+0
5.507853E+1	-1.342392E-1	1.139000E+0	5.519484E-18	1.673219E-18	1.271404E-2	0.000000E+0	1.815579E-2	4.424988E-5	0.000000E+0	0.000000E+0	0.000000E+0
5.083704E+1	1.737328E-1	1.190000E+0	9.183430E+16	2.296609E-18	1.327851E-2	0.000000E+0	1.967047E-2	-6.722274E-5	0.000000E+0	0.000000E+0	0.000000E+0
4.658455E+1	5.999565E-1	1.241000E+0	4.020355E+17	1.810141E+17	1.388792E-2	0.000000E+0	2.146278E-2	-2.764165E-4	0.000000E+0	0.000000E+0	0.000000E+0
4.233150E+1	8.156548E-1	1.291000E+0	4.712699E-18	4.035830E-18	1.450707E-2	0.000000E+0	2.361430E-2	-4.550068E-4	0.000000E+0	0.000000E+0	0.000000E+0
3.997729E+1	1.067570E+0	1.342000E+0	-2.680121E+17	-5.492346E+17	1.517113E-2	0.000000E+0	2.499638E-2	-6.675135E-4	0.000000E+0	0.000000E+0	0.000000E+0
3.498441E+1	1.363600E+0	1.392000E+0	5.241928E+17	-4.156389E-18	1.576627E-2	0.000000E+0	2.854080E-2	-1.112445E-3	0.000000E+0	0.000000E+0	0.000000E+0
3.015598E+1	1.687599E+0	1.443000E+0	2.579782E+17	4.569569E-19	1.660245E-2	0.000000E+0	3.305739E-2	-1.849969E-3	0.000000E+0	0.000000E+0	0.000000E+0
2.528092E+1	1.959372E+0	1.494000E+0	2.915631E-18	5.325189E+16	1.753515E-2	0.000000E+0	3.931934E-2	-3.047405E-3	0.000000E+0	0.000000E+0	0.000000E+0
2.061425E+1	2.199345E+0	1.544000E+0	-1.980568E+17	1.958093E+16	1.856288E-2	0.000000E+0	4.796416E-2	-5.117321E-3	0.000000E+0	0.000000E+0	0.000000E+0
1.579326E+1	2.325876E+0	1.595000E+0	-2.769006E-18	2.287397E+15	1.970447E-2	0.000000E+0	6.197403E-2	-9.126925E-3	0.000000E+0	0.000000E+0	0.000000E+0
1.184555E+1	2.320979E+0	1.646000E+0	5.768137E-19	5.234688E+17	2.108252E-2	0.000000E+0	8.129873E-2	-1.592941E-2	0.000000E+0	0.000000E+0	0.000000E+0
9.252577E+0	2.210974E+0	1.696000E+0	3.389543E+17	1.295985E-19	2.260616E-2	0.000000E+0	1.022400E-1	-2.443103E-2	0.000000E+0	0.000000E+0	0.000000E+0
8.172594E+0	2.005680E+0	1.747000E+0	-5.351627E-18	5.229140E+17	2.426052E-2	0.000000E+0	1.154092E-1	-2.832319E-2	0.000000E+0	0.000000E+0	0.000000E+0
8.099815E+0	1.790295E+0	1.797000E+0	2.587905E+17	2.524367E-18	2.596700E-2	0.000000E+0	1.177091E-1	-2.601713E-2	0.000000E+0	0.000000E+0	0.000000E+0
8.203968E+0	2.060213E+0	1.848000E+0	-3.127958E+17	-2.708644E-18	2.761370E-2	0.000000E+0	1.146613E-1	-2.879421E-2	0.000000E+0	0.000000E+0	0.000000E+0
8.722275E+0	2.450462E+0	1.899000E+0	6.653843E-18	-4.395315E+17	2.605968E-2	0.000000E+0	1.062619E-1	-2.985352E-2	0.000000E+0	0.000000E+0	0.000000E+0
9.737766E+0	2.359488E+0	1.949000E+0	-1.137863E-18	-4.190346E+17	3.037852E-2	0.000000E+0	9.699814E-2	-2.350292E-2	0.000000E+0	0.000000E+0	0.000000E+0
1.087342E+1	2.080342E+0	2.000000E+0	-9.275714E-19	-3.780148E-18	3.190979E-2	0.000000E+0	8.871982E-2	-1.697420E-2	0.000000E+0	0.000000E+0	0.000000E+0
