Real / Ohm	Ximag / Ohm	V_DC / V	I_a c / A	V_ac / V	I_DC / A
3.560229E+1	-4.500240E+2	3.000000E+0	-9.275714E-19	-3.753044E-18	1.693348E-6	1.000000E+7	1.747016E-4	2.208283E-3	0.000000E+0	0.000000E+0	0.000000E+0
3.656693E+1	-4.514741E+2	2.924000E+0	-1.137863E-18	-4.190346E+17	7.316412E-7	0.000000E+0	1.782309E-4	2.200531E-3	0.000000E+0	0.000000E+0	0.000000E+0
3.754535E+1	-4.514080E+2	2.848000E+0	6.653843E-18	-4.395667E+17	2.806773E-7	0.000000E+0	1.829884E-4	2.200071E-3	0.000000E+0	0.000000E+0	0.000000E+0
3.845319E+1	-4.507817E+2	2.772000E+0	-3.127958E+17	-2.708653E-18	-1.703156E-7	0.000000E+0	1.878672E-4	2.202343E-3	0.000000E+0	0.000000E+0	0.000000E+0
3.921191E+1	-4.499479E+2	2.696000E+0	2.587907E+17	-4.848260E-18	-6.213086E-7	0.000000E+0	1.922240E-4	2.205728E-3	0.000000E+0	0.000000E+0	0.000000E+0
3.985236E+1	-4.491343E+2	2.620000E+0	-5.351625E-18	2.346836E+17	-5.082984E-8	0.000000E+0	1.960179E-4	2.209113E-3	0.000000E+0	0.000000E+0	0.000000E+0
4.039493E+1	-4.483749E+2	2.544000E+0	3.389541E+17	1.295985E-19	8.920324E-9	0.000000E+0	1.993120E-4	2.212320E-3	0.000000E+0	0.000000E+0	0.000000E+0
4.090158E+1	-4.477562E+2	2.468000E+0	5.785012E-19	5.234688E+17	-2.995701E-6	0.000000E+0	2.023243E-4	2.214876E-3	0.000000E+0	0.000000E+0	0.000000E+0
4.133838E+1	-4.472181E+2	2.392000E+0	4.142783E-18	4.323812E+17	6.391201E-7	0.000000E+0	2.049367E-4	2.217102E-3	0.000000E+0	0.000000E+0	0.000000E+0
4.173727E+1	-4.467496E+2	2.316000E+0	-1.980651E+17	3.078113E+17	1.881126E-7	0.000000E+0	2.073106E-4	2.219023E-3	0.000000E+0	0.000000E+0	0.000000E+0
4.210428E+1	-4.463742E+2	2.241000E+0	2.915631E-18	5.325299E+16	4.306014E-6	0.000000E+0	2.094504E-4	2.220516E-3	0.000000E+0	0.000000E+0	0.000000E+0
4.248947E+1	-4.460246E+2	2.165000E+0	2.579781E+17	4.569569E-19	-7.415074E-7	0.000000E+0	2.116607E-4	2.221865E-3	0.000000E+0	0.000000E+0	0.000000E+0
4.280161E+1	-4.457009E+2	2.089000E+0	5.241928E+17	-4.155966E-18	-2.213943E-6	0.000000E+0	2.134943E-4	2.223155E-3	0.000000E+0	0.000000E+0	0.000000E+0
4.314658E+1	-4.454166E+2	2.013000E+0	-2.680828E+17	-5.132058E+17	3.994355E-7	0.000000E+0	2.154554E-4	2.224218E-3	0.000000E+0	0.000000E+0	0.000000E+0
4.341995E+1	-4.451876E+2	1.937000E+0	1.676929E-18	4.035830E-18	-3.626650E-6	0.000000E+0	2.170159E-4	2.225078E-3	0.000000E+0	0.000000E+0	0.000000E+0
4.375613E+1	-4.449391E+2	1.861000E+0	4.020355E+17	1.810141E+17	5.189067E-7	0.000000E+0	2.189061E-4	2.225971E-3	0.000000E+0	0.000000E+0	0.000000E+0
4.409943E+1	-4.447465E+2	1.785000E+0	9.197504E+16	2.296609E-18	1.600092E-6	0.000000E+0	2.207795E-4	2.226580E-3	0.000000E+0	0.000000E+0	0.000000E+0
4.435123E+1	-4.445243E+2	1.709000E+0	-5.656005E-19	1.659667E-18	6.383852E-7	0.000000E+0	2.222352E-4	2.227423E-3	0.000000E+0	0.000000E+0	0.000000E+0
4.465662E+1	-4.443317E+2	1.633000E+0	5.318052E+17	-2.871878E+17	1.873923E-7	0.000000E+0	2.239270E-4	2.228066E-3	0.000000E+0	0.000000E+0	0.000000E+0
4.492798E+1	-4.441442E+2	1.557000E+0	5.230660E-18	8.421242E+16	-7.743074E-7	0.000000E+0	2.254486E-4	2.228715E-3	0.000000E+0	0.000000E+0	0.000000E+0
4.522751E+1	-4.439456E+2	1.481000E+0	7.431702E+16	-3.376193E+17	-1.225300E-6	0.000000E+0	2.271219E-4	2.229390E-3	0.000000E+0	0.000000E+0	0.000000E+0
4.552200E+1	-4.437218E+2	1.405000E+0	-2.820974E+17	-3.562291E+17	3.666210E-7	0.000000E+0	2.287983E-4	2.230192E-3	0.000000E+0	0.000000E+0	0.000000E+0
4.579727E+1	-4.434755E+2	1.329000E+0	1.001296E+17	-5.707470E+17	-8.437200E-8	0.000000E+0	2.304058E-4	2.231122E-3	0.000000E+0	0.000000E+0	0.000000E+0
4.609326E+1	-4.432398E+2	1.253000E+0	-5.196819E+17	2.155725E-18	-1.046072E-6	0.000000E+0	2.321072E-4	2.231978E-3	0.000000E+0	0.000000E+0	0.000000E+0
4.637622E+1	-4.429943E+2	1.177000E+0	-1.554791E+17	-4.675079E+17	5.458496E-7	0.000000E+0	2.337573E-4	2.232894E-3	0.000000E+0	0.000000E+0	0.000000E+0
4.667099E+1	-4.427132E+2	1.101000E+0	2.547933E-18	-2.672116E+16	9.486394E-8	0.000000E+0	2.355061E-4	2.233972E-3	0.000000E+0	0.000000E+0	0.000000E+0
4.696997E+1	-4.423994E+2	1.025000E+0	-6.904543E-18	-8.375564E+16	6.653281E-7	0.000000E+0	2.373139E-4	2.235205E-3	0.000000E+0	0.000000E+0	0.000000E+0
4.724249E+1	-4.420903E+2	9.490000E-1	-4.524503E+17	2.055147E+17	-8.071220E-7	0.000000E+0	2.389899E-4	2.236442E-3	0.000000E+0	0.000000E+0	0.000000E+0
4.758670E+1	-4.417344E+2	8.730000E-1	-7.975154E-19	6.323277E-18	7.848030E-7	0.000000E+0	2.410750E-4	2.237833E-3	0.000000E+0	0.000000E+0	0.000000E+0
4.789624E+1	-4.413321E+2	7.970000E-1	3.311088E+17	-4.500095E-18	1.865985E-6	0.000000E+0	2.430441E-4	2.239491E-3	0.000000E+0	0.000000E+0	0.000000E+0
4.821094E+1	-4.409019E+2	7.220000E-1	1.388541E-18	6.784133E-18	2.919496E-6	0.000000E+0	2.450754E-4	2.241280E-3	0.000000E+0	0.000000E+0	0.000000E+0
4.853210E+1	-4.404547E+2	6.460000E-1	4.766215E-20	4.558806E+17	-8.509232E-8	0.000000E+0	2.471642E-4	2.243147E-3	0.000000E+0	0.000000E+0	0.000000E+0
4.888901E+1	-4.399083E+2	5.700000E-1	-3.849816E-18	-6.440654E-18	-2.533852E-8	0.000000E+0	2.495490E-4	2.245468E-3	0.000000E+0	0.000000E+0	0.000000E+0
4.922433E+1	-4.393250E+2	4.940000E-1	-4.136209E+17	4.857998E-18	-4.763297E-7	0.000000E+0	2.518777E-4	2.247997E-3	0.000000E+0	0.000000E+0	0.000000E+0
4.957614E+1	-4.387449E+2	4.180000E-1	4.155979E+17	-2.188149E-18	9.413816E-8	0.000000E+0	2.542955E-4	2.250495E-3	0.000000E+0	0.000000E+0	0.000000E+0
4.994153E+1	-4.380447E+2	3.420000E-1	-3.194971E-18	5.558819E-18	-8.675670E-7	0.000000E+0	2.569309E-4	2.253579E-3	0.000000E+0	0.000000E+0	0.000000E+0
5.033447E+1	-4.373292E+2	2.660000E-1	-3.021231E-18	2.522898E+17	1.235072E-6	0.000000E+0	2.597367E-4	2.256713E-3	0.000000E+0	0.000000E+0	0.000000E+0
5.070367E+1	-4.365720E+2	1.900000E-1	4.697494E+17	-4.510080E+17	1.294794E-6	0.000000E+0	2.624876E-4	2.260087E-3	0.000000E+0	0.000000E+0	0.000000E+0
5.108936E+1	-4.357481E+2	1.140000E-1	-4.715167E+17	-5.481549E+17	1.865261E-6	0.000000E+0	2.654178E-4	2.263785E-3	0.000000E+0	0.000000E+0	0.000000E+0
5.155524E+1	-4.348909E+2	3.800000E-2	-3.093320E+17	4.406614E-18	1.925013E-6	0.000000E+0	2.688136E-4	2.267560E-3	0.000000E+0	0.000000E+0	0.000000E+0
5.200320E+1	-4.339615E+2	-3.800000E-2	-9.427576E-19	-9.693192E-19	1.474023E-6	0.000000E+0	2.722297E-4	2.271730E-3	0.000000E+0	0.000000E+0	0.000000E+0
5.242911E+1	-4.331008E+2	-1.140000E-1	-4.717429E+17	-4.925478E+17	1.533746E-6	0.000000E+0	2.754713E-4	2.275584E-3	0.000000E+0	0.000000E+0	0.000000E+0
5.290497E+1	-4.321873E+2	-1.900000E-1	-2.971689E+17	-4.956124E-18	1.593499E-6	0.000000E+0	2.790570E-4	2.279652E-3	0.000000E+0	0.000000E+0	0.000000E+0
5.343069E+1	-4.312866E+2	-2.660000E-1	-1.523436E+17	2.700613E+17	1.653250E-6	0.000000E+0	2.829072E-4	2.283595E-3	0.000000E+0	0.000000E+0	0.000000E+0
5.395139E+1	-4.304902E+2	-3.420000E-1	-2.726899E+17	2.120590E-18	-2.372824E-6	0.000000E+0	2.866209E-4	2.287012E-3	0.000000E+0	0.000000E+0	0.000000E+0
5.451501E+1	-4.298372E+2	-4.180000E-1	-1.696221E+17	-6.410840E-19	7.512699E-7	0.000000E+0	2.903876E-4	2.289633E-3	0.000000E+0	0.000000E+0	0.000000E+0
5.512851E+1	-4.293245E+2	-4.940000E-1	2.833723E-18	-1.599031E-19	8.110237E-7	0.000000E+0	2.942405E-4	2.291458E-3	0.000000E+0	0.000000E+0	0.000000E+0
5.579172E+1	-4.290829E+2	-5.700000E-1	-5.761072E+17	-5.613382E+17	8.707466E-7	0.000000E+0	2.979931E-4	2.291805E-3	0.000000E+0	0.000000E+0	0.000000E+0
5.648761E+1	-4.292596E+2	-6.460000E-1	-5.506674E-18	3.318154E+17	2.462672E-6	0.000000E+0	3.013401E-4	2.289938E-3	0.000000E+0	0.000000E+0	0.000000E+0
5.719653E+1	-4.301149E+2	-7.220000E-1	4.410889E+17	3.940187E-18	1.500968E-6	0.000000E+0	3.038001E-4	2.284561E-3	0.000000E+0	0.000000E+0	0.000000E+0
5.798303E+1	-4.317921E+2	-7.970000E-1	3.887097E+16	1.849291E+17	1.022308E-6	0.000000E+0	3.054850E-4	2.274907E-3	0.000000E+0	0.000000E+0	0.000000E+0
5.886932E+1	-4.346122E+2	-8.730000E-1	-4.775830E-18	6.132215E-18	2.103490E-6	0.000000E+0	3.060478E-4	2.259447E-3	0.000000E+0	0.000000E+0	0.000000E+0
5.983163E+1	-4.390826E+2	-9.490000E-1	-2.208677E-18	1.902529E-18	-3.903842E-7	0.000000E+0	3.046830E-4	2.235958E-3	0.000000E+0	0.000000E+0	0.000000E+0
6.083682E+1	-4.454901E+2	-1.025000E+0	-7.993003E+16	-3.386204E-18	4.265879E-6	0.000000E+0	3.009302E-4	2.203623E-3	0.000000E+0	0.000000E+0	0.000000E+0
6.185022E+1	-4.540200E+2	-1.101000E+0	2.088264E+17	-2.196584E+17	-7.816270E-7	0.000000E+0	2.945815E-4	2.162416E-3	0.000000E+0	0.000000E+0	0.000000E+0
6.290744E+1	-4.647318E+2	-1.177000E+0	-5.319417E+16	-3.192840E+17	2.995585E-7	0.000000E+0	2.860300E-4	2.113061E-3	0.000000E+0	0.000000E+0	0.000000E+0
6.401077E+1	-4.771645E+2	-1.253000E+0	-1.291944E-18	-5.342346E-18	3.423651E-6	0.000000E+0	2.761664E-4	2.058666E-3	0.000000E+0	0.000000E+0	0.000000E+0
6.522208E+1	-4.914715E+2	-1.329000E+0	-6.938164E-18	3.830367E-18	2.461893E-6	0.000000E+0	2.653481E-4	1.999492E-3	0.000000E+0	0.000000E+0	0.000000E+0
6.655765E+1	-5.082226E+2	-1.405000E+0	2.540081E-19	4.246583E+17	3.032386E-6	0.000000E+0	2.533405E-4	1.934464E-3	0.000000E+0	0.000000E+0	0.000000E+0
6.799261E+1	-5.274485E+2	-1.481000E+0	1.311717E+15	5.157902E-18	-9.936630E-7	0.000000E+0	2.404053E-4	1.864929E-3	0.000000E+0	0.000000E+0	0.000000E+0
6.921768E+1	-5.479558E+2	-1.557000E+0	-1.016338E-18	-5.687757E-18	2.130400E-6	0.000000E+0	2.269085E-4	1.796302E-3	0.000000E+0	0.000000E+0	0.000000E+0
7.008655E+1	-5.674600E+2	-1.633000E+0	-6.256269E-18	1.400392E+17	2.190129E-6	0.000000E+0	2.143825E-4	1.735761E-3	0.000000E+0	0.000000E+0	0.000000E+0
7.063004E+1	-5.848268E+2	-1.709000E+0	2.698511E+17	-3.359357E+17	1.228422E-6	0.000000E+0	2.035383E-4	1.685326E-3	0.000000E+0	0.000000E+0	0.000000E+0
7.094147E+1	-5.998136E+2	-1.785000E+0	-3.334214E+16	-2.240669E+17	7.774288E-7	0.000000E+0	1.944619E-4	1.644185E-3	0.000000E+0	0.000000E+0	0.000000E+0
7.087616E+1	-6.127478E+2	-1.861000E+0	8.610729E+16	1.699529E-17	4.922986E-6	0.000000E+0	1.862793E-4	1.610446E-3	0.000000E+0	0.000000E+0	0.000000E+0
7.086514E+1	-6.241248E+2	-1.937000E+0	2.127762E-18	3.293656E+15	1.918372E-6	0.000000E+0	1.796084E-4	1.581850E-3	0.000000E+0	0.000000E+0	0.000000E+0
7.087814E+1	-6.338385E+2	-2.013000E+0	7.811391E+16	1.187967E+17	9.566575E-7	0.000000E+0	1.742441E-4	1.558204E-3	0.000000E+0	0.000000E+0	0.000000E+0
7.080566E+1	-6.425442E+2	-2.089000E+0	-6.504745E+16	2.369913E+17	5.056645E-7	0.000000E+0	1.694416E-4	1.537641E-3	0.000000E+0	0.000000E+0	0.000000E+0
7.078699E+1	-6.504182E+2	-2.165000E+0	5.725574E-18	6.181145E-18	2.097600E-6	0.000000E+0	1.653691E-4	1.519475E-3	0.000000E+0	0.000000E+0	0.000000E+0
7.078070E+1	-6.574985E+2	-2.241000E+0	-2.052452E-18	3.493290E-18	1.646593E-6	0.000000E+0	1.618532E-4	1.503492E-3	0.000000E+0	0.000000E+0	0.000000E+0
7.074966E+1	-6.637267E+2	-2.316000E+0	2.907620E+17	-1.496573E-18	2.189438E-6	0.000000E+0	1.587958E-4	1.489717E-3	0.000000E+0	0.000000E+0	0.000000E+0
7.101724E+1	-6.695929E+2	-2.392000E+0	-3.087581E-18	4.670974E-18	2.062297E-7	0.000000E+0	1.566333E-4	1.476832E-3	0.000000E+0	0.000000E+0	0.000000E+0
7.106329E+1	-6.747897E+2	-2.468000E+0	2.818890E-18	-3.928899E-18	1.287452E-6	0.000000E+0	1.543542E-4	1.465688E-3	0.000000E+0	0.000000E+0	0.000000E+0
7.128989E+1	-6.796368E+2	-2.544000E+0	8.250878E-19	2.832976E+17	1.857887E-6	0.000000E+0	1.526588E-4	1.455361E-3	0.000000E+0	0.000000E+0	0.000000E+0
7.144321E+1	-6.842269E+2	-2.620000E+0	4.553607E+17	-2.686618E+17	3.960522E-6	0.000000E+0	1.509564E-4	1.445741E-3	0.000000E+0	0.000000E+0	0.000000E+0
7.158109E+1	-6.884642E+2	-2.696000E+0	2.517955E+17	3.793721E+16	2.488116E-6	0.000000E+0	1.494053E-4	1.436974E-3	0.000000E+0	0.000000E+0	0.000000E+0
7.184872E+1	-6.920560E+2	-2.772000E+0	-6.627993E-18	5.176237E+17	2.547837E-6	0.000000E+0	1.484160E-4	1.429561E-3	0.000000E+0	0.000000E+0	0.000000E+0
7.203857E+1	-6.958235E+2	-2.848000E+0	-5.749716E+17	6.512875E+16	5.161244E-6	0.000000E+0	1.472098E-4	1.421905E-3	0.000000E+0	0.000000E+0	0.000000E+0
7.226385E+1	-6.990990E+2	-2.924000E+0	-4.736062E+17	6.906363E-18	3.178051E-6	0.000000E+0	1.462945E-4	1.415291E-3	0.000000E+0	0.000000E+0	0.000000E+0
7.231332E+1	-7.022371E+2	-3.000000E+0	-3.567381E+17	-4.286482E-18	3.237830E-6	0.000000E+0	1.451008E-4	1.409079E-3	0.000000E+0	0.000000E+0	0.000000E+0
