Real / Ohm	Ximag / Ohm	V_DC / V	I_a c / A	V_ac / V	I_DC / A
9.697900E+1	-6.276731E+2	-3.000000E+0	-3.567359E+17	-4.286482E-18	2.727058E-6	1.000000E+7	2.404169E-4	1.556040E-3	0.000000E+0	0.000000E+0	0.000000E+0
9.035156E+1	-6.309175E+2	-2.924000E+0	-4.916206E+17	6.689525E-18	4.710251E-6	0.000000E+0	2.224201E-4	1.553141E-3	0.000000E+0	0.000000E+0	0.000000E+0
8.500620E+1	-6.300614E+2	-2.848000E+0	-5.704677E+17	6.512875E+16	3.118330E-6	0.000000E+0	2.103055E-4	1.558773E-3	0.000000E+0	0.000000E+0	0.000000E+0
8.028256E+1	-6.278416E+2	-2.772000E+0	-6.627993E-18	6.447512E-18	3.058609E-6	0.000000E+0	2.003906E-4	1.567134E-3	0.000000E+0	0.000000E+0	0.000000E+0
7.599054E+1	-6.250170E+2	-2.696000E+0	2.517966E+17	3.793721E+16	1.977402E-6	0.000000E+0	1.916916E-4	1.576650E-3	0.000000E+0	0.000000E+0	0.000000E+0
7.202896E+1	-6.218278E+2	-2.620000E+0	4.553607E+17	-2.686618E+17	2.428380E-6	0.000000E+0	1.838139E-4	1.586870E-3	0.000000E+0	0.000000E+0	0.000000E+0
6.820532E+1	-6.181228E+2	-2.544000E+0	8.250878E-19	2.835790E+17	2.879373E-6	0.000000E+0	1.763652E-4	1.598341E-3	0.000000E+0	0.000000E+0	0.000000E+0
6.479294E+1	-6.143204E+2	-2.468000E+0	6.288337E-18	-3.925935E-18	7.767376E-7	0.000000E+0	1.697983E-4	1.609906E-3	0.000000E+0	0.000000E+0	0.000000E+0
6.153650E+1	-6.101453E+2	-2.392000E+0	-3.086734E-18	4.664198E-18	4.802772E-6	0.000000E+0	1.636330E-4	1.622451E-3	0.000000E+0	0.000000E+0	0.000000E+0
5.850204E+1	-6.059563E+2	-2.316000E+0	2.906916E+17	-1.493182E-18	-8.749048E-7	0.000000E+0	1.578553E-4	1.635044E-3	0.000000E+0	0.000000E+0	0.000000E+0
5.572943E+1	-6.015261E+2	-2.241000E+0	-5.522322E-18	3.493290E-18	4.710935E-6	0.000000E+0	1.527087E-4	1.648290E-3	0.000000E+0	0.000000E+0	0.000000E+0
5.301807E+1	-5.969167E+2	-2.165000E+0	5.739126E-18	5.135446E+17	4.651229E-6	0.000000E+0	1.476331E-4	1.662163E-3	0.000000E+0	0.000000E+0	0.000000E+0
5.062244E+1	-5.921497E+2	-2.089000E+0	-6.504745E+16	2.346697E+17	3.059293E-6	0.000000E+0	1.433236E-4	1.676510E-3	0.000000E+0	0.000000E+0	0.000000E+0
4.832465E+1	-5.874067E+2	-2.013000E+0	-4.960950E+17	-4.576442E+17	4.021000E-6	0.000000E+0	1.391110E-4	1.690954E-3	0.000000E+0	0.000000E+0	0.000000E+0
4.622009E+1	-5.825647E+2	-1.937000E+0	2.127762E-18	3.276064E+15	2.429086E-6	0.000000E+0	1.353372E-4	1.705810E-3	0.000000E+0	0.000000E+0	0.000000E+0
4.426025E+1	-5.776335E+2	-1.861000E+0	8.607211E+16	2.393421E-17	3.264431E-7	0.000000E+0	1.318763E-4	1.721097E-3	0.000000E+0	0.000000E+0	0.000000E+0
4.250146E+1	-5.726667E+2	-1.785000E+0	-4.013414E-19	-2.241021E+17	7.774288E-7	0.000000E+0	1.288886E-4	1.736651E-3	0.000000E+0	0.000000E+0	0.000000E+0
4.079941E+1	-5.677782E+2	-1.709000E+0	2.692530E+17	-2.999069E+17	2.760622E-6	0.000000E+0	1.259099E-4	1.752204E-3	0.000000E+0	0.000000E+0	0.000000E+0
3.924094E+1	-5.628816E+2	-1.633000E+0	-6.256277E-18	1.220246E+17	6.579867E-7	0.000000E+0	1.232536E-4	1.767980E-3	0.000000E+0	0.000000E+0	0.000000E+0
3.780548E+1	-5.579536E+2	-1.557000E+0	-1.009562E-18	-5.687651E-18	2.641114E-6	0.000000E+0	1.208841E-4	1.784073E-3	0.000000E+0	0.000000E+0	0.000000E+0
3.643201E+1	-5.529812E+2	-1.481000E+0	1.311717E+15	4.724009E-18	2.581393E-6	0.000000E+0	1.186264E-4	1.800564E-3	0.000000E+0	0.000000E+0	0.000000E+0
3.522882E+1	-5.481456E+2	-1.405000E+0	3.093325E+17	-1.518024E+17	2.521672E-6	0.000000E+0	1.167659E-4	1.816828E-3	0.000000E+0	0.000000E+0	0.000000E+0
3.409595E+1	-5.432850E+2	-1.329000E+0	-5.203440E-18	3.830366E-18	3.483379E-6	0.000000E+0	1.150642E-4	1.833433E-3	0.000000E+0	0.000000E+0	0.000000E+0
3.301349E+1	-5.384921E+2	-1.253000E+0	-1.291944E-18	-5.341499E-18	3.592504E-7	0.000000E+0	1.134236E-4	1.850084E-3	0.000000E+0	0.000000E+0	0.000000E+0
3.198260E+1	-5.337330E+2	-1.177000E+0	5.232665E+17	-3.553127E+17	2.853187E-6	0.000000E+0	1.118688E-4	1.866893E-3	0.000000E+0	0.000000E+0	0.000000E+0
3.107227E+1	-5.290378E+2	-1.101000E+0	2.088242E+17	-2.195880E+17	-2.709130E-7	0.000000E+0	1.106379E-4	1.883726E-3	0.000000E+0	0.000000E+0	0.000000E+0
3.022220E+1	-5.243933E+2	-1.025000E+0	-7.957825E+16	-3.386204E-18	6.907940E-7	0.000000E+0	1.095397E-4	1.900653E-3	0.000000E+0	0.000000E+0	0.000000E+0
2.945020E+1	-5.198174E+2	-9.490000E-1	-1.774996E-18	1.794108E-18	6.310729E-7	0.000000E+0	1.086413E-4	1.917597E-3	0.000000E+0	0.000000E+0	0.000000E+0
2.873941E+1	-5.153533E+2	-8.730000E-1	-1.333488E-18	6.138991E-18	1.592776E-6	0.000000E+0	1.078746E-4	1.934401E-3	0.000000E+0	0.000000E+0	0.000000E+0
2.805798E+1	-5.109359E+2	-7.970000E-1	1.829862E+17	1.861957E+17	4.086651E-6	0.000000E+0	1.071558E-4	1.951308E-3	0.000000E+0	0.000000E+0	0.000000E+0
2.744647E+1	-5.067090E+2	-7.220000E-1	4.410889E+17	3.939340E-18	1.500968E-6	0.000000E+0	1.065852E-4	1.967746E-3	0.000000E+0	0.000000E+0	0.000000E+0
2.688800E+1	-5.024333E+2	-6.460000E-1	-5.506670E-18	3.318154E+17	2.462672E-6	0.000000E+0	1.062086E-4	1.984630E-3	0.000000E+0	0.000000E+0	0.000000E+0
2.636102E+1	-4.982751E+2	-5.700000E-1	-4.319920E+17	-4.172230E+17	-6.614246E-7	0.000000E+0	1.058790E-4	2.001322E-3	0.000000E+0	0.000000E+0	0.000000E+0
2.588828E+1	-4.941469E+2	-4.940000E-1	2.833723E-18	-1.599031E-19	-2.104334E-7	0.000000E+0	1.057306E-4	2.018151E-3	0.000000E+0	0.000000E+0	0.000000E+0
2.551419E+1	-4.900960E+2	-4.180000E-1	-1.696221E+17	-6.427781E-19	1.261984E-6	0.000000E+0	1.059361E-4	2.034902E-3	0.000000E+0	0.000000E+0	0.000000E+0
2.508713E+1	-4.861387E+2	-3.420000E-1	-2.726899E+17	1.903750E-18	1.808039E-7	0.000000E+0	1.058706E-4	2.051563E-3	0.000000E+0	0.000000E+0	0.000000E+0
2.475354E+1	-4.822720E+2	-2.660000E-1	-1.478400E+17	2.700588E+17	3.185422E-6	0.000000E+0	1.061477E-4	2.068070E-3	0.000000E+0	0.000000E+0	0.000000E+0
2.444385E+1	-4.784874E+2	-1.900000E-1	-2.949193E+17	-4.901914E-18	2.104213E-6	0.000000E+0	1.064870E-4	2.084479E-3	0.000000E+0	0.000000E+0	0.000000E+0
2.416125E+1	-4.747675E+2	-1.140000E-1	-4.717429E+17	-4.925467E+17	1.023032E-6	0.000000E+0	1.069139E-4	2.100853E-3	0.000000E+0	0.000000E+0	0.000000E+0
2.390468E+1	-4.711094E+2	-3.800000E-2	-9.427510E-19	-9.422141E-19	3.516908E-6	0.000000E+0	1.074293E-4	2.117198E-3	0.000000E+0	0.000000E+0	0.000000E+0
2.371687E+1	-4.675323E+2	3.800000E-2	-3.453602E+17	4.406614E-18	2.435727E-6	0.000000E+0	1.082226E-4	2.133400E-3	0.000000E+0	0.000000E+0	0.000000E+0
2.353610E+1	-4.640461E+2	1.140000E-1	-4.715167E+17	-5.436425E+17	2.886718E-6	0.000000E+0	1.090176E-4	2.149429E-3	0.000000E+0	0.000000E+0	0.000000E+0
2.337714E+1	-4.606226E+2	1.900000E-1	-1.067025E+17	-5.230656E+17	2.826964E-6	0.000000E+0	1.098965E-4	2.165397E-3	0.000000E+0	0.000000E+0	0.000000E+0
2.328616E+1	-4.572861E+2	2.660000E-1	-3.021231E-18	3.036828E-18	5.320842E-6	0.000000E+0	1.110701E-4	2.181159E-3	0.000000E+0	0.000000E+0	0.000000E+0
2.318822E+1	-4.539362E+2	3.420000E-1	-3.411811E-18	5.558819E-18	3.218203E-6	0.000000E+0	1.122396E-4	2.197219E-3	0.000000E+0	0.000000E+0	0.000000E+0
2.310519E+1	-4.507101E+2	4.180000E-1	4.155979E+17	-2.188149E-18	1.115566E-6	0.000000E+0	1.134423E-4	2.212906E-3	0.000000E+0	0.000000E+0	0.000000E+0
2.308209E+1	-4.475215E+2	4.940000E-1	-4.313450E+17	4.857998E-18	2.588011E-6	0.000000E+0	1.149459E-4	2.228601E-3	0.000000E+0	0.000000E+0	0.000000E+0
2.305666E+1	-4.444344E+2	5.700000E-1	-5.584540E-18	-6.440456E-18	1.506833E-6	0.000000E+0	1.164163E-4	2.244011E-3	0.000000E+0	0.000000E+0	0.000000E+0
2.305464E+1	-4.413857E+2	6.460000E-1	4.766215E-20	4.558795E+17	2.979250E-6	0.000000E+0	1.180154E-4	2.259428E-3	0.000000E+0	0.000000E+0	0.000000E+0
2.309361E+1	-4.384521E+2	7.220000E-1	1.388541E-18	6.784146E-18	3.430239E-6	0.000000E+0	1.197966E-4	2.274441E-3	0.000000E+0	0.000000E+0	0.000000E+0
2.312617E+1	-4.356441E+2	7.970000E-1	4.707512E+17	-3.197573E+17	3.338137E-7	0.000000E+0	1.215116E-4	2.289001E-3	0.000000E+0	0.000000E+0	0.000000E+0
2.317174E+1	-4.328495E+2	8.730000E-1	-3.570583E-19	6.323277E-18	3.338431E-6	0.000000E+0	1.233224E-4	2.303670E-3	0.000000E+0	0.000000E+0	0.000000E+0
2.326071E+1	-4.302258E+2	9.490000E-1	-4.524460E+17	2.055323E+17	2.767963E-6	0.000000E+0	1.253033E-4	2.317586E-3	0.000000E+0	0.000000E+0	0.000000E+0
2.328249E+1	-4.276600E+2	1.025000E+0	-6.904437E-18	-8.375564E+16	1.545850E-7	0.000000E+0	1.269249E-4	2.331396E-3	0.000000E+0	0.000000E+0	0.000000E+0
2.335625E+1	-4.252210E+2	1.101000E+0	2.547933E-18	-3.572836E+16	-1.948050E-6	0.000000E+0	1.287850E-4	2.344644E-3	0.000000E+0	0.000000E+0	0.000000E+0
2.340204E+1	-4.228746E+2	1.177000E+0	-1.554791E+17	3.966226E+17	2.078021E-6	0.000000E+0	1.304675E-4	2.357547E-3	0.000000E+0	0.000000E+0	0.000000E+0
2.347952E+1	-4.206295E+2	1.253000E+0	-5.196808E+17	2.162502E-18	2.018271E-6	0.000000E+0	1.322935E-4	2.370005E-3	0.000000E+0	0.000000E+0	0.000000E+0
2.354784E+1	-4.185474E+2	1.329000E+0	1.000945E+17	-5.707470E+17	1.447799E-6	0.000000E+0	1.339952E-4	2.381677E-3	0.000000E+0	0.000000E+0	0.000000E+0
2.359840E+1	-4.165475E+2	1.405000E+0	-2.820974E+17	-3.562313E+17	8.773350E-7	0.000000E+0	1.355695E-4	2.393006E-3	0.000000E+0	0.000000E+0	0.000000E+0
2.367336E+1	-4.146534E+2	1.481000E+0	7.433461E+16	-3.421229E+17	3.068708E-7	0.000000E+0	1.372386E-4	2.403818E-3	0.000000E+0	0.000000E+0	0.000000E+0
2.371686E+1	-4.128735E+2	1.557000E+0	5.230660E-18	8.421242E+16	1.779321E-6	0.000000E+0	1.386732E-4	2.414084E-3	0.000000E+0	0.000000E+0	0.000000E+0
2.376964E+1	-4.112098E+2	1.633000E+0	5.364297E+17	-2.871880E+17	2.230307E-6	0.000000E+0	1.401029E-4	2.423750E-3	0.000000E+0	0.000000E+0	0.000000E+0
2.382150E+1	-4.095677E+2	1.709000E+0	5.519484E-18	1.673219E-18	6.383852E-7	0.000000E+0	1.415308E-4	2.433367E-3	0.000000E+0	0.000000E+0	0.000000E+0
2.387100E+1	-4.081036E+2	1.785000E+0	9.183430E+16	2.296609E-18	2.110806E-6	0.000000E+0	1.428389E-4	2.442003E-3	0.000000E+0	0.000000E+0	0.000000E+0
2.389122E+1	-4.066876E+2	1.861000E+0	4.020355E+17	1.810141E+17	2.051078E-6	0.000000E+0	1.439528E-4	2.450433E-3	0.000000E+0	0.000000E+0	0.000000E+0
2.394063E+1	-4.053954E+2	1.937000E+0	4.712699E-18	4.035830E-18	3.012778E-6	0.000000E+0	1.451664E-4	2.458155E-3	0.000000E+0	0.000000E+0	0.000000E+0
2.395877E+1	-4.041492E+2	2.013000E+0	-2.680121E+17	-5.492346E+17	1.931607E-6	0.000000E+0	1.461697E-4	2.465669E-3	0.000000E+0	0.000000E+0	0.000000E+0
2.398872E+1	-4.029708E+2	2.089000E+0	5.241928E+17	-4.156389E-18	3.404028E-6	0.000000E+0	1.472054E-4	2.472806E-3	0.000000E+0	0.000000E+0	0.000000E+0
2.399957E+1	-4.018828E+2	2.165000E+0	2.579782E+17	4.569569E-19	-2.307934E-7	0.000000E+0	1.480671E-4	2.479445E-3	0.000000E+0	0.000000E+0	0.000000E+0
2.401404E+1	-4.008522E+2	2.241000E+0	2.915631E-18	5.325189E+16	2.202141E-7	0.000000E+0	1.489158E-4	2.485764E-3	0.000000E+0	0.000000E+0	0.000000E+0
2.402837E+1	-3.999010E+2	2.316000E+0	-1.980568E+17	1.958093E+16	-3.226014E-7	0.000000E+0	1.497112E-4	2.491623E-3	0.000000E+0	0.000000E+0	0.000000E+0
2.403191E+1	-3.989465E+2	2.392000E+0	-2.769006E-18	2.287397E+15	-3.823370E-7	0.000000E+0	1.504478E-4	2.497539E-3	0.000000E+0	0.000000E+0	0.000000E+0
2.403076E+1	-3.980599E+2	2.468000E+0	5.768137E-19	5.234688E+17	1.600813E-6	0.000000E+0	1.511091E-4	2.503062E-3	0.000000E+0	0.000000E+0	0.000000E+0
2.403485E+1	-3.972100E+2	2.544000E+0	3.389543E+17	1.295985E-19	2.562520E-6	0.000000E+0	1.517798E-4	2.508376E-3	0.000000E+0	0.000000E+0	0.000000E+0
2.405272E+1	-3.963585E+2	2.620000E+0	-5.351627E-18	5.229140E+17	-5.615439E-7	0.000000E+0	1.525427E-4	2.513712E-3	0.000000E+0	0.000000E+0	0.000000E+0
2.405739E+1	-3.955503E+2	2.696000E+0	2.587905E+17	2.524367E-18	4.485948E-6	0.000000E+0	1.531939E-4	2.518806E-3	0.000000E+0	0.000000E+0	0.000000E+0
2.406750E+1	-3.947502E+2	2.772000E+0	-3.127958E+17	-2.708644E-18	1.872570E-6	0.000000E+0	1.538774E-4	2.523866E-3	0.000000E+0	0.000000E+0	0.000000E+0
2.410443E+1	-3.939507E+2	2.848000E+0	6.653843E-18	-4.395315E+17	-1.251494E-6	0.000000E+0	1.547356E-4	2.528921E-3	0.000000E+0	0.000000E+0	0.000000E+0
2.412471E+1	-3.931822E+2	2.924000E+0	-1.137863E-18	-4.190346E+17	2.263812E-6	0.000000E+0	1.554685E-4	2.533811E-3	0.000000E+0	0.000000E+0	0.000000E+0
2.419603E+1	-3.923898E+2	3.000000E+0	-9.275714E-19	-3.780148E-18	2.204091E-6	0.000000E+0	1.565527E-4	2.538833E-3	0.000000E+0	0.000000E+0	0.000000E+0
