Real / Ohm	Ximag / Ohm	V_DC / V	I_a c / A	V_ac / V	I_DC / A
1.695482E+4	-4.439154E+5	2.000000E+0	-9.275714E-19	-3.780148E-18	1.269815E-6	1.000000E+4	8.591316E-8	2.249400E-6	0.000000E+0	0.000000E+0	0.000000E+0
1.667045E+4	-4.511319E+5	1.949000E+0	-1.137863E-18	-4.190346E+17	3.702247E-6	0.000000E+0	8.179893E-8	2.213624E-6	0.000000E+0	0.000000E+0	0.000000E+0
1.654796E+4	-4.548326E+5	1.899000E+0	6.653843E-18	-4.395315E+17	4.890171E-7	0.000000E+0	7.988529E-8	2.195705E-6	0.000000E+0	0.000000E+0	0.000000E+0
1.646323E+4	-4.579276E+5	1.848000E+0	-3.127958E+17	-2.708644E-18	3.678215E-7	0.000000E+0	7.840801E-8	2.180932E-6	0.000000E+0	0.000000E+0	0.000000E+0
1.617330E+4	-4.593754E+5	1.797000E+0	2.587905E+17	2.524367E-18	1.268090E-6	0.000000E+0	7.654647E-8	2.174174E-6	0.000000E+0	0.000000E+0	0.000000E+0
1.649192E+4	-4.614007E+5	1.747000E+0	-5.351627E-18	5.229140E+17	1.119231E-6	0.000000E+0	7.736780E-8	2.164548E-6	0.000000E+0	0.000000E+0	0.000000E+0
1.601041E+4	-4.631076E+5	1.696000E+0	3.389543E+17	1.295985E-19	1.508764E-6	0.000000E+0	7.456240E-8	2.156748E-6	0.000000E+0	0.000000E+0	0.000000E+0
1.605638E+4	-4.646727E+5	1.646000E+0	5.768137E-19	5.234688E+17	8.491916E-7	0.000000E+0	7.427370E-8	2.149486E-6	0.000000E+0	0.000000E+0	0.000000E+0
1.647245E+4	-4.662486E+5	1.595000E+0	-2.769006E-18	2.287397E+15	1.749424E-6	0.000000E+0	7.568004E-8	2.142105E-6	0.000000E+0	0.000000E+0	0.000000E+0
1.613836E+4	-4.677059E+5	1.544000E+0	-1.980568E+17	1.958093E+16	2.138979E-6	0.000000E+0	7.368803E-8	2.135553E-6	0.000000E+0	0.000000E+0	0.000000E+0
1.642264E+4	-4.692589E+5	1.494000E+0	2.915631E-18	5.325189E+16	1.479377E-6	0.000000E+0	7.448801E-8	2.128413E-6	0.000000E+0	0.000000E+0	0.000000E+0
1.627344E+4	-4.714113E+5	1.443000E+0	2.579782E+17	4.569569E-19	8.474744E-7	0.000000E+0	7.314121E-8	2.118765E-6	0.000000E+0	0.000000E+0	0.000000E+0
1.668288E+4	-4.733563E+5	1.392000E+0	5.241928E+17	-4.156389E-18	2.769171E-6	0.000000E+0	7.436278E-8	2.109953E-6	0.000000E+0	0.000000E+0	0.000000E+0
1.646735E+4	-4.755347E+5	1.342000E+0	-2.680121E+17	-5.492346E+17	1.088141E-6	0.000000E+0	7.273422E-8	2.100377E-6	0.000000E+0	0.000000E+0	0.000000E+0
1.701852E+4	-4.776854E+5	1.291000E+0	4.712699E-18	4.035830E-18	9.669529E-7	0.000000E+0	7.448811E-8	2.090774E-6	0.000000E+0	0.000000E+0	0.000000E+0
1.683657E+4	-4.801516E+5	1.241000E+0	4.020355E+17	1.810141E+17	4.393150E-6	0.000000E+0	7.293957E-8	2.080118E-6	0.000000E+0	0.000000E+0	0.000000E+0
1.677341E+4	-4.827837E+5	1.190000E+0	9.183430E+16	2.296609E-18	1.718356E-6	0.000000E+0	7.187738E-8	2.068824E-6	0.000000E+0	0.000000E+0	0.000000E+0
1.711697E+4	-4.857836E+5	1.139000E+0	5.519484E-18	1.673219E-18	-9.564537E-7	0.000000E+0	7.244398E-8	2.055977E-6	0.000000E+0	0.000000E+0	0.000000E+0
1.725607E+4	-4.887953E+5	1.089000E+0	5.364297E+17	-2.871880E+17	1.959030E-6	0.000000E+0	7.213515E-8	2.043300E-6	0.000000E+0	0.000000E+0	0.000000E+0
1.703723E+4	-4.920732E+5	1.038000E+0	5.230660E-18	8.421242E+16	3.370013E-6	0.000000E+0	7.027798E-8	2.029785E-6	0.000000E+0	0.000000E+0	0.000000E+0
1.703678E+4	-4.957329E+5	9.870000E-1	7.433461E+16	-3.421229E+17	3.248817E-6	0.000000E+0	6.924356E-8	2.014836E-6	0.000000E+0	0.000000E+0	0.000000E+0
1.700897E+4	-4.994153E+5	9.370000E-1	-2.820974E+17	-3.562313E+17	3.561945E-8	0.000000E+0	6.811627E-8	2.000022E-6	0.000000E+0	0.000000E+0	0.000000E+0
1.729729E+4	-5.031015E+5	8.860000E-1	1.000945E+17	-5.707470E+17	1.446599E-6	0.000000E+0	6.825803E-8	1.985324E-6	0.000000E+0	0.000000E+0	0.000000E+0
1.686371E+4	-5.075391E+5	8.350000E-1	-5.196808E+17	2.162502E-18	-7.175040E-7	0.000000E+0	6.539355E-8	1.968119E-6	0.000000E+0	0.000000E+0	0.000000E+0
1.724902E+4	-5.120153E+5	7.850000E-1	-1.554791E+17	3.966226E+17	2.708723E-6	0.000000E+0	6.572127E-8	1.950853E-6	0.000000E+0	0.000000E+0	0.000000E+0
1.751628E+4	-5.170209E+5	7.340000E-1	2.547933E-18	-3.572836E+16	2.587502E-6	0.000000E+0	6.545269E-8	1.931940E-6	0.000000E+0	0.000000E+0	0.000000E+0
1.760359E+4	-5.219430E+5	6.840000E-1	-6.904437E-18	-8.375564E+16	-1.149529E-7	0.000000E+0	6.454481E-8	1.913741E-6	0.000000E+0	0.000000E+0	0.000000E+0
1.805266E+4	-5.265490E+5	6.330000E-1	-4.524460E+17	2.055323E+17	2.828197E-6	0.000000E+0	6.503594E-8	1.896929E-6	0.000000E+0	0.000000E+0	0.000000E+0
1.754466E+4	-5.324759E+5	5.820000E-1	-3.570583E-19	6.323277E-18	1.174838E-6	0.000000E+0	6.181214E-8	1.875983E-6	0.000000E+0	0.000000E+0	0.000000E+0
1.764113E+4	-5.375064E+5	5.320000E-1	4.707512E+17	-3.197573E+17	2.047411E-6	0.000000E+0	6.099462E-8	1.858441E-6	0.000000E+0	0.000000E+0	0.000000E+0
1.808189E+4	-5.425365E+5	4.810000E-1	1.388541E-18	6.784146E-18	1.415503E-6	0.000000E+0	6.136260E-8	1.841149E-6	0.000000E+0	0.000000E+0	0.000000E+0
1.771998E+4	-5.480915E+5	4.300000E-1	4.766215E-20	4.558795E+17	2.826484E-6	0.000000E+0	5.892551E-8	1.822608E-6	0.000000E+0	0.000000E+0	0.000000E+0
1.817841E+4	-5.532010E+5	3.800000E-1	-5.584540E-18	-6.440456E-18	1.656170E-6	0.000000E+0	5.933641E-8	1.805711E-6	0.000000E+0	0.000000E+0	0.000000E+0
1.820787E+4	-5.577804E+5	3.290000E-1	-4.313450E+17	4.857998E-18	5.135225E-7	0.000000E+0	5.846152E-8	1.790912E-6	0.000000E+0	0.000000E+0	0.000000E+0
1.882705E+4	-5.621702E+5	2.780000E-1	4.155979E+17	-2.188149E-18	1.924504E-6	0.000000E+0	5.950587E-8	1.776828E-6	0.000000E+0	0.000000E+0	0.000000E+0
1.887358E+4	-5.658446E+5	2.280000E-1	-3.411811E-18	5.558819E-18	3.307818E-6	0.000000E+0	5.888125E-8	1.765306E-6	0.000000E+0	0.000000E+0	0.000000E+0
1.929423E+4	-5.692333E+5	1.770000E-1	-3.021231E-18	3.036828E-18	-3.884288E-7	0.000000E+0	5.947688E-8	1.754733E-6	0.000000E+0	0.000000E+0	0.000000E+0
1.994128E+4	-5.723360E+5	1.270000E-1	-1.067025E+17	-5.230656E+17	2.016313E-6	0.000000E+0	6.080286E-8	1.745107E-6	0.000000E+0	0.000000E+0	0.000000E+0
2.043059E+4	-5.752012E+5	7.600000E-2	-4.715167E+17	-5.436425E+17	8.736947E-7	0.000000E+0	6.167282E-8	1.736332E-6	0.000000E+0	0.000000E+0	0.000000E+0
2.110450E+4	-5.777861E+5	2.500000E-2	-3.453602E+17	4.406614E-18	2.284675E-6	0.000000E+0	6.313379E-8	1.728438E-6	0.000000E+0	0.000000E+0	0.000000E+0
2.111568E+4	-5.803753E+5	-2.500000E-2	-9.427510E-19	-9.422141E-19	2.646532E-6	0.000000E+0	6.260553E-8	1.720745E-6	0.000000E+0	0.000000E+0	0.000000E+0
2.218486E+4	-5.827629E+5	-7.600000E-2	-4.717429E+17	-4.925467E+17	2.014599E-6	0.000000E+0	6.522949E-8	1.713481E-6	0.000000E+0	0.000000E+0	0.000000E+0
2.229284E+4	-5.851470E+5	-1.270000E-1	-2.949193E+17	-4.901914E-18	2.914865E-6	0.000000E+0	6.501380E-8	1.706495E-6	0.000000E+0	0.000000E+0	0.000000E+0
2.276513E+4	-5.872903E+5	-1.770000E-1	-1.478400E+17	2.700588E+17	-2.983343E-7	0.000000E+0	6.590410E-8	1.700181E-6	0.000000E+0	0.000000E+0	0.000000E+0
2.408473E+4	-5.895689E+5	-2.280000E-1	-2.726899E+17	1.903750E-18	1.112647E-6	0.000000E+0	6.917489E-8	1.693329E-6	0.000000E+0	0.000000E+0	0.000000E+0
2.452216E+4	-5.916132E+5	-2.780000E-1	-1.696221E+17	-6.427781E-19	9.637897E-7	0.000000E+0	6.994191E-8	1.687395E-6	0.000000E+0	0.000000E+0	0.000000E+0
2.599082E+4	-5.939189E+5	-3.290000E-1	2.833723E-18	-1.599031E-19	-1.200315E-6	0.000000E+0	7.354189E-8	1.680513E-6	0.000000E+0	0.000000E+0	0.000000E+0
2.603242E+4	-5.961484E+5	-3.800000E-1	-4.319920E+17	-4.172230E+17	1.232123E-6	0.000000E+0	7.311028E-8	1.674242E-6	0.000000E+0	0.000000E+0	0.000000E+0
2.688170E+4	-5.979264E+5	-4.300000E-1	-5.506670E-18	3.318154E+17	-1.470362E-6	0.000000E+0	7.503853E-8	1.669073E-6	0.000000E+0	0.000000E+0	0.000000E+0
2.765953E+4	-5.994730E+5	-4.810000E-1	4.410889E+17	3.939340E-18	4.026419E-6	0.000000E+0	7.680367E-8	1.664588E-6	0.000000E+0	0.000000E+0	0.000000E+0
2.793345E+4	-6.018412E+5	-5.320000E-1	1.829862E+17	1.861957E+17	1.351596E-6	0.000000E+0	7.695311E-8	1.657996E-6	0.000000E+0	0.000000E+0	0.000000E+0
2.885596E+4	-6.030558E+5	-5.820000E-1	-1.333488E-18	6.138991E-18	2.224198E-6	0.000000E+0	7.916392E-8	1.654433E-6	0.000000E+0	0.000000E+0	0.000000E+0
3.046486E+4	-6.040535E+5	-6.330000E-1	-1.774996E-18	1.794108E-18	3.124467E-6	0.000000E+0	8.328084E-8	1.651282E-6	0.000000E+0	0.000000E+0	0.000000E+0
3.065891E+4	-6.060425E+5	-6.840000E-1	-7.957825E+16	-3.386204E-18	-2.103981E-6	0.000000E+0	8.326079E-8	1.645837E-6	0.000000E+0	0.000000E+0	0.000000E+0
3.131910E+4	-6.071604E+5	-7.340000E-1	2.088242E+17	-2.195880E+17	-1.231379E-6	0.000000E+0	8.473218E-8	1.642641E-6	0.000000E+0	0.000000E+0	0.000000E+0
3.232264E+4	-6.083400E+5	-7.850000E-1	5.232665E+17	-3.553127E+17	2.733199E-6	0.000000E+0	8.709431E-8	1.639190E-6	0.000000E+0	0.000000E+0	0.000000E+0
3.289526E+4	-6.091060E+5	-8.350000E-1	-1.291944E-18	-5.341499E-18	3.095083E-6	0.000000E+0	8.840620E-8	1.636976E-6	0.000000E+0	0.000000E+0	0.000000E+0
3.410338E+4	-6.102365E+5	-8.860000E-1	-5.203440E-18	3.830366E-18	3.995323E-6	0.000000E+0	9.129496E-8	1.633607E-6	0.000000E+0	0.000000E+0	0.000000E+0
3.480801E+4	-6.103119E+5	-9.370000E-1	3.093325E+17	-1.518024E+17	4.895588E-6	0.000000E+0	9.314620E-8	1.633194E-6	0.000000E+0	0.000000E+0	0.000000E+0
3.517634E+4	-6.101546E+5	-9.870000E-1	1.311717E+15	4.724009E-18	1.502194E-7	0.000000E+0	9.417374E-8	1.633500E-6	0.000000E+0	0.000000E+0	0.000000E+0
3.603320E+4	-6.117147E+5	-1.038000E+0	-1.009562E-18	-5.687651E-18	3.604080E-6	0.000000E+0	9.596231E-8	1.629096E-6	0.000000E+0	0.000000E+0	0.000000E+0
3.656320E+4	-6.116239E+5	-1.089000E+0	-6.256277E-18	1.220246E+17	9.292635E-7	0.000000E+0	9.739261E-8	1.629170E-6	0.000000E+0	0.000000E+0	0.000000E+0
3.737623E+4	-6.117226E+5	-1.139000E+0	2.692530E+17	-2.999069E+17	1.291148E-6	0.000000E+0	9.951033E-8	1.628648E-6	0.000000E+0	0.000000E+0	0.000000E+0
3.819741E+4	-6.114916E+5	-1.190000E+0	-4.013414E-19	-2.241021E+17	6.592236E-7	0.000000E+0	1.017564E-7	1.628989E-6	0.000000E+0	0.000000E+0	0.000000E+0
3.941241E+4	-6.117628E+5	-1.241000E+0	8.607211E+16	2.393421E-17	4.113113E-6	0.000000E+0	1.048741E-7	1.627864E-6	0.000000E+0	0.000000E+0	0.000000E+0
4.023284E+4	-6.111761E+5	-1.291000E+0	2.127762E-18	3.276064E+15	-1.215740E-7	0.000000E+0	1.072433E-7	1.629130E-6	0.000000E+0	0.000000E+0	0.000000E+0
4.003192E+4	-6.108096E+5	-1.342000E+0	-4.960950E+17	-4.576442E+17	-2.427914E-7	0.000000E+0	1.068398E-7	1.630169E-6	0.000000E+0	0.000000E+0	0.000000E+0
4.131234E+4	-6.101871E+5	-1.392000E+0	-6.504745E+16	2.346697E+17	1.140521E-6	0.000000E+0	1.104505E-7	1.631364E-6	0.000000E+0	0.000000E+0	0.000000E+0
4.170263E+4	-6.096055E+5	-1.443000E+0	5.739126E-18	5.135446E+17	-5.128386E-7	0.000000E+0	1.116961E-7	1.632764E-6	0.000000E+0	0.000000E+0	0.000000E+0
4.290527E+4	-6.092164E+5	-1.494000E+0	-5.522322E-18	3.493290E-18	8.981442E-7	0.000000E+0	1.150320E-7	1.633351E-6	0.000000E+0	0.000000E+0	0.000000E+0
4.334934E+4	-6.084154E+5	-1.544000E+0	2.906916E+17	-1.493182E-18	2.281457E-6	0.000000E+0	1.165153E-7	1.635312E-6	0.000000E+0	0.000000E+0	0.000000E+0
4.354654E+4	-6.077416E+5	-1.595000E+0	-3.086734E-18	4.664198E-18	3.181725E-6	0.000000E+0	1.172983E-7	1.637031E-6	0.000000E+0	0.000000E+0	0.000000E+0
4.433882E+4	-6.065866E+5	-1.646000E+0	6.288337E-18	-3.925935E-18	2.039073E-6	0.000000E+0	1.198628E-7	1.639808E-6	0.000000E+0	0.000000E+0	0.000000E+0
4.451064E+4	-6.055943E+5	-1.696000E+0	8.250878E-19	2.835790E+17	2.911671E-6	0.000000E+0	1.207148E-7	1.642398E-6	0.000000E+0	0.000000E+0	0.000000E+0
4.508560E+4	-6.040251E+5	-1.747000E+0	4.553607E+17	-2.686618E+17	2.279747E-6	0.000000E+0	1.228896E-7	1.646388E-6	0.000000E+0	0.000000E+0	0.000000E+0
4.526522E+4	-6.021864E+5	-1.797000E+0	2.517966E+17	3.793721E+16	5.705973E-6	0.000000E+0	1.241240E-7	1.651285E-6	0.000000E+0	0.000000E+0	0.000000E+0
4.629370E+4	-6.006506E+5	-1.848000E+0	-6.627993E-18	6.447512E-18	3.541900E-6	0.000000E+0	1.275575E-7	1.655030E-6	0.000000E+0	0.000000E+0	0.000000E+0
4.617523E+4	-5.992644E+5	-1.899000E+0	-5.704677E+17	6.512875E+16	3.420675E-6	0.000000E+0	1.278207E-7	1.658864E-6	0.000000E+0	0.000000E+0	0.000000E+0
4.585491E+4	-5.975171E+5	-1.949000E+0	-4.916206E+17	6.689525E-18	1.739645E-6	0.000000E+0	1.276835E-7	1.663794E-6	0.000000E+0	0.000000E+0	0.000000E+0
4.600940E+4	-5.947936E+5	-2.000000E+0	-3.567359E+17	-4.286482E-18	3.661335E-6	0.000000E+0	1.292775E-7	1.671255E-6	0.000000E+0	0.000000E+0	0.000000E+0
