Real / Ohm	Ximag / Ohm	V_DC / V	I_a c / A	V_ac / V	I_DC / A
2.401598E+1	5.011353E-1	-2.500000E+0	-3.567359E+17	-4.286482E-18	-3.759481E-2	1.000000E+5	4.162082E-2	-8.684910E-4	0.000000E+0	0.000000E+0	0.000000E+0
2.490582E+1	4.981852E-1	-2.437000E+0	-4.916206E+17	6.689525E-18	-3.628808E-2	0.000000E+0	4.013520E-2	-8.028149E-4	0.000000E+0	0.000000E+0	0.000000E+0
2.576187E+1	4.851577E-1	-2.373000E+0	-5.704677E+17	6.512875E+16	-3.500742E-2	0.000000E+0	3.880330E-2	-7.307590E-4	0.000000E+0	0.000000E+0	0.000000E+0
2.657145E+1	4.767292E-1	-2.310000E+0	-6.627993E-18	6.447512E-18	-3.379671E-2	0.000000E+0	3.762227E-2	-6.749964E-4	0.000000E+0	0.000000E+0	0.000000E+0
2.732219E+1	4.734995E-1	-2.247000E+0	2.517966E+17	3.793721E+16	-3.259774E-2	0.000000E+0	3.658930E-2	-6.341005E-4	0.000000E+0	0.000000E+0	0.000000E+0
2.803064E+1	4.599557E-1	-2.184000E+0	4.553607E+17	-2.686618E+17	-3.143911E-2	0.000000E+0	3.566564E-2	-5.852387E-4	0.000000E+0	0.000000E+0	0.000000E+0
2.870870E+1	4.584005E-1	-2.120000E+0	8.250878E-19	2.835790E+17	-3.027949E-2	0.000000E+0	3.482377E-2	-5.560416E-4	0.000000E+0	0.000000E+0	0.000000E+0
2.929858E+1	4.437006E-1	-2.057000E+0	6.288337E-18	-3.925935E-18	-2.912597E-2	0.000000E+0	3.412352E-2	-5.167700E-4	0.000000E+0	0.000000E+0	0.000000E+0
2.983707E+1	4.463351E-1	-1.994000E+0	-3.086734E-18	4.664198E-18	-2.800974E-2	0.000000E+0	3.350786E-2	-5.012467E-4	0.000000E+0	0.000000E+0	0.000000E+0
3.031745E+1	4.315810E-1	-1.930000E+0	2.906916E+17	-1.493182E-18	-2.688281E-2	0.000000E+0	3.297762E-2	-4.694496E-4	0.000000E+0	0.000000E+0	0.000000E+0
3.069952E+1	4.173622E-1	-1.867000E+0	-5.522322E-18	3.493290E-18	-2.578343E-2	0.000000E+0	3.256778E-2	-4.427613E-4	0.000000E+0	0.000000E+0	0.000000E+0
3.103272E+1	3.993428E-1	-1.804000E+0	5.739126E-18	5.135446E+17	-2.467792E-2	0.000000E+0	3.221872E-2	-4.146047E-4	0.000000E+0	0.000000E+0	0.000000E+0
3.130524E+1	3.772657E-1	-1.741000E+0	-6.504745E+16	2.346697E+17	-2.357701E-2	0.000000E+0	3.193890E-2	-3.849020E-4	0.000000E+0	0.000000E+0	0.000000E+0
3.148852E+1	3.520660E-1	-1.677000E+0	-4.960950E+17	-4.576442E+17	-2.248532E-2	0.000000E+0	3.175364E-2	-3.550302E-4	0.000000E+0	0.000000E+0	0.000000E+0
3.174035E+1	3.303454E-1	-1.614000E+0	2.127762E-18	3.276064E+15	-2.142782E-2	0.000000E+0	3.150223E-2	-3.278671E-4	0.000000E+0	0.000000E+0	0.000000E+0
3.209782E+1	3.109677E-1	-1.551000E+0	8.607211E+16	2.393421E-17	-2.035654E-2	0.000000E+0	3.115184E-2	-3.018029E-4	0.000000E+0	0.000000E+0	0.000000E+0
3.267324E+1	2.952645E-1	-1.487000E+0	-4.013414E-19	-2.241021E+17	-1.927761E-2	0.000000E+0	3.060359E-2	-2.765613E-4	0.000000E+0	0.000000E+0	0.000000E+0
3.349617E+1	2.875197E-1	-1.424000E+0	2.692530E+17	-2.999069E+17	-1.822624E-2	0.000000E+0	2.985196E-2	-2.562390E-4	0.000000E+0	0.000000E+0	0.000000E+0
3.461709E+1	2.666841E-1	-1.361000E+0	-6.256277E-18	1.220246E+17	-1.719121E-2	0.000000E+0	2.888575E-2	-2.225309E-4	0.000000E+0	0.000000E+0	0.000000E+0
3.607797E+1	2.612393E-1	-1.297000E+0	-1.009562E-18	-5.687651E-18	-1.615928E-2	0.000000E+0	2.771629E-2	-2.006927E-4	0.000000E+0	0.000000E+0	0.000000E+0
3.783865E+1	2.491779E-1	-1.234000E+0	1.311717E+15	4.724009E-18	-1.517634E-2	0.000000E+0	2.642686E-2	-1.740281E-4	0.000000E+0	0.000000E+0	0.000000E+0
3.988264E+1	2.344377E-1	-1.171000E+0	3.093325E+17	-1.518024E+17	-1.421741E-2	0.000000E+0	2.507270E-2	-1.473821E-4	0.000000E+0	0.000000E+0	0.000000E+0
4.218722E+1	2.162335E-1	-1.108000E+0	-5.203440E-18	3.830366E-18	-1.328351E-2	0.000000E+0	2.370324E-2	-1.214926E-4	0.000000E+0	0.000000E+0	0.000000E+0
4.476727E+1	1.995134E-1	-1.044000E+0	-1.291944E-18	-5.341499E-18	-1.237670E-2	0.000000E+0	2.233730E-2	-9.955022E-5	0.000000E+0	0.000000E+0	0.000000E+0
4.743397E+1	1.808124E-1	-9.810000E-1	5.232665E+17	-3.553127E+17	-1.150715E-2	0.000000E+0	2.108163E-2	-8.036056E-5	0.000000E+0	0.000000E+0	0.000000E+0
5.011862E+1	1.535473E-1	-9.180000E-1	2.088242E+17	-2.195880E+17	-1.067845E-2	0.000000E+0	1.995248E-2	-6.112796E-5	0.000000E+0	0.000000E+0	0.000000E+0
5.269257E+1	1.275392E-1	-8.540000E-1	-7.957825E+16	-3.386204E-18	-9.861534E-3	0.000000E+0	1.897790E-2	-4.593486E-5	0.000000E+0	0.000000E+0	0.000000E+0
5.490096E+1	1.060839E-1	-7.910000E-1	-1.774996E-18	1.794108E-18	-9.084422E-3	0.000000E+0	1.821455E-2	-3.519557E-5	0.000000E+0	0.000000E+0	0.000000E+0
5.663233E+1	8.990097E-2	-7.280000E-1	-1.333488E-18	6.138991E-18	-8.324163E-3	0.000000E+0	1.765771E-2	-2.803073E-5	0.000000E+0	0.000000E+0	0.000000E+0
5.789774E+1	7.012701E-2	-6.650000E-1	1.829862E+17	1.861957E+17	-7.574631E-3	0.000000E+0	1.727181E-2	-2.091999E-5	0.000000E+0	0.000000E+0	0.000000E+0
5.882753E+1	4.851294E-2	-6.010000E-1	4.410889E+17	3.939340E-18	-6.825636E-3	0.000000E+0	1.699883E-2	-1.401832E-5	0.000000E+0	0.000000E+0	0.000000E+0
5.948231E+1	2.715349E-2	-5.380000E-1	-5.506670E-18	3.318154E+17	-6.097043E-3	0.000000E+0	1.681172E-2	-7.674497E-6	0.000000E+0	0.000000E+0	0.000000E+0
5.998306E+1	8.351326E-3	-4.750000E-1	-4.319920E+17	-4.172230E+17	-5.369983E-3	0.000000E+0	1.667137E-2	-2.321123E-6	0.000000E+0	0.000000E+0	0.000000E+0
6.037938E+1	-4.229069E-3	-4.110000E-1	2.833723E-18	-1.599031E-19	-4.634778E-3	0.000000E+0	1.656195E-2	1.160025E-6	0.000000E+0	0.000000E+0	0.000000E+0
6.074200E+1	-1.317453E-2	-3.480000E-1	-1.696221E+17	-6.427781E-19	-3.914357E-3	0.000000E+0	1.646307E-2	3.570729E-6	0.000000E+0	0.000000E+0	0.000000E+0
6.108115E+1	-2.091932E-2	-2.850000E-1	-2.726899E+17	1.903750E-18	-3.201596E-3	0.000000E+0	1.637166E-2	5.607033E-6	0.000000E+0	0.000000E+0	0.000000E+0
6.143896E+1	-3.865576E-2	-2.220000E-1	-1.478400E+17	2.700588E+17	-2.491389E-3	0.000000E+0	1.627631E-2	1.024062E-5	0.000000E+0	0.000000E+0	0.000000E+0
6.187329E+1	-4.654551E-2	-1.580000E-1	-2.949193E+17	-4.901914E-18	-1.764866E-3	0.000000E+0	1.616205E-2	1.215825E-5	0.000000E+0	0.000000E+0	0.000000E+0
6.236588E+1	-5.039215E-2	-9.500000E-2	-4.717429E+17	-4.925467E+17	-1.062320E-3	0.000000E+0	1.603440E-2	1.295593E-5	0.000000E+0	0.000000E+0	0.000000E+0
6.290220E+1	-6.466103E-2	-3.200000E-2	-9.427510E-19	-9.422141E-19	-3.582420E-4	0.000000E+0	1.589768E-2	1.634220E-5	0.000000E+0	0.000000E+0	0.000000E+0
6.345122E+1	-7.678127E-2	3.200000E-2	-3.453602E+17	4.406614E-18	3.585766E-4	0.000000E+0	1.576012E-2	1.907105E-5	0.000000E+0	0.000000E+0	0.000000E+0
6.400917E+1	-9.213686E-2	9.500000E-2	-4.715167E+17	-5.436425E+17	1.049376E-3	0.000000E+0	1.562273E-2	2.248786E-5	0.000000E+0	0.000000E+0	0.000000E+0
6.454175E+1	-1.020985E-1	1.580000E-1	-1.067025E+17	-5.230656E+17	1.736600E-3	0.000000E+0	1.549381E-2	2.450963E-5	0.000000E+0	0.000000E+0	0.000000E+0
6.502281E+1	-1.023488E-1	2.220000E-1	-3.021231E-18	3.036828E-18	2.430947E-3	0.000000E+0	1.537918E-2	2.420752E-5	0.000000E+0	0.000000E+0	0.000000E+0
6.552383E+1	-1.266747E-1	2.850000E-1	-3.411811E-18	5.558819E-18	3.116128E-3	0.000000E+0	1.526157E-2	2.950460E-5	0.000000E+0	0.000000E+0	0.000000E+0
6.597446E+1	-1.424856E-1	3.480000E-1	4.155979E+17	-2.188149E-18	3.793648E-3	0.000000E+0	1.515731E-2	3.273537E-5	0.000000E+0	0.000000E+0	0.000000E+0
6.640881E+1	-1.439314E-1	4.110000E-1	-4.313450E+17	4.857998E-18	4.465549E-3	0.000000E+0	1.505817E-2	3.263639E-5	0.000000E+0	0.000000E+0	0.000000E+0
6.683437E+1	-1.613083E-1	4.750000E-1	-5.584540E-18	-6.440456E-18	5.145596E-3	0.000000E+0	1.496227E-2	3.611224E-5	0.000000E+0	0.000000E+0	0.000000E+0
6.718257E+1	-1.713114E-1	5.380000E-1	4.766215E-20	4.558795E+17	5.813412E-3	0.000000E+0	1.488472E-2	3.795511E-5	0.000000E+0	0.000000E+0	0.000000E+0
6.748570E+1	-1.784625E-1	6.010000E-1	1.388541E-18	6.784146E-18	6.487358E-3	0.000000E+0	1.481785E-2	3.918505E-5	0.000000E+0	0.000000E+0	0.000000E+0
6.779434E+1	-1.850028E-1	6.650000E-1	4.707512E+17	-3.197573E+17	7.155658E-3	0.000000E+0	1.475038E-2	4.025207E-5	0.000000E+0	0.000000E+0	0.000000E+0
6.798756E+1	-1.915212E-1	7.280000E-1	-3.570583E-19	6.323277E-18	7.821430E-3	0.000000E+0	1.470846E-2	4.143377E-5	0.000000E+0	0.000000E+0	0.000000E+0
6.783429E+1	-2.103829E-1	7.910000E-1	-4.524460E+17	2.055323E+17	8.490270E-3	0.000000E+0	1.474167E-2	4.572015E-5	0.000000E+0	0.000000E+0	0.000000E+0
6.782790E+1	-2.102160E-1	8.540000E-1	-6.904437E-18	-8.375564E+16	9.179536E-3	0.000000E+0	1.474305E-2	4.569249E-5	0.000000E+0	0.000000E+0	0.000000E+0
6.770886E+1	-1.977410E-1	9.180000E-1	2.547933E-18	-3.572836E+16	9.842217E-3	0.000000E+0	1.476899E-2	4.313224E-5	0.000000E+0	0.000000E+0	0.000000E+0
6.716319E+1	-1.920857E-1	9.810000E-1	-1.554791E+17	3.966226E+17	1.048194E-2	0.000000E+0	1.488899E-2	4.258227E-5	0.000000E+0	0.000000E+0	0.000000E+0
6.641704E+1	-1.732936E-1	1.044000E+0	-5.196808E+17	2.162502E-18	1.116151E-2	0.000000E+0	1.505627E-2	3.928444E-5	0.000000E+0	0.000000E+0	0.000000E+0
6.515770E+1	-1.629186E-1	1.108000E+0	1.000945E+17	-5.707470E+17	1.182419E-2	0.000000E+0	1.534728E-2	3.837395E-5	0.000000E+0	0.000000E+0	0.000000E+0
6.351247E+1	-1.214471E-1	1.171000E+0	-2.820974E+17	-3.562313E+17	1.253082E-2	0.000000E+0	1.574488E-2	3.010701E-5	0.000000E+0	0.000000E+0	0.000000E+0
6.130897E+1	-8.268642E-2	1.234000E+0	7.433461E+16	-3.421229E+17	1.321243E-2	0.000000E+0	1.631080E-2	2.199811E-5	0.000000E+0	0.000000E+0	0.000000E+0
5.846645E+1	-1.540518E-2	1.297000E+0	5.230660E-18	8.421242E+16	1.392314E-2	0.000000E+0	1.710383E-2	4.506644E-6	0.000000E+0	0.000000E+0	0.000000E+0
5.505054E+1	6.189632E-2	1.361000E+0	5.364297E+17	-2.871880E+17	1.468133E-2	0.000000E+0	1.816510E-2	-2.042401E-5	0.000000E+0	0.000000E+0	0.000000E+0
5.112458E+1	1.384716E-1	1.424000E+0	5.519484E-18	1.673219E-18	1.546202E-2	0.000000E+0	1.955992E-2	-5.297830E-5	0.000000E+0	0.000000E+0	0.000000E+0
4.667596E+1	2.237930E-1	1.487000E+0	9.183430E+16	2.296609E-18	1.628663E-2	0.000000E+0	2.142381E-2	-1.027188E-4	0.000000E+0	0.000000E+0	0.000000E+0
4.189918E+1	3.066463E-1	1.551000E+0	4.020355E+17	1.810141E+17	1.718118E-2	0.000000E+0	2.386554E-2	-1.746640E-4	0.000000E+0	0.000000E+0	0.000000E+0
3.695482E+1	3.964915E-1	1.614000E+0	4.712699E-18	4.035830E-18	1.812887E-2	0.000000E+0	2.705695E-2	-2.902964E-4	0.000000E+0	0.000000E+0	0.000000E+0
3.169453E+1	4.725988E-1	1.677000E+0	-2.680121E+17	-5.492346E+17	1.921497E-2	0.000000E+0	3.154417E-2	-4.703568E-4	0.000000E+0	0.000000E+0	0.000000E+0
2.640128E+1	5.123937E-1	1.741000E+0	5.241928E+17	-4.156389E-18	2.033322E-2	0.000000E+0	3.786269E-2	-7.348357E-4	0.000000E+0	0.000000E+0	0.000000E+0
2.530365E+1	5.721192E-1	1.804000E+0	2.579782E+17	4.569569E-19	2.169153E-2	0.000000E+0	3.949980E-2	-8.930961E-4	0.000000E+0	0.000000E+0	0.000000E+0
2.247326E+1	6.334515E-1	1.867000E+0	2.915631E-18	5.325189E+16	2.250797E-2	0.000000E+0	4.446200E-2	-1.253246E-3	0.000000E+0	0.000000E+0	0.000000E+0
1.946824E+1	6.999673E-1	1.930000E+0	-1.980568E+17	1.958093E+16	2.380653E-2	0.000000E+0	5.129940E-2	-1.844435E-3	0.000000E+0	0.000000E+0	0.000000E+0
1.745291E+1	6.449295E-1	1.994000E+0	-2.769006E-18	2.287397E+15	2.498198E-2	0.000000E+0	5.721890E-2	-2.114384E-3	0.000000E+0	0.000000E+0	0.000000E+0
1.584645E+1	7.412994E-1	2.057000E+0	5.768137E-19	5.234688E+17	2.637758E-2	0.000000E+0	6.296782E-2	-2.945644E-3	0.000000E+0	0.000000E+0	0.000000E+0
1.673121E+1	8.848113E-1	2.120000E+0	3.389543E+17	1.295985E-19	2.678237E-2	0.000000E+0	5.960185E-2	-3.151977E-3	0.000000E+0	0.000000E+0	0.000000E+0
1.520039E+1	9.618276E-1	2.184000E+0	-5.351627E-18	5.229140E+17	2.596855E-2	0.000000E+0	6.552543E-2	-4.146220E-3	0.000000E+0	0.000000E+0	0.000000E+0
1.439922E+1	1.083106E+0	2.247000E+0	2.587905E+17	2.524367E-18	2.703729E-2	0.000000E+0	6.905748E-2	-5.194488E-3	0.000000E+0	0.000000E+0	0.000000E+0
1.464851E+1	1.009897E+0	2.310000E+0	-3.127958E+17	-2.708644E-18	2.788437E-2	0.000000E+0	6.794339E-2	-4.684151E-3	0.000000E+0	0.000000E+0	0.000000E+0
1.579998E+1	9.091413E-1	2.373000E+0	6.653843E-18	-4.395315E+17	2.861960E-2	0.000000E+0	6.308236E-2	-3.629801E-3	0.000000E+0	0.000000E+0	0.000000E+0
1.753536E+1	9.049304E-1	2.437000E+0	-1.137863E-18	-4.190346E+17	2.966992E-2	0.000000E+0	5.687616E-2	-2.935153E-3	0.000000E+0	0.000000E+0	0.000000E+0
1.950695E+1	7.292053E-1	2.500000E+0	-9.275714E-19	-3.780148E-18	3.101700E-2	0.000000E+0	5.119224E-2	-1.913659E-3	0.000000E+0	0.000000E+0	0.000000E+0
