Real / Ohm	Ximag / Ohm	V_DC / V	I_a c / A	V_ac / V	I_DC / A
1.817385E+2	-3.199635E+3	3.000000E+0	-9.275714E-19	-3.780148E-18	-2.392422E-6	1.000000E+6	1.769486E-5	3.115306E-4	0.000000E+0	0.000000E+0	0.000000E+0
1.854016E+2	-3.201801E+3	2.924000E+0	-1.137863E-18	-4.190346E+17	-3.354129E-6	0.000000E+0	1.802482E-5	3.112805E-4	0.000000E+0	0.000000E+0	0.000000E+0
1.902974E+2	-3.186727E+3	2.848000E+0	6.653843E-18	-4.395315E+17	-2.300658E-7	0.000000E+0	1.867227E-5	3.126866E-4	0.000000E+0	0.000000E+0	0.000000E+0
1.950571E+2	-3.169757E+3	2.772000E+0	-3.127958E+17	-2.708644E-18	-2.213230E-6	0.000000E+0	1.934053E-5	3.142914E-4	0.000000E+0	0.000000E+0	0.000000E+0
1.979089E+2	-3.154530E+3	2.696000E+0	2.587905E+17	2.524367E-18	-1.642766E-6	0.000000E+0	1.981025E-5	3.157616E-4	0.000000E+0	0.000000E+0	0.000000E+0
2.009429E+2	-3.142649E+3	2.620000E+0	-5.351627E-18	5.229140E+17	-1.072287E-6	0.000000E+0	2.026324E-5	3.169072E-4	0.000000E+0	0.000000E+0	0.000000E+0
2.031001E+2	-3.133590E+3	2.544000E+0	3.389543E+17	1.295985E-19	1.541091E-6	0.000000E+0	2.059706E-5	3.177878E-4	0.000000E+0	0.000000E+0	0.000000E+0
2.051750E+2	-3.125181E+3	2.468000E+0	5.768137E-19	5.234688E+17	5.793554E-7	0.000000E+0	2.091733E-5	3.186082E-4	0.000000E+0	0.000000E+0	0.000000E+0
2.073206E+2	-3.118988E+3	2.392000E+0	-2.769006E-18	2.287397E+15	-3.823370E-7	0.000000E+0	2.121780E-5	3.192065E-4	0.000000E+0	0.000000E+0	0.000000E+0
2.093257E+2	-3.114085E+3	2.316000E+0	-1.980568E+17	1.958093E+16	6.988557E-7	0.000000E+0	2.148838E-5	3.196772E-4	0.000000E+0	0.000000E+0	0.000000E+0
2.107825E+2	-3.110064E+3	2.241000E+0	2.915631E-18	5.325189E+16	-1.311957E-6	0.000000E+0	2.169230E-5	3.200666E-4	0.000000E+0	0.000000E+0	0.000000E+0
2.124985E+2	-3.106659E+3	2.165000E+0	2.579782E+17	4.569569E-19	2.799206E-7	0.000000E+0	2.191500E-5	3.203902E-4	0.000000E+0	0.000000E+0	0.000000E+0
2.140034E+2	-3.102667E+3	2.089000E+0	5.241928E+17	-4.156389E-18	1.871857E-6	0.000000E+0	2.212530E-5	3.207773E-4	0.000000E+0	0.000000E+0	0.000000E+0
2.157395E+2	-3.100294E+3	2.013000E+0	-2.680121E+17	-5.492346E+17	1.931607E-6	0.000000E+0	2.233706E-5	3.209957E-4	0.000000E+0	0.000000E+0	0.000000E+0
2.164646E+2	-3.098650E+3	1.937000E+0	4.712699E-18	4.035830E-18	-5.156471E-8	0.000000E+0	2.243508E-5	3.211539E-4	0.000000E+0	0.000000E+0	0.000000E+0
2.190122E+2	-3.096226E+3	1.861000E+0	4.020355E+17	1.810141E+17	2.051078E-6	0.000000E+0	2.273188E-5	3.213659E-4	0.000000E+0	0.000000E+0	0.000000E+0
2.201277E+2	-3.094318E+3	1.785000E+0	9.183430E+16	2.296609E-18	5.786351E-7	0.000000E+0	2.287455E-5	3.215457E-4	0.000000E+0	0.000000E+0	0.000000E+0
2.217646E+2	-3.092760E+3	1.709000E+0	5.519484E-18	1.673219E-18	2.681270E-6	0.000000E+0	2.306601E-5	3.216819E-4	0.000000E+0	0.000000E+0	0.000000E+0
2.229456E+2	-3.090878E+3	1.633000E+0	5.364297E+17	-2.871880E+17	1.873923E-7	0.000000E+0	2.321569E-5	3.218581E-4	0.000000E+0	0.000000E+0	0.000000E+0
2.245220E+2	-3.089899E+3	1.557000E+0	5.230660E-18	8.421242E+16	1.268578E-6	0.000000E+0	2.339286E-5	3.219354E-4	0.000000E+0	0.000000E+0	0.000000E+0
2.260430E+2	-3.088296E+3	1.481000E+0	7.433461E+16	-3.421229E+17	2.349785E-6	0.000000E+0	2.357397E-5	3.220777E-4	0.000000E+0	0.000000E+0	0.000000E+0
2.274963E+2	-3.086552E+3	1.405000E+0	-2.820974E+17	-3.562313E+17	1.388078E-6	0.000000E+0	2.375058E-5	3.222356E-4	0.000000E+0	0.000000E+0	0.000000E+0
2.291045E+2	-3.084950E+3	1.329000E+0	1.000945E+17	-5.707470E+17	-5.950860E-7	0.000000E+0	2.394135E-5	3.223764E-4	0.000000E+0	0.000000E+0	0.000000E+0
2.313091E+2	-3.083351E+3	1.253000E+0	-5.196808E+17	2.162502E-18	1.507557E-6	0.000000E+0	2.419410E-5	3.225075E-4	0.000000E+0	0.000000E+0	0.000000E+0
2.321335E+2	-3.082037E+3	1.177000E+0	-1.554791E+17	3.966226E+17	1.056564E-6	0.000000E+0	2.429995E-5	3.226305E-4	0.000000E+0	0.000000E+0	0.000000E+0
2.341272E+2	-3.079766E+3	1.101000E+0	2.547933E-18	-3.572836E+16	1.627035E-6	0.000000E+0	2.454222E-5	3.228343E-4	0.000000E+0	0.000000E+0	0.000000E+0
2.354961E+2	-3.077570E+3	1.025000E+0	-6.904437E-18	-8.375564E+16	-1.888300E-6	0.000000E+0	2.471908E-5	3.230402E-4	0.000000E+0	0.000000E+0	0.000000E+0
2.376011E+2	-3.075085E+3	9.490000E-1	-4.524460E+17	2.055323E+17	7.250492E-7	0.000000E+0	2.497751E-5	3.232643E-4	0.000000E+0	0.000000E+0	0.000000E+0
2.389639E+2	-3.072502E+3	8.730000E-1	-3.570583E-19	6.323277E-18	7.848030E-7	0.000000E+0	2.516105E-5	3.235107E-4	0.000000E+0	0.000000E+0	0.000000E+0
2.410190E+2	-3.070262E+3	7.970000E-1	4.707512E+17	-3.197573E+17	8.445277E-7	0.000000E+0	2.541162E-5	3.237103E-4	0.000000E+0	0.000000E+0	0.000000E+0
2.421340E+2	-3.066777E+3	7.220000E-1	1.388541E-18	6.784146E-18	1.387325E-6	0.000000E+0	2.558542E-5	3.240552E-4	0.000000E+0	0.000000E+0	0.000000E+0
2.448333E+2	-3.063428E+3	6.460000E-1	4.766215E-20	4.558795E+17	1.447079E-6	0.000000E+0	2.592328E-5	3.243599E-4	0.000000E+0	0.000000E+0	0.000000E+0
2.461802E+2	-3.059951E+3	5.700000E-1	-5.584540E-18	-6.440456E-18	3.039004E-6	0.000000E+0	2.612295E-5	3.247010E-4	0.000000E+0	0.000000E+0	0.000000E+0
2.483130E+2	-3.056423E+3	4.940000E-1	-4.313450E+17	4.857998E-18	1.566556E-6	0.000000E+0	2.640678E-5	3.250345E-4	0.000000E+0	0.000000E+0	0.000000E+0
2.500132E+2	-3.051854E+3	4.180000E-1	4.155979E+17	-2.188149E-18	1.115566E-6	0.000000E+0	2.666432E-5	3.254853E-4	0.000000E+0	0.000000E+0	0.000000E+0
2.522717E+2	-3.048168E+3	3.420000E-1	-3.411811E-18	5.558819E-18	1.686032E-6	0.000000E+0	2.696660E-5	3.258341E-4	0.000000E+0	0.000000E+0	0.000000E+0
2.547769E+2	-3.043946E+3	2.660000E-1	-3.021231E-18	3.036828E-18	-2.971283E-7	0.000000E+0	2.730576E-5	3.262355E-4	0.000000E+0	0.000000E+0	0.000000E+0
2.566602E+2	-3.039331E+3	1.900000E-1	-1.067025E+17	-5.230656E+17	1.294794E-6	0.000000E+0	2.758776E-5	3.266901E-4	0.000000E+0	0.000000E+0	0.000000E+0
2.593130E+2	-3.035712E+3	1.140000E-1	-4.715167E+17	-5.436425E+17	3.330897E-7	0.000000E+0	2.793481E-5	3.270258E-4	0.000000E+0	0.000000E+0	0.000000E+0
2.619346E+2	-3.031550E+3	3.800000E-2	-3.453602E+17	4.406614E-18	1.414270E-6	0.000000E+0	2.829002E-5	3.274199E-4	0.000000E+0	0.000000E+0	0.000000E+0
2.645137E+2	-3.027828E+3	-3.800000E-2	-9.427510E-19	-9.422141E-19	9.632797E-7	0.000000E+0	2.863412E-5	3.277682E-4	0.000000E+0	0.000000E+0	0.000000E+0
2.672454E+2	-3.023911E+3	-1.140000E-1	-4.717429E+17	-4.925467E+17	3.065918E-6	0.000000E+0	2.899969E-5	3.281346E-4	0.000000E+0	0.000000E+0	0.000000E+0
2.699438E+2	-3.022004E+3	-1.900000E-1	-2.949193E+17	-4.901914E-18	1.593499E-6	0.000000E+0	2.932458E-5	3.282868E-4	0.000000E+0	0.000000E+0	0.000000E+0
2.728767E+2	-3.020973E+3	-2.660000E-1	-1.478400E+17	2.700588E+17	2.674678E-6	0.000000E+0	2.965813E-5	3.283402E-4	0.000000E+0	0.000000E+0	0.000000E+0
2.763760E+2	-3.021457E+3	-3.420000E-1	-2.726899E+17	1.903750E-18	1.202261E-6	0.000000E+0	3.002264E-5	3.282199E-4	0.000000E+0	0.000000E+0	0.000000E+0
2.797900E+2	-3.023714E+3	-4.180000E-1	-1.696221E+17	-6.427781E-19	3.304898E-6	0.000000E+0	3.034227E-5	3.279115E-4	0.000000E+0	0.000000E+0	0.000000E+0
2.830310E+2	-3.029209E+3	-4.940000E-1	2.833723E-18	-1.599031E-19	-2.104334E-7	0.000000E+0	3.057741E-5	3.272622E-4	0.000000E+0	0.000000E+0	0.000000E+0
2.869004E+2	-3.039161E+3	-5.700000E-1	-4.319920E+17	-4.172230E+17	3.424375E-6	0.000000E+0	3.078723E-5	3.261318E-4	0.000000E+0	0.000000E+0	0.000000E+0
2.916184E+2	-3.053050E+3	-6.460000E-1	-5.506670E-18	3.318154E+17	9.305004E-7	0.000000E+0	3.100293E-5	3.245800E-4	0.000000E+0	0.000000E+0	0.000000E+0
2.953440E+2	-3.073267E+3	-7.220000E-1	4.410889E+17	3.939340E-18	2.011682E-6	0.000000E+0	3.098383E-5	3.224091E-4	0.000000E+0	0.000000E+0	0.000000E+0
2.999309E+2	-3.101064E+3	-7.970000E-1	1.829862E+17	1.861957E+17	-5.098627E-7	0.000000E+0	3.089983E-5	3.194814E-4	0.000000E+0	0.000000E+0	0.000000E+0
3.042744E+2	-3.135169E+3	-8.730000E-1	-1.333488E-18	6.138991E-18	2.103490E-6	0.000000E+0	3.066705E-5	3.159858E-4	0.000000E+0	0.000000E+0	0.000000E+0
3.082935E+2	-3.177493E+3	-9.490000E-1	-1.774996E-18	1.794108E-18	1.652501E-6	0.000000E+0	3.025004E-5	3.117785E-4	0.000000E+0	0.000000E+0	0.000000E+0
3.128713E+2	-3.224961E+3	-1.025000E+0	-7.957825E+16	-3.386204E-18	-3.306341E-7	0.000000E+0	2.980220E-5	3.071900E-4	0.000000E+0	0.000000E+0	0.000000E+0
3.173003E+2	-3.278607E+3	-1.101000E+0	2.088242E+17	-2.195880E+17	1.261258E-6	0.000000E+0	2.924442E-5	3.021773E-4	0.000000E+0	0.000000E+0	0.000000E+0
3.214480E+2	-3.334112E+3	-1.177000E+0	5.232665E+17	-3.553127E+17	3.363901E-6	0.000000E+0	2.865049E-5	2.971677E-4	0.000000E+0	0.000000E+0	0.000000E+0
3.260986E+2	-3.391228E+3	-1.253000E+0	-1.291944E-18	-5.341499E-18	3.934365E-6	0.000000E+0	2.809556E-5	2.921768E-4	0.000000E+0	0.000000E+0	0.000000E+0
3.309031E+2	-3.450130E+3	-1.329000E+0	-5.203440E-18	3.830366E-18	9.297510E-7	0.000000E+0	2.754566E-5	2.872022E-4	0.000000E+0	0.000000E+0	0.000000E+0
3.362253E+2	-3.511491E+3	-1.405000E+0	3.093325E+17	-1.518024E+17	9.894720E-7	0.000000E+0	2.701990E-5	2.821922E-4	0.000000E+0	0.000000E+0	0.000000E+0
3.418267E+2	-3.577858E+3	-1.481000E+0	1.311717E+15	4.724009E-18	1.049193E-6	0.000000E+0	2.646145E-5	2.769687E-4	0.000000E+0	0.000000E+0	0.000000E+0
3.481135E+2	-3.648073E+3	-1.557000E+0	-1.009562E-18	-5.687651E-18	3.662601E-6	0.000000E+0	2.592132E-5	2.716438E-4	0.000000E+0	0.000000E+0	0.000000E+0
3.537751E+2	-3.719289E+3	-1.633000E+0	-6.256277E-18	1.220246E+17	-3.634996E-7	0.000000E+0	2.534520E-5	2.664578E-4	0.000000E+0	0.000000E+0	0.000000E+0
3.579390E+2	-3.790155E+3	-1.709000E+0	2.692530E+17	-2.999069E+17	3.271336E-6	0.000000E+0	2.469670E-5	2.615091E-4	0.000000E+0	0.000000E+0	0.000000E+0
3.617136E+2	-3.856531E+3	-1.785000E+0	-4.013414E-19	-2.241021E+17	2.820343E-6	0.000000E+0	2.410834E-5	2.570392E-4	0.000000E+0	0.000000E+0	0.000000E+0
3.649053E+2	-3.920023E+3	-1.861000E+0	8.607211E+16	2.393421E-17	2.880071E-6	0.000000E+0	2.354268E-5	2.529090E-4	0.000000E+0	0.000000E+0	0.000000E+0
3.672598E+2	-3.978593E+3	-1.937000E+0	2.127762E-18	3.276064E+15	1.918372E-6	0.000000E+0	2.300538E-5	2.492215E-4	0.000000E+0	0.000000E+0	0.000000E+0
3.690640E+2	-4.033729E+3	-2.013000E+0	-4.960950E+17	-4.576442E+17	3.510286E-6	0.000000E+0	2.249406E-5	2.458515E-4	0.000000E+0	0.000000E+0	0.000000E+0
3.681936E+2	-4.089944E+3	-2.089000E+0	-6.504745E+16	2.346697E+17	5.056645E-7	0.000000E+0	2.183414E-5	2.425365E-4	0.000000E+0	0.000000E+0	0.000000E+0
3.702476E+2	-4.137566E+3	-2.165000E+0	5.739126E-18	5.135446E+17	2.097600E-6	0.000000E+0	2.145550E-5	2.397681E-4	0.000000E+0	0.000000E+0	0.000000E+0
3.716443E+2	-4.181820E+3	-2.241000E+0	-5.522322E-18	3.493290E-18	5.221707E-6	0.000000E+0	2.108532E-5	2.372564E-4	0.000000E+0	0.000000E+0	0.000000E+0
3.726235E+2	-4.223244E+3	-2.316000E+0	2.906916E+17	-1.493182E-18	1.678723E-6	0.000000E+0	2.073051E-5	2.349557E-4	0.000000E+0	0.000000E+0	0.000000E+0
3.735757E+2	-4.262360E+3	-2.392000E+0	-3.086734E-18	4.664198E-18	3.781344E-6	0.000000E+0	2.040586E-5	2.328233E-4	0.000000E+0	0.000000E+0	0.000000E+0
3.743232E+2	-4.299080E+3	-2.468000E+0	6.288337E-18	-3.925935E-18	2.308880E-6	0.000000E+0	2.010090E-5	2.308577E-4	0.000000E+0	0.000000E+0	0.000000E+0
3.746628E+2	-4.332863E+3	-2.544000E+0	8.250878E-19	2.835790E+17	8.364586E-7	0.000000E+0	1.980868E-5	2.290814E-4	0.000000E+0	0.000000E+0	0.000000E+0
3.753560E+2	-4.365699E+3	-2.620000E+0	4.553607E+17	-2.686618E+17	2.428380E-6	0.000000E+0	1.954957E-5	2.273776E-4	0.000000E+0	0.000000E+0	0.000000E+0
3.758625E+2	-4.395643E+3	-2.696000E+0	2.517966E+17	3.793721E+16	1.977402E-6	0.000000E+0	1.931169E-5	2.258467E-4	0.000000E+0	0.000000E+0	0.000000E+0
3.763315E+2	-4.424580E+3	-2.772000E+0	-6.627993E-18	6.447512E-18	5.101465E-6	0.000000E+0	1.908517E-5	2.243869E-4	0.000000E+0	0.000000E+0	0.000000E+0
3.767341E+2	-4.451244E+3	-2.848000E+0	-5.704677E+17	6.512875E+16	2.096902E-6	0.000000E+0	1.887871E-5	2.230585E-4	0.000000E+0	0.000000E+0	0.000000E+0
3.768394E+2	-4.476127E+3	-2.924000E+0	-4.916206E+17	6.689525E-18	3.688765E-6	0.000000E+0	1.867601E-5	2.218351E-4	0.000000E+0	0.000000E+0	0.000000E+0
3.772100E+2	-4.499582E+3	-3.000000E+0	-3.567359E+17	-4.286482E-18	6.842020E-7	0.000000E+0	1.850109E-5	2.206919E-4	0.000000E+0	0.000000E+0	0.000000E+0
