Real / Ohm	Ximag / Ohm	V_DC / V	I_a c / A	V_ac / V	I_DC / A
4.284382E+5	-4.455045E+6	-3.000000E+0	-3.567381E+17	-4.286482E-18	1.194916E-6	1.000000E+3	2.138877E-8	2.224077E-7	0.000000E+0	0.000000E+0	0.000000E+0
3.991442E+5	-4.472875E+6	-2.924000E+0	-4.736062E+17	6.906363E-18	6.244227E-7	0.000000E+0	1.979300E-8	2.218036E-7	0.000000E+0	0.000000E+0	0.000000E+0
4.031238E+5	-4.478534E+6	-2.848000E+0	-5.749716E+17	6.512875E+16	5.647016E-7	0.000000E+0	1.993711E-8	2.214928E-7	0.000000E+0	0.000000E+0	0.000000E+0
4.043127E+5	-4.472178E+6	-2.772000E+0	-6.627993E-18	5.176237E+17	1.526409E-6	0.000000E+0	2.005137E-8	2.217919E-7	0.000000E+0	0.000000E+0	0.000000E+0
3.984814E+5	-4.426491E+6	-2.696000E+0	2.517955E+17	3.793721E+16	1.466688E-6	0.000000E+0	2.017361E-8	2.240965E-7	0.000000E+0	0.000000E+0	0.000000E+0
3.802946E+5	-4.416892E+6	-2.620000E+0	4.553607E+17	-2.686618E+17	-1.146676E-6	0.000000E+0	1.934991E-8	2.247375E-7	0.000000E+0	0.000000E+0	0.000000E+0
3.766036E+5	-4.349470E+6	-2.544000E+0	8.250878E-19	2.832976E+17	3.257446E-7	0.000000E+0	1.975914E-8	2.282022E-7	0.000000E+0	0.000000E+0	0.000000E+0
3.902983E+5	-4.314482E+6	-2.468000E+0	2.818890E-18	-3.928899E-18	-2.447487E-7	0.000000E+0	2.079696E-8	2.298962E-7	0.000000E+0	0.000000E+0	0.000000E+0
3.640179E+5	-4.290678E+6	-2.392000E+0	-3.087581E-18	4.670974E-18	1.738430E-6	0.000000E+0	1.963162E-8	2.313979E-7	0.000000E+0	0.000000E+0	0.000000E+0
3.828292E+5	-4.271167E+6	-2.316000E+0	2.907620E+17	-1.496573E-18	1.465232E-7	0.000000E+0	2.081790E-8	2.322621E-7	0.000000E+0	0.000000E+0	0.000000E+0
3.688910E+5	-4.259639E+6	-2.241000E+0	-2.052452E-18	3.493290E-18	2.157307E-6	0.000000E+0	2.017936E-8	2.330141E-7	0.000000E+0	0.000000E+0	0.000000E+0
3.390532E+5	-4.210870E+6	-2.165000E+0	5.725574E-18	6.181145E-18	5.654583E-7	0.000000E+0	1.899843E-8	2.359509E-7	0.000000E+0	0.000000E+0	0.000000E+0
3.642196E+5	-4.198571E+6	-2.089000E+0	-6.504745E+16	2.369913E+17	1.016437E-6	0.000000E+0	2.050710E-8	2.363973E-7	0.000000E+0	0.000000E+0	0.000000E+0
3.475500E+5	-4.179931E+6	-2.013000E+0	7.811391E+16	1.187967E+17	-5.754846E-7	0.000000E+0	1.975545E-8	2.375958E-7	0.000000E+0	0.000000E+0	0.000000E+0
3.252240E+5	-4.150580E+6	-1.937000E+0	2.127762E-18	3.293656E+15	2.429086E-6	0.000000E+0	1.876319E-8	2.394600E-7	0.000000E+0	0.000000E+0	0.000000E+0
3.055979E+5	-4.113361E+6	-1.861000E+0	8.610729E+16	1.699529E-17	2.369357E-6	0.000000E+0	1.796247E-8	2.417757E-7	0.000000E+0	0.000000E+0	0.000000E+0
3.043146E+5	-4.086131E+6	-1.785000E+0	-3.334214E+16	-2.240669E+17	-2.439992E-7	0.000000E+0	1.812575E-8	2.433804E-7	0.000000E+0	0.000000E+0	0.000000E+0
3.204041E+5	-4.062047E+6	-1.709000E+0	2.698511E+17	-3.359357E+17	2.069937E-7	0.000000E+0	1.929810E-8	2.446591E-7	0.000000E+0	0.000000E+0	0.000000E+0
3.055031E+5	-4.070370E+6	-1.633000E+0	-6.256269E-18	1.400392E+17	1.168701E-6	0.000000E+0	1.833615E-8	2.443017E-7	0.000000E+0	0.000000E+0	0.000000E+0
3.177839E+5	-4.053296E+6	-1.557000E+0	-1.016338E-18	-5.687757E-18	-9.339419E-7	0.000000E+0	1.922445E-8	2.452056E-7	0.000000E+0	0.000000E+0	0.000000E+0
3.281294E+5	-4.018981E+6	-1.481000E+0	1.311717E+15	5.157902E-18	5.384791E-7	0.000000E+0	2.018031E-8	2.471717E-7	0.000000E+0	0.000000E+0	0.000000E+0
3.196657E+5	-3.980777E+6	-1.405000E+0	2.540081E-19	4.246583E+17	-5.426700E-7	0.000000E+0	2.004328E-8	2.495977E-7	0.000000E+0	0.000000E+0	0.000000E+0
3.034656E+5	-3.960062E+6	-1.329000E+0	-6.938164E-18	3.830367E-18	2.972665E-6	0.000000E+0	1.923812E-8	2.510471E-7	0.000000E+0	0.000000E+0	0.000000E+0
3.092323E+5	-3.928580E+6	-1.253000E+0	-1.291944E-18	-5.342346E-18	8.700226E-7	0.000000E+0	1.991275E-8	2.529775E-7	0.000000E+0	0.000000E+0	0.000000E+0
3.197189E+5	-3.914686E+6	-1.177000E+0	-5.319417E+16	-3.192840E+17	-3.786241E-6	0.000000E+0	2.072465E-8	2.537557E-7	0.000000E+0	0.000000E+0	0.000000E+0
2.880324E+5	-3.911031E+6	-1.101000E+0	2.088264E+17	-2.196584E+17	1.772001E-6	0.000000E+0	1.872879E-8	2.543078E-7	0.000000E+0	0.000000E+0	0.000000E+0
2.918207E+5	-3.869976E+6	-1.025000E+0	-7.993003E+16	-3.386204E-18	-3.395005E-6	0.000000E+0	1.937479E-8	2.569386E-7	0.000000E+0	0.000000E+0	0.000000E+0
2.672330E+5	-3.844270E+6	-9.490000E-1	-2.208677E-18	1.902529E-18	-1.411841E-6	0.000000E+0	1.799570E-8	2.588764E-7	0.000000E+0	0.000000E+0	0.000000E+0
2.849719E+5	-3.817763E+6	-8.730000E-1	-4.775830E-18	6.132215E-18	1.082033E-6	0.000000E+0	1.944335E-8	2.604822E-7	0.000000E+0	0.000000E+0	0.000000E+0
2.852181E+5	-3.779648E+6	-7.970000E-1	3.887097E+16	1.849291E+17	-1.020606E-6	0.000000E+0	1.985219E-8	2.630768E-7	0.000000E+0	0.000000E+0	0.000000E+0
2.834231E+5	-3.739332E+6	-7.220000E-1	4.410889E+17	3.940187E-18	-1.563374E-6	0.000000E+0	2.015391E-8	2.658999E-7	0.000000E+0	0.000000E+0	0.000000E+0
2.545124E+5	-3.730887E+6	-6.460000E-1	-5.506674E-18	3.318154E+17	2.973386E-6	0.000000E+0	1.819987E-8	2.667912E-7	0.000000E+0	0.000000E+0	0.000000E+0
2.681153E+5	-3.703494E+6	-5.700000E-1	-5.761072E+17	-5.613382E+17	8.707466E-7	0.000000E+0	1.944590E-8	2.686075E-7	0.000000E+0	0.000000E+0	0.000000E+0
2.632325E+5	-3.683587E+6	-4.940000E-1	2.833723E-18	-1.599031E-19	3.002806E-7	0.000000E+0	1.930125E-8	2.700952E-7	0.000000E+0	0.000000E+0	0.000000E+0
2.718036E+5	-3.660487E+6	-4.180000E-1	-1.696221E+17	-6.410840E-19	-2.701872E-7	0.000000E+0	2.017388E-8	2.716897E-7	0.000000E+0	0.000000E+0	0.000000E+0
2.809437E+5	-3.641745E+6	-3.420000E-1	-2.726899E+17	2.120590E-18	3.755889E-6	0.000000E+0	2.105830E-8	2.729691E-7	0.000000E+0	0.000000E+0	0.000000E+0
2.513827E+5	-3.586117E+6	-2.660000E-1	-1.523436E+17	2.700613E+17	1.653250E-6	0.000000E+0	1.945170E-8	2.774896E-7	0.000000E+0	0.000000E+0	0.000000E+0
2.581209E+5	-3.569746E+6	-1.900000E-1	-2.971689E+17	-4.956124E-18	5.720422E-7	0.000000E+0	2.015040E-8	2.786749E-7	0.000000E+0	0.000000E+0	0.000000E+0
2.310016E+5	-3.527833E+6	-1.140000E-1	-4.717429E+17	-4.925478E+17	2.044490E-6	0.000000E+0	1.848165E-8	2.822500E-7	0.000000E+0	0.000000E+0	0.000000E+0
2.728702E+5	-3.489038E+6	-3.800000E-2	-9.427576E-19	-9.693192E-19	1.474023E-6	0.000000E+0	2.227904E-8	2.848696E-7	0.000000E+0	0.000000E+0	0.000000E+0
2.466848E+5	-3.450384E+6	3.800000E-2	-3.093320E+17	4.406614E-18	3.457184E-6	0.000000E+0	2.061547E-8	2.883489E-7	0.000000E+0	0.000000E+0	0.000000E+0
2.570263E+5	-3.423137E+6	1.140000E-1	-4.715167E+17	-5.481549E+17	1.354547E-6	0.000000E+0	2.181160E-8	2.904920E-7	0.000000E+0	0.000000E+0	0.000000E+0
2.486366E+5	-3.381361E+6	1.900000E-1	4.697494E+17	-4.510080E+17	2.316251E-6	0.000000E+0	2.162918E-8	2.941485E-7	0.000000E+0	0.000000E+0	0.000000E+0
2.523075E+5	-3.333345E+6	2.660000E-1	-3.021231E-18	2.522898E+17	7.243289E-7	0.000000E+0	2.257816E-8	2.982900E-7	0.000000E+0	0.000000E+0	0.000000E+0
2.473007E+5	-3.297119E+6	3.420000E-1	-3.194971E-18	5.558819E-18	6.646042E-7	0.000000E+0	2.262141E-8	3.015984E-7	0.000000E+0	0.000000E+0	0.000000E+0
2.542232E+5	-3.264526E+6	4.180000E-1	4.155979E+17	-2.188149E-18	-1.438033E-6	0.000000E+0	2.371096E-8	3.044767E-7	0.000000E+0	0.000000E+0	0.000000E+0
2.562878E+5	-3.202100E+6	4.940000E-1	-4.136209E+17	4.857998E-18	5.450984E-7	0.000000E+0	2.483619E-8	3.103072E-7	0.000000E+0	0.000000E+0	0.000000E+0
2.425958E+5	-3.157993E+6	5.700000E-1	-3.849816E-18	-6.440654E-18	1.506833E-6	0.000000E+0	2.418275E-8	3.147991E-7	0.000000E+0	0.000000E+0	0.000000E+0
2.434280E+5	-3.138891E+6	6.460000E-1	4.766215E-20	4.558806E+17	4.256217E-7	0.000000E+0	2.455918E-8	3.166792E-7	0.000000E+0	0.000000E+0	0.000000E+0
2.562172E+5	-3.090463E+6	7.220000E-1	1.388541E-18	6.784133E-18	-6.555601E-7	0.000000E+0	2.664320E-8	3.213672E-7	0.000000E+0	0.000000E+0	0.000000E+0
2.463979E+5	-3.062642E+6	7.970000E-1	3.311088E+17	-4.500095E-18	2.887442E-6	0.000000E+0	2.610012E-8	3.244156E-7	0.000000E+0	0.000000E+0	0.000000E+0
2.599893E+5	-3.026817E+6	8.730000E-1	-7.975154E-19	6.323277E-18	1.295517E-6	0.000000E+0	2.817025E-8	3.279604E-7	0.000000E+0	0.000000E+0	0.000000E+0
2.452487E+5	-3.006922E+6	9.490000E-1	-4.524503E+17	2.055147E+17	-2.963789E-7	0.000000E+0	2.694529E-8	3.303683E-7	0.000000E+0	0.000000E+0	0.000000E+0
2.563202E+5	-2.976738E+6	1.025000E+0	-6.904543E-18	-8.375564E+16	2.708213E-6	0.000000E+0	2.871398E-8	3.334657E-7	0.000000E+0	0.000000E+0	0.000000E+0
2.543324E+5	-2.984918E+6	1.101000E+0	2.547933E-18	-2.672116E+16	3.159206E-6	0.000000E+0	2.833970E-8	3.326029E-7	0.000000E+0	0.000000E+0	0.000000E+0
2.396225E+5	-2.963897E+6	1.177000E+0	-1.554791E+17	-4.675079E+17	1.056564E-6	0.000000E+0	2.710017E-8	3.352027E-7	0.000000E+0	0.000000E+0	0.000000E+0
2.450157E+5	-2.966962E+6	1.253000E+0	-5.196819E+17	2.155725E-18	2.528985E-6	0.000000E+0	2.764511E-8	3.347621E-7	0.000000E+0	0.000000E+0	0.000000E+0
2.611261E+5	-2.992389E+6	1.329000E+0	1.001296E+17	-5.707470E+17	1.447799E-6	0.000000E+0	2.894140E-8	3.316556E-7	0.000000E+0	0.000000E+0	0.000000E+0
2.588934E+5	-2.994008E+6	1.405000E+0	-2.820974E+17	-3.562291E+17	3.666210E-7	0.000000E+0	2.866684E-8	3.315216E-7	0.000000E+0	0.000000E+0	0.000000E+0
2.693271E+5	-3.008656E+6	1.481000E+0	7.431702E+16	-3.376193E+17	2.860499E-6	0.000000E+0	2.951676E-8	3.297321E-7	0.000000E+0	0.000000E+0	0.000000E+0
2.683023E+5	-3.030493E+6	1.557000E+0	5.230660E-18	8.421242E+16	-7.743074E-7	0.000000E+0	2.898725E-8	3.274130E-7	0.000000E+0	0.000000E+0	0.000000E+0
2.744156E+5	-3.069064E+6	1.633000E+0	5.318052E+17	-2.871878E+17	-8.340648E-7	0.000000E+0	2.890271E-8	3.232479E-7	0.000000E+0	0.000000E+0	0.000000E+0
2.506067E+5	-3.104397E+6	1.709000E+0	-5.656005E-19	1.659667E-18	1.276712E-7	0.000000E+0	2.583552E-8	3.200381E-7	0.000000E+0	0.000000E+0	0.000000E+0
2.629364E+5	-3.142520E+6	1.785000E+0	9.197504E+16	2.296609E-18	1.089378E-6	0.000000E+0	2.644020E-8	3.160037E-7	0.000000E+0	0.000000E+0	0.000000E+0
2.445515E+5	-3.198426E+6	1.861000E+0	4.020355E+17	1.810141E+17	4.093963E-6	0.000000E+0	2.376655E-8	3.108366E-7	0.000000E+0	0.000000E+0	0.000000E+0
2.343512E+5	-3.239631E+6	1.937000E+0	1.676929E-18	4.035830E-18	4.544949E-6	0.000000E+0	2.221311E-8	3.070703E-7	0.000000E+0	0.000000E+0	0.000000E+0
2.114356E+5	-3.287030E+6	2.013000E+0	-2.680828E+17	-5.132058E+17	1.931607E-6	0.000000E+0	1.948846E-8	3.029724E-7	0.000000E+0	0.000000E+0	0.000000E+0
2.276865E+5	-3.310147E+6	2.089000E+0	5.241928E+17	-4.155966E-18	2.893314E-6	0.000000E+0	2.068201E-8	3.006788E-7	0.000000E+0	0.000000E+0	0.000000E+0
2.160269E+5	-3.332982E+6	2.165000E+0	2.579781E+17	4.569569E-19	-1.252251E-6	0.000000E+0	1.936517E-8	2.987765E-7	0.000000E+0	0.000000E+0	0.000000E+0
2.232768E+5	-3.362627E+6	2.241000E+0	2.915631E-18	5.325299E+16	2.202141E-7	0.000000E+0	1.965964E-8	2.960811E-7	0.000000E+0	0.000000E+0	0.000000E+0
2.510582E+5	-3.414926E+6	2.316000E+0	-1.980651E+17	3.078113E+17	1.720284E-6	0.000000E+0	2.141267E-8	2.912579E-7	0.000000E+0	0.000000E+0	0.000000E+0
2.515821E+5	-3.427585E+6	2.392000E+0	4.142783E-18	4.323812E+17	1.660577E-6	0.000000E+0	2.129952E-8	2.901872E-7	0.000000E+0	0.000000E+0	0.000000E+0
2.703319E+5	-3.416810E+6	2.468000E+0	5.785012E-19	5.234688E+17	6.864138E-8	0.000000E+0	2.301153E-8	2.908500E-7	0.000000E+0	0.000000E+0	0.000000E+0
2.897410E+5	-3.442213E+6	2.544000E+0	3.389541E+17	1.295985E-19	8.920324E-9	0.000000E+0	2.428110E-8	2.884670E-7	0.000000E+0	0.000000E+0	0.000000E+0
3.215240E+5	-3.460639E+6	2.620000E+0	-5.351625E-18	2.346836E+17	3.013512E-6	0.000000E+0	2.661755E-8	2.864910E-7	0.000000E+0	0.000000E+0	0.000000E+0
3.694951E+5	-3.482021E+6	2.696000E+0	2.587907E+17	-4.848260E-18	9.108626E-7	0.000000E+0	3.013581E-8	2.839917E-7	0.000000E+0	0.000000E+0	0.000000E+0
4.012459E+5	-3.480576E+6	2.772000E+0	-3.127958E+17	-2.708653E-18	2.383313E-6	0.000000E+0	3.268697E-8	2.835406E-7	0.000000E+0	0.000000E+0	0.000000E+0
4.538315E+5	-3.448319E+6	2.848000E+0	6.653843E-18	-4.395667E+17	4.366448E-6	0.000000E+0	3.751645E-8	2.850589E-7	0.000000E+0	0.000000E+0	0.000000E+0
5.519329E+5	-3.437233E+6	2.924000E+0	-1.137863E-18	-4.190346E+17	3.795984E-6	0.000000E+0	4.554202E-8	2.836188E-7	0.000000E+0	0.000000E+0	0.000000E+0
6.129387E+5	-3.408598E+6	3.000000E+0	-9.275714E-19	-3.753044E-18	1.611770E-7	0.000000E+0	5.110278E-8	2.841864E-7	0.000000E+0	0.000000E+0	0.000000E+0
