Real / Ohm	Ximag / Ohm	V_DC / V	I_a c / A	V_ac / V	I_DC / A
8.739843E+0	3.637635E+0	2.500000E+0	-9.275714E-19	-3.780148E-18	3.488676E-2	1.000000E+6	9.752412E-2	-4.059079E-2	0.000000E+0	0.000000E+0	0.000000E+0
3.048445E+1	2.984577E+0	2.437000E+0	-1.137863E-18	-4.190346E+17	2.965511E-2	0.000000E+0	3.249216E-2	-3.181142E-3	0.000000E+0	0.000000E+0	0.000000E+0
3.503465E+1	1.516785E+0	2.373000E+0	6.653843E-18	-4.395315E+17	2.874932E-2	0.000000E+0	2.848977E-2	-1.233432E-3	0.000000E+0	0.000000E+0	0.000000E+0
3.736179E+1	1.415930E+0	2.310000E+0	-3.127958E+17	-2.708644E-18	2.775362E-2	0.000000E+0	2.672693E-2	-1.012892E-3	0.000000E+0	0.000000E+0	0.000000E+0
3.661043E+1	3.531298E+0	2.247000E+0	2.587905E+17	2.524367E-18	2.681308E-2	0.000000E+0	2.706283E-2	-2.610374E-3	0.000000E+0	0.000000E+0	0.000000E+0
3.816277E+1	7.042046E-1	2.184000E+0	-5.351627E-18	5.229140E+17	2.588990E-2	0.000000E+0	2.619463E-2	-4.833606E-4	0.000000E+0	0.000000E+0	0.000000E+0
4.182919E+1	-1.229153E-1	2.120000E+0	3.389543E+17	1.295985E-19	2.496266E-2	0.000000E+0	2.390654E-2	7.024951E-5	0.000000E+0	0.000000E+0	0.000000E+0
4.654694E+1	8.266144E-1	2.057000E+0	5.768137E-19	5.234688E+17	2.415031E-2	0.000000E+0	2.147692E-2	-3.814027E-4	0.000000E+0	0.000000E+0	0.000000E+0
4.975411E+1	1.614380E-1	1.994000E+0	-2.769006E-18	2.287397E+15	2.247688E-2	0.000000E+0	2.009863E-2	-6.521437E-5	0.000000E+0	0.000000E+0	0.000000E+0
5.156006E+1	-3.246307E-2	1.930000E+0	-1.980568E+17	1.958093E+16	2.226823E-2	0.000000E+0	1.939485E-2	1.221132E-5	0.000000E+0	0.000000E+0	0.000000E+0
5.222665E+1	-2.790680E-1	1.867000E+0	2.915631E-18	5.325189E+16	2.135578E-2	0.000000E+0	1.914677E-2	1.023089E-4	0.000000E+0	0.000000E+0	0.000000E+0
5.304698E+1	-7.617950E-1	1.804000E+0	2.579782E+17	4.569569E-19	2.058633E-2	0.000000E+0	1.884733E-2	2.706620E-4	0.000000E+0	0.000000E+0	0.000000E+0
5.260585E+1	-9.204521E-1	1.741000E+0	5.241928E+17	-4.156389E-18	1.987765E-2	0.000000E+0	1.900347E-2	3.325065E-4	0.000000E+0	0.000000E+0	0.000000E+0
5.274472E+1	-1.306648E+0	1.677000E+0	-2.680121E+17	-5.492346E+17	1.910823E-2	0.000000E+0	1.894762E-2	4.693904E-4	0.000000E+0	0.000000E+0	0.000000E+0
5.181737E+1	-2.412380E+0	1.614000E+0	4.712699E-18	4.035830E-18	1.834337E-2	0.000000E+0	1.925681E-2	8.965091E-4	0.000000E+0	0.000000E+0	0.000000E+0
5.757393E+1	-6.727409E-1	1.551000E+0	4.020355E+17	1.810141E+17	1.760610E-2	0.000000E+0	1.736660E-2	2.029256E-4	0.000000E+0	0.000000E+0	0.000000E+0
5.803558E+1	-7.139511E-1	1.487000E+0	9.183430E+16	2.296609E-18	1.638877E-2	0.000000E+0	1.722820E-2	2.119406E-4	0.000000E+0	0.000000E+0	0.000000E+0
5.844623E+1	-7.568359E-1	1.424000E+0	5.519484E-18	1.673219E-18	1.566529E-2	0.000000E+0	1.710687E-2	2.215215E-4	0.000000E+0	0.000000E+0	0.000000E+0
5.884785E+1	-7.872238E-1	1.361000E+0	5.364297E+17	-2.871880E+17	1.493005E-2	0.000000E+0	1.698993E-2	2.272790E-4	0.000000E+0	0.000000E+0	0.000000E+0
5.953674E+1	-7.718544E-1	1.297000E+0	5.230660E-18	8.421242E+16	1.418872E-2	0.000000E+0	1.679353E-2	2.177170E-4	0.000000E+0	0.000000E+0	0.000000E+0
6.000171E+1	-8.121109E-1	1.234000E+0	7.433461E+16	-3.421229E+17	1.333960E-2	0.000000E+0	1.666314E-2	2.255322E-4	0.000000E+0	0.000000E+0	0.000000E+0
6.041479E+1	-8.451881E-1	1.171000E+0	-2.820974E+17	-3.562313E+17	1.262786E-2	0.000000E+0	1.654900E-2	2.315164E-4	0.000000E+0	0.000000E+0	0.000000E+0
6.082559E+1	-8.910103E-1	1.108000E+0	1.000945E+17	-5.707470E+17	1.191357E-2	0.000000E+0	1.643692E-2	2.407780E-4	0.000000E+0	0.000000E+0	0.000000E+0
6.114893E+1	-9.070320E-1	1.044000E+0	-5.196808E+17	2.162502E-18	1.118500E-2	0.000000E+0	1.634992E-2	2.425210E-4	0.000000E+0	0.000000E+0	0.000000E+0
6.171543E+1	-8.863907E-1	9.810000E-1	-1.554791E+17	3.966226E+17	1.046969E-2	0.000000E+0	1.620006E-2	2.326741E-4	0.000000E+0	0.000000E+0	0.000000E+0
6.224525E+1	-9.061966E-1	9.180000E-1	2.547933E-18	-3.572836E+16	9.767652E-3	0.000000E+0	1.606208E-2	2.338395E-4	0.000000E+0	0.000000E+0	0.000000E+0
6.270988E+1	-9.110069E-1	8.540000E-1	-6.904437E-18	-8.375564E+16	9.076370E-3	0.000000E+0	1.594309E-2	2.316104E-4	0.000000E+0	0.000000E+0	0.000000E+0
6.317007E+1	-9.206429E-1	7.910000E-1	-4.524460E+17	2.055323E+17	8.389145E-3	0.000000E+0	1.582692E-2	2.306621E-4	0.000000E+0	0.000000E+0	0.000000E+0
6.370262E+1	-9.314804E-1	7.280000E-1	-3.570583E-19	6.323277E-18	7.703965E-3	0.000000E+0	1.569459E-2	2.294913E-4	0.000000E+0	0.000000E+0	0.000000E+0
6.414938E+1	-9.524918E-1	6.650000E-1	4.707512E+17	-3.197573E+17	7.017252E-3	0.000000E+0	1.558518E-2	2.314092E-4	0.000000E+0	0.000000E+0	0.000000E+0
6.461877E+1	-9.657288E-1	6.010000E-1	1.388541E-18	6.784146E-18	6.330566E-3	0.000000E+0	1.547192E-2	2.312282E-4	0.000000E+0	0.000000E+0	0.000000E+0
6.501526E+1	-9.687004E-1	5.380000E-1	4.766215E-20	4.558795E+17	5.664792E-3	0.000000E+0	1.537759E-2	2.291197E-4	0.000000E+0	0.000000E+0	0.000000E+0
6.546796E+1	-9.865608E-1	4.750000E-1	-5.584540E-18	-6.440456E-18	4.997997E-3	0.000000E+0	1.527118E-2	2.301270E-4	0.000000E+0	0.000000E+0	0.000000E+0
6.585770E+1	-9.890709E-1	4.110000E-1	-4.313450E+17	4.857998E-18	4.314885E-3	0.000000E+0	1.518083E-2	2.279903E-4	0.000000E+0	0.000000E+0	0.000000E+0
6.626733E+1	-9.907455E-1	3.480000E-1	4.155979E+17	-2.188149E-18	3.661370E-3	0.000000E+0	1.508702E-2	2.255621E-4	0.000000E+0	0.000000E+0	0.000000E+0
6.670892E+1	-9.875488E-1	2.850000E-1	-3.411811E-18	5.558819E-18	2.995597E-3	0.000000E+0	1.498721E-2	2.218685E-4	0.000000E+0	0.000000E+0	0.000000E+0
6.712613E+1	-9.831009E-1	2.220000E-1	-3.021231E-18	3.036828E-18	2.326759E-3	0.000000E+0	1.489413E-2	2.181332E-4	0.000000E+0	0.000000E+0	0.000000E+0
6.751033E+1	-9.738197E-1	1.580000E-1	-1.067025E+17	-5.230656E+17	1.660502E-3	0.000000E+0	1.480947E-2	2.136229E-4	0.000000E+0	0.000000E+0	0.000000E+0
6.785114E+1	-9.652367E-1	9.500000E-2	-4.715167E+17	-5.436425E+17	9.952390E-4	0.000000E+0	1.473516E-2	2.096195E-4	0.000000E+0	0.000000E+0	0.000000E+0
6.803824E+1	-9.478188E-1	3.200000E-2	-3.453602E+17	4.406614E-18	3.361047E-4	0.000000E+0	1.469477E-2	2.047080E-4	0.000000E+0	0.000000E+0	0.000000E+0
6.816641E+1	-9.350662E-1	-3.200000E-2	-9.427510E-19	-9.422141E-19	-3.388345E-4	0.000000E+0	1.466722E-2	2.011962E-4	0.000000E+0	0.000000E+0	0.000000E+0
6.811644E+1	-9.191322E-1	-9.500000E-2	-4.717429E+17	-4.925467E+17	-1.001544E-3	0.000000E+0	1.467807E-2	1.980592E-4	0.000000E+0	0.000000E+0	0.000000E+0
6.793497E+1	-8.885536E-1	-1.580000E-1	-2.949193E+17	-4.901914E-18	-1.665786E-3	0.000000E+0	1.471744E-2	1.924964E-4	0.000000E+0	0.000000E+0	0.000000E+0
6.742929E+1	-8.606911E-1	-2.220000E-1	-1.478400E+17	2.700588E+17	-2.341236E-3	0.000000E+0	1.482793E-2	1.892690E-4	0.000000E+0	0.000000E+0	0.000000E+0
6.587244E+1	-8.269806E-1	-2.850000E-1	-2.726899E+17	1.903750E-18	-3.026928E-3	0.000000E+0	1.517846E-2	1.905546E-4	0.000000E+0	0.000000E+0	0.000000E+0
6.234475E+1	-7.821465E-1	-3.480000E-1	-1.696221E+17	-6.427781E-19	-3.761139E-3	0.000000E+0	1.603732E-2	2.011963E-4	0.000000E+0	0.000000E+0	0.000000E+0
6.096300E+1	-6.498299E-1	-4.110000E-1	2.833723E-18	-1.599031E-19	-4.650610E-3	0.000000E+0	1.640153E-2	1.748307E-4	0.000000E+0	0.000000E+0	0.000000E+0
5.911139E+1	-6.435127E-1	-4.750000E-1	-4.319920E+17	-4.172230E+17	-5.482852E-3	0.000000E+0	1.691521E-2	1.841464E-4	0.000000E+0	0.000000E+0	0.000000E+0
5.775882E+1	-6.702690E-1	-5.380000E-1	-5.506670E-18	3.318154E+17	-6.265582E-3	0.000000E+0	1.731104E-2	2.008880E-4	0.000000E+0	0.000000E+0	0.000000E+0
5.636588E+1	-6.465912E-1	-6.010000E-1	4.410889E+17	3.939340E-18	-7.208169E-3	0.000000E+0	1.773889E-2	2.034886E-4	0.000000E+0	0.000000E+0	0.000000E+0
5.459716E+1	-5.764847E-1	-6.650000E-1	1.829862E+17	1.861957E+17	-8.041434E-3	0.000000E+0	1.831393E-2	1.933745E-4	0.000000E+0	0.000000E+0	0.000000E+0
5.327925E+1	-6.403770E-1	-7.280000E-1	-1.333488E-18	6.138991E-18	-8.919667E-3	0.000000E+0	1.876632E-2	2.255572E-4	0.000000E+0	0.000000E+0	0.000000E+0
5.210485E+1	-5.612373E-1	-7.910000E-1	-1.774996E-18	1.794108E-18	-9.878598E-3	0.000000E+0	1.918984E-2	2.066997E-4	0.000000E+0	0.000000E+0	0.000000E+0
5.095200E+1	-5.287628E-1	-8.540000E-1	-7.957825E+16	-3.386204E-18	-1.083140E-2	0.000000E+0	1.962420E-2	2.036534E-4	0.000000E+0	0.000000E+0	0.000000E+0
5.033812E+1	-5.112152E-1	-9.180000E-1	2.088242E+17	-2.195880E+17	-1.168407E-2	0.000000E+0	1.986361E-2	2.017274E-4	0.000000E+0	0.000000E+0	0.000000E+0
4.936024E+1	-5.117798E-1	-9.810000E-1	5.232665E+17	-3.553127E+17	-1.253472E-2	0.000000E+0	2.025704E-2	2.100303E-4	0.000000E+0	0.000000E+0	0.000000E+0
4.798533E+1	-4.748230E-1	-1.044000E+0	-1.291944E-18	-5.341499E-18	-1.346148E-2	0.000000E+0	2.083766E-2	2.061922E-4	0.000000E+0	0.000000E+0	0.000000E+0
4.695717E+1	-4.247513E-1	-1.108000E+0	-5.203440E-18	3.830366E-18	-1.454194E-2	0.000000E+0	2.129426E-2	1.926173E-4	0.000000E+0	0.000000E+0	0.000000E+0
4.616063E+1	-4.003639E-1	-1.171000E+0	3.093325E+17	-1.518024E+17	-1.546409E-2	0.000000E+0	2.166185E-2	1.878792E-4	0.000000E+0	0.000000E+0	0.000000E+0
4.537830E+1	-3.555031E-1	-1.234000E+0	1.311717E+15	4.724009E-18	-1.637604E-2	0.000000E+0	2.203561E-2	1.726316E-4	0.000000E+0	0.000000E+0	0.000000E+0
4.446516E+1	-2.727966E-1	-1.297000E+0	-1.009562E-18	-5.687651E-18	-1.728951E-2	0.000000E+0	2.248867E-2	1.379694E-4	0.000000E+0	0.000000E+0	0.000000E+0
4.268620E+1	-2.188663E-1	-1.361000E+0	-6.256277E-18	1.220246E+17	-1.828672E-2	0.000000E+0	2.342616E-2	1.201137E-4	0.000000E+0	0.000000E+0	0.000000E+0
4.221751E+1	-1.348133E-1	-1.424000E+0	2.692530E+17	-2.999069E+17	-1.943666E-2	0.000000E+0	2.368661E-2	7.563853E-5	0.000000E+0	0.000000E+0	0.000000E+0
4.122707E+1	-6.982422E-2	-1.487000E+0	-4.013414E-19	-2.241021E+17	-2.028272E-2	0.000000E+0	2.425584E-2	4.108090E-5	0.000000E+0	0.000000E+0	0.000000E+0
4.007661E+1	5.290985E-3	-1.551000E+0	8.607211E+16	2.393421E-17	-2.135040E-2	0.000000E+0	2.495221E-2	-3.294235E-6	0.000000E+0	0.000000E+0	0.000000E+0
3.915882E+1	6.536865E-2	-1.614000E+0	2.127762E-18	3.276064E+15	-2.233078E-2	0.000000E+0	2.553696E-2	-4.262939E-5	0.000000E+0	0.000000E+0	0.000000E+0
3.783769E+1	1.443195E-1	-1.677000E+0	-4.960950E+17	-4.576442E+17	-2.328563E-2	0.000000E+0	2.642829E-2	-1.008021E-4	0.000000E+0	0.000000E+0	0.000000E+0
3.648325E+1	2.341995E-1	-1.741000E+0	-6.504745E+16	2.346697E+17	-2.441920E-2	0.000000E+0	2.740871E-2	-1.759467E-4	0.000000E+0	0.000000E+0	0.000000E+0
3.506090E+1	3.046608E-1	-1.804000E+0	5.739126E-18	5.135446E+17	-2.555892E-2	0.000000E+0	2.851965E-2	-2.478207E-4	0.000000E+0	0.000000E+0	0.000000E+0
3.382144E+1	3.654461E-1	-1.867000E+0	-5.522322E-18	3.493290E-18	-2.675023E-2	0.000000E+0	2.956359E-2	-3.194394E-4	0.000000E+0	0.000000E+0	0.000000E+0
3.226518E+1	4.368534E-1	-1.930000E+0	2.906916E+17	-1.493182E-18	-2.805237E-2	0.000000E+0	3.098748E-2	-4.195541E-4	0.000000E+0	0.000000E+0	0.000000E+0
3.091462E+1	4.907455E-1	-1.994000E+0	-3.086734E-18	4.664198E-18	-2.925386E-2	0.000000E+0	3.233901E-2	-5.133565E-4	0.000000E+0	0.000000E+0	0.000000E+0
2.994405E+1	4.670734E-1	-2.057000E+0	6.288337E-18	-3.925935E-18	-3.045232E-2	0.000000E+0	3.338749E-2	-5.207849E-4	0.000000E+0	0.000000E+0	0.000000E+0
2.851933E+1	5.845051E-1	-2.120000E+0	8.250878E-19	2.835790E+17	-3.175037E-2	0.000000E+0	3.504922E-2	-7.183354E-4	0.000000E+0	0.000000E+0	0.000000E+0
2.700687E+1	5.566845E-1	-2.184000E+0	4.553607E+17	-2.686618E+17	-3.313421E-2	0.000000E+0	3.701189E-2	-7.629150E-4	0.000000E+0	0.000000E+0	0.000000E+0
2.627276E+1	7.585526E-1	-2.247000E+0	2.517966E+17	3.793721E+16	-3.458650E-2	0.000000E+0	3.803053E-2	-1.098025E-3	0.000000E+0	0.000000E+0	0.000000E+0
2.549795E+1	7.676220E-1	-2.310000E+0	-6.627993E-18	6.447512E-18	-3.574461E-2	0.000000E+0	3.918333E-2	-1.179624E-3	0.000000E+0	0.000000E+0	0.000000E+0
2.447110E+1	7.598457E-1	-2.373000E+0	-5.704677E+17	6.512875E+16	-3.721733E-2	0.000000E+0	4.082517E-2	-1.267652E-3	0.000000E+0	0.000000E+0	0.000000E+0
2.363623E+1	7.953911E-1	-2.437000E+0	-4.916206E+17	6.689525E-18	-3.876611E-2	0.000000E+0	4.226008E-2	-1.422109E-3	0.000000E+0	0.000000E+0	0.000000E+0
2.195233E+1	6.346569E-1	-2.500000E+0	-3.567359E+17	-4.286482E-18	-4.024445E-2	0.000000E+0	4.551521E-2	-1.315876E-3	0.000000E+0	0.000000E+0	0.000000E+0
