Real / Ohm	Ximag / Ohm	V_DC / V	I_a c / A	V_ac / V	I_DC / A
2.311609E+1	-5.885885E+2	3.000000E+0	-9.275714E-19	-3.780148E-18	-1.370994E-6	1.000000E+7	6.662258E-5	1.696363E-3	0.000000E+0	0.000000E+0	0.000000E+0
2.333356E+1	-5.924648E+2	2.924000E+0	-1.137863E-18	-4.190346E+17	-2.897868E-7	0.000000E+0	6.637168E-5	1.685250E-3	0.000000E+0	0.000000E+0	0.000000E+0
2.354144E+1	-5.953038E+2	2.848000E+0	6.653843E-18	-4.395315E+17	1.812848E-6	0.000000E+0	6.632497E-5	1.677192E-3	0.000000E+0	0.000000E+0	0.000000E+0
2.384689E+1	-5.977535E+2	2.772000E+0	-3.127958E+17	-2.708644E-18	-1.703156E-7	0.000000E+0	6.663415E-5	1.670272E-3	0.000000E+0	0.000000E+0	0.000000E+0
2.409216E+1	-6.001183E+2	2.696000E+0	2.587905E+17	2.524367E-18	1.421577E-6	0.000000E+0	6.678864E-5	1.663657E-3	0.000000E+0	0.000000E+0	0.000000E+0
2.434338E+1	-6.026089E+2	2.620000E+0	-5.351627E-18	5.229140E+17	4.598842E-7	0.000000E+0	6.692705E-5	1.656747E-3	0.000000E+0	0.000000E+0	0.000000E+0
2.437366E+1	-6.052527E+2	2.544000E+0	3.389543E+17	1.295985E-19	1.541091E-6	0.000000E+0	6.642683E-5	1.649527E-3	0.000000E+0	0.000000E+0	0.000000E+0
2.446777E+1	-6.080536E+2	2.468000E+0	5.768137E-19	5.234688E+17	1.090099E-6	0.000000E+0	6.607056E-5	1.641933E-3	0.000000E+0	0.000000E+0	0.000000E+0
2.461948E+1	-6.111160E+2	2.392000E+0	-2.769006E-18	2.287397E+15	6.391201E-7	0.000000E+0	6.581536E-5	1.633699E-3	0.000000E+0	0.000000E+0	0.000000E+0
2.460648E+1	-6.143857E+2	2.316000E+0	-1.980568E+17	1.958093E+16	6.988557E-7	0.000000E+0	6.508355E-5	1.625035E-3	0.000000E+0	0.000000E+0	0.000000E+0
2.459769E+1	-6.175691E+2	2.241000E+0	2.915631E-18	5.325189E+16	-2.905290E-7	0.000000E+0	6.439243E-5	1.616687E-3	0.000000E+0	0.000000E+0	0.000000E+0
2.459256E+1	-6.211404E+2	2.165000E+0	2.579782E+17	4.569569E-19	2.799206E-7	0.000000E+0	6.364202E-5	1.607422E-3	0.000000E+0	0.000000E+0	0.000000E+0
2.454526E+1	-6.247598E+2	2.089000E+0	5.241928E+17	-4.156389E-18	1.361142E-6	0.000000E+0	6.278728E-5	1.598148E-3	0.000000E+0	0.000000E+0	0.000000E+0
2.453854E+1	-6.286033E+2	2.013000E+0	-2.680121E+17	-5.492346E+17	9.101495E-7	0.000000E+0	6.200606E-5	1.588408E-3	0.000000E+0	0.000000E+0	0.000000E+0
2.443732E+1	-6.325564E+2	1.937000E+0	4.712699E-18	4.035830E-18	1.991320E-6	0.000000E+0	6.098280E-5	1.578531E-3	0.000000E+0	0.000000E+0	0.000000E+0
2.444312E+1	-6.367207E+2	1.861000E+0	4.020355E+17	1.810141E+17	8.163624E-9	0.000000E+0	6.020314E-5	1.568236E-3	0.000000E+0	0.000000E+0	0.000000E+0
2.439490E+1	-6.409773E+2	1.785000E+0	9.183430E+16	2.296609E-18	-2.485707E-6	0.000000E+0	5.929050E-5	1.557861E-3	0.000000E+0	0.000000E+0	0.000000E+0
2.437082E+1	-6.453356E+2	1.709000E+0	5.519484E-18	1.673219E-18	1.659842E-6	0.000000E+0	5.843593E-5	1.547375E-3	0.000000E+0	0.000000E+0	0.000000E+0
2.442184E+1	-6.499269E+2	1.633000E+0	5.364297E+17	-2.871880E+17	6.981063E-7	0.000000E+0	5.773466E-5	1.536465E-3	0.000000E+0	0.000000E+0	0.000000E+0
2.436838E+1	-6.545581E+2	1.557000E+0	5.230660E-18	8.421242E+16	-1.795765E-6	0.000000E+0	5.679744E-5	1.525634E-3	0.000000E+0	0.000000E+0	0.000000E+0
2.435352E+1	-6.593839E+2	1.481000E+0	7.433461E+16	-3.421229E+17	3.068708E-7	0.000000E+0	5.593621E-5	1.514501E-3	0.000000E+0	0.000000E+0	0.000000E+0
2.452057E+1	-6.642759E+2	1.405000E+0	-2.820974E+17	-3.562313E+17	-1.165550E-6	0.000000E+0	5.549351E-5	1.503350E-3	0.000000E+0	0.000000E+0	0.000000E+0
2.436871E+1	-6.693380E+2	1.329000E+0	1.000945E+17	-5.707470E+17	1.958513E-6	0.000000E+0	5.432082E-5	1.492036E-3	0.000000E+0	0.000000E+0	0.000000E+0
2.454852E+1	-6.743650E+2	1.253000E+0	-5.196808E+17	2.162502E-18	-1.556786E-6	0.000000E+0	5.390886E-5	1.480914E-3	0.000000E+0	0.000000E+0	0.000000E+0
2.459525E+1	-6.795588E+2	1.177000E+0	-1.554791E+17	3.966226E+17	2.588735E-6	0.000000E+0	5.318983E-5	1.469618E-3	0.000000E+0	0.000000E+0	0.000000E+0
2.480768E+1	-6.847228E+2	1.101000E+0	2.547933E-18	-3.572836E+16	9.486394E-8	0.000000E+0	5.284293E-5	1.458531E-3	0.000000E+0	0.000000E+0	0.000000E+0
2.499747E+1	-6.899783E+2	1.025000E+0	-6.904437E-18	-8.375564E+16	-8.668430E-7	0.000000E+0	5.243914E-5	1.447421E-3	0.000000E+0	0.000000E+0	0.000000E+0
2.525153E+1	-6.954994E+2	9.490000E-1	-4.524460E+17	2.055323E+17	2.143352E-7	0.000000E+0	5.213412E-5	1.435923E-3	0.000000E+0	0.000000E+0	0.000000E+0
2.549887E+1	-7.009410E+2	8.730000E-1	-3.570583E-19	6.323277E-18	7.848030E-7	0.000000E+0	5.183029E-5	1.424768E-3	0.000000E+0	0.000000E+0	0.000000E+0
2.579831E+1	-7.065231E+2	7.970000E-1	4.707512E+17	-3.197573E+17	3.338137E-7	0.000000E+0	5.161309E-5	1.413497E-3	0.000000E+0	0.000000E+0	0.000000E+0
2.623218E+1	-7.122067E+2	7.220000E-1	1.388541E-18	6.784146E-18	2.408782E-6	0.000000E+0	5.164562E-5	1.402185E-3	0.000000E+0	0.000000E+0	0.000000E+0
2.662286E+1	-7.178447E+2	6.460000E-1	4.766215E-20	4.558795E+17	-2.127977E-6	0.000000E+0	5.159371E-5	1.391146E-3	0.000000E+0	0.000000E+0	0.000000E+0
2.707166E+1	-7.237693E+2	5.700000E-1	-5.584540E-18	-6.440456E-18	-1.046796E-6	0.000000E+0	5.160686E-5	1.379725E-3	0.000000E+0	0.000000E+0	0.000000E+0
2.760034E+1	-7.297694E+2	4.940000E-1	-4.313450E+17	4.857998E-18	3.098725E-6	0.000000E+0	5.175143E-5	1.368339E-3	0.000000E+0	0.000000E+0	0.000000E+0
2.825360E+1	-7.359128E+2	4.180000E-1	4.155979E+17	-2.188149E-18	2.647737E-6	0.000000E+0	5.209324E-5	1.356857E-3	0.000000E+0	0.000000E+0	0.000000E+0
2.893600E+1	-7.421110E+2	3.420000E-1	-3.411811E-18	5.558819E-18	-3.568530E-7	0.000000E+0	5.246153E-5	1.345462E-3	0.000000E+0	0.000000E+0	0.000000E+0
2.950613E+1	-7.483794E+2	2.660000E-1	-3.021231E-18	3.036828E-18	3.277957E-6	0.000000E+0	5.260100E-5	1.334147E-3	0.000000E+0	0.000000E+0	0.000000E+0
3.026404E+1	-7.547981E+2	1.900000E-1	-1.067025E+17	-5.230656E+17	2.826964E-6	0.000000E+0	5.303562E-5	1.322731E-3	0.000000E+0	0.000000E+0	0.000000E+0
3.112366E+1	-7.613109E+2	1.140000E-1	-4.715167E+17	-5.436425E+17	8.438037E-7	0.000000E+0	5.360945E-5	1.311332E-3	0.000000E+0	0.000000E+0	0.000000E+0
3.213800E+1	-7.678013E+2	3.800000E-2	-3.453602E+17	4.406614E-18	-1.139358E-6	0.000000E+0	5.442030E-5	1.300142E-3	0.000000E+0	0.000000E+0	0.000000E+0
3.302805E+1	-7.746743E+2	-3.800000E-2	-9.427510E-19	-9.422141E-19	2.495480E-6	0.000000E+0	5.493586E-5	1.288523E-3	0.000000E+0	0.000000E+0	0.000000E+0
3.416989E+1	-7.815067E+2	-1.140000E-1	-4.717429E+17	-4.925467E+17	1.575245E-9	0.000000E+0	5.584043E-5	1.277138E-3	0.000000E+0	0.000000E+0	0.000000E+0
3.533478E+1	-7.883961E+2	-1.900000E-1	-2.949193E+17	-4.901914E-18	1.593499E-6	0.000000E+0	5.673381E-5	1.265855E-3	0.000000E+0	0.000000E+0	0.000000E+0
3.673590E+1	-7.955177E+2	-2.660000E-1	-1.478400E+17	2.700588E+17	2.163964E-6	0.000000E+0	5.792498E-5	1.254368E-3	0.000000E+0	0.000000E+0	0.000000E+0
3.789291E+1	-8.026027E+2	-3.420000E-1	-2.726899E+17	1.903750E-18	1.808039E-7	0.000000E+0	5.869347E-5	1.243175E-3	0.000000E+0	0.000000E+0	0.000000E+0
3.936679E+1	-8.097062E+2	-4.180000E-1	-1.696221E+17	-6.427781E-19	4.837069E-6	0.000000E+0	5.990316E-5	1.232103E-3	0.000000E+0	0.000000E+0	0.000000E+0
4.116025E+1	-8.168561E+2	-4.940000E-1	2.833723E-18	-1.599031E-19	-7.211474E-7	0.000000E+0	6.152981E-5	1.221105E-3	0.000000E+0	0.000000E+0	0.000000E+0
4.267508E+1	-8.239810E+2	-5.700000E-1	-4.319920E+17	-4.172230E+17	2.402918E-6	0.000000E+0	6.268687E-5	1.210374E-3	0.000000E+0	0.000000E+0	0.000000E+0
4.460144E+1	-8.312695E+2	-6.460000E-1	-5.506670E-18	3.318154E+17	-9.095675E-8	0.000000E+0	6.436010E-5	1.199526E-3	0.000000E+0	0.000000E+0	0.000000E+0
4.662354E+1	-8.385364E+2	-7.220000E-1	4.410889E+17	3.939340E-18	2.522396E-6	0.000000E+0	6.610295E-5	1.188879E-3	0.000000E+0	0.000000E+0	0.000000E+0
4.855353E+1	-8.458555E+2	-7.970000E-1	1.829862E+17	1.861957E+17	1.022308E-6	0.000000E+0	6.763941E-5	1.178352E-3	0.000000E+0	0.000000E+0	0.000000E+0
5.076959E+1	-8.528247E+2	-8.730000E-1	-1.333488E-18	6.138991E-18	5.713191E-7	0.000000E+0	6.955810E-5	1.168433E-3	0.000000E+0	0.000000E+0	0.000000E+0
5.308252E+1	-8.599363E+2	-9.490000E-1	-1.774996E-18	1.794108E-18	1.141787E-6	0.000000E+0	7.151008E-5	1.158463E-3	0.000000E+0	0.000000E+0	0.000000E+0
5.547610E+1	-8.671432E+2	-1.025000E+0	-7.957825E+16	-3.386204E-18	1.201537E-6	0.000000E+0	7.347683E-5	1.148511E-3	0.000000E+0	0.000000E+0	0.000000E+0
5.817365E+1	-8.740347E+2	-1.101000E+0	2.088242E+17	-2.195880E+17	3.814886E-6	0.000000E+0	7.581399E-5	1.139073E-3	0.000000E+0	0.000000E+0	0.000000E+0
6.086014E+1	-8.808971E+2	-1.177000E+0	5.232665E+17	-3.553127E+17	1.321016E-6	0.000000E+0	7.805748E-5	1.129813E-3	0.000000E+0	0.000000E+0	0.000000E+0
6.383380E+1	-8.874810E+2	-1.253000E+0	-1.291944E-18	-5.341499E-18	2.402194E-6	0.000000E+0	8.062905E-5	1.120985E-3	0.000000E+0	0.000000E+0	0.000000E+0
6.657861E+1	-8.934296E+2	-1.329000E+0	-5.203440E-18	3.830366E-18	4.190370E-7	0.000000E+0	8.294858E-5	1.113101E-3	0.000000E+0	0.000000E+0	0.000000E+0
6.973236E+1	-8.993522E+2	-1.405000E+0	3.093325E+17	-1.518024E+17	4.787580E-7	0.000000E+0	8.569819E-5	1.105267E-3	0.000000E+0	0.000000E+0	0.000000E+0
7.288940E+1	-9.051487E+2	-1.481000E+0	1.311717E+15	4.724009E-18	3.092107E-6	0.000000E+0	8.839289E-5	1.097673E-3	0.000000E+0	0.000000E+0	0.000000E+0
7.606445E+1	-9.102117E+2	-1.557000E+0	-1.009562E-18	-5.687651E-18	4.684029E-6	0.000000E+0	9.117473E-5	1.091026E-3	0.000000E+0	0.000000E+0	0.000000E+0
7.958167E+1	-9.149457E+2	-1.633000E+0	-6.256277E-18	1.220246E+17	2.190129E-6	0.000000E+0	9.435157E-5	1.084754E-3	0.000000E+0	0.000000E+0	0.000000E+0
8.307184E+1	-9.193994E+2	-1.709000E+0	2.692530E+17	-2.999069E+17	2.760622E-6	0.000000E+0	9.747971E-5	1.078859E-3	0.000000E+0	0.000000E+0	0.000000E+0
8.641785E+1	-9.232703E+2	-1.785000E+0	-4.013414E-19	-2.241021E+17	1.798915E-6	0.000000E+0	1.004980E-4	1.073700E-3	0.000000E+0	0.000000E+0	0.000000E+0
8.968976E+1	-9.266389E+2	-1.861000E+0	8.607211E+16	2.393421E-17	3.901558E-6	0.000000E+0	1.034837E-4	1.069153E-3	0.000000E+0	0.000000E+0	0.000000E+0
9.310901E+1	-9.293306E+2	-1.937000E+0	2.127762E-18	3.276064E+15	8.969437E-7	0.000000E+0	1.067366E-4	1.065349E-3	0.000000E+0	0.000000E+0	0.000000E+0
9.659735E+1	-9.317292E+2	-2.013000E+0	-4.960950E+17	-4.576442E+17	4.459434E-7	0.000000E+0	1.100887E-4	1.061860E-3	0.000000E+0	0.000000E+0	0.000000E+0
9.992023E+1	-9.333984E+2	-2.089000E+0	-6.504745E+16	2.346697E+17	1.527151E-6	0.000000E+0	1.133890E-4	1.059216E-3	0.000000E+0	0.000000E+0	0.000000E+0
1.032943E+2	-9.347401E+2	-2.165000E+0	5.739126E-18	5.135446E+17	1.586886E-6	0.000000E+0	1.167947E-4	1.056910E-3	0.000000E+0	0.000000E+0	0.000000E+0
1.065953E+2	-9.356445E+2	-2.241000E+0	-5.522322E-18	3.493290E-18	2.668079E-6	0.000000E+0	1.202031E-4	1.055088E-3	0.000000E+0	0.000000E+0	0.000000E+0
1.095476E+2	-9.361672E+2	-2.316000E+0	2.906916E+17	-1.493182E-18	3.721580E-6	0.000000E+0	1.233075E-4	1.053756E-3	0.000000E+0	0.000000E+0	0.000000E+0
1.125208E+2	-9.360363E+2	-2.392000E+0	-3.086734E-18	4.664198E-18	5.313486E-6	0.000000E+0	1.265950E-4	1.053117E-3	0.000000E+0	0.000000E+0	0.000000E+0
1.157219E+2	-9.350045E+2	-2.468000E+0	6.288337E-18	-3.925935E-18	-2.447487E-7	0.000000E+0	1.303725E-4	1.053378E-3	0.000000E+0	0.000000E+0	0.000000E+0
1.183646E+2	-9.339823E+2	-2.544000E+0	8.250878E-19	2.835790E+17	3.390087E-6	0.000000E+0	1.335441E-4	1.053760E-3	0.000000E+0	0.000000E+0	0.000000E+0
1.212763E+2	-9.324785E+2	-2.620000E+0	4.553607E+17	-2.686618E+17	3.960522E-6	0.000000E+0	1.371556E-4	1.054573E-3	0.000000E+0	0.000000E+0	0.000000E+0
1.239503E+2	-9.306631E+2	-2.696000E+0	2.517966E+17	3.793721E+16	2.998830E-6	0.000000E+0	1.406133E-4	1.055775E-3	0.000000E+0	0.000000E+0	0.000000E+0
1.262503E+2	-9.279387E+2	-2.772000E+0	-6.627993E-18	6.447512E-18	3.569323E-6	0.000000E+0	1.439555E-4	1.058072E-3	0.000000E+0	0.000000E+0	0.000000E+0
1.287191E+2	-9.251914E+2	-2.848000E+0	-5.704677E+17	6.512875E+16	3.629044E-6	0.000000E+0	1.475210E-4	1.060333E-3	0.000000E+0	0.000000E+0	0.000000E+0
1.310080E+2	-9.217488E+2	-2.924000E+0	-4.916206E+17	6.689525E-18	2.667337E-6	0.000000E+0	1.511426E-4	1.063412E-3	0.000000E+0	0.000000E+0	0.000000E+0
1.329575E+2	-9.185505E+2	-3.000000E+0	-3.567359E+17	-4.286482E-18	1.734297E-7	0.000000E+0	1.543482E-4	1.066330E-3	0.000000E+0	0.000000E+0	0.000000E+0
