Real / Ohm	Ximag / Ohm	V_DC / V	I_a c / A	V_ac / V	I_DC / A
2.427815E+2	-4.222934E+3	2.500000E+0	-9.275714E-19	-3.753044E-18	-1.327397E-6	1.000000E+6	1.356919E-5	2.360221E-4	0.000000E+0	0.000000E+0	0.000000E+0
2.486028E+2	-4.223629E+3	2.437000E+0	-1.137863E-18	-4.190346E+17	1.947759E-6	0.000000E+0	1.388777E-5	2.359458E-4	0.000000E+0	0.000000E+0	0.000000E+0
2.548005E+2	-4.204765E+3	2.373000E+0	6.653843E-18	-4.395667E+17	1.675493E-6	0.000000E+0	1.435903E-5	2.369553E-4	0.000000E+0	0.000000E+0	0.000000E+0
2.603943E+2	-4.183240E+3	2.310000E+0	-3.127958E+17	-2.708653E-18	-4.242393E-6	0.000000E+0	1.482267E-5	2.381265E-4	0.000000E+0	0.000000E+0	0.000000E+0
2.645986E+2	-4.164842E+3	2.247000E+0	2.587907E+17	-4.848260E-18	-3.010136E-6	0.000000E+0	1.519291E-5	2.391399E-4	0.000000E+0	0.000000E+0	0.000000E+0
2.683518E+2	-4.149329E+3	2.184000E+0	-5.351625E-18	2.346836E+17	-7.564522E-7	0.000000E+0	1.552158E-5	2.399990E-4	0.000000E+0	0.000000E+0	0.000000E+0
2.713020E+2	-4.136320E+3	2.120000E+0	3.389541E+17	1.295985E-19	-5.179754E-7	0.000000E+0	1.578921E-5	2.407252E-4	0.000000E+0	0.000000E+0	0.000000E+0
2.740593E+2	-4.126436E+3	2.057000E+0	5.785012E-19	5.234688E+17	1.735723E-6	0.000000E+0	1.602444E-5	2.412756E-4	0.000000E+0	0.000000E+0	0.000000E+0
2.766562E+2	-4.118181E+3	1.994000E+0	4.142783E-18	4.323812E+17	4.143440E-7	0.000000E+0	1.623955E-5	2.417347E-4	0.000000E+0	0.000000E+0	0.000000E+0
2.788335E+2	-4.111025E+3	1.930000E+0	-1.980651E+17	3.078113E+17	6.528207E-7	0.000000E+0	1.642296E-5	2.421344E-4	0.000000E+0	0.000000E+0	0.000000E+0
2.813357E+2	-4.105377E+3	1.867000E+0	2.915631E-18	5.325299E+16	-6.685441E-7	0.000000E+0	1.661438E-5	2.424444E-4	0.000000E+0	0.000000E+0	0.000000E+0
2.834541E+2	-4.100500E+3	1.804000E+0	2.579781E+17	4.569569E-19	5.296897E-8	0.000000E+0	1.677795E-5	2.427129E-4	0.000000E+0	0.000000E+0	0.000000E+0
2.858750E+2	-4.096098E+3	1.741000E+0	5.241928E+17	-4.155966E-18	-7.576527E-7	0.000000E+0	1.695607E-5	2.429514E-4	0.000000E+0	0.000000E+0	0.000000E+0
2.880378E+2	-4.091939E+3	1.677000E+0	-2.680828E+17	-5.132058E+17	1.012988E-6	0.000000E+0	1.711767E-5	2.431780E-4	0.000000E+0	0.000000E+0	0.000000E+0
2.899404E+2	-4.088880E+3	1.614000E+0	1.676929E-18	4.035830E-18	1.223772E-6	0.000000E+0	1.725527E-5	2.433422E-4	0.000000E+0	0.000000E+0	0.000000E+0
2.921089E+2	-4.086023E+3	1.551000E+0	4.020355E+17	1.810141E+17	2.456029E-6	0.000000E+0	1.740721E-5	2.434923E-4	0.000000E+0	0.000000E+0	0.000000E+0
2.941726E+2	-4.083013E+3	1.487000E+0	9.197504E+16	2.296609E-18	3.715955E-6	0.000000E+0	1.755465E-5	2.436524E-4	0.000000E+0	0.000000E+0	0.000000E+0
2.962839E+2	-4.080748E+3	1.424000E+0	-5.656005E-19	1.659667E-18	8.624193E-7	0.000000E+0	1.769885E-5	2.437681E-4	0.000000E+0	0.000000E+0	0.000000E+0
2.983022E+2	-4.078904E+3	1.361000E+0	5.318052E+17	-2.871878E+17	5.176844E-8	0.000000E+0	1.783417E-5	2.438596E-4	0.000000E+0	0.000000E+0	0.000000E+0
3.007966E+2	-4.076735E+3	1.297000E+0	5.230660E-18	8.421242E+16	-2.205052E-7	0.000000E+0	1.800073E-5	2.439662E-4	0.000000E+0	0.000000E+0	0.000000E+0
3.026028E+2	-4.074590E+3	1.234000E+0	7.431702E+16	-3.376193E+17	-2.052584E-6	0.000000E+0	1.812660E-5	2.440773E-4	0.000000E+0	0.000000E+0	0.000000E+0
3.049199E+2	-4.072795E+3	1.171000E+0	-2.820974E+17	-3.562291E+17	1.222565E-6	0.000000E+0	1.827987E-5	2.441631E-4	0.000000E+0	0.000000E+0	0.000000E+0
3.073604E+2	-4.071211E+3	1.108000E+0	1.001296E+17	-5.707470E+17	9.226496E-7	0.000000E+0	1.843879E-5	2.442351E-4	0.000000E+0	0.000000E+0	0.000000E+0
3.097766E+2	-4.069046E+3	1.044000E+0	-5.196819E+17	2.155725E-18	1.671840E-6	0.000000E+0	1.860174E-5	2.443417E-4	0.000000E+0	0.000000E+0	0.000000E+0
3.122483E+2	-4.067644E+3	9.810000E-1	-1.554791E+17	-4.675079E+17	1.882643E-6	0.000000E+0	1.876128E-5	2.444024E-4	0.000000E+0	0.000000E+0	0.000000E+0
3.145430E+2	-4.066164E+3	9.180000E-1	2.547933E-18	-2.672116E+16	-9.708929E-7	0.000000E+0	1.891120E-5	2.444691E-4	0.000000E+0	0.000000E+0	0.000000E+0
3.170840E+2	-4.064439E+3	8.540000E-1	-6.904543E-18	-8.375564E+16	1.310462E-6	0.000000E+0	1.907822E-5	2.445480E-4	0.000000E+0	0.000000E+0	0.000000E+0
3.198711E+2	-4.062931E+3	7.910000E-1	-4.524503E+17	2.055147E+17	2.542725E-6	0.000000E+0	1.925806E-5	2.446116E-4	0.000000E+0	0.000000E+0	0.000000E+0
3.224077E+2	-4.061442E+3	7.280000E-1	-7.975154E-19	6.323277E-18	1.732074E-6	0.000000E+0	1.942302E-5	2.446761E-4	0.000000E+0	0.000000E+0	0.000000E+0
3.252612E+2	-4.059487E+3	6.650000E-1	3.311088E+17	-4.500095E-18	-6.107512E-7	0.000000E+0	1.961150E-5	2.447652E-4	0.000000E+0	0.000000E+0	0.000000E+0
3.278850E+2	-4.056899E+3	6.010000E-1	1.388541E-18	6.784133E-18	3.202778E-6	0.000000E+0	1.979272E-5	2.448940E-4	0.000000E+0	0.000000E+0	0.000000E+0
3.308994E+2	-4.054958E+3	5.380000E-1	4.766215E-20	4.558806E+17	-6.722184E-7	0.000000E+0	1.999129E-5	2.449803E-4	0.000000E+0	0.000000E+0	0.000000E+0
3.338040E+2	-4.052589E+3	4.750000E-1	-3.849816E-18	-6.440654E-18	5.600450E-7	0.000000E+0	2.018784E-5	2.450930E-4	0.000000E+0	0.000000E+0	0.000000E+0
3.365742E+2	-4.049606E+3	4.110000E-1	-4.136209E+17	4.857998E-18	-7.336566E-7	0.000000E+0	2.038288E-5	2.452435E-4	0.000000E+0	0.000000E+0	0.000000E+0
3.399041E+2	-4.047666E+3	3.480000E-1	4.155979E+17	-2.188149E-18	4.986068E-7	0.000000E+0	2.060133E-5	2.453260E-4	0.000000E+0	0.000000E+0	0.000000E+0
3.435222E+2	-4.044615E+3	2.850000E-1	-3.194971E-18	5.558819E-18	1.220125E-6	0.000000E+0	2.084869E-5	2.454716E-4	0.000000E+0	0.000000E+0	0.000000E+0
3.471077E+2	-4.041878E+3	2.220000E-1	-3.021231E-18	2.522898E+17	-6.119844E-7	0.000000E+0	2.109146E-5	2.455985E-4	0.000000E+0	0.000000E+0	0.000000E+0
3.505496E+2	-4.038545E+3	1.580000E-1	4.697494E+17	-4.510080E+17	6.479440E-7	0.000000E+0	2.133240E-5	2.457623E-4	0.000000E+0	0.000000E+0	0.000000E+0
3.542432E+2	-4.035944E+3	9.500000E-2	-4.715167E+17	-5.481549E+17	-1.627081E-7	0.000000E+0	2.158133E-5	2.458793E-4	0.000000E+0	0.000000E+0	0.000000E+0
3.581987E+2	-4.033523E+3	3.200000E-2	-3.093320E+17	4.406614E-18	4.133896E-6	0.000000E+0	2.184456E-5	2.459823E-4	0.000000E+0	0.000000E+0	0.000000E+0
3.629209E+2	-4.030191E+3	-3.200000E-2	-9.427576E-19	-9.693192E-19	2.329482E-6	0.000000E+0	2.216426E-5	2.461313E-4	0.000000E+0	0.000000E+0	0.000000E+0
3.672795E+2	-4.029197E+3	-9.500000E-2	-4.717429E+17	-4.925478E+17	4.973731E-7	0.000000E+0	2.243706E-5	2.461432E-4	0.000000E+0	0.000000E+0	0.000000E+0
3.717698E+2	-4.027992E+3	-1.580000E-1	-2.971689E+17	-4.956124E-18	-3.132791E-7	0.000000E+0	2.272024E-5	2.461657E-4	0.000000E+0	0.000000E+0	0.000000E+0
3.772544E+2	-4.027331E+3	-2.220000E-1	-1.523436E+17	2.700613E+17	2.478821E-6	0.000000E+0	2.305714E-5	2.461436E-4	0.000000E+0	0.000000E+0	0.000000E+0
3.820950E+2	-4.027952E+3	-2.850000E-1	-2.726899E+17	2.120590E-18	6.467399E-7	0.000000E+0	2.334061E-5	2.460510E-4	0.000000E+0	0.000000E+0	0.000000E+0
3.876514E+2	-4.030595E+3	-3.480000E-1	-1.696221E+17	-6.410840E-19	2.900430E-6	0.000000E+0	2.364309E-5	2.458284E-4	0.000000E+0	0.000000E+0	0.000000E+0
3.936829E+2	-4.034417E+3	-4.110000E-1	2.833723E-18	-1.599031E-19	2.089779E-6	0.000000E+0	2.395903E-5	2.455293E-4	0.000000E+0	0.000000E+0	0.000000E+0
4.008101E+2	-4.040351E+3	-4.750000E-1	-5.761072E+17	-5.613382E+17	7.960771E-7	0.000000E+0	2.431350E-5	2.450913E-4	0.000000E+0	0.000000E+0	0.000000E+0
4.075759E+2	-4.050138E+3	-5.380000E-1	-5.506674E-18	3.318154E+17	3.049769E-6	0.000000E+0	2.459761E-5	2.444298E-4	0.000000E+0	0.000000E+0	0.000000E+0
4.152026E+2	-4.064666E+3	-6.010000E-1	4.410889E+17	3.940187E-18	-3.144851E-7	0.000000E+0	2.487151E-5	2.434821E-4	0.000000E+0	0.000000E+0	0.000000E+0
4.237776E+2	-4.083415E+3	-6.650000E-1	3.887097E+16	1.849291E+17	1.966873E-6	0.000000E+0	2.514424E-5	2.422836E-4	0.000000E+0	0.000000E+0	0.000000E+0
4.325051E+2	-4.110469E+3	-7.280000E-1	-4.775830E-18	6.132215E-18	1.347908E-7	0.000000E+0	2.531784E-5	2.406173E-4	0.000000E+0	0.000000E+0	0.000000E+0
4.424819E+2	-4.146149E+3	-7.910000E-1	-2.208677E-18	1.902529E-18	-1.186603E-6	0.000000E+0	2.544997E-5	2.384716E-4	0.000000E+0	0.000000E+0	0.000000E+0
4.533186E+2	-4.192616E+3	-8.540000E-1	-7.993003E+16	-3.386204E-18	1.577831E-6	0.000000E+0	2.549093E-5	2.357584E-4	0.000000E+0	0.000000E+0	0.000000E+0
4.653933E+2	-4.251705E+3	-9.180000E-1	2.088264E+17	-2.196584E+17	3.859215E-6	0.000000E+0	2.544024E-5	2.324151E-4	0.000000E+0	0.000000E+0	0.000000E+0
4.781660E+2	-4.325080E+3	-9.810000E-1	-5.319417E+16	-3.192840E+17	4.949361E-7	0.000000E+0	2.525308E-5	2.284177E-4	0.000000E+0	0.000000E+0	0.000000E+0
4.909233E+2	-4.411430E+3	-1.044000E+0	-1.291944E-18	-5.342346E-18	1.727196E-6	0.000000E+0	2.491779E-5	2.239109E-4	0.000000E+0	0.000000E+0	0.000000E+0
5.043494E+2	-4.510169E+3	-1.108000E+0	-6.938164E-18	3.830367E-18	2.987101E-6	0.000000E+0	2.448774E-5	2.189828E-4	0.000000E+0	0.000000E+0	0.000000E+0
5.174280E+2	-4.615557E+3	-1.171000E+0	2.540081E-19	4.246583E+17	6.442715E-7	0.000000E+0	2.398710E-5	2.139695E-4	0.000000E+0	0.000000E+0	0.000000E+0
5.302957E+2	-4.722536E+3	-1.234000E+0	1.311717E+15	5.157902E-18	-1.187836E-6	0.000000E+0	2.348149E-5	2.091139E-4	0.000000E+0	0.000000E+0	0.000000E+0
5.447156E+2	-4.831625E+3	-1.297000E+0	-1.016338E-18	-5.687757E-18	5.551410E-7	0.000000E+0	2.304083E-5	2.043721E-4	0.000000E+0	0.000000E+0	0.000000E+0
5.606045E+2	-4.943099E+3	-1.361000E+0	-6.256269E-18	1.400392E+17	4.368696E-6	0.000000E+0	2.265206E-5	1.997332E-4	0.000000E+0	0.000000E+0	0.000000E+0
5.774790E+2	-5.058358E+3	-1.424000E+0	2.698511E+17	-3.359357E+17	2.025845E-6	0.000000E+0	2.227888E-5	1.951492E-4	0.000000E+0	0.000000E+0	0.000000E+0
5.946814E+2	-5.176230E+3	-1.487000E+0	-3.334214E+16	-2.240669E+17	7.044800E-7	0.000000E+0	2.190597E-5	1.906741E-4	0.000000E+0	0.000000E+0	0.000000E+0
6.116611E+2	-5.296203E+3	-1.551000E+0	8.610729E+16	1.699529E-17	9.429787E-7	0.000000E+0	2.151926E-5	1.863292E-4	0.000000E+0	0.000000E+0	0.000000E+0
6.266694E+2	-5.418079E+3	-1.614000E+0	2.127762E-18	3.293656E+15	2.175177E-6	0.000000E+0	2.106573E-5	1.821307E-4	0.000000E+0	0.000000E+0	0.000000E+0
6.391602E+2	-5.540121E+3	-1.677000E+0	7.811391E+16	1.187967E+17	1.875305E-6	0.000000E+0	2.055081E-5	1.781305E-4	0.000000E+0	0.000000E+0	0.000000E+0
6.487573E+2	-5.656191E+3	-1.741000E+0	-6.504745E+16	2.369913E+17	5.816037E-7	0.000000E+0	2.001511E-5	1.745017E-4	0.000000E+0	0.000000E+0	0.000000E+0
6.548018E+2	-5.762860E+3	-1.804000E+0	5.725574E-18	6.181145E-18	2.816669E-7	0.000000E+0	1.946537E-5	1.713132E-4	0.000000E+0	0.000000E+0	0.000000E+0
6.583818E+2	-5.858851E+3	-1.867000E+0	-2.052452E-18	3.493290E-18	-1.827721E-8	0.000000E+0	1.894101E-5	1.685535E-4	0.000000E+0	0.000000E+0	0.000000E+0
6.607236E+2	-5.946601E+3	-1.930000E+0	2.907620E+17	-1.496573E-18	3.767615E-6	0.000000E+0	1.845668E-5	1.661126E-4	0.000000E+0	0.000000E+0	0.000000E+0
6.626499E+2	-6.025896E+3	-1.994000E+0	-3.087581E-18	4.670974E-18	9.417199E-7	0.000000E+0	1.803103E-5	1.639676E-4	0.000000E+0	0.000000E+0	0.000000E+0
6.632441E+2	-6.098502E+3	-2.057000E+0	2.818890E-18	-3.928899E-18	6.418268E-7	0.000000E+0	1.762465E-5	1.620579E-4	0.000000E+0	0.000000E+0	0.000000E+0
6.638901E+2	-6.164055E+3	-2.120000E+0	8.250878E-19	2.832976E+17	3.418972E-7	0.000000E+0	1.727247E-5	1.603706E-4	0.000000E+0	0.000000E+0	0.000000E+0
6.640981E+2	-6.226031E+3	-2.184000E+0	4.553607E+17	-2.686618E+17	2.112545E-6	0.000000E+0	1.693934E-5	1.588091E-4	0.000000E+0	0.000000E+0	0.000000E+0
6.640503E+2	-6.281724E+3	-2.247000E+0	2.517955E+17	3.793721E+16	1.812601E-6	0.000000E+0	1.664244E-5	1.574327E-4	0.000000E+0	0.000000E+0	0.000000E+0
6.643750E+2	-6.333297E+3	-2.310000E+0	-6.627993E-18	5.176237E+17	1.001943E-6	0.000000E+0	1.638327E-5	1.561770E-4	0.000000E+0	0.000000E+0	0.000000E+0
6.648560E+2	-6.379242E+3	-2.373000E+0	-5.749716E+17	6.512875E+16	7.020572E-7	0.000000E+0	1.616209E-5	1.550740E-4	0.000000E+0	0.000000E+0	0.000000E+0
6.658691E+2	-6.420677E+3	-2.437000E+0	-4.736062E+17	6.906363E-18	4.297908E-7	0.000000E+0	1.598016E-5	1.540896E-4	0.000000E+0	0.000000E+0	0.000000E+0
6.661733E+2	-6.459054E+3	-2.500000E+0	-3.567381E+17	-4.286482E-18	1.662062E-6	0.000000E+0	1.579989E-5	1.531919E-4	0.000000E+0	0.000000E+0	0.000000E+0
