Real / Ohm	Ximag / Ohm	V_DC / V	I_a c / A	V_ac / V	I_DC / A
1.495806E+2	-5.705897E+3	3.000000E+0	-9.275714E-19	-3.780148E-18	-8.602510E-7	1.000000E+6	4.591230E-6	1.751369E-4	0.000000E+0	0.000000E+0	0.000000E+0
1.505244E+2	-5.741076E+3	2.924000E+0	-1.137863E-18	-4.190346E+17	-2.897868E-7	0.000000E+0	4.563750E-6	1.740637E-4	0.000000E+0	0.000000E+0	0.000000E+0
1.521987E+2	-5.762612E+3	2.848000E+0	6.653843E-18	-4.395315E+17	1.302105E-6	0.000000E+0	4.580041E-6	1.734115E-4	0.000000E+0	0.000000E+0	0.000000E+0
1.551763E+2	-5.780610E+3	2.772000E+0	-3.127958E+17	-2.708644E-18	-1.703156E-7	0.000000E+0	4.640505E-6	1.728676E-4	0.000000E+0	0.000000E+0	0.000000E+0
1.572422E+2	-5.799014E+3	2.696000E+0	2.587905E+17	2.524367E-18	-1.642766E-6	0.000000E+0	4.672417E-6	1.723164E-4	0.000000E+0	0.000000E+0	0.000000E+0
1.594341E+2	-5.819433E+3	2.620000E+0	-5.351627E-18	5.229140E+17	-1.583001E-6	0.000000E+0	4.704289E-6	1.717092E-4	0.000000E+0	0.000000E+0	0.000000E+0
1.602070E+2	-5.842356E+3	2.544000E+0	3.389543E+17	1.295985E-19	8.920324E-9	0.000000E+0	4.690067E-6	1.710352E-4	0.000000E+0	0.000000E+0	0.000000E+0
1.609883E+2	-5.867423E+3	2.468000E+0	5.768137E-19	5.234688E+17	-9.528158E-7	0.000000E+0	4.672752E-6	1.703044E-4	0.000000E+0	0.000000E+0	0.000000E+0
1.615063E+2	-5.895141E+3	2.392000E+0	-2.769006E-18	2.287397E+15	1.660577E-6	0.000000E+0	4.643818E-6	1.695040E-4	0.000000E+0	0.000000E+0	0.000000E+0
1.614976E+2	-5.925793E+3	2.316000E+0	-1.980568E+17	1.958093E+16	1.720284E-6	0.000000E+0	4.595689E-6	1.686285E-4	0.000000E+0	0.000000E+0	0.000000E+0
1.612656E+2	-5.957803E+3	2.241000E+0	2.915631E-18	5.325189E+16	1.752385E-6	0.000000E+0	4.539953E-6	1.677242E-4	0.000000E+0	0.000000E+0	0.000000E+0
1.619458E+2	-5.992881E+3	2.165000E+0	2.579782E+17	4.569569E-19	-7.415074E-7	0.000000E+0	4.505898E-6	1.667429E-4	0.000000E+0	0.000000E+0	0.000000E+0
1.604810E+2	-6.030186E+3	2.089000E+0	5.241928E+17	-4.156389E-18	-6.817718E-7	0.000000E+0	4.410164E-6	1.657150E-4	0.000000E+0	0.000000E+0	0.000000E+0
1.603574E+2	-6.070349E+3	2.013000E+0	-2.680121E+17	-5.492346E+17	3.974492E-6	0.000000E+0	4.348693E-6	1.646203E-4	0.000000E+0	0.000000E+0	0.000000E+0
1.598535E+2	-6.112094E+3	1.937000E+0	4.712699E-18	4.035830E-18	-1.583736E-6	0.000000E+0	4.276073E-6	1.634982E-4	0.000000E+0	0.000000E+0	0.000000E+0
1.587549E+2	-6.156994E+3	1.861000E+0	4.020355E+17	1.810141E+17	2.051078E-6	0.000000E+0	4.185054E-6	1.623090E-4	0.000000E+0	0.000000E+0	0.000000E+0
1.582256E+2	-6.203982E+3	1.785000E+0	9.183430E+16	2.296609E-18	2.621549E-6	0.000000E+0	4.108216E-6	1.610820E-4	0.000000E+0	0.000000E+0	0.000000E+0
1.570420E+2	-6.252707E+3	1.709000E+0	5.519484E-18	1.673219E-18	3.192014E-6	0.000000E+0	4.014263E-6	1.598299E-4	0.000000E+0	0.000000E+0	0.000000E+0
1.564604E+2	-6.303383E+3	1.633000E+0	5.364297E+17	-2.871880E+17	1.208849E-6	0.000000E+0	3.935406E-6	1.585473E-4	0.000000E+0	0.000000E+0	0.000000E+0
1.552607E+2	-6.356314E+3	1.557000E+0	5.230660E-18	8.421242E+16	1.268578E-6	0.000000E+0	3.840536E-6	1.572301E-4	0.000000E+0	0.000000E+0	0.000000E+0
1.542334E+2	-6.410598E+3	1.481000E+0	7.433461E+16	-3.421229E+17	-2.757472E-6	0.000000E+0	3.750853E-6	1.559014E-4	0.000000E+0	0.000000E+0	0.000000E+0
1.538335E+2	-6.466190E+3	1.405000E+0	-2.820974E+17	-3.562313E+17	1.388078E-6	0.000000E+0	3.677124E-6	1.545631E-4	0.000000E+0	0.000000E+0	0.000000E+0
1.528213E+2	-6.523813E+3	1.329000E+0	1.000945E+17	-5.707470E+17	2.979970E-6	0.000000E+0	3.588745E-6	1.532005E-4	0.000000E+0	0.000000E+0	0.000000E+0
1.525205E+2	-6.582960E+3	1.253000E+0	-5.196808E+17	2.162502E-18	-1.046072E-6	0.000000E+0	3.517651E-6	1.518258E-4	0.000000E+0	0.000000E+0	0.000000E+0
1.528364E+2	-6.642917E+3	1.177000E+0	-1.554791E+17	3.966226E+17	3.099449E-6	0.000000E+0	3.461619E-6	1.504566E-4	0.000000E+0	0.000000E+0	0.000000E+0
1.529341E+2	-6.704055E+3	1.101000E+0	2.547933E-18	-3.572836E+16	6.055780E-7	0.000000E+0	3.400974E-6	1.490859E-4	0.000000E+0	0.000000E+0	0.000000E+0
1.546733E+2	-6.765339E+3	1.025000E+0	-6.904437E-18	-8.375564E+16	2.708213E-6	0.000000E+0	3.377608E-6	1.477350E-4	0.000000E+0	0.000000E+0	0.000000E+0
1.555210E+2	-6.827210E+3	9.490000E-1	-4.524460E+17	2.055323E+17	2.767963E-6	0.000000E+0	3.334857E-6	1.463968E-4	0.000000E+0	0.000000E+0	0.000000E+0
1.573447E+2	-6.889324E+3	8.730000E-1	-3.570583E-19	6.323277E-18	7.848030E-7	0.000000E+0	3.313389E-6	1.450764E-4	0.000000E+0	0.000000E+0	0.000000E+0
1.601865E+2	-6.952400E+3	7.970000E-1	4.707512E+17	-3.197573E+17	1.355271E-6	0.000000E+0	3.312271E-6	1.437589E-4	0.000000E+0	0.000000E+0	0.000000E+0
1.635171E+2	-7.014652E+3	7.220000E-1	1.388541E-18	6.784146E-18	8.766110E-7	0.000000E+0	3.321353E-6	1.424813E-4	0.000000E+0	0.000000E+0	0.000000E+0
1.674785E+2	-7.078331E+3	6.460000E-1	4.766215E-20	4.558795E+17	3.489964E-6	0.000000E+0	3.340829E-6	1.411972E-4	0.000000E+0	0.000000E+0	0.000000E+0
1.710562E+2	-7.143449E+3	5.700000E-1	-5.584540E-18	-6.440456E-18	3.549718E-6	0.000000E+0	3.350225E-6	1.399082E-4	0.000000E+0	0.000000E+0	0.000000E+0
1.772681E+2	-7.209078E+3	4.940000E-1	-4.313450E+17	4.857998E-18	3.438436E-8	0.000000E+0	3.408856E-6	1.386302E-4	0.000000E+0	0.000000E+0	0.000000E+0
1.826226E+2	-7.275210E+3	4.180000E-1	4.155979E+17	-2.188149E-18	6.048522E-7	0.000000E+0	3.448180E-6	1.373665E-4	0.000000E+0	0.000000E+0	0.000000E+0
1.895122E+2	-7.342456E+3	3.420000E-1	-3.411811E-18	5.558819E-18	3.728946E-6	0.000000E+0	3.512896E-6	1.361035E-4	0.000000E+0	0.000000E+0	0.000000E+0
1.959878E+2	-7.411481E+3	2.660000E-1	-3.021231E-18	3.036828E-18	-1.318556E-6	0.000000E+0	3.565459E-6	1.348315E-4	0.000000E+0	0.000000E+0	0.000000E+0
2.054766E+2	-7.480943E+3	1.900000E-1	-1.067025E+17	-5.230656E+17	-7.480912E-7	0.000000E+0	3.668784E-6	1.335722E-4	0.000000E+0	0.000000E+0	0.000000E+0
2.135996E+2	-7.551351E+3	1.140000E-1	-4.715167E+17	-5.436425E+17	3.330897E-7	0.000000E+0	3.742862E-6	1.323208E-4	0.000000E+0	0.000000E+0	0.000000E+0
2.234961E+2	-7.622060E+3	3.800000E-2	-3.453602E+17	4.406614E-18	1.925013E-6	0.000000E+0	3.843722E-6	1.310854E-4	0.000000E+0	0.000000E+0	0.000000E+0
2.337954E+2	-7.692443E+3	-3.800000E-2	-9.427510E-19	-9.422141E-19	1.474023E-6	0.000000E+0	3.947357E-6	1.298777E-4	0.000000E+0	0.000000E+0	0.000000E+0
2.465347E+2	-7.764063E+3	-1.140000E-1	-4.717429E+17	-4.925467E+17	1.533746E-6	0.000000E+0	4.085661E-6	1.286688E-4	0.000000E+0	0.000000E+0	0.000000E+0
2.594248E+2	-7.835471E+3	-1.900000E-1	-2.949193E+17	-4.901914E-18	6.132814E-8	0.000000E+0	4.220904E-6	1.274850E-4	0.000000E+0	0.000000E+0	0.000000E+0
2.751313E+2	-7.906354E+3	-2.660000E-1	-1.478400E+17	2.700588E+17	2.674678E-6	0.000000E+0	4.396043E-6	1.263276E-4	0.000000E+0	0.000000E+0	0.000000E+0
2.916343E+2	-7.976026E+3	-3.420000E-1	-2.726899E+17	1.903750E-18	1.712975E-6	0.000000E+0	4.578100E-6	1.252083E-4	0.000000E+0	0.000000E+0	0.000000E+0
3.096670E+2	-8.046817E+3	-4.180000E-1	-1.696221E+17	-6.427781E-19	-1.802358E-6	0.000000E+0	4.775337E-6	1.240890E-4	0.000000E+0	0.000000E+0	0.000000E+0
3.277920E+2	-8.115391E+3	-4.940000E-1	2.833723E-18	-1.599031E-19	1.321738E-6	0.000000E+0	4.969029E-6	1.230219E-4	0.000000E+0	0.000000E+0	0.000000E+0
3.483853E+2	-8.182452E+3	-5.700000E-1	-4.319920E+17	-4.172230E+17	-2.704310E-6	0.000000E+0	5.194052E-6	1.219916E-4	0.000000E+0	0.000000E+0	0.000000E+0
3.698281E+2	-8.247926E+3	-6.460000E-1	-5.506670E-18	3.318154E+17	-1.112414E-6	0.000000E+0	5.425479E-6	1.209993E-4	0.000000E+0	0.000000E+0	0.000000E+0
3.926577E+2	-8.309758E+3	-7.220000E-1	4.410889E+17	3.939340E-18	9.902251E-7	0.000000E+0	5.673731E-6	1.200723E-4	0.000000E+0	0.000000E+0	0.000000E+0
4.159355E+2	-8.368566E+3	-7.970000E-1	1.829862E+17	1.861957E+17	2.043766E-6	0.000000E+0	5.924509E-6	1.192003E-4	0.000000E+0	0.000000E+0	0.000000E+0
4.415771E+2	-8.425484E+3	-8.730000E-1	-1.333488E-18	6.138991E-18	-4.501380E-7	0.000000E+0	6.203340E-6	1.183624E-4	0.000000E+0	0.000000E+0	0.000000E+0
4.676973E+2	-8.477449E+3	-9.490000E-1	-1.774996E-18	1.794108E-18	3.184672E-6	0.000000E+0	6.488057E-6	1.176021E-4	0.000000E+0	0.000000E+0	0.000000E+0
4.943813E+2	-8.524018E+3	-1.025000E+0	-7.957825E+16	-3.386204E-18	5.798051E-6	0.000000E+0	6.781330E-6	1.169223E-4	0.000000E+0	0.000000E+0	0.000000E+0
5.219951E+2	-8.564801E+3	-1.101000E+0	2.088242E+17	-2.195880E+17	-1.803084E-6	0.000000E+0	7.089599E-6	1.163249E-4	0.000000E+0	0.000000E+0	0.000000E+0
5.498750E+2	-8.600996E+3	-1.177000E+0	5.232665E+17	-3.553127E+17	1.831730E-6	0.000000E+0	7.402783E-6	1.157923E-4	0.000000E+0	0.000000E+0	0.000000E+0
5.768491E+2	-8.626646E+3	-1.253000E+0	-1.291944E-18	-5.341499E-18	1.380737E-6	0.000000E+0	7.716861E-6	1.154039E-4	0.000000E+0	0.000000E+0	0.000000E+0
6.030747E+2	-8.647668E+3	-1.329000E+0	-5.203440E-18	3.830366E-18	1.440465E-6	0.000000E+0	8.025388E-6	1.150784E-4	0.000000E+0	0.000000E+0	0.000000E+0
6.294009E+2	-8.661078E+3	-1.405000E+0	3.093325E+17	-1.518024E+17	9.894720E-7	0.000000E+0	8.346339E-6	1.148525E-4	0.000000E+0	0.000000E+0	0.000000E+0
6.527773E+2	-8.667031E+3	-1.481000E+0	1.311717E+15	4.724009E-18	1.559965E-6	0.000000E+0	8.641073E-6	1.147289E-4	0.000000E+0	0.000000E+0	0.000000E+0
6.753828E+2	-8.665270E+3	-1.557000E+0	-1.009562E-18	-5.687651E-18	2.641114E-6	0.000000E+0	8.940370E-6	1.147064E-4	0.000000E+0	0.000000E+0	0.000000E+0
6.946519E+2	-8.657828E+3	-1.633000E+0	-6.256277E-18	1.220246E+17	6.579867E-7	0.000000E+0	9.207941E-6	1.147636E-4	0.000000E+0	0.000000E+0	0.000000E+0
7.144697E+2	-8.641523E+3	-1.709000E+0	2.692530E+17	-2.999069E+17	2.069937E-7	0.000000E+0	9.502647E-6	1.149347E-4	0.000000E+0	0.000000E+0	0.000000E+0
7.303208E+2	-8.619387E+3	-1.785000E+0	-4.013414E-19	-2.241021E+17	2.667148E-7	0.000000E+0	9.760098E-6	1.151906E-4	0.000000E+0	0.000000E+0	0.000000E+0
7.425342E+2	-8.592918E+3	-1.861000E+0	8.607211E+16	2.393421E-17	4.412272E-6	0.000000E+0	9.981694E-6	1.155124E-4	0.000000E+0	0.000000E+0	0.000000E+0
7.537900E+2	-8.561660E+3	-1.937000E+0	2.127762E-18	3.276064E+15	3.961286E-6	0.000000E+0	1.020425E-5	1.159014E-4	0.000000E+0	0.000000E+0	0.000000E+0
7.607432E+2	-8.527469E+3	-2.013000E+0	-4.960950E+17	-4.576442E+17	1.467371E-6	0.000000E+0	1.037899E-5	1.163422E-4	0.000000E+0	0.000000E+0	0.000000E+0
7.666821E+2	-8.486672E+3	-2.089000E+0	-6.504745E+16	2.346697E+17	4.080779E-6	0.000000E+0	1.055870E-5	1.168780E-4	0.000000E+0	0.000000E+0	0.000000E+0
7.717646E+2	-8.444611E+3	-2.165000E+0	5.739126E-18	5.135446E+17	2.608314E-6	0.000000E+0	1.073280E-5	1.174378E-4	0.000000E+0	0.000000E+0	0.000000E+0
7.742505E+2	-8.397123E+3	-2.241000E+0	-5.522322E-18	3.493290E-18	2.668079E-6	0.000000E+0	1.088789E-5	1.180845E-4	0.000000E+0	0.000000E+0	0.000000E+0
7.741655E+2	-8.351207E+3	-2.316000E+0	2.906916E+17	-1.493182E-18	2.700152E-6	0.000000E+0	1.100574E-5	1.187229E-4	0.000000E+0	0.000000E+0	0.000000E+0
7.729497E+2	-8.301180E+3	-2.392000E+0	-3.086734E-18	4.664198E-18	3.781344E-6	0.000000E+0	1.112045E-5	1.194293E-4	0.000000E+0	0.000000E+0	0.000000E+0
7.715352E+2	-8.251660E+3	-2.468000E+0	6.288337E-18	-3.925935E-18	2.819594E-6	0.000000E+0	1.123292E-5	1.201375E-4	0.000000E+0	0.000000E+0	0.000000E+0
7.682388E+2	-8.200166E+3	-2.544000E+0	8.250878E-19	2.835790E+17	4.922229E-6	0.000000E+0	1.132546E-5	1.208877E-4	0.000000E+0	0.000000E+0	0.000000E+0
7.646807E+2	-8.148215E+3	-2.620000E+0	4.553607E+17	-2.686618E+17	3.449808E-6	0.000000E+0	1.141687E-5	1.216548E-4	0.000000E+0	0.000000E+0	0.000000E+0
7.584160E+2	-8.094897E+3	-2.696000E+0	2.517966E+17	3.793721E+16	2.998830E-6	0.000000E+0	1.147332E-5	1.224597E-4	0.000000E+0	0.000000E+0	0.000000E+0
7.535562E+2	-8.040776E+3	-2.772000E+0	-6.627993E-18	6.447512E-18	4.080037E-6	0.000000E+0	1.155373E-5	1.232833E-4	0.000000E+0	0.000000E+0	0.000000E+0
7.477783E+2	-7.987695E+3	-2.848000E+0	-5.704677E+17	6.512875E+16	2.607616E-6	0.000000E+0	1.161824E-5	1.241049E-4	0.000000E+0	0.000000E+0	0.000000E+0
7.413833E+2	-7.934920E+3	-2.924000E+0	-4.916206E+17	6.689525E-18	1.135195E-6	0.000000E+0	1.167301E-5	1.249346E-4	0.000000E+0	0.000000E+0	0.000000E+0
7.352012E+2	-7.880489E+3	-3.000000E+0	-3.567359E+17	-4.286482E-18	2.216344E-6	0.000000E+0	1.173644E-5	1.258007E-4	0.000000E+0	0.000000E+0	0.000000E+0
