Real / Ohm	Ximag / Ohm	V_DC / V	I_a c / A	V_ac / V	I_DC / A
1.163063E+2	-9.500068E+2	-3.000000E+0	-3.567359E+17	-4.286482E-18	2.216344E-6	1.000000E+7	1.269664E-4	1.037080E-3	0.000000E+0	0.000000E+0	0.000000E+0
1.058334E+2	-9.443777E+2	-2.924000E+0	-4.916206E+17	6.689525E-18	1.135195E-6	0.000000E+0	1.171955E-4	1.045765E-3	0.000000E+0	0.000000E+0	0.000000E+0
9.817291E+1	-9.339678E+2	-2.848000E+0	-5.704677E+17	6.512875E+16	5.671958E-6	0.000000E+0	1.113155E-4	1.059000E-3	0.000000E+0	0.000000E+0	0.000000E+0
9.130048E+1	-9.224978E+2	-2.772000E+0	-6.627993E-18	6.447512E-18	2.547837E-6	0.000000E+0	1.062451E-4	1.073498E-3	0.000000E+0	0.000000E+0	0.000000E+0
8.542291E+1	-9.117051E+2	-2.696000E+0	2.517966E+17	3.793721E+16	4.531030E-6	0.000000E+0	1.018755E-4	1.087301E-3	0.000000E+0	0.000000E+0	0.000000E+0
8.019049E+1	-9.013352E+2	-2.620000E+0	4.553607E+17	-2.686618E+17	2.939094E-6	0.000000E+0	9.793234E-5	1.100752E-3	0.000000E+0	0.000000E+0	0.000000E+0
7.568646E+1	-8.915778E+2	-2.544000E+0	8.250878E-19	2.835790E+17	3.900801E-6	0.000000E+0	9.453252E-5	1.113582E-3	0.000000E+0	0.000000E+0	0.000000E+0
7.142450E+1	-8.820455E+2	-2.468000E+0	6.288337E-18	-3.925935E-18	7.767376E-7	0.000000E+0	9.120671E-5	1.126343E-3	0.000000E+0	0.000000E+0	0.000000E+0
6.758527E+1	-8.729114E+2	-2.392000E+0	-3.086734E-18	4.664198E-18	2.759858E-6	0.000000E+0	8.816903E-5	1.138765E-3	0.000000E+0	0.000000E+0	0.000000E+0
6.379019E+1	-8.643485E+2	-2.316000E+0	2.906916E+17	-1.493182E-18	4.232294E-6	0.000000E+0	8.492139E-5	1.150673E-3	0.000000E+0	0.000000E+0	0.000000E+0
6.055066E+1	-8.559819E+2	-2.241000E+0	-5.522322E-18	3.493290E-18	1.144508E-7	0.000000E+0	8.222842E-5	1.162432E-3	0.000000E+0	0.000000E+0	0.000000E+0
5.752490E+1	-8.478519E+2	-2.165000E+0	5.739126E-18	5.135446E+17	5.161943E-6	0.000000E+0	7.965651E-5	1.174047E-3	0.000000E+0	0.000000E+0	0.000000E+0
5.474927E+1	-8.398990E+2	-2.089000E+0	-6.504745E+16	2.346697E+17	2.037865E-6	0.000000E+0	7.728278E-5	1.185582E-3	0.000000E+0	0.000000E+0	0.000000E+0
5.222552E+1	-8.322108E+2	-2.013000E+0	-4.960950E+17	-4.576442E+17	2.999572E-6	0.000000E+0	7.511196E-5	1.196905E-3	0.000000E+0	0.000000E+0	0.000000E+0
4.996722E+1	-8.247277E+2	-1.937000E+0	2.127762E-18	3.276064E+15	2.429086E-6	0.000000E+0	7.319354E-5	1.208087E-3	0.000000E+0	0.000000E+0	0.000000E+0
4.781845E+1	-8.173063E+2	-1.861000E+0	8.607211E+16	2.393421E-17	8.372153E-7	0.000000E+0	7.134141E-5	1.219357E-3	0.000000E+0	0.000000E+0	0.000000E+0
4.573547E+1	-8.102888E+2	-1.785000E+0	-4.013414E-19	-2.241021E+17	3.841771E-6	0.000000E+0	6.943718E-5	1.230209E-3	0.000000E+0	0.000000E+0	0.000000E+0
4.397018E+1	-8.034089E+2	-1.709000E+0	2.692530E+17	-2.999069E+17	1.228422E-6	0.000000E+0	6.791818E-5	1.240979E-3	0.000000E+0	0.000000E+0	0.000000E+0
4.225034E+1	-7.964125E+2	-1.633000E+0	-6.256277E-18	1.220246E+17	2.190129E-6	0.000000E+0	6.642530E-5	1.252107E-3	0.000000E+0	0.000000E+0	0.000000E+0
4.067334E+1	-7.897571E+2	-1.557000E+0	-1.009562E-18	-5.687651E-18	8.748611E-8	0.000000E+0	6.503878E-5	1.262863E-3	0.000000E+0	0.000000E+0	0.000000E+0
3.906793E+1	-7.831125E+2	-1.481000E+0	1.311717E+15	4.724009E-18	2.581393E-6	0.000000E+0	6.354663E-5	1.273786E-3	0.000000E+0	0.000000E+0	0.000000E+0
3.776947E+1	-7.766903E+2	-1.405000E+0	3.093325E+17	-1.518024E+17	4.053814E-6	0.000000E+0	6.246250E-5	1.284477E-3	0.000000E+0	0.000000E+0	0.000000E+0
3.628229E+1	-7.705253E+2	-1.329000E+0	-5.203440E-18	3.830366E-18	1.440465E-6	0.000000E+0	6.097601E-5	1.294945E-3	0.000000E+0	0.000000E+0	0.000000E+0
3.509692E+1	-7.641384E+2	-1.253000E+0	-1.291944E-18	-5.341499E-18	3.592504E-7	0.000000E+0	5.998045E-5	1.305909E-3	0.000000E+0	0.000000E+0	0.000000E+0
3.407480E+1	-7.582180E+2	-1.177000E+0	5.232665E+17	-3.553127E+17	3.874644E-6	0.000000E+0	5.915193E-5	1.316224E-3	0.000000E+0	0.000000E+0	0.000000E+0
3.287573E+1	-7.520869E+2	-1.101000E+0	2.088242E+17	-2.195880E+17	4.325600E-6	0.000000E+0	5.801099E-5	1.327098E-3	0.000000E+0	0.000000E+0	0.000000E+0
3.198785E+1	-7.461281E+2	-1.025000E+0	-7.957825E+16	-3.386204E-18	1.201537E-6	0.000000E+0	5.735361E-5	1.337794E-3	0.000000E+0	0.000000E+0	0.000000E+0
3.104645E+1	-7.405392E+2	-9.490000E-1	-1.774996E-18	1.794108E-18	2.673958E-6	0.000000E+0	5.651363E-5	1.347998E-3	0.000000E+0	0.000000E+0	0.000000E+0
3.022977E+1	-7.346200E+2	-8.730000E-1	-1.333488E-18	6.138991E-18	2.103490E-6	0.000000E+0	5.592095E-5	1.358947E-3	0.000000E+0	0.000000E+0	0.000000E+0
2.942261E+1	-7.291560E+2	-7.970000E-1	1.829862E+17	1.861957E+17	-1.020606E-6	0.000000E+0	5.525018E-5	1.369219E-3	0.000000E+0	0.000000E+0	0.000000E+0
2.880429E+1	-7.238601E+2	-7.220000E-1	4.410889E+17	3.939340E-18	-3.120294E-8	0.000000E+0	5.488590E-5	1.379298E-3	0.000000E+0	0.000000E+0	0.000000E+0
2.788602E+1	-7.183486E+2	-6.460000E-1	-5.506670E-18	3.318154E+17	1.441214E-6	0.000000E+0	5.395877E-5	1.389987E-3	0.000000E+0	0.000000E+0	0.000000E+0
2.741742E+1	-7.130454E+2	-5.700000E-1	-4.319920E+17	-4.172230E+17	8.707466E-7	0.000000E+0	5.384565E-5	1.400365E-3	0.000000E+0	0.000000E+0	0.000000E+0
2.677017E+1	-7.078547E+2	-4.940000E-1	2.833723E-18	-1.599031E-19	3.875366E-6	0.000000E+0	5.335095E-5	1.410702E-3	0.000000E+0	0.000000E+0	0.000000E+0
2.619366E+1	-7.026035E+2	-4.180000E-1	-1.696221E+17	-6.427781E-19	5.858526E-6	0.000000E+0	5.298737E-5	1.421302E-3	0.000000E+0	0.000000E+0	0.000000E+0
2.582080E+1	-6.977777E+2	-3.420000E-1	-2.726899E+17	1.903750E-18	1.712975E-6	0.000000E+0	5.295918E-5	1.431161E-3	0.000000E+0	0.000000E+0	0.000000E+0
2.529666E+1	-6.927843E+2	-2.660000E-1	-1.478400E+17	2.700588E+17	6.249764E-6	0.000000E+0	5.263667E-5	1.441529E-3	0.000000E+0	0.000000E+0	0.000000E+0
2.493930E+1	-6.878624E+2	-1.900000E-1	-2.949193E+17	-4.901914E-18	5.720422E-7	0.000000E+0	5.263936E-5	1.451871E-3	0.000000E+0	0.000000E+0	0.000000E+0
2.453561E+1	-6.831753E+2	-1.140000E-1	-4.717429E+17	-4.925467E+17	5.123184E-7	0.000000E+0	5.250163E-5	1.461868E-3	0.000000E+0	0.000000E+0	0.000000E+0
2.430783E+1	-6.784977E+2	-3.800000E-2	-9.427510E-19	-9.422141E-19	4.525657E-7	0.000000E+0	5.273420E-5	1.471955E-3	0.000000E+0	0.000000E+0	0.000000E+0
2.398044E+1	-6.738296E+2	3.800000E-2	-3.453602E+17	4.406614E-18	3.967898E-6	0.000000E+0	5.274816E-5	1.482178E-3	0.000000E+0	0.000000E+0	0.000000E+0
2.377618E+1	-6.694756E+2	1.140000E-1	-4.715167E+17	-5.436425E+17	3.397432E-6	0.000000E+0	5.298161E-5	1.491825E-3	0.000000E+0	0.000000E+0	0.000000E+0
2.349387E+1	-6.649214E+2	1.900000E-1	-1.067025E+17	-5.230656E+17	1.294794E-6	0.000000E+0	5.307281E-5	1.502062E-3	0.000000E+0	0.000000E+0	0.000000E+0
2.342078E+1	-6.606207E+2	2.660000E-1	-3.021231E-18	3.036828E-18	2.136148E-7	0.000000E+0	5.359836E-5	1.511828E-3	0.000000E+0	0.000000E+0	0.000000E+0
2.332587E+1	-6.564231E+2	3.420000E-1	-3.411811E-18	5.558819E-18	-3.568530E-7	0.000000E+0	5.406573E-5	1.521486E-3	0.000000E+0	0.000000E+0	0.000000E+0
2.331909E+1	-6.521512E+2	4.180000E-1	4.155979E+17	-2.188149E-18	1.626309E-6	0.000000E+0	5.475958E-5	1.531429E-3	0.000000E+0	0.000000E+0	0.000000E+0
2.309625E+1	-6.481102E+2	4.940000E-1	-4.313450E+17	4.857998E-18	2.077297E-6	0.000000E+0	5.491520E-5	1.540991E-3	0.000000E+0	0.000000E+0	0.000000E+0
2.312451E+1	-6.440439E+2	5.700000E-1	-5.584540E-18	-6.440456E-18	2.017547E-6	0.000000E+0	5.567780E-5	1.550690E-3	0.000000E+0	0.000000E+0	0.000000E+0
2.309686E+1	-6.401802E+2	6.460000E-1	4.766215E-20	4.558795E+17	1.447079E-6	0.000000E+0	5.628381E-5	1.560030E-3	0.000000E+0	0.000000E+0	0.000000E+0
2.310843E+1	-6.363268E+2	7.220000E-1	1.388541E-18	6.784146E-18	-6.555601E-7	0.000000E+0	5.699512E-5	1.569450E-3	0.000000E+0	0.000000E+0	0.000000E+0
2.314044E+1	-6.327135E+2	7.970000E-1	4.707512E+17	-3.197573E+17	3.338137E-7	0.000000E+0	5.772672E-5	1.578383E-3	0.000000E+0	0.000000E+0	0.000000E+0
2.321982E+1	-6.290481E+2	8.730000E-1	-3.570583E-19	6.323277E-18	4.359859E-6	0.000000E+0	5.860029E-5	1.587540E-3	0.000000E+0	0.000000E+0	0.000000E+0
2.325262E+1	-6.255197E+2	9.490000E-1	-4.524460E+17	2.055323E+17	5.832306E-6	0.000000E+0	5.934583E-5	1.596465E-3	0.000000E+0	0.000000E+0	0.000000E+0
2.330579E+1	-6.221178E+2	1.025000E+0	-6.904437E-18	-8.375564E+16	6.653281E-7	0.000000E+0	6.013253E-5	1.605160E-3	0.000000E+0	0.000000E+0	0.000000E+0
2.332608E+1	-6.189052E+2	1.101000E+0	2.547933E-18	-3.572836E+16	6.055780E-7	0.000000E+0	6.081028E-5	1.613464E-3	0.000000E+0	0.000000E+0	0.000000E+0
2.340564E+1	-6.157966E+2	1.177000E+0	-1.554791E+17	3.966226E+17	1.056564E-6	0.000000E+0	6.163381E-5	1.621570E-3	0.000000E+0	0.000000E+0	0.000000E+0
2.355438E+1	-6.128263E+2	1.253000E+0	-5.196808E+17	2.162502E-18	-2.461456E-8	0.000000E+0	6.262616E-5	1.629377E-3	0.000000E+0	0.000000E+0	0.000000E+0
2.363235E+1	-6.100210E+2	1.329000E+0	1.000945E+17	-5.707470E+17	2.979970E-6	0.000000E+0	6.341121E-5	1.636831E-3	0.000000E+0	0.000000E+0	0.000000E+0
2.369678E+1	-6.072720E+2	1.405000E+0	-2.820974E+17	-3.562313E+17	2.920249E-6	0.000000E+0	6.415966E-5	1.644205E-3	0.000000E+0	0.000000E+0	0.000000E+0
2.385092E+1	-6.047461E+2	1.481000E+0	7.433461E+16	-3.421229E+17	3.068708E-7	0.000000E+0	6.511544E-5	1.651018E-3	0.000000E+0	0.000000E+0	0.000000E+0
2.388699E+1	-6.022843E+2	1.557000E+0	5.230660E-18	8.421242E+16	7.578637E-7	0.000000E+0	6.574697E-5	1.657738E-3	0.000000E+0	0.000000E+0	0.000000E+0
2.394376E+1	-6.000319E+2	1.633000E+0	5.364297E+17	-2.871880E+17	1.873923E-7	0.000000E+0	6.639765E-5	1.663929E-3	0.000000E+0	0.000000E+0	0.000000E+0
2.403180E+1	-5.978303E+2	1.709000E+0	5.519484E-18	1.673219E-18	2.681270E-6	0.000000E+0	6.713195E-5	1.670017E-3	0.000000E+0	0.000000E+0	0.000000E+0
2.406735E+1	-5.956804E+2	1.785000E+0	9.183430E+16	2.296609E-18	1.089378E-6	0.000000E+0	6.771631E-5	1.676017E-3	0.000000E+0	0.000000E+0	0.000000E+0
2.410196E+1	-5.938469E+2	1.861000E+0	4.020355E+17	1.810141E+17	5.189067E-7	0.000000E+0	6.823207E-5	1.681166E-3	0.000000E+0	0.000000E+0	0.000000E+0
2.415353E+1	-5.920098E+2	1.937000E+0	4.712699E-18	4.035830E-18	3.012778E-6	0.000000E+0	6.880191E-5	1.686354E-3	0.000000E+0	0.000000E+0	0.000000E+0
2.421533E+1	-5.902865E+2	2.013000E+0	-2.680121E+17	-5.492346E+17	2.442321E-6	0.000000E+0	6.938002E-5	1.691246E-3	0.000000E+0	0.000000E+0	0.000000E+0
2.423953E+1	-5.886200E+2	2.089000E+0	5.241928E+17	-4.156389E-18	1.871857E-6	0.000000E+0	6.984226E-5	1.696013E-3	0.000000E+0	0.000000E+0	0.000000E+0
2.431775E+1	-5.871110E+2	2.165000E+0	2.579782E+17	4.569569E-19	1.301378E-6	0.000000E+0	7.042689E-5	1.700338E-3	0.000000E+0	0.000000E+0	0.000000E+0
2.437097E+1	-5.856062E+2	2.241000E+0	2.915631E-18	5.325189E+16	1.241671E-6	0.000000E+0	7.094307E-5	1.704680E-3	0.000000E+0	0.000000E+0	0.000000E+0
2.436575E+1	-5.842927E+2	2.316000E+0	-1.980568E+17	1.958093E+16	-2.365516E-6	0.000000E+0	7.124662E-5	1.708500E-3	0.000000E+0	0.000000E+0	0.000000E+0
2.442355E+1	-5.829379E+2	2.392000E+0	-2.769006E-18	2.287397E+15	1.660577E-6	0.000000E+0	7.174680E-5	1.712443E-3	0.000000E+0	0.000000E+0	0.000000E+0
2.436911E+1	-5.816716E+2	2.468000E+0	5.768137E-19	5.234688E+17	6.864138E-8	0.000000E+0	7.189892E-5	1.716171E-3	0.000000E+0	0.000000E+0	0.000000E+0
2.437958E+1	-5.805142E+2	2.544000E+0	3.389543E+17	1.295985E-19	-5.018228E-7	0.000000E+0	7.221630E-5	1.719578E-3	0.000000E+0	0.000000E+0	0.000000E+0
2.438010E+1	-5.792657E+2	2.620000E+0	-5.351627E-18	5.229140E+17	9.706273E-7	0.000000E+0	7.252892E-5	1.723271E-3	0.000000E+0	0.000000E+0	0.000000E+0
2.444971E+1	-5.782029E+2	2.696000E+0	2.587905E+17	2.524367E-18	-1.642766E-6	0.000000E+0	7.300243E-5	1.726410E-3	0.000000E+0	0.000000E+0	0.000000E+0
2.448401E+1	-5.770338E+2	2.772000E+0	-3.127958E+17	-2.708644E-18	2.383313E-6	0.000000E+0	7.340047E-5	1.729886E-3	0.000000E+0	0.000000E+0	0.000000E+0
2.450888E+1	-5.759213E+2	2.848000E+0	6.653843E-18	-4.395315E+17	7.913914E-7	0.000000E+0	7.375838E-5	1.733209E-3	0.000000E+0	0.000000E+0	0.000000E+0
2.454208E+1	-5.747534E+2	2.924000E+0	-1.137863E-18	-4.190346E+17	-8.005300E-7	0.000000E+0	7.415785E-5	1.736710E-3	0.000000E+0	0.000000E+0	0.000000E+0
2.465482E+1	-5.737960E+2	3.000000E+0	-9.275714E-19	-3.780148E-18	6.719201E-7	0.000000E+0	7.474562E-5	1.739568E-3	0.000000E+0	0.000000E+0	0.000000E+0
