Real / Ohm	Ximag / Ohm	V_DC / V	I_a c / A	V_ac / V	I_DC / A
2.192372E+1	6.850464E-1	2.500000E+0	-9.275714E-19	-3.780148E-18	3.232037E-2	1.000000E+5	4.556821E-2	-1.423861E-3	0.000000E+0	0.000000E+0	0.000000E+0
2.177257E+1	6.951489E-1	2.437000E+0	-1.137863E-18	-4.190346E+17	3.013264E-2	0.000000E+0	4.588258E-2	-1.464927E-3	0.000000E+0	0.000000E+0	0.000000E+0
2.141023E+1	7.438111E-1	2.373000E+0	6.653843E-18	-4.395315E+17	2.868242E-2	0.000000E+0	4.665034E-2	-1.620676E-3	0.000000E+0	0.000000E+0	0.000000E+0
2.074241E+1	8.128610E-1	2.310000E+0	-3.127958E+17	-2.708644E-18	2.729755E-2	0.000000E+0	4.813648E-2	-1.886390E-3	0.000000E+0	0.000000E+0	0.000000E+0
1.952828E+1	8.941453E-1	2.247000E+0	2.587905E+17	2.524367E-18	2.590808E-2	0.000000E+0	5.110066E-2	-2.339756E-3	0.000000E+0	0.000000E+0	0.000000E+0
1.828669E+1	9.978280E-1	2.184000E+0	-5.351627E-18	5.229140E+17	2.446907E-2	0.000000E+0	5.452225E-2	-2.975050E-3	0.000000E+0	0.000000E+0	0.000000E+0
1.789380E+1	1.076328E+0	2.120000E+0	3.389543E+17	1.295985E-19	2.303927E-2	0.000000E+0	5.568381E-2	-3.349431E-3	0.000000E+0	0.000000E+0	0.000000E+0
1.943410E+1	1.121686E+0	2.057000E+0	5.768137E-19	5.234688E+17	2.161814E-2	0.000000E+0	5.128510E-2	-2.960043E-3	0.000000E+0	0.000000E+0	0.000000E+0
2.388708E+1	1.086843E+0	1.994000E+0	-2.769006E-18	2.287397E+15	2.024348E-2	0.000000E+0	4.177715E-2	-1.900827E-3	0.000000E+0	0.000000E+0	0.000000E+0
3.001202E+1	9.501524E-1	1.930000E+0	-1.980568E+17	1.958093E+16	1.900623E-2	0.000000E+0	3.328662E-2	-1.053823E-3	0.000000E+0	0.000000E+0	0.000000E+0
3.609277E+1	7.845712E-1	1.867000E+0	2.915631E-18	5.325189E+16	1.792014E-2	0.000000E+0	2.769329E-2	-6.019865E-4	0.000000E+0	0.000000E+0	0.000000E+0
4.183554E+1	6.495719E-1	1.804000E+0	2.579782E+17	4.569569E-19	1.694282E-2	0.000000E+0	2.389736E-2	-3.710494E-4	0.000000E+0	0.000000E+0	0.000000E+0
4.712434E+1	5.094304E-1	1.741000E+0	5.241928E+17	-4.156389E-18	1.604977E-2	0.000000E+0	2.121798E-2	-2.293737E-4	0.000000E+0	0.000000E+0	0.000000E+0
5.192143E+1	3.891263E-1	1.677000E+0	-2.680121E+17	-5.492346E+17	1.519966E-2	0.000000E+0	1.925879E-2	-1.443354E-4	0.000000E+0	0.000000E+0	0.000000E+0
5.613065E+1	2.755966E-1	1.614000E+0	4.712699E-18	4.035830E-18	1.441080E-2	0.000000E+0	1.781515E-2	-8.747083E-5	0.000000E+0	0.000000E+0	0.000000E+0
5.992667E+1	1.977572E-1	1.551000E+0	4.020355E+17	1.810141E+17	1.366842E-2	0.000000E+0	1.668688E-2	-5.506648E-5	0.000000E+0	0.000000E+0	0.000000E+0
6.324038E+1	1.145096E-1	1.487000E+0	9.183430E+16	2.296609E-18	1.294343E-2	0.000000E+0	1.581263E-2	-2.863199E-5	0.000000E+0	0.000000E+0	0.000000E+0
6.611441E+1	5.602264E-2	1.424000E+0	5.519484E-18	1.673219E-18	1.225620E-2	0.000000E+0	1.512528E-2	-1.281655E-5	0.000000E+0	0.000000E+0	0.000000E+0
6.866034E+1	1.182985E-2	1.361000E+0	5.364297E+17	-2.871880E+17	1.158634E-2	0.000000E+0	1.456445E-2	-2.509385E-6	0.000000E+0	0.000000E+0	0.000000E+0
7.097299E+1	-2.438688E-2	1.297000E+0	5.230660E-18	8.421242E+16	1.093081E-2	0.000000E+0	1.408987E-2	4.841389E-6	0.000000E+0	0.000000E+0	0.000000E+0
7.301114E+1	-5.658484E-2	1.234000E+0	7.433461E+16	-3.421229E+17	1.028700E-2	0.000000E+0	1.369653E-2	1.061504E-5	0.000000E+0	0.000000E+0	0.000000E+0
7.490996E+1	-7.520723E-2	1.171000E+0	-2.820974E+17	-3.562313E+17	9.671275E-3	0.000000E+0	1.334935E-2	1.340232E-5	0.000000E+0	0.000000E+0	0.000000E+0
7.674620E+1	-9.092426E-2	1.108000E+0	1.000945E+17	-5.707470E+17	9.062191E-3	0.000000E+0	1.302994E-2	1.543709E-5	0.000000E+0	0.000000E+0	0.000000E+0
7.851871E+1	-1.080561E-1	1.044000E+0	-5.196808E+17	2.162502E-18	8.451093E-3	0.000000E+0	1.273579E-2	1.752678E-5	0.000000E+0	0.000000E+0	0.000000E+0
8.030569E+1	-1.086960E-1	9.810000E-1	-1.554791E+17	3.966226E+17	7.860906E-3	0.000000E+0	1.245239E-2	1.685467E-5	0.000000E+0	0.000000E+0	0.000000E+0
8.209731E+1	-1.251945E-1	9.180000E-1	2.547933E-18	-3.572836E+16	7.287065E-3	0.000000E+0	1.218064E-2	1.857490E-5	0.000000E+0	0.000000E+0	0.000000E+0
8.403340E+1	-1.285419E-1	8.540000E-1	-6.904437E-18	-8.375564E+16	6.710185E-3	0.000000E+0	1.190000E-2	1.820287E-5	0.000000E+0	0.000000E+0	0.000000E+0
8.603154E+1	-1.470232E-1	7.910000E-1	-4.524460E+17	2.055323E+17	6.149109E-3	0.000000E+0	1.162361E-2	1.986411E-5	0.000000E+0	0.000000E+0	0.000000E+0
8.815799E+1	-1.481094E-1	7.280000E-1	-3.570583E-19	6.323277E-18	5.604377E-3	0.000000E+0	1.134324E-2	1.905715E-5	0.000000E+0	0.000000E+0	0.000000E+0
9.036555E+1	-1.625538E-1	6.650000E-1	4.707512E+17	-3.197573E+17	5.061688E-3	0.000000E+0	1.106613E-2	1.990627E-5	0.000000E+0	0.000000E+0	0.000000E+0
9.272891E+1	-1.665983E-1	6.010000E-1	1.388541E-18	6.784146E-18	4.528220E-3	0.000000E+0	1.078409E-2	1.937487E-5	0.000000E+0	0.000000E+0	0.000000E+0
9.520395E+1	-1.857481E-1	5.380000E-1	4.766215E-20	4.558795E+17	4.011578E-3	0.000000E+0	1.050373E-2	2.049334E-5	0.000000E+0	0.000000E+0	0.000000E+0
9.777396E+1	-1.810665E-1	4.750000E-1	-5.584540E-18	-6.440456E-18	3.505661E-3	0.000000E+0	1.022764E-2	1.894045E-5	0.000000E+0	0.000000E+0	0.000000E+0
1.005518E+2	-1.947222E-1	4.110000E-1	-4.313450E+17	4.857998E-18	3.006922E-3	0.000000E+0	9.945086E-3	1.925902E-5	0.000000E+0	0.000000E+0	0.000000E+0
1.033919E+2	-2.023058E-1	3.480000E-1	4.155979E+17	-2.188149E-18	2.521434E-3	0.000000E+0	9.671901E-3	1.892490E-5	0.000000E+0	0.000000E+0	0.000000E+0
1.062504E+2	-2.079248E-1	2.850000E-1	-3.411811E-18	5.558819E-18	2.045139E-3	0.000000E+0	9.411693E-3	1.841804E-5	0.000000E+0	0.000000E+0	0.000000E+0
1.090137E+2	-2.077169E-1	2.220000E-1	-3.021231E-18	3.036828E-18	1.579569E-3	0.000000E+0	9.173126E-3	1.747866E-5	0.000000E+0	0.000000E+0	0.000000E+0
1.115877E+2	-2.078629E-1	1.580000E-1	-1.067025E+17	-5.230656E+17	1.120666E-3	0.000000E+0	8.961530E-3	1.669332E-5	0.000000E+0	0.000000E+0	0.000000E+0
1.135639E+2	-1.880465E-1	9.500000E-2	-4.715167E+17	-5.436425E+17	6.714398E-4	0.000000E+0	8.805591E-3	1.458087E-5	0.000000E+0	0.000000E+0	0.000000E+0
1.147124E+2	-1.678104E-1	3.200000E-2	-3.453602E+17	4.406614E-18	2.262990E-4	0.000000E+0	8.717435E-3	1.275256E-5	0.000000E+0	0.000000E+0	0.000000E+0
1.146804E+2	-1.359806E-1	-3.200000E-2	-9.427510E-19	-9.422141E-19	-2.264751E-4	0.000000E+0	8.719874E-3	1.033946E-5	0.000000E+0	0.000000E+0	0.000000E+0
1.134914E+2	-1.136341E-1	-9.500000E-2	-4.717429E+17	-4.925467E+17	-6.726375E-4	0.000000E+0	8.811231E-3	8.822310E-6	0.000000E+0	0.000000E+0	0.000000E+0
1.113921E+2	-6.883812E-2	-1.580000E-1	-2.949193E+17	-4.901914E-18	-1.125439E-3	0.000000E+0	8.977294E-3	5.547790E-6	0.000000E+0	0.000000E+0	0.000000E+0
1.087243E+2	-3.294659E-2	-2.220000E-1	-1.478400E+17	2.700588E+17	-1.591492E-3	0.000000E+0	9.197575E-3	2.787130E-6	0.000000E+0	0.000000E+0	0.000000E+0
1.058198E+2	1.831150E-2	-2.850000E-1	-2.726899E+17	1.903750E-18	-2.062169E-3	0.000000E+0	9.450027E-3	-1.635272E-6	0.000000E+0	0.000000E+0	0.000000E+0
1.028604E+2	5.326366E-2	-3.480000E-1	-1.696221E+17	-6.427781E-19	-2.549700E-3	0.000000E+0	9.721912E-3	-5.034246E-6	0.000000E+0	0.000000E+0	0.000000E+0
9.994922E+1	8.075333E-2	-4.110000E-1	2.833723E-18	-1.599031E-19	-3.042849E-3	0.000000E+0	1.000507E-2	-8.083535E-6	0.000000E+0	0.000000E+0	0.000000E+0
9.699199E+1	1.203003E-1	-4.750000E-1	-4.319920E+17	-4.172230E+17	-3.557421E-3	0.000000E+0	1.031011E-2	-1.278775E-5	0.000000E+0	0.000000E+0	0.000000E+0
9.427974E+1	1.862955E-1	-5.380000E-1	-5.506670E-18	3.318154E+17	-4.086832E-3	0.000000E+0	1.060669E-2	-2.095868E-5	0.000000E+0	0.000000E+0	0.000000E+0
9.170711E+1	2.206793E-1	-6.010000E-1	4.410889E+17	3.939340E-18	-4.623393E-3	0.000000E+0	1.090422E-2	-2.623935E-5	0.000000E+0	0.000000E+0	0.000000E+0
8.931548E+1	2.611427E-1	-6.650000E-1	1.829862E+17	1.861957E+17	-5.180354E-3	0.000000E+0	1.119617E-2	-3.273563E-5	0.000000E+0	0.000000E+0	0.000000E+0
8.707686E+1	3.024998E-1	-7.280000E-1	-1.333488E-18	6.138991E-18	-5.738876E-3	0.000000E+0	1.148397E-2	-3.989462E-5	0.000000E+0	0.000000E+0	0.000000E+0
8.488965E+1	3.500390E-1	-7.910000E-1	-1.774996E-18	1.794108E-18	-6.307612E-3	0.000000E+0	1.177980E-2	-4.857352E-5	0.000000E+0	0.000000E+0	0.000000E+0
8.283173E+1	3.816423E-1	-8.540000E-1	-7.957825E+16	-3.386204E-18	-6.897287E-3	0.000000E+0	1.207241E-2	-5.562292E-5	0.000000E+0	0.000000E+0	0.000000E+0
8.085580E+1	4.195795E-1	-9.180000E-1	2.088242E+17	-2.195880E+17	-7.504812E-3	0.000000E+0	1.236736E-2	-6.417712E-5	0.000000E+0	0.000000E+0	0.000000E+0
7.894409E+1	4.734011E-1	-9.810000E-1	5.232665E+17	-3.553127E+17	-8.113384E-3	0.000000E+0	1.266674E-2	-7.595815E-5	0.000000E+0	0.000000E+0	0.000000E+0
7.690073E+1	5.381861E-1	-1.044000E+0	-1.291944E-18	-5.341499E-18	-8.735748E-3	0.000000E+0	1.300314E-2	-9.100186E-5	0.000000E+0	0.000000E+0	0.000000E+0
7.478300E+1	5.750456E-1	-1.108000E+0	-5.203440E-18	3.830366E-18	-9.389747E-3	0.000000E+0	1.337123E-2	-1.028184E-4	0.000000E+0	0.000000E+0	0.000000E+0
7.240843E+1	6.371274E-1	-1.171000E+0	3.093325E+17	-1.518024E+17	-1.004990E-2	0.000000E+0	1.380948E-2	-1.215107E-4	0.000000E+0	0.000000E+0	0.000000E+0
6.804782E+1	7.052608E-1	-1.234000E+0	1.311717E+15	4.724009E-18	-1.077339E-2	0.000000E+0	1.469397E-2	-1.522911E-4	0.000000E+0	0.000000E+0	0.000000E+0
6.450833E+1	7.365203E-1	-1.297000E+0	-1.009562E-18	-5.687651E-18	-1.187583E-2	0.000000E+0	1.549985E-2	-1.769687E-4	0.000000E+0	0.000000E+0	0.000000E+0
5.912482E+1	7.348847E-1	-1.361000E+0	-6.256277E-18	1.220246E+17	-1.268815E-2	0.000000E+0	1.691076E-2	-2.101902E-4	0.000000E+0	0.000000E+0	0.000000E+0
5.399612E+1	7.108378E-1	-1.424000E+0	2.692530E+17	-2.999069E+17	-1.375587E-2	0.000000E+0	1.851664E-2	-2.437643E-4	0.000000E+0	0.000000E+0	0.000000E+0
5.103613E+1	7.287283E-1	-1.487000E+0	-4.013414E-19	-2.241021E+17	-1.466935E-2	0.000000E+0	1.958997E-2	-2.797188E-4	0.000000E+0	0.000000E+0	0.000000E+0
4.873229E+1	7.554917E-1	-1.551000E+0	8.607211E+16	2.393421E-17	-1.569822E-2	0.000000E+0	2.051534E-2	-3.180473E-4	0.000000E+0	0.000000E+0	0.000000E+0
4.541066E+1	7.853866E-1	-1.614000E+0	2.127762E-18	3.276064E+15	-1.656521E-2	0.000000E+0	2.201468E-2	-3.807483E-4	0.000000E+0	0.000000E+0	0.000000E+0
4.121626E+1	7.358398E-1	-1.677000E+0	-4.960950E+17	-4.576442E+17	-1.785867E-2	0.000000E+0	2.425454E-2	-4.330198E-4	0.000000E+0	0.000000E+0	0.000000E+0
3.681264E+1	7.042639E-1	-1.741000E+0	-6.504745E+16	2.346697E+17	-1.921900E-2	0.000000E+0	2.715464E-2	-5.194964E-4	0.000000E+0	0.000000E+0	0.000000E+0
3.429097E+1	6.449718E-1	-1.804000E+0	5.739126E-18	5.135446E+17	-2.105893E-2	0.000000E+0	2.915188E-2	-5.483118E-4	0.000000E+0	0.000000E+0	0.000000E+0
3.311897E+1	6.850419E-1	-1.867000E+0	-5.522322E-18	3.493290E-18	-2.198517E-2	0.000000E+0	3.018126E-2	-6.242776E-4	0.000000E+0	0.000000E+0	0.000000E+0
3.117972E+1	7.521737E-1	-1.930000E+0	2.906916E+17	-1.493182E-18	-2.257638E-2	0.000000E+0	3.205348E-2	-7.732520E-4	0.000000E+0	0.000000E+0	0.000000E+0
3.052045E+1	7.185032E-1	-1.994000E+0	-3.086734E-18	4.664198E-18	-2.462108E-2	0.000000E+0	3.274677E-2	-7.709145E-4	0.000000E+0	0.000000E+0	0.000000E+0
3.029114E+1	7.615826E-1	-2.057000E+0	6.288337E-18	-3.925935E-18	-2.530218E-2	0.000000E+0	3.299210E-2	-8.294903E-4	0.000000E+0	0.000000E+0	0.000000E+0
2.501193E+1	3.082354E-1	-2.120000E+0	8.250878E-19	2.835790E+17	-2.633721E-2	0.000000E+0	3.997485E-2	-4.926315E-4	0.000000E+0	0.000000E+0	0.000000E+0
2.437793E+1	2.757382E-1	-2.184000E+0	4.553607E+17	-2.686618E+17	-3.195954E-2	0.000000E+0	4.101546E-2	-4.639249E-4	0.000000E+0	0.000000E+0	0.000000E+0
2.421692E+1	2.735136E-1	-2.247000E+0	2.517966E+17	3.793721E+16	-3.303134E-2	0.000000E+0	4.128818E-2	-4.663218E-4	0.000000E+0	0.000000E+0	0.000000E+0
2.418570E+1	2.567482E-1	-2.310000E+0	-6.627993E-18	6.447512E-18	-3.400253E-2	0.000000E+0	4.134209E-2	-4.388753E-4	0.000000E+0	0.000000E+0	0.000000E+0
2.367029E+1	4.819651E-1	-2.373000E+0	-5.704677E+17	6.512875E+16	-3.500231E-2	0.000000E+0	4.222955E-2	-8.598613E-4	0.000000E+0	0.000000E+0	0.000000E+0
2.287347E+1	4.283853E-1	-2.437000E+0	-4.916206E+17	6.689525E-18	-3.651484E-2	0.000000E+0	4.370344E-2	-8.184990E-4	0.000000E+0	0.000000E+0	0.000000E+0
2.336182E+1	3.665910E-1	-2.500000E+0	-3.567359E+17	-4.286482E-18	-3.741299E-2	0.000000E+0	4.279435E-2	-6.715240E-4	0.000000E+0	0.000000E+0	0.000000E+0
