Real / Ohm	Ximag / Ohm	V_DC / V	I_a c / A	V_ac / V	I_DC / A
7.585747E+2	-9.031859E+3	-2.500000E+0	-3.567359E+17	-4.286482E-18	2.683490E-6	1.000000E+6	9.234029E-6	1.099436E-4	0.000000E+0	0.000000E+0	0.000000E+0
7.321270E+2	-9.022063E+3	-2.437000E+0	-4.916206E+17	6.689525E-18	4.004847E-6	0.000000E+0	8.935610E-6	1.101143E-4	0.000000E+0	0.000000E+0	0.000000E+0
7.056704E+2	-8.958949E+3	-2.373000E+0	-5.704677E+17	6.512875E+16	2.744913E-6	0.000000E+0	8.737790E-6	1.109320E-4	0.000000E+0	0.000000E+0	0.000000E+0
6.811909E+2	-8.885844E+3	-2.310000E+0	-6.627993E-18	6.447512E-18	3.044857E-6	0.000000E+0	8.576828E-6	1.118810E-4	0.000000E+0	0.000000E+0	0.000000E+0
6.520322E+2	-8.818680E+3	-2.247000E+0	2.517966E+17	3.793721E+16	1.812601E-6	0.000000E+0	8.338619E-6	1.127791E-4	0.000000E+0	0.000000E+0	0.000000E+0
6.211743E+2	-8.754641E+3	-2.184000E+0	4.553607E+17	-2.686618E+17	2.112545E-6	0.000000E+0	8.064099E-6	1.136530E-4	0.000000E+0	0.000000E+0	0.000000E+0
5.898730E+2	-8.692469E+3	-2.120000E+0	8.250878E-19	2.835790E+17	1.363325E-6	0.000000E+0	7.770999E-6	1.145148E-4	0.000000E+0	0.000000E+0	0.000000E+0
5.624175E+2	-8.635180E+3	-2.057000E+0	6.288337E-18	-3.925935E-18	2.173969E-6	0.000000E+0	7.510652E-6	1.153162E-4	0.000000E+0	0.000000E+0	0.000000E+0
5.334629E+2	-8.579229E+3	-1.994000E+0	-3.086734E-18	4.664198E-18	4.516834E-6	0.000000E+0	7.219910E-6	1.161117E-4	0.000000E+0	0.000000E+0	0.000000E+0
5.035254E+2	-8.522637E+3	-1.930000E+0	2.906916E+17	-1.493182E-18	3.256901E-6	0.000000E+0	6.908124E-6	1.169264E-4	0.000000E+0	0.000000E+0	0.000000E+0
4.787002E+2	-8.469070E+3	-1.867000E+0	-5.522322E-18	3.493290E-18	1.513923E-6	0.000000E+0	6.652837E-6	1.177007E-4	0.000000E+0	0.000000E+0	0.000000E+0
4.525615E+2	-8.415223E+3	-1.804000E+0	5.739126E-18	5.135446E+17	1.303095E-6	0.000000E+0	6.372240E-6	1.184896E-4	0.000000E+0	0.000000E+0	0.000000E+0
4.285391E+2	-8.362484E+3	-1.741000E+0	-6.504745E+16	2.346697E+17	3.135232E-6	0.000000E+0	6.111965E-6	1.192685E-4	0.000000E+0	0.000000E+0	0.000000E+0
4.055293E+2	-8.308613E+3	-1.677000E+0	-4.960950E+17	-4.576442E+17	3.918161E-6	0.000000E+0	5.860461E-6	1.200710E-4	0.000000E+0	0.000000E+0	0.000000E+0
3.832144E+2	-8.255213E+3	-1.614000E+0	2.127762E-18	3.276064E+15	2.175177E-6	0.000000E+0	5.611131E-6	1.208751E-4	0.000000E+0	0.000000E+0	0.000000E+0
3.623472E+2	-8.201594E+3	-1.551000E+0	8.607211E+16	2.393421E-17	2.475121E-6	0.000000E+0	5.376275E-6	1.216900E-4	0.000000E+0	0.000000E+0	0.000000E+0
3.428105E+2	-8.145485E+3	-1.487000E+0	-4.013414E-19	-2.241021E+17	3.768822E-6	0.000000E+0	5.157648E-6	1.225503E-4	0.000000E+0	0.000000E+0	0.000000E+0
3.247266E+2	-8.091062E+3	-1.424000E+0	2.692530E+17	-2.999069E+17	2.025845E-6	0.000000E+0	4.952310E-6	1.233944E-4	0.000000E+0	0.000000E+0	0.000000E+0
3.078467E+2	-8.035813E+3	-1.361000E+0	-6.256277E-18	1.220246E+17	2.836496E-6	0.000000E+0	4.760340E-6	1.242606E-4	0.000000E+0	0.000000E+0	0.000000E+0
2.904434E+2	-7.978752E+3	-1.297000E+0	-1.009562E-18	-5.687651E-18	1.576569E-6	0.000000E+0	4.556344E-6	1.251670E-4	0.000000E+0	0.000000E+0	0.000000E+0
2.747837E+2	-7.923771E+3	-1.234000E+0	1.311717E+15	4.724009E-18	1.876535E-6	0.000000E+0	4.371245E-6	1.260509E-4	0.000000E+0	0.000000E+0	0.000000E+0
2.613047E+2	-7.868920E+3	-1.171000E+0	3.093325E+17	-1.518024E+17	6.442715E-7	0.000000E+0	4.215395E-6	1.269423E-4	0.000000E+0	0.000000E+0	0.000000E+0
2.472456E+2	-7.813597E+3	-1.108000E+0	-5.203440E-18	3.830366E-18	1.454930E-6	0.000000E+0	4.045684E-6	1.278540E-4	0.000000E+0	0.000000E+0	0.000000E+0
2.350063E+2	-7.755616E+3	-1.044000E+0	-1.291944E-18	-5.341499E-18	2.237910E-6	0.000000E+0	3.903447E-6	1.288205E-4	0.000000E+0	0.000000E+0	0.000000E+0
2.225591E+2	-7.700101E+3	-9.810000E-1	5.232665E+17	-3.553127E+17	2.027107E-6	0.000000E+0	3.750506E-6	1.297600E-4	0.000000E+0	0.000000E+0	0.000000E+0
2.129263E+2	-7.645448E+3	-9.180000E-1	2.088242E+17	-2.195880E+17	7.948438E-7	0.000000E+0	3.639877E-6	1.306954E-4	0.000000E+0	0.000000E+0	0.000000E+0
2.022710E+2	-7.588034E+3	-8.540000E-1	-7.957825E+16	-3.386204E-18	1.577831E-6	0.000000E+0	3.510481E-6	1.316929E-4	0.000000E+0	0.000000E+0	0.000000E+0
1.931855E+2	-7.533119E+3	-7.910000E-1	-1.774996E-18	1.794108E-18	3.920653E-6	0.000000E+0	3.402039E-6	1.326599E-4	0.000000E+0	0.000000E+0	0.000000E+0
1.834189E+2	-7.479220E+3	-7.280000E-1	-1.333488E-18	6.138991E-18	-8.866664E-7	0.000000E+0	3.276954E-6	1.336234E-4	0.000000E+0	0.000000E+0	0.000000E+0
1.762407E+2	-7.425152E+3	-6.650000E-1	1.829862E+17	1.861957E+17	9.454161E-7	0.000000E+0	3.194853E-6	1.346015E-4	0.000000E+0	0.000000E+0	0.000000E+0
1.675781E+2	-7.370221E+3	-6.010000E-1	4.410889E+17	3.939340E-18	2.239143E-6	0.000000E+0	3.083414E-6	1.356110E-4	0.000000E+0	0.000000E+0	0.000000E+0
1.620239E+2	-7.316394E+3	-5.380000E-1	-5.506670E-18	3.318154E+17	2.028341E-6	0.000000E+0	3.025325E-6	1.366124E-4	0.000000E+0	0.000000E+0	0.000000E+0
1.550571E+2	-7.264542E+3	-4.750000E-1	-4.319920E+17	-4.172230E+17	2.838962E-6	0.000000E+0	2.936820E-6	1.375922E-4	0.000000E+0	0.000000E+0	0.000000E+0
1.484648E+2	-7.211802E+3	-4.110000E-1	2.833723E-18	-1.599031E-19	1.579065E-6	0.000000E+0	2.853329E-6	1.386029E-4	0.000000E+0	0.000000E+0	0.000000E+0
1.438643E+2	-7.160304E+3	-3.480000E-1	-1.696221E+17	-6.427781E-19	-3.228255E-6	0.000000E+0	2.804884E-6	1.396025E-4	0.000000E+0	0.000000E+0	0.000000E+0
1.391650E+2	-7.108882E+3	-2.850000E-1	-2.726899E+17	1.903750E-18	2.689625E-6	0.000000E+0	2.752713E-6	1.406152E-4	0.000000E+0	0.000000E+0	0.000000E+0
1.357305E+2	-7.058350E+3	-2.220000E-1	-1.478400E+17	2.700588E+17	9.466494E-7	0.000000E+0	2.723394E-6	1.416238E-4	0.000000E+0	0.000000E+0	0.000000E+0
1.316265E+2	-7.006179E+3	-1.580000E-1	-2.949193E+17	-4.901914E-18	3.772520E-6	0.000000E+0	2.680573E-6	1.426808E-4	0.000000E+0	0.000000E+0	0.000000E+0
1.286104E+2	-6.955557E+3	-9.500000E-2	-4.717429E+17	-4.925467E+17	2.540258E-6	0.000000E+0	2.657442E-6	1.437208E-4	0.000000E+0	0.000000E+0	0.000000E+0
1.257705E+2	-6.906104E+3	-3.200000E-2	-9.427510E-19	-9.422141E-19	2.329482E-6	0.000000E+0	2.636140E-6	1.447514E-4	0.000000E+0	0.000000E+0	0.000000E+0
1.231387E+2	-6.855825E+3	3.200000E-2	-3.453602E+17	4.406614E-18	-9.733601E-7	0.000000E+0	2.618997E-6	1.458143E-4	0.000000E+0	0.000000E+0	0.000000E+0
1.213442E+2	-6.806136E+3	9.500000E-2	-4.715167E+17	-5.436425E+17	1.880206E-6	0.000000E+0	2.618664E-6	1.468796E-4	0.000000E+0	0.000000E+0	0.000000E+0
1.197153E+2	-6.757334E+3	1.580000E-1	-1.067025E+17	-5.230656E+17	-1.394941E-6	0.000000E+0	2.620973E-6	1.479409E-4	0.000000E+0	0.000000E+0	0.000000E+0
1.196577E+2	-6.707021E+3	2.220000E-1	-3.021231E-18	3.036828E-18	1.941644E-6	0.000000E+0	2.659152E-6	1.490500E-4	0.000000E+0	0.000000E+0	0.000000E+0
1.188398E+2	-6.657736E+3	2.850000E-1	-3.411811E-18	5.558819E-18	1.730839E-6	0.000000E+0	2.680220E-6	1.501534E-4	0.000000E+0	0.000000E+0	0.000000E+0
1.177891E+2	-6.609396E+3	3.480000E-1	4.155979E+17	-2.188149E-18	2.030778E-6	0.000000E+0	2.695527E-6	1.512517E-4	0.000000E+0	0.000000E+0	0.000000E+0
1.188271E+2	-6.561917E+3	4.110000E-1	-4.313450E+17	4.857998E-18	3.352143E-6	0.000000E+0	2.758746E-6	1.523445E-4	0.000000E+0	0.000000E+0	0.000000E+0
1.190396E+2	-6.512935E+3	4.750000E-1	-5.584540E-18	-6.440456E-18	-4.614121E-7	0.000000E+0	2.805388E-6	1.534893E-4	0.000000E+0	0.000000E+0	0.000000E+0
1.205103E+2	-6.466796E+3	5.380000E-1	4.766215E-20	4.558795E+17	2.392153E-6	0.000000E+0	2.880680E-6	1.545824E-4	0.000000E+0	0.000000E+0	0.000000E+0
1.218901E+2	-6.421210E+3	6.010000E-1	1.388541E-18	6.784146E-18	1.670607E-6	0.000000E+0	2.955141E-6	1.556778E-4	0.000000E+0	0.000000E+0	0.000000E+0
1.232676E+2	-6.375409E+3	6.650000E-1	4.707512E+17	-3.197573E+17	-1.000371E-7	0.000000E+0	3.031590E-6	1.567941E-4	0.000000E+0	0.000000E+0	0.000000E+0
1.246172E+2	-6.333465E+3	7.280000E-1	-3.570583E-19	6.323277E-18	2.242788E-6	0.000000E+0	3.105469E-6	1.578304E-4	0.000000E+0	0.000000E+0	0.000000E+0
1.261304E+2	-6.292225E+3	7.910000E-1	-4.524460E+17	2.055323E+17	4.998110E-7	0.000000E+0	3.184467E-6	1.588625E-4	0.000000E+0	0.000000E+0	0.000000E+0
1.270933E+2	-6.253273E+3	8.540000E-1	-6.904437E-18	-8.375564E+16	2.331919E-6	0.000000E+0	3.248841E-6	1.598502E-4	0.000000E+0	0.000000E+0	0.000000E+0
1.285313E+2	-6.214985E+3	9.180000E-1	2.547933E-18	-3.572836E+16	1.582706E-6	0.000000E+0	3.326159E-6	1.608326E-4	0.000000E+0	0.000000E+0	0.000000E+0
1.298911E+2	-6.179982E+3	9.810000E-1	-1.554791E+17	3.966226E+17	1.882643E-6	0.000000E+0	3.399485E-6	1.617413E-4	0.000000E+0	0.000000E+0	0.000000E+0
1.310635E+2	-6.146524E+3	1.044000E+0	-5.196808E+17	2.162502E-18	6.503833E-7	0.000000E+0	3.467570E-6	1.626196E-4	0.000000E+0	0.000000E+0	0.000000E+0
1.327373E+2	-6.113793E+3	1.108000E+0	1.000945E+17	-5.707470E+17	-1.120265E-6	0.000000E+0	3.549497E-6	1.634875E-4	0.000000E+0	0.000000E+0	0.000000E+0
1.336743E+2	-6.084196E+3	1.171000E+0	-2.820974E+17	-3.562313E+17	7.118506E-7	0.000000E+0	3.609374E-6	1.642810E-4	0.000000E+0	0.000000E+0	0.000000E+0
1.347021E+2	-6.055893E+3	1.234000E+0	7.433461E+16	-3.421229E+17	2.033215E-6	0.000000E+0	3.671159E-6	1.650468E-4	0.000000E+0	0.000000E+0	0.000000E+0
1.360288E+2	-6.029501E+3	1.297000E+0	5.230660E-18	8.421242E+16	-2.774104E-6	0.000000E+0	3.739789E-6	1.657668E-4	0.000000E+0	0.000000E+0	0.000000E+0
1.366143E+2	-6.004216E+3	1.361000E+0	5.364297E+17	-2.871880E+17	-4.589747E-7	0.000000E+0	3.787553E-6	1.664635E-4	0.000000E+0	0.000000E+0	0.000000E+0
1.376787E+2	-5.980916E+3	1.424000E+0	5.519484E-18	1.673219E-18	-6.697810E-7	0.000000E+0	3.846815E-6	1.671099E-4	0.000000E+0	0.000000E+0	0.000000E+0
1.382188E+2	-5.958775E+3	1.487000E+0	9.183430E+16	2.296609E-18	2.183784E-6	0.000000E+0	3.890626E-6	1.677295E-4	0.000000E+0	0.000000E+0	0.000000E+0
1.394590E+2	-5.938423E+3	1.551000E+0	4.020355E+17	1.810141E+17	9.238574E-7	0.000000E+0	3.952436E-6	1.683021E-4	0.000000E+0	0.000000E+0	0.000000E+0
1.401372E+2	-5.919131E+3	1.614000E+0	4.712699E-18	4.035830E-18	2.023444E-7	0.000000E+0	3.997552E-6	1.688491E-4	0.000000E+0	0.000000E+0	0.000000E+0
1.406323E+2	-5.901802E+3	1.677000E+0	-2.680121E+17	-5.492346E+17	5.022448E-7	0.000000E+0	4.035239E-6	1.693436E-4	0.000000E+0	0.000000E+0	0.000000E+0
1.413477E+2	-5.884121E+3	1.741000E+0	5.241928E+17	-4.156389E-18	-2.469387E-7	0.000000E+0	4.080140E-6	1.698509E-4	0.000000E+0	0.000000E+0	0.000000E+0
1.422505E+2	-5.869021E+3	1.804000E+0	2.579782E+17	4.569569E-19	5.637121E-7	0.000000E+0	4.127313E-6	1.702861E-4	0.000000E+0	0.000000E+0	0.000000E+0
1.417749E+2	-5.854762E+3	1.867000E+0	2.915631E-18	5.325189E+16	1.374341E-6	0.000000E+0	4.133579E-6	1.707010E-4	0.000000E+0	0.000000E+0	0.000000E+0
1.423804E+2	-5.840632E+3	1.930000E+0	-1.980568E+17	1.958093E+16	2.184992E-6	0.000000E+0	4.171310E-6	1.711127E-4	0.000000E+0	0.000000E+0	0.000000E+0
1.425483E+2	-5.827479E+3	1.994000E+0	-2.769006E-18	2.287397E+15	9.250871E-7	0.000000E+0	4.195086E-6	1.714982E-4	0.000000E+0	0.000000E+0	0.000000E+0
1.429033E+2	-5.815315E+3	2.057000E+0	5.768137E-19	5.234688E+17	-3.071618E-7	0.000000E+0	4.223122E-6	1.718560E-4	0.000000E+0	0.000000E+0	0.000000E+0
1.427144E+2	-5.803734E+3	2.120000E+0	3.389543E+17	1.295985E-19	-5.179754E-7	0.000000E+0	4.234384E-6	1.721987E-4	0.000000E+0	0.000000E+0	0.000000E+0
1.434595E+2	-5.792692E+3	2.184000E+0	-5.351627E-18	5.229140E+17	-7.564522E-7	0.000000E+0	4.272698E-6	1.725255E-4	0.000000E+0	0.000000E+0	0.000000E+0
1.443218E+2	-5.782047E+3	2.247000E+0	2.587905E+17	2.524367E-18	1.075663E-6	0.000000E+0	4.314180E-6	1.728414E-4	0.000000E+0	0.000000E+0	0.000000E+0
1.447197E+2	-5.771975E+3	2.310000E+0	-3.127958E+17	-2.708644E-18	-1.178050E-6	0.000000E+0	4.341160E-6	1.731421E-4	0.000000E+0	0.000000E+0	0.000000E+0
1.442505E+2	-5.760802E+3	2.373000E+0	6.653843E-18	-4.395315E+17	2.186236E-6	0.000000E+0	4.343894E-6	1.734782E-4	0.000000E+0	0.000000E+0	0.000000E+0
1.454487E+2	-5.749497E+3	2.437000E+0	-1.137863E-18	-4.190346E+17	1.437016E-6	0.000000E+0	4.397160E-6	1.738170E-4	0.000000E+0	0.000000E+0	0.000000E+0
1.468145E+2	-5.738755E+3	2.500000E+0	-9.275714E-19	-3.780148E-18	1.226232E-6	0.000000E+0	4.455018E-6	1.741399E-4	0.000000E+0	0.000000E+0	0.000000E+0
