Real / Ohm	Ximag / Ohm	V_DC / V	I_a c / A	V_ac / V	I_DC / A
1.215716E+4	-3.680190E+5	2.500000E+0	-9.275714E-19	-3.780148E-18	2.047746E-7	1.000000E+4	8.966397E-8	2.714289E-6	0.000000E+0	0.000000E+0	0.000000E+0
1.160483E+4	-3.704074E+5	2.437000E+0	-1.137863E-18	-4.190346E+17	4.155881E-7	0.000000E+0	8.449936E-8	2.697083E-6	0.000000E+0	0.000000E+0	0.000000E+0
1.103883E+4	-3.715738E+5	2.373000E+0	6.653843E-18	-4.395315E+17	6.540649E-7	0.000000E+0	7.988215E-8	2.688882E-6	0.000000E+0	0.000000E+0	0.000000E+0
1.081398E+4	-3.724881E+5	2.310000E+0	-3.127958E+17	-2.708644E-18	2.397035E-6	0.000000E+0	7.787443E-8	2.682389E-6	0.000000E+0	0.000000E+0	0.000000E+0
1.108597E+4	-3.735761E+5	2.247000E+0	2.587905E+17	2.524367E-18	2.097091E-6	0.000000E+0	7.936577E-8	2.674476E-6	0.000000E+0	0.000000E+0	0.000000E+0
1.112653E+4	-3.747256E+5	2.184000E+0	-5.351627E-18	5.229140E+17	1.286433E-6	0.000000E+0	7.916811E-8	2.666269E-6	0.000000E+0	0.000000E+0	0.000000E+0
1.113617E+4	-3.760712E+5	2.120000E+0	3.389543E+17	1.295985E-19	-1.028689E-6	0.000000E+0	7.867107E-8	2.656741E-6	0.000000E+0	0.000000E+0	0.000000E+0
1.106966E+4	-3.774869E+5	2.057000E+0	5.768137E-19	5.234688E+17	7.142953E-7	0.000000E+0	7.761706E-8	2.646822E-6	0.000000E+0	0.000000E+0	0.000000E+0
1.077763E+4	-3.794167E+5	1.994000E+0	-2.769006E-18	2.287397E+15	-6.070841E-7	0.000000E+0	7.480663E-8	2.633500E-6	0.000000E+0	0.000000E+0	0.000000E+0
1.083418E+4	-3.813472E+5	1.930000E+0	-1.980568E+17	1.958093E+16	-8.793504E-7	0.000000E+0	7.443968E-8	2.620167E-6	0.000000E+0	0.000000E+0	0.000000E+0
1.090106E+4	-3.836381E+5	1.867000E+0	2.915631E-18	5.325189E+16	1.885084E-6	0.000000E+0	7.400733E-8	2.604520E-6	0.000000E+0	0.000000E+0	0.000000E+0
1.086379E+4	-3.859982E+5	1.804000E+0	2.579782E+17	4.569569E-19	-1.989916E-6	0.000000E+0	7.285627E-8	2.588635E-6	0.000000E+0	0.000000E+0	0.000000E+0
1.069631E+4	-3.887516E+5	1.741000E+0	5.241928E+17	-4.156389E-18	7.745184E-7	0.000000E+0	7.072304E-8	2.570391E-6	0.000000E+0	0.000000E+0	0.000000E+0
1.074140E+4	-3.914306E+5	1.677000E+0	-2.680121E+17	-5.492346E+17	-8.469215E-9	0.000000E+0	7.005263E-8	2.552809E-6	0.000000E+0	0.000000E+0	0.000000E+0
1.082893E+4	-3.944617E+5	1.614000E+0	4.712699E-18	4.035830E-18	2.245230E-6	0.000000E+0	6.954224E-8	2.533191E-6	0.000000E+0	0.000000E+0	0.000000E+0
1.082271E+4	-3.973816E+5	1.551000E+0	4.020355E+17	1.810141E+17	2.966743E-6	0.000000E+0	6.848548E-8	2.514608E-6	0.000000E+0	0.000000E+0	0.000000E+0
1.081424E+4	-4.009225E+5	1.487000E+0	9.183430E+16	2.296609E-18	1.673041E-6	0.000000E+0	6.722941E-8	2.492434E-6	0.000000E+0	0.000000E+0	0.000000E+0
1.075941E+4	-4.046064E+5	1.424000E+0	5.519484E-18	1.673219E-18	8.624193E-7	0.000000E+0	6.567740E-8	2.469791E-6	0.000000E+0	0.000000E+0	0.000000E+0
1.099718E+4	-4.082684E+5	1.361000E+0	5.364297E+17	-2.871880E+17	-1.480403E-6	0.000000E+0	6.592875E-8	2.447593E-6	0.000000E+0	0.000000E+0	0.000000E+0
1.074892E+4	-4.123092E+5	1.297000E+0	5.230660E-18	8.421242E+16	1.311666E-6	0.000000E+0	6.318641E-8	2.423717E-6	0.000000E+0	0.000000E+0	0.000000E+0
1.073090E+4	-4.164176E+5	1.234000E+0	7.433461E+16	-3.421229E+17	-5.204129E-7	0.000000E+0	6.184288E-8	2.399842E-6	0.000000E+0	0.000000E+0	0.000000E+0
1.049309E+4	-4.209138E+5	1.171000E+0	-2.820974E+17	-3.562313E+17	2.011075E-7	0.000000E+0	5.918985E-8	2.374308E-6	0.000000E+0	0.000000E+0	0.000000E+0
1.053138E+4	-4.251306E+5	1.108000E+0	1.000945E+17	-5.707470E+17	1.944078E-6	0.000000E+0	5.823367E-8	2.350776E-6	0.000000E+0	0.000000E+0	0.000000E+0
1.049419E+4	-4.297846E+5	1.044000E+0	-5.196808E+17	2.162502E-18	3.714726E-6	0.000000E+0	5.677908E-8	2.325361E-6	0.000000E+0	0.000000E+0	0.000000E+0
1.062992E+4	-4.343499E+5	9.810000E-1	-1.554791E+17	3.966226E+17	-1.602712E-7	0.000000E+0	5.631065E-8	2.300913E-6	0.000000E+0	0.000000E+0	0.000000E+0
1.027178E+4	-4.389862E+5	9.180000E-1	2.547933E-18	-3.572836E+16	-9.708929E-7	0.000000E+0	5.327289E-8	2.276729E-6	0.000000E+0	0.000000E+0	0.000000E+0
1.039367E+4	-4.436481E+5	8.540000E-1	-6.904437E-18	-8.375564E+16	7.997478E-7	0.000000E+0	5.277805E-8	2.252802E-6	0.000000E+0	0.000000E+0	0.000000E+0
1.063279E+4	-4.482323E+5	7.910000E-1	-4.524460E+17	2.055323E+17	3.564153E-6	0.000000E+0	5.289281E-8	2.229731E-6	0.000000E+0	0.000000E+0	0.000000E+0
1.050131E+4	-4.526213E+5	7.280000E-1	-3.570583E-19	6.323277E-18	1.221331E-6	0.000000E+0	5.123182E-8	2.208164E-6	0.000000E+0	0.000000E+0	0.000000E+0
1.086814E+4	-4.569603E+5	6.650000E-1	4.707512E+17	-3.197573E+17	2.964305E-6	0.000000E+0	5.201788E-8	2.187137E-6	0.000000E+0	0.000000E+0	0.000000E+0
1.095539E+4	-4.610287E+5	6.010000E-1	1.388541E-18	6.784146E-18	1.670607E-6	0.000000E+0	5.151418E-8	2.167838E-6	0.000000E+0	0.000000E+0	0.000000E+0
1.136926E+4	-4.649968E+5	5.380000E-1	4.766215E-20	4.558795E+17	-1.614753E-7	0.000000E+0	5.255000E-8	2.149268E-6	0.000000E+0	0.000000E+0	0.000000E+0
1.149254E+4	-4.687495E+5	4.750000E-1	-5.584540E-18	-6.440456E-18	1.070759E-6	0.000000E+0	5.227252E-8	2.132054E-6	0.000000E+0	0.000000E+0	0.000000E+0
1.201997E+4	-4.723831E+5	4.110000E-1	-4.313450E+17	4.857998E-18	2.878005E-7	0.000000E+0	5.383114E-8	2.115556E-6	0.000000E+0	0.000000E+0	0.000000E+0
1.235604E+4	-4.764697E+5	3.480000E-1	4.155979E+17	-2.188149E-18	4.986068E-7	0.000000E+0	5.438971E-8	2.097359E-6	0.000000E+0	0.000000E+0	0.000000E+0
1.302613E+4	-4.798134E+5	2.850000E-1	-3.411811E-18	5.558819E-18	-3.120458E-7	0.000000E+0	5.653933E-8	2.082609E-6	0.000000E+0	0.000000E+0	0.000000E+0
1.361655E+4	-4.830721E+5	2.220000E-1	-3.021231E-18	3.036828E-18	3.473815E-6	0.000000E+0	5.830399E-8	2.068441E-6	0.000000E+0	0.000000E+0	0.000000E+0
1.387188E+4	-4.864859E+5	1.580000E-1	-1.067025E+17	-5.230656E+17	3.712286E-6	0.000000E+0	5.856550E-8	2.053888E-6	0.000000E+0	0.000000E+0	0.000000E+0
1.432000E+4	-4.894426E+5	9.500000E-2	-4.715167E+17	-5.436425E+17	8.587490E-7	0.000000E+0	5.972661E-8	2.041393E-6	0.000000E+0	0.000000E+0	0.000000E+0
1.531891E+4	-4.926354E+5	3.200000E-2	-3.453602E+17	4.406614E-18	2.091011E-6	0.000000E+0	6.306042E-8	2.027938E-6	0.000000E+0	0.000000E+0	0.000000E+0
1.617131E+4	-4.955745E+5	-3.200000E-2	-9.427510E-19	-9.422141E-19	2.329482E-6	0.000000E+0	6.577564E-8	2.015714E-6	0.000000E+0	0.000000E+0	0.000000E+0
1.690186E+4	-4.980449E+5	-9.500000E-2	-4.717429E+17	-4.925467E+17	4.973731E-7	0.000000E+0	6.806089E-8	2.005541E-6	0.000000E+0	0.000000E+0	0.000000E+0
1.763255E+4	-5.010302E+5	-1.580000E-1	-2.949193E+17	-4.901914E-18	2.751063E-6	0.000000E+0	7.015357E-8	1.993419E-6	0.000000E+0	0.000000E+0	0.000000E+0
1.852167E+4	-5.032094E+5	-2.220000E-1	-1.478400E+17	2.700588E+17	9.466494E-7	0.000000E+0	7.304570E-8	1.984556E-6	0.000000E+0	0.000000E+0	0.000000E+0
1.922756E+4	-5.058766E+5	-2.850000E-1	-2.726899E+17	1.903750E-18	2.689625E-6	0.000000E+0	7.502535E-8	1.973915E-6	0.000000E+0	0.000000E+0	0.000000E+0
2.048730E+4	-5.074736E+5	-3.480000E-1	-1.696221E+17	-6.427781E-19	1.878972E-6	0.000000E+0	7.942378E-8	1.967339E-6	0.000000E+0	0.000000E+0	0.000000E+0
2.130561E+4	-5.092602E+5	-4.110000E-1	2.833723E-18	-1.599031E-19	4.689355E-8	0.000000E+0	8.200777E-8	1.960202E-6	0.000000E+0	0.000000E+0	0.000000E+0
2.237029E+4	-5.102498E+5	-4.750000E-1	-4.319920E+17	-4.172230E+17	1.817534E-6	0.000000E+0	8.575747E-8	1.956065E-6	0.000000E+0	0.000000E+0	0.000000E+0
2.368339E+4	-5.118063E+5	-5.380000E-1	-5.506670E-18	3.318154E+17	1.006883E-6	0.000000E+0	9.022017E-8	1.949689E-6	0.000000E+0	0.000000E+0	0.000000E+0
2.454638E+4	-5.124586E+5	-6.010000E-1	4.410889E+17	3.939340E-18	2.239143E-6	0.000000E+0	9.325553E-8	1.946910E-6	0.000000E+0	0.000000E+0	0.000000E+0
2.547572E+4	-5.125451E+5	-6.650000E-1	1.829862E+17	1.861957E+17	-5.867550E-7	0.000000E+0	9.673657E-8	1.946240E-6	0.000000E+0	0.000000E+0	0.000000E+0
2.634684E+4	-5.131293E+5	-7.280000E-1	-1.333488E-18	6.138991E-18	6.455048E-7	0.000000E+0	9.980021E-8	1.943702E-6	0.000000E+0	0.000000E+0	0.000000E+0
2.780097E+4	-5.129822E+5	-7.910000E-1	-1.774996E-18	1.794108E-18	2.899196E-6	0.000000E+0	1.053372E-7	1.943677E-6	0.000000E+0	0.000000E+0	0.000000E+0
2.887147E+4	-5.125857E+5	-8.540000E-1	-7.957825E+16	-3.386204E-18	4.566027E-8	0.000000E+0	1.095369E-7	1.944724E-6	0.000000E+0	0.000000E+0	0.000000E+0
2.950523E+4	-5.119245E+5	-9.180000E-1	2.088242E+17	-2.195880E+17	3.348472E-6	0.000000E+0	1.122140E-7	1.946945E-6	0.000000E+0	0.000000E+0	0.000000E+0
3.061693E+4	-5.108726E+5	-9.810000E-1	5.232665E+17	-3.553127E+17	2.027107E-6	0.000000E+0	1.168905E-7	1.950430E-6	0.000000E+0	0.000000E+0	0.000000E+0
3.199434E+4	-5.095576E+5	-1.044000E+0	-1.291944E-18	-5.341499E-18	3.259367E-6	0.000000E+0	1.227376E-7	1.954780E-6	0.000000E+0	0.000000E+0	0.000000E+0
3.227135E+4	-5.075857E+5	-1.108000E+0	-5.203440E-18	3.830366E-18	4.335016E-7	0.000000E+0	1.247517E-7	1.962179E-6	0.000000E+0	0.000000E+0	0.000000E+0
3.311103E+4	-5.056509E+5	-1.171000E+0	3.093325E+17	-1.518024E+17	2.176472E-6	0.000000E+0	1.289475E-7	1.969205E-6	0.000000E+0	0.000000E+0	0.000000E+0
3.416166E+4	-5.036783E+5	-1.234000E+0	1.311717E+15	4.724009E-18	2.387249E-6	0.000000E+0	1.340415E-7	1.976303E-6	0.000000E+0	0.000000E+0	0.000000E+0
3.453114E+4	-5.011739E+5	-1.297000E+0	-1.009562E-18	-5.687651E-18	1.576569E-6	0.000000E+0	1.368287E-7	1.985888E-6	0.000000E+0	0.000000E+0	0.000000E+0
3.493584E+4	-4.988842E+5	-1.361000E+0	-6.256277E-18	1.220246E+17	2.828674E-7	0.000000E+0	1.396842E-7	1.994691E-6	0.000000E+0	0.000000E+0	0.000000E+0
3.539312E+4	-4.961997E+5	-1.424000E+0	2.692530E+17	-2.999069E+17	1.515131E-6	0.000000E+0	1.430217E-7	2.005116E-6	0.000000E+0	0.000000E+0	0.000000E+0
3.632098E+4	-4.930288E+5	-1.487000E+0	-4.013414E-19	-2.241021E+17	-8.276620E-7	0.000000E+0	1.486149E-7	2.017331E-6	0.000000E+0	0.000000E+0	0.000000E+0
3.623482E+4	-4.898554E+5	-1.551000E+0	8.607211E+16	2.393421E-17	9.429787E-7	0.000000E+0	1.501829E-7	2.030310E-6	0.000000E+0	0.000000E+0	0.000000E+0
3.650588E+4	-4.864063E+5	-1.614000E+0	2.127762E-18	3.276064E+15	4.218091E-6	0.000000E+0	1.534352E-7	2.044379E-6	0.000000E+0	0.000000E+0	0.000000E+0
3.666763E+4	-4.834172E+5	-1.677000E+0	-4.960950E+17	-4.576442E+17	1.364591E-6	0.000000E+0	1.560081E-7	2.056773E-6	0.000000E+0	0.000000E+0	0.000000E+0
3.656814E+4	-4.800776E+5	-1.741000E+0	-6.504745E+16	2.346697E+17	3.645946E-6	0.000000E+0	1.577493E-7	2.070981E-6	0.000000E+0	0.000000E+0	0.000000E+0
3.686918E+4	-4.767989E+5	-1.804000E+0	5.739126E-18	5.135446E+17	3.856723E-6	0.000000E+0	1.612144E-7	2.084854E-6	0.000000E+0	0.000000E+0	0.000000E+0
3.692412E+4	-4.741325E+5	-1.867000E+0	-5.522322E-18	3.493290E-18	3.556837E-6	0.000000E+0	1.632619E-7	2.096401E-6	0.000000E+0	0.000000E+0	0.000000E+0
3.674822E+4	-4.708351E+5	-1.930000E+0	2.906916E+17	-1.493182E-18	1.724700E-6	0.000000E+0	1.647635E-7	2.111026E-6	0.000000E+0	0.000000E+0	0.000000E+0
3.637749E+4	-4.674781E+5	-1.994000E+0	-3.086734E-18	4.664198E-18	1.452492E-6	0.000000E+0	1.654582E-7	2.126262E-6	0.000000E+0	0.000000E+0	0.000000E+0
3.623459E+4	-4.642599E+5	-2.057000E+0	6.288337E-18	-3.925935E-18	1.663255E-6	0.000000E+0	1.670950E-7	2.140924E-6	0.000000E+0	0.000000E+0	0.000000E+0
3.596750E+4	-4.611540E+5	-2.120000E+0	8.250878E-19	2.835790E+17	1.874098E-6	0.000000E+0	1.681065E-7	2.155362E-6	0.000000E+0	0.000000E+0	0.000000E+0
3.572863E+4	-4.582641E+5	-2.184000E+0	4.553607E+17	-2.686618E+17	2.623259E-6	0.000000E+0	1.691036E-7	2.168964E-6	0.000000E+0	0.000000E+0	0.000000E+0
3.547241E+4	-4.553961E+5	-2.247000E+0	2.517966E+17	3.793721E+16	2.804591E-7	0.000000E+0	1.700141E-7	2.182648E-6	0.000000E+0	0.000000E+0	0.000000E+0
3.530221E+4	-4.527122E+5	-2.310000E+0	-6.627993E-18	6.447512E-18	1.512715E-6	0.000000E+0	1.712082E-7	2.195558E-6	0.000000E+0	0.000000E+0	0.000000E+0
3.511766E+4	-4.495011E+5	-2.373000E+0	-5.704677E+17	6.512875E+16	2.234199E-6	0.000000E+0	1.727513E-7	2.211192E-6	0.000000E+0	0.000000E+0	0.000000E+0
3.486453E+4	-4.465214E+5	-2.437000E+0	-4.916206E+17	6.689525E-18	1.961933E-6	0.000000E+0	1.738039E-7	2.225964E-6	0.000000E+0	0.000000E+0	0.000000E+0
3.451339E+4	-4.436467E+5	-2.500000E+0	-3.567359E+17	-4.286482E-18	1.151348E-6	0.000000E+0	1.742981E-7	2.240486E-6	0.000000E+0	0.000000E+0	0.000000E+0
