Real / Ohm	Ximag / Ohm	V_DC / V	I_a c / A	V_ac / V	I_DC / A
3.651224E+1	-4.313196E+2	2.500000E+0	-9.275714E-19	-3.753044E-18	2.758403E-6	1.000000E+7	1.948673E-4	2.301970E-3	0.000000E+0	0.000000E+0	0.000000E+0
3.736517E+1	-4.325852E+2	2.437000E+0	-1.137863E-18	-4.190346E+17	-9.515497E-8	0.000000E+0	1.981963E-4	2.294564E-3	0.000000E+0	0.000000E+0	0.000000E+0
3.822760E+1	-4.326150E+2	2.373000E+0	6.653843E-18	-4.395667E+17	4.739864E-6	0.000000E+0	2.026730E-4	2.293615E-3	0.000000E+0	0.000000E+0	0.000000E+0
3.899536E+1	-4.321696E+2	2.310000E+0	-3.127958E+17	-2.708653E-18	-3.731679E-6	0.000000E+0	2.071013E-4	2.295219E-3	0.000000E+0	0.000000E+0	0.000000E+0
3.965222E+1	-4.315411E+2	2.247000E+0	2.587907E+17	-4.848260E-18	-9.672513E-7	0.000000E+0	2.111407E-4	2.297876E-3	0.000000E+0	0.000000E+0	0.000000E+0
4.022525E+1	-4.308866E+2	2.184000E+0	-5.351625E-18	2.346836E+17	1.797176E-6	0.000000E+0	2.147852E-4	2.300745E-3	0.000000E+0	0.000000E+0	0.000000E+0
4.069403E+1	-4.302498E+2	2.120000E+0	3.389541E+17	1.295985E-19	-1.539433E-6	0.000000E+0	2.178821E-4	2.303623E-3	0.000000E+0	0.000000E+0	0.000000E+0
4.114191E+1	-4.296376E+2	2.057000E+0	5.785012E-19	5.234688E+17	-8.178758E-7	0.000000E+0	2.208593E-4	2.306394E-3	0.000000E+0	0.000000E+0	0.000000E+0
4.153903E+1	-4.291365E+2	1.994000E+0	4.142783E-18	4.323812E+17	9.250871E-7	0.000000E+0	2.234679E-4	2.308630E-3	0.000000E+0	0.000000E+0	0.000000E+0
4.191675E+1	-4.286673E+2	1.930000E+0	-1.980651E+17	3.078113E+17	1.421067E-7	0.000000E+0	2.259509E-4	2.310717E-3	0.000000E+0	0.000000E+0	0.000000E+0
4.224905E+1	-4.282801E+2	1.867000E+0	2.915631E-18	5.325299E+16	1.374341E-6	0.000000E+0	2.281157E-4	2.312417E-3	0.000000E+0	0.000000E+0	0.000000E+0
4.256952E+1	-4.279175E+2	1.804000E+0	2.579781E+17	4.569569E-19	5.296897E-8	0.000000E+0	2.301982E-4	2.313999E-3	0.000000E+0	0.000000E+0	0.000000E+0
4.288831E+1	-4.276344E+2	1.741000E+0	5.241928E+17	-4.155966E-18	-2.469387E-7	0.000000E+0	2.321919E-4	2.315159E-3	0.000000E+0	0.000000E+0	0.000000E+0
4.320273E+1	-4.273290E+2	1.677000E+0	-2.680828E+17	-5.132058E+17	1.012988E-6	0.000000E+0	2.341909E-4	2.316441E-3	0.000000E+0	0.000000E+0	0.000000E+0
4.348529E+1	-4.270955E+2	1.614000E+0	1.676929E-18	4.035830E-18	-8.191128E-7	0.000000E+0	2.359464E-4	2.317374E-3	0.000000E+0	0.000000E+0	0.000000E+0
4.372986E+1	-4.268654E+2	1.551000E+0	4.020355E+17	1.810141E+17	1.434571E-6	0.000000E+0	2.374992E-4	2.318328E-3	0.000000E+0	0.000000E+0	0.000000E+0
4.405280E+1	-4.266130E+2	1.487000E+0	9.197504E+16	2.296609E-18	6.516129E-7	0.000000E+0	2.394964E-4	2.319314E-3	0.000000E+0	0.000000E+0	0.000000E+0
4.430087E+1	-4.263999E+2	1.424000E+0	-5.656005E-19	1.659667E-18	3.416018E-6	0.000000E+0	2.410545E-4	2.320172E-3	0.000000E+0	0.000000E+0	0.000000E+0
4.457922E+1	-4.262144E+2	1.361000E+0	5.318052E+17	-2.871878E+17	3.116111E-6	0.000000E+0	2.427454E-4	2.320847E-3	0.000000E+0	0.000000E+0	0.000000E+0
4.484909E+1	-4.260287E+2	1.297000E+0	5.230660E-18	8.421242E+16	8.009520E-7	0.000000E+0	2.443934E-4	2.321532E-3	0.000000E+0	0.000000E+0	0.000000E+0
4.511630E+1	-4.258456E+2	1.234000E+0	7.431702E+16	-3.376193E+17	-9.698851E-9	0.000000E+0	2.460263E-4	2.322204E-3	0.000000E+0	0.000000E+0	0.000000E+0
4.538882E+1	-4.256823E+2	1.171000E+0	-2.820974E+17	-3.562291E+17	-8.203206E-7	0.000000E+0	2.476669E-4	2.322762E-3	0.000000E+0	0.000000E+0	0.000000E+0
4.565408E+1	-4.255112E+2	1.108000E+0	1.001296E+17	-5.707470E+17	1.433364E-6	0.000000E+0	2.492796E-4	2.323369E-3	0.000000E+0	0.000000E+0	0.000000E+0
4.592532E+1	-4.253024E+2	1.044000E+0	-5.196819E+17	2.155725E-18	-3.710738E-7	0.000000E+0	2.509700E-4	2.324168E-3	0.000000E+0	0.000000E+0	0.000000E+0
4.620096E+1	-4.251315E+2	9.810000E-1	-1.554791E+17	-4.675079E+17	3.504720E-7	0.000000E+0	2.526419E-4	2.324758E-3	0.000000E+0	0.000000E+0	0.000000E+0
4.647327E+1	-4.249285E+2	9.180000E-1	2.547933E-18	-2.672116E+16	2.093449E-6	0.000000E+0	2.543359E-4	2.325521E-3	0.000000E+0	0.000000E+0	0.000000E+0
4.678506E+1	-4.246961E+2	8.540000E-1	-6.904543E-18	-8.375564E+16	-7.324525E-7	0.000000E+0	2.562784E-4	2.326393E-3	0.000000E+0	0.000000E+0	0.000000E+0
4.706906E+1	-4.245054E+2	7.910000E-1	-4.524503E+17	2.055147E+17	-5.216461E-7	0.000000E+0	2.580253E-4	2.327073E-3	0.000000E+0	0.000000E+0	0.000000E+0
4.737195E+1	-4.242853E+2	7.280000E-1	-7.975154E-19	6.323277E-18	-3.108398E-7	0.000000E+0	2.599111E-4	2.327885E-3	0.000000E+0	0.000000E+0	0.000000E+0
4.769131E+1	-4.239875E+2	6.650000E-1	3.311088E+17	-4.500095E-18	2.453591E-6	0.000000E+0	2.619828E-4	2.329092E-3	0.000000E+0	0.000000E+0	0.000000E+0
4.799402E+1	-4.237349E+2	6.010000E-1	1.388541E-18	6.784133E-18	-3.722780E-7	0.000000E+0	2.639141E-4	2.330074E-3	0.000000E+0	0.000000E+0	0.000000E+0
4.832965E+1	-4.234318E+2	5.380000E-1	4.766215E-20	4.558806E+17	2.902867E-6	0.000000E+0	2.660881E-4	2.331285E-3	0.000000E+0	0.000000E+0	0.000000E+0
4.863226E+1	-4.231272E+2	4.750000E-1	-3.849816E-18	-6.440654E-18	1.581502E-6	0.000000E+0	2.680915E-4	2.332542E-3	0.000000E+0	0.000000E+0	0.000000E+0
4.902100E+1	-4.227419E+2	4.110000E-1	-4.136209E+17	4.857998E-18	2.878005E-7	0.000000E+0	2.706641E-4	2.334123E-3	0.000000E+0	0.000000E+0	0.000000E+0
4.937604E+1	-4.223781E+2	3.480000E-1	4.155979E+17	-2.188149E-18	-2.055021E-6	0.000000E+0	2.730353E-4	2.335629E-3	0.000000E+0	0.000000E+0	0.000000E+0
4.973441E+1	-4.220523E+2	2.850000E-1	-3.194971E-18	5.558819E-18	2.241582E-6	0.000000E+0	2.753818E-4	2.336924E-3	0.000000E+0	0.000000E+0	0.000000E+0
5.009247E+1	-4.216614E+2	2.220000E-1	-3.021231E-18	2.522898E+17	2.963101E-6	0.000000E+0	2.778168E-4	2.338567E-3	0.000000E+0	0.000000E+0	0.000000E+0
5.051712E+1	-4.212239E+2	1.580000E-1	4.697494E+17	-4.510080E+17	-8.842271E-7	0.000000E+0	2.806794E-4	2.340373E-3	0.000000E+0	0.000000E+0	0.000000E+0
5.092068E+1	-4.208199E+2	9.500000E-2	-4.715167E+17	-5.481549E+17	3.480350E-7	0.000000E+0	2.833928E-4	2.342022E-3	0.000000E+0	0.000000E+0	0.000000E+0
5.132834E+1	-4.204274E+2	3.200000E-2	-3.093320E+17	4.406614E-18	1.069554E-6	0.000000E+0	2.861210E-4	2.343601E-3	0.000000E+0	0.000000E+0	0.000000E+0
5.180484E+1	-4.199965E+2	-3.200000E-2	-9.427576E-19	-9.693192E-19	2.329482E-6	0.000000E+0	2.892819E-4	2.345290E-3	0.000000E+0	0.000000E+0	0.000000E+0
5.228027E+1	-4.196276E+2	-9.500000E-2	-4.717429E+17	-4.925478E+17	1.518830E-6	0.000000E+0	2.923616E-4	2.346641E-3	0.000000E+0	0.000000E+0	0.000000E+0
5.274167E+1	-4.193499E+2	-1.580000E-1	-2.971689E+17	-4.956124E-18	3.261806E-6	0.000000E+0	2.952466E-4	2.347510E-3	0.000000E+0	0.000000E+0	0.000000E+0
5.329089E+1	-4.190909E+2	-2.220000E-1	-1.523436E+17	2.700613E+17	1.968107E-6	0.000000E+0	2.985867E-4	2.348149E-3	0.000000E+0	0.000000E+0	0.000000E+0
5.381595E+1	-4.189968E+2	-2.850000E-1	-2.726899E+17	2.120590E-18	1.359967E-7	0.000000E+0	3.015668E-4	2.347920E-3	0.000000E+0	0.000000E+0	0.000000E+0
5.437439E+1	-4.189892E+2	-3.480000E-1	-1.696221E+17	-6.410840E-19	-1.639128E-7	0.000000E+0	3.046039E-4	2.347166E-3	0.000000E+0	0.000000E+0	0.000000E+0
5.496939E+1	-4.191911E+2	-4.110000E-1	2.833723E-18	-1.599031E-19	3.111236E-6	0.000000E+0	3.075334E-4	2.345219E-3	0.000000E+0	0.000000E+0	0.000000E+0
5.561996E+1	-4.195993E+2	-4.750000E-1	-5.761072E+17	-5.613382E+17	7.960771E-7	0.000000E+0	3.104535E-4	2.342074E-3	0.000000E+0	0.000000E+0	0.000000E+0
5.628604E+1	-4.203905E+2	-5.380000E-1	-5.506674E-18	3.318154E+17	1.517597E-6	0.000000E+0	3.128805E-4	2.336849E-3	0.000000E+0	0.000000E+0	0.000000E+0
5.698187E+1	-4.215736E+2	-6.010000E-1	4.410889E+17	3.940187E-18	4.282028E-6	0.000000E+0	3.148670E-4	2.329506E-3	0.000000E+0	0.000000E+0	0.000000E+0
5.782162E+1	-4.233081E+2	-6.650000E-1	3.887097E+16	1.849291E+17	1.966873E-6	0.000000E+0	3.167734E-4	2.319076E-3	0.000000E+0	0.000000E+0	0.000000E+0
5.865494E+1	-4.257894E+2	-7.280000E-1	-4.775830E-18	6.132215E-18	1.347908E-7	0.000000E+0	3.175051E-4	2.304841E-3	0.000000E+0	0.000000E+0	0.000000E+0
5.950519E+1	-4.292256E+2	-7.910000E-1	-2.208677E-18	1.902529E-18	1.877768E-6	0.000000E+0	3.168954E-4	2.285845E-3	0.000000E+0	0.000000E+0	0.000000E+0
6.047348E+1	-4.337906E+2	-8.540000E-1	-7.993003E+16	-3.386204E-18	2.599289E-6	0.000000E+0	3.152430E-4	2.261313E-3	0.000000E+0	0.000000E+0	0.000000E+0
6.153000E+1	-4.397551E+2	-9.180000E-1	2.088264E+17	-2.196584E+17	7.948438E-7	0.000000E+0	3.120650E-4	2.230329E-3	0.000000E+0	0.000000E+0	0.000000E+0
6.250714E+1	-4.472173E+2	-9.810000E-1	-5.319417E+16	-3.192840E+17	4.949361E-7	0.000000E+0	3.065421E-4	2.193204E-3	0.000000E+0	0.000000E+0	0.000000E+0
6.354596E+1	-4.561106E+2	-1.044000E+0	-1.291944E-18	-5.342346E-18	2.748624E-6	0.000000E+0	2.996391E-4	2.150705E-3	0.000000E+0	0.000000E+0	0.000000E+0
6.463440E+1	-4.663936E+2	-1.108000E+0	-6.938164E-18	3.830367E-18	-7.724157E-8	0.000000E+0	2.915391E-4	2.103709E-3	0.000000E+0	0.000000E+0	0.000000E+0
6.567532E+1	-4.774883E+2	-1.171000E+0	2.540081E-19	4.246583E+17	1.665729E-6	0.000000E+0	2.827076E-4	2.055408E-3	0.000000E+0	0.000000E+0	0.000000E+0
6.674896E+1	-4.893885E+2	-1.234000E+0	1.311717E+15	5.157902E-18	-1.698550E-6	0.000000E+0	2.736101E-4	2.006048E-3	0.000000E+0	0.000000E+0	0.000000E+0
6.799890E+1	-5.020248E+2	-1.297000E+0	-1.016338E-18	-5.687757E-18	2.087341E-6	0.000000E+0	2.649451E-4	1.956047E-3	0.000000E+0	0.000000E+0	0.000000E+0
6.942517E+1	-5.159893E+2	-1.361000E+0	-6.256269E-18	1.400392E+17	2.836496E-6	0.000000E+0	2.561202E-4	1.903564E-3	0.000000E+0	0.000000E+0	0.000000E+0
7.084946E+1	-5.305364E+2	-1.424000E+0	2.698511E+17	-3.359357E+17	1.004417E-6	0.000000E+0	2.473030E-4	1.851859E-3	0.000000E+0	0.000000E+0	0.000000E+0
7.233200E+1	-5.454929E+2	-1.487000E+0	-3.334214E+16	-2.240669E+17	-1.338434E-6	0.000000E+0	2.388815E-4	1.801529E-3	0.000000E+0	0.000000E+0	0.000000E+0
7.367667E+1	-5.603784E+2	-1.551000E+0	8.610729E+16	1.699529E-17	1.964407E-6	0.000000E+0	2.306344E-4	1.754185E-3	0.000000E+0	0.000000E+0	0.000000E+0
7.478098E+1	-5.750084E+2	-1.614000E+0	2.127762E-18	3.293656E+15	6.430346E-7	0.000000E+0	2.224123E-4	1.710180E-3	0.000000E+0	0.000000E+0	0.000000E+0
7.569598E+1	-5.889139E+2	-1.677000E+0	7.811391E+16	1.187967E+17	2.386019E-6	0.000000E+0	2.147102E-4	1.670443E-3	0.000000E+0	0.000000E+0	0.000000E+0
7.637222E+1	-6.016914E+2	-1.741000E+0	-6.504745E+16	2.369913E+17	1.603032E-6	0.000000E+0	2.076092E-4	1.635630E-3	0.000000E+0	0.000000E+0	0.000000E+0
7.675900E+1	-6.128530E+2	-1.804000E+0	5.725574E-18	6.181145E-18	1.303095E-6	0.000000E+0	2.012133E-4	1.606511E-3	0.000000E+0	0.000000E+0	0.000000E+0
7.695059E+1	-6.225360E+2	-1.867000E+0	-2.052452E-18	3.493290E-18	-1.827721E-8	0.000000E+0	1.955679E-4	1.582159E-3	0.000000E+0	0.000000E+0	0.000000E+0
7.702054E+1	-6.312197E+2	-1.930000E+0	2.907620E+17	-1.496573E-18	1.213986E-6	0.000000E+0	1.904702E-4	1.560994E-3	0.000000E+0	0.000000E+0	0.000000E+0
7.705225E+1	-6.391161E+2	-1.994000E+0	-3.087581E-18	4.670974E-18	4.006062E-6	0.000000E+0	1.859340E-4	1.542245E-3	0.000000E+0	0.000000E+0	0.000000E+0
7.711011E+1	-6.460568E+2	-2.057000E+0	2.818890E-18	-3.928899E-18	1.152541E-6	0.000000E+0	1.821490E-4	1.526111E-3	0.000000E+0	0.000000E+0	0.000000E+0
7.723346E+1	-6.525374E+2	-2.120000E+0	8.250878E-19	2.832976E+17	3.418972E-7	0.000000E+0	1.788764E-4	1.511308E-3	0.000000E+0	0.000000E+0	0.000000E+0
7.737122E+1	-6.583143E+2	-2.184000E+0	4.553607E+17	-2.686618E+17	2.112545E-6	0.000000E+0	1.760982E-4	1.498335E-3	0.000000E+0	0.000000E+0	0.000000E+0
7.740851E+1	-6.636296E+2	-2.247000E+0	2.517955E+17	3.793721E+16	3.344801E-6	0.000000E+0	1.734076E-4	1.486638E-3	0.000000E+0	0.000000E+0	0.000000E+0
7.753989E+1	-6.685461E+2	-2.310000E+0	-6.627993E-18	5.176237E+17	-1.948501E-8	0.000000E+0	1.711825E-4	1.475929E-3	0.000000E+0	0.000000E+0	0.000000E+0
7.769806E+1	-6.730029E+2	-2.373000E+0	-5.749716E+17	6.512875E+16	1.723485E-6	0.000000E+0	1.692879E-4	1.466333E-3	0.000000E+0	0.000000E+0	0.000000E+0
7.788651E+1	-6.771154E+2	-2.437000E+0	-4.736062E+17	6.906363E-18	4.297908E-7	0.000000E+0	1.676596E-4	1.457568E-3	0.000000E+0	0.000000E+0	0.000000E+0
7.807697E+1	-6.808752E+2	-2.500000E+0	-3.567381E+17	-4.286482E-18	1.662062E-6	0.000000E+0	1.662319E-4	1.449636E-3	0.000000E+0	0.000000E+0	0.000000E+0
