Real / Ohm	Ximag / Ohm	V_DC / V	I_a c / A	V_ac / V	I_DC / A
6.390283E+1	-4.275512E+3	2.500000E+0	-9.275714E-19	-3.780148E-18	-8.166826E-7	1.000000E+6	3.494997E-6	2.338379E-4	0.000000E+0	0.000000E+0	0.000000E+0
6.647388E+1	-4.296240E+3	2.437000E+0	-1.137863E-18	-4.190346E+17	-4.180925E-6	0.000000E+0	3.600560E-6	2.327060E-4	0.000000E+0	0.000000E+0	0.000000E+0
6.785083E+1	-4.313872E+3	2.373000E+0	6.653843E-18	-4.395667E+17	-8.781062E-7	0.000000E+0	3.645132E-6	2.317530E-4	0.000000E+0	0.000000E+0	0.000000E+0
6.882715E+1	-4.330567E+3	2.310000E+0	-3.128310E+17	-2.708651E-18	-1.178050E-6	0.000000E+0	3.669109E-6	2.308583E-4	0.000000E+0	0.000000E+0	0.000000E+0
6.939697E+1	-4.349188E+3	2.247000E+0	2.587907E+17	-4.414579E-18	2.607834E-6	0.000000E+0	3.667867E-6	2.298695E-4	0.000000E+0	0.000000E+0	0.000000E+0
6.917334E+1	-4.369740E+3	2.184000E+0	-5.351625E-18	2.391872E+17	-7.564522E-7	0.000000E+0	3.621752E-6	2.287892E-4	0.000000E+0	0.000000E+0	0.000000E+0
6.884375E+1	-4.391982E+3	2.120000E+0	3.389191E+17	1.295985E-19	-1.028689E-6	0.000000E+0	3.568098E-6	2.276317E-4	0.000000E+0	0.000000E+0	0.000000E+0
6.802612E+1	-4.415629E+3	2.057000E+0	5.785078E-19	6.301025E-18	2.035522E-7	0.000000E+0	3.488088E-6	2.264146E-4	0.000000E+0	0.000000E+0	0.000000E+0
6.672974E+1	-4.440338E+3	1.994000E+0	-2.769006E-18	1.441508E+17	-1.117827E-6	0.000000E+0	3.383680E-6	2.251572E-4	0.000000E+0	0.000000E+0	0.000000E+0
6.570532E+1	-4.466053E+3	1.930000E+0	-1.980656E+17	1.958093E+16	-1.390064E-6	0.000000E+0	3.293509E-6	2.238629E-4	0.000000E+0	0.000000E+0	0.000000E+0
6.394385E+1	-4.493966E+3	1.867000E+0	2.915631E-18	5.325299E+16	-6.685441E-7	0.000000E+0	3.165565E-6	2.224756E-4	0.000000E+0	0.000000E+0	0.000000E+0
6.262183E+1	-4.522402E+3	1.804000E+0	2.579781E+17	4.569561E-19	1.074426E-6	0.000000E+0	3.061288E-6	2.210790E-4	0.000000E+0	0.000000E+0	0.000000E+0
6.131689E+1	-4.552547E+3	1.741000E+0	5.241939E+17	-4.155966E-18	7.745184E-7	0.000000E+0	2.957961E-6	2.196174E-4	0.000000E+0	0.000000E+0	0.000000E+0
5.929077E+1	-4.583115E+3	1.677000E+0	-2.680825E+17	-5.492346E+17	-4.604983E-6	0.000000E+0	2.822233E-6	2.181557E-4	0.000000E+0	0.000000E+0	0.000000E+0
5.699438E+1	-4.615943E+3	1.614000E+0	1.676929E-18	4.035830E-18	-2.351284E-6	0.000000E+0	2.674514E-6	2.166074E-4	0.000000E+0	0.000000E+0	0.000000E+0
5.559546E+1	-4.650391E+3	1.551000E+0	4.020355E+17	1.967767E+17	-6.083137E-7	0.000000E+0	2.570386E-6	2.150050E-4	0.000000E+0	0.000000E+0	0.000000E+0
5.317261E+1	-4.686522E+3	1.487000E+0	9.225665E+16	2.296609E-18	-3.698442E-7	0.000000E+0	2.420643E-6	2.133504E-4	0.000000E+0	0.000000E+0	0.000000E+0
5.153296E+1	-4.723785E+3	1.424000E+0	-5.656005E-19	1.659667E-18	2.394590E-6	0.000000E+0	2.309155E-6	2.116695E-4	0.000000E+0	0.000000E+0	0.000000E+0
4.938330E+1	-4.762846E+3	1.361000E+0	5.364322E+17	-2.871880E+17	2.094654E-6	0.000000E+0	2.176709E-6	2.099359E-4	0.000000E+0	0.000000E+0	0.000000E+0
4.684814E+1	-4.803837E+3	1.297000E+0	4.345462E+17	8.421242E+16	-1.752676E-6	0.000000E+0	2.029899E-6	2.081471E-4	0.000000E+0	0.000000E+0	0.000000E+0
4.550928E+1	-4.846887E+3	1.234000E+0	7.433461E+16	-3.421240E+17	-4.095498E-6	0.000000E+0	1.937028E-6	2.062998E-4	0.000000E+0	0.000000E+0	0.000000E+0
4.295215E+1	-4.891836E+3	1.171000E+0	-2.822382E+17	-3.573572E+17	-1.331064E-6	0.000000E+0	1.794765E-6	2.044065E-4	0.000000E+0	0.000000E+0	0.000000E+0
4.140039E+1	-4.939034E+3	1.108000E+0	3.883601E+17	-5.707470E+17	-6.095506E-7	0.000000E+0	1.697031E-6	2.024545E-4	0.000000E+0	0.000000E+0	0.000000E+0
3.917236E+1	-4.988479E+3	1.044000E+0	-5.199634E+17	2.162502E-18	-3.710738E-7	0.000000E+0	1.574043E-6	2.004495E-4	0.000000E+0	0.000000E+0	0.000000E+0
3.750024E+1	-5.040313E+3	9.810000E-1	-1.554615E+17	1.089551E+17	-6.709852E-7	0.000000E+0	1.476029E-6	1.983894E-4	0.000000E+0	0.000000E+0	0.000000E+0
3.604395E+1	-5.094351E+3	9.180000E-1	2.547933E-18	-4.300115E-19	-4.601789E-7	0.000000E+0	1.388778E-6	1.962860E-4	0.000000E+0	0.000000E+0	0.000000E+0
3.447095E+1	-5.153149E+3	8.540000E-1	-6.904437E-18	-8.377323E+16	1.310462E-6	0.000000E+0	1.298041E-6	1.940474E-4	0.000000E+0	0.000000E+0	0.000000E+0
3.297437E+1	-5.214500E+3	7.910000E-1	-4.524463E+17	2.055147E+17	1.010525E-6	0.000000E+0	1.212645E-6	1.917653E-4	0.000000E+0	0.000000E+0	0.000000E+0
3.147729E+1	-5.280253E+3	7.280000E-1	-7.975154E-19	6.323277E-18	-1.332268E-6	0.000000E+0	1.128944E-6	1.893781E-4	0.000000E+0	0.000000E+0	0.000000E+0
3.170435E+1	-5.349854E+3	6.650000E-1	4.707204E+17	-1.630679E-19	-1.000371E-7	0.000000E+0	1.107694E-6	1.869144E-4	0.000000E+0	0.000000E+0	0.000000E+0
3.029126E+1	-5.425897E+3	6.010000E-1	1.388541E-18	6.784133E-18	-2.925906E-6	0.000000E+0	1.028870E-6	1.842956E-4	0.000000E+0	0.000000E+0	0.000000E+0
2.931055E+1	-5.507583E+3	5.380000E-1	4.766215E-20	4.558795E+17	8.599818E-7	0.000000E+0	9.662501E-7	1.815627E-4	0.000000E+0	0.000000E+0	0.000000E+0
2.961475E+1	-5.596232E+3	4.750000E-1	-3.851510E-18	-6.440456E-18	-1.993583E-6	0.000000E+0	9.455935E-7	1.786867E-4	0.000000E+0	0.000000E+0	0.000000E+0
3.071533E+1	-5.695032E+3	4.110000E-1	-4.316353E+17	4.857998E-18	2.330686E-6	0.000000E+0	9.470005E-7	1.755865E-4	0.000000E+0	0.000000E+0	0.000000E+0
3.069678E+1	-5.802953E+3	3.480000E-1	4.155990E+17	-1.840361E+17	-5.228503E-7	0.000000E+0	9.115543E-7	1.723212E-4	0.000000E+0	0.000000E+0	0.000000E+0
3.113672E+1	-5.922180E+3	2.850000E-1	-3.194760E-18	5.558819E-18	1.220125E-6	0.000000E+0	8.877642E-7	1.688521E-4	0.000000E+0	0.000000E+0	0.000000E+0
3.348096E+1	-6.057052E+3	2.220000E-1	-3.021231E-18	2.162610E+17	4.094727E-7	0.000000E+0	9.125613E-7	1.650918E-4	0.000000E+0	0.000000E+0	0.000000E+0
3.552344E+1	-6.213215E+3	1.580000E-1	4.697494E+17	-5.230656E+17	-8.842271E-7	0.000000E+0	9.201700E-7	1.609420E-4	0.000000E+0	0.000000E+0	0.000000E+0
3.787939E+1	-6.390324E+3	9.500000E-2	-4.715167E+17	-5.481549E+17	-1.694879E-6	0.000000E+0	9.275599E-7	1.564811E-4	0.000000E+0	0.000000E+0	0.000000E+0
4.224805E+1	-6.599198E+3	3.200000E-2	-3.096135E+17	4.406614E-18	-9.733601E-7	0.000000E+0	9.700778E-7	1.515274E-4	0.000000E+0	0.000000E+0	0.000000E+0
4.976611E+1	-6.865045E+3	-3.200000E-2	-9.427576E-19	-9.422141E-19	-3.288489E-6	0.000000E+0	1.055903E-6	1.456578E-4	0.000000E+0	0.000000E+0	0.000000E+0
6.076123E+1	-7.190567E+3	-9.500000E-2	-4.717429E+17	-4.921256E+17	1.518830E-6	0.000000E+0	1.175085E-6	1.390612E-4	0.000000E+0	0.000000E+0	0.000000E+0
7.511768E+1	-7.603070E+3	-1.580000E-1	-2.971689E+17	-4.956124E-18	-2.356164E-6	0.000000E+0	1.299337E-6	1.315130E-4	0.000000E+0	0.000000E+0	0.000000E+0
9.764600E+1	-8.134245E+3	-2.220000E-1	-1.478400E+17	2.700613E+17	2.989535E-6	0.000000E+0	1.475562E-6	1.229193E-4	0.000000E+0	0.000000E+0	0.000000E+0
1.284639E+2	-8.800646E+3	-2.850000E-1	-2.725491E+17	1.903750E-18	-1.396174E-6	0.000000E+0	1.658286E-6	1.136038E-4	0.000000E+0	0.000000E+0	0.000000E+0
1.825630E+2	-9.713723E+3	-3.480000E-1	-1.696573E+17	-6.410840E-19	3.411144E-6	0.000000E+0	1.934140E-6	1.029108E-4	0.000000E+0	0.000000E+0	0.000000E+0
2.899033E+2	-1.125513E+4	-4.110000E-1	6.414978E-18	-1.599031E-19	4.689355E-8	0.000000E+0	2.286989E-6	8.878947E-5	0.000000E+0	0.000000E+0	0.000000E+0
5.345518E+2	-1.467678E+4	-4.750000E-1	-5.761072E+17	-4.172230E+17	1.817534E-6	0.000000E+0	2.478292E-6	6.804457E-5	0.000000E+0	0.000000E+0	0.000000E+0
1.069565E+3	-2.181620E+4	-5.380000E-1	-5.506723E-18	3.318154E+17	3.560512E-6	0.000000E+0	2.241849E-6	4.572759E-5	0.000000E+0	0.000000E+0	0.000000E+0
1.817330E+3	-3.172656E+4	-6.010000E-1	4.410889E+17	3.939340E-18	1.728400E-6	0.000000E+0	1.799555E-6	3.141625E-5	0.000000E+0	0.000000E+0	0.000000E+0
2.430229E+3	-3.754686E+4	-6.650000E-1	3.887097E+16	1.849291E+17	-1.097469E-6	0.000000E+0	1.716660E-6	2.652227E-5	0.000000E+0	0.000000E+0	0.000000E+0
3.127904E+3	-4.007075E+4	-7.280000E-1	-1.333488E-18	6.138991E-18	-1.397380E-6	0.000000E+0	1.936245E-6	2.480472E-5	0.000000E+0	0.000000E+0	0.000000E+0
3.400680E+3	-4.384195E+4	-7.910000E-1	-1.774996E-18	1.902529E-18	3.455971E-7	0.000000E+0	1.758656E-6	2.267279E-5	0.000000E+0	0.000000E+0	0.000000E+0
3.277789E+3	-4.914648E+4	-8.540000E-1	-7.520591E+15	-3.372652E-18	1.067117E-6	0.000000E+0	1.351041E-6	2.025723E-5	0.000000E+0	0.000000E+0	0.000000E+0
3.192363E+3	-5.428119E+4	-9.180000E-1	2.088264E+17	-2.195880E+17	1.816301E-6	0.000000E+0	1.079727E-6	1.835909E-5	0.000000E+0	0.000000E+0	0.000000E+0
3.233293E+3	-5.890108E+4	-9.810000E-1	-5.375932E+16	-3.553127E+17	-5.265210E-7	0.000000E+0	9.291629E-7	1.692661E-5	0.000000E+0	0.000000E+0	0.000000E+0
3.213617E+3	-6.301216E+4	-1.044000E+0	-1.183520E-18	-5.342346E-18	2.237910E-6	0.000000E+0	8.072671E-7	1.582878E-5	0.000000E+0	0.000000E+0	0.000000E+0
3.100043E+3	-6.682600E+4	-1.108000E+0	-5.203440E-18	3.830367E-18	9.442156E-7	0.000000E+0	6.926968E-7	1.493210E-5	0.000000E+0	0.000000E+0	0.000000E+0
3.070516E+3	-7.046122E+4	-1.171000E+0	3.716679E-18	4.245176E+17	2.176472E-6	0.000000E+0	6.172870E-7	1.416530E-5	0.000000E+0	0.000000E+0	0.000000E+0
3.173293E+3	-7.364581E+4	-1.234000E+0	1.593192E+15	5.157909E-18	2.387249E-6	0.000000E+0	5.839942E-7	1.355334E-5	0.000000E+0	0.000000E+0	0.000000E+0
3.132078E+3	-7.668681E+4	-1.297000E+0	-1.009562E-18	-5.687810E-18	5.551410E-7	0.000000E+0	5.317009E-7	1.301834E-5	0.000000E+0	0.000000E+0	0.000000E+0
3.109184E+3	-7.962386E+4	-1.361000E+0	-6.256276E-18	1.400744E+17	1.815068E-6	0.000000E+0	4.896641E-7	1.253993E-5	0.000000E+0	0.000000E+0	0.000000E+0
3.193063E+3	-8.200145E+4	-1.424000E+0	2.698511E+17	2.403843E+17	4.937028E-7	0.000000E+0	4.741398E-7	1.217644E-5	0.000000E+0	0.000000E+0	0.000000E+0
3.172324E+3	-8.440822E+4	-1.487000E+0	-3.870921E-18	-2.240669E+17	3.258108E-6	0.000000E+0	4.446262E-7	1.183048E-5	0.000000E+0	0.000000E+0	0.000000E+0
3.105355E+3	-8.660692E+4	-1.551000E+0	8.607266E+16	4.249670E-18	1.453693E-6	0.000000E+0	4.134739E-7	1.153160E-5	0.000000E+0	0.000000E+0	0.000000E+0
3.013117E+3	-8.836909E+4	-1.614000E+0	2.127762E-18	3.276064E+15	3.707377E-6	0.000000E+0	3.853990E-7	1.130303E-5	0.000000E+0	0.000000E+0	0.000000E+0
3.208563E+3	-8.973230E+4	-1.677000E+0	-4.960952E+17	1.187967E+17	8.538191E-7	0.000000E+0	3.979771E-7	1.113003E-5	0.000000E+0	0.000000E+0	0.000000E+0
3.065563E+3	-9.116225E+4	-1.741000E+0	-6.504745E+16	2.381170E+17	3.645946E-6	0.000000E+0	3.684592E-7	1.095706E-5	0.000000E+0	0.000000E+0	0.000000E+0
3.149516E+3	-9.189639E+4	-1.804000E+0	5.725577E-18	5.135446E+17	2.835295E-6	0.000000E+0	3.725093E-7	1.086905E-5	0.000000E+0	0.000000E+0	0.000000E+0
3.313695E+3	-9.241350E+4	-1.867000E+0	-5.521899E-18	3.493290E-18	4.067551E-6	0.000000E+0	3.875107E-7	1.080703E-5	0.000000E+0	0.000000E+0	0.000000E+0
3.205273E+3	-9.265713E+4	-1.930000E+0	2.907620E+17	-1.496570E-18	2.746187E-6	0.000000E+0	3.728962E-7	1.077958E-5	0.000000E+0	0.000000E+0	0.000000E+0
3.172547E+3	-9.265944E+4	-1.994000E+0	-2.653265E-18	4.671199E-18	2.984634E-6	0.000000E+0	3.690795E-7	1.077957E-5	0.000000E+0	0.000000E+0	0.000000E+0
3.251477E+3	-9.277434E+4	-2.057000E+0	6.288337E-18	-3.929323E-18	2.173969E-6	0.000000E+0	3.773044E-7	1.076562E-5	0.000000E+0	0.000000E+0	0.000000E+0
3.102031E+3	-9.268859E+4	-2.120000E+0	8.250878E-19	2.832624E+17	4.427668E-6	0.000000E+0	3.606678E-7	1.077674E-5	0.000000E+0	0.000000E+0	0.000000E+0
3.075555E+3	-9.240558E+4	-2.184000E+0	4.553607E+17	-2.686618E+17	2.623259E-6	0.000000E+0	3.597877E-7	1.080988E-5	0.000000E+0	0.000000E+0	0.000000E+0
3.096742E+3	-9.226922E+4	-2.247000E+0	2.517955E+17	3.793721E+16	3.344801E-6	0.000000E+0	3.633310E-7	1.082566E-5	0.000000E+0	0.000000E+0	0.000000E+0
3.092305E+3	-9.167945E+4	-2.310000E+0	-6.194311E-18	5.356043E+17	4.577058E-6	0.000000E+0	3.674891E-7	1.089517E-5	0.000000E+0	0.000000E+0	0.000000E+0
3.049359E+3	-9.131342E+4	-2.373000E+0	-5.704702E+17	6.513754E+16	2.744913E-6	0.000000E+0	3.653047E-7	1.093909E-5	0.000000E+0	0.000000E+0	0.000000E+0
3.078508E+3	-9.074202E+4	-2.437000E+0	-4.691026E+17	6.689522E-18	4.297908E-7	0.000000E+0	3.734426E-7	1.100758E-5	0.000000E+0	0.000000E+0	0.000000E+0
3.114172E+3	-9.044514E+4	-2.500000E+0	-3.567381E+17	-4.286482E-18	2.683490E-6	0.000000E+0	3.802398E-7	1.104333E-5	0.000000E+0	0.000000E+0	0.000000E+0
