Real / Ohm	Ximag / Ohm	V_DC / V	I_a c / A	V_ac / V	I_DC / A
9.084578E+3	-1.365709E+5	-2.500000E+0	-3.567381E+17	-4.286482E-18	1.662062E-6	1.000000E+6	4.849210E-7	7.289948E-6	0.000000E+0	0.000000E+0	0.000000E+0
9.382070E+3	-1.318339E+5	-2.467000E+0	-4.691026E+17	6.689522E-18	2.281216E-6	0.000000E+0	5.370942E-7	7.547080E-6	0.000000E+0	0.000000E+0	0.000000E+0
9.230313E+3	-1.282034E+5	-2.434000E+0	-5.704702E+17	6.513754E+16	8.575153E-7	0.000000E+0	5.586913E-7	7.759881E-6	0.000000E+0	0.000000E+0	0.000000E+0
9.289594E+3	-1.253610E+5	-2.401000E+0	-6.194311E-18	5.356043E+17	9.659561E-7	0.000000E+0	5.878866E-7	7.933399E-6	0.000000E+0	0.000000E+0	0.000000E+0
9.194250E+3	-1.224422E+5	-2.368000E+0	2.517955E+17	3.793721E+16	3.628084E-6	0.000000E+0	6.098347E-7	8.121326E-6	0.000000E+0	0.000000E+0	0.000000E+0
9.338547E+3	-1.196620E+5	-2.335000E+0	4.553607E+17	-2.686618E+17	5.268725E-6	0.000000E+0	6.482310E-7	8.306283E-6	0.000000E+0	0.000000E+0	0.000000E+0
9.685789E+3	-1.165261E+5	-2.303000E+0	8.250878E-19	2.832624E+17	2.851200E-6	0.000000E+0	7.084322E-7	8.522883E-6	0.000000E+0	0.000000E+0	0.000000E+0
9.746633E+3	-1.134548E+5	-2.270000E+0	6.288337E-18	-3.929323E-18	3.470414E-6	0.000000E+0	7.516497E-7	8.749510E-6	0.000000E+0	0.000000E+0	0.000000E+0
9.607844E+3	-1.105001E+5	-2.237000E+0	-2.653265E-18	4.671199E-18	2.046654E-6	0.000000E+0	7.809615E-7	8.981862E-6	0.000000E+0	0.000000E+0	0.000000E+0
9.491195E+3	-1.074941E+5	-2.204000E+0	2.907620E+17	-1.496570E-18	2.665867E-6	0.000000E+0	8.150402E-7	9.230872E-6	0.000000E+0	0.000000E+0	0.000000E+0
9.450219E+3	-1.041153E+5	-2.171000E+0	-5.521899E-18	3.493290E-18	4.817222E-6	0.000000E+0	8.646681E-7	9.526253E-6	0.000000E+0	0.000000E+0	0.000000E+0
9.499516E+3	-1.006995E+5	-2.138000E+0	5.725577E-18	5.135446E+17	2.372093E-6	0.000000E+0	9.285367E-7	9.842942E-6	0.000000E+0	0.000000E+0	0.000000E+0
9.646719E+3	-9.718977E+4	-2.105000E+0	-6.504745E+16	2.381170E+17	2.991248E-6	0.000000E+0	1.011302E-6	1.018877E-5	0.000000E+0	0.000000E+0	0.000000E+0
9.529703E+3	-9.348038E+4	-2.072000E+0	-4.960952E+17	1.187967E+17	1.056833E-6	0.000000E+0	1.079315E-6	1.058740E-5	0.000000E+0	0.000000E+0	0.000000E+0
9.528180E+3	-8.967869E+4	-2.039000E+0	2.127762E-18	3.276064E+15	-8.776406E-7	0.000000E+0	1.171538E-6	1.102645E-5	0.000000E+0	0.000000E+0	0.000000E+0
9.654398E+3	-8.567348E+4	-2.006000E+0	8.607266E+16	4.249670E-18	1.784487E-6	0.000000E+0	1.298830E-6	1.152586E-5	0.000000E+0	0.000000E+0	0.000000E+0
9.693180E+3	-8.154789E+4	-1.973000E+0	-3.870921E-18	-2.240669E+17	1.382214E-6	0.000000E+0	1.437301E-6	1.209189E-5	0.000000E+0	0.000000E+0	0.000000E+0
9.919965E+3	-7.725258E+4	-1.941000E+0	2.698511E+17	2.403843E+17	-1.546025E-6	0.000000E+0	1.635240E-6	1.273457E-5	0.000000E+0	0.000000E+0	0.000000E+0
9.912852E+3	-7.291525E+4	-1.908000E+0	-6.256276E-18	1.400744E+17	3.669673E-6	0.000000E+0	1.830663E-6	1.346567E-5	0.000000E+0	0.000000E+0	0.000000E+0
9.738051E+3	-6.884506E+4	-1.875000E+0	-1.009562E-18	-5.687810E-18	2.030574E-7	0.000000E+0	2.014295E-6	1.424045E-5	0.000000E+0	0.000000E+0	0.000000E+0
9.429277E+3	-6.581659E+4	-1.842000E+0	1.593192E+15	5.157909E-18	2.354413E-6	0.000000E+0	2.132966E-6	1.488816E-5	0.000000E+0	0.000000E+0	0.000000E+0
9.458895E+3	-6.378213E+4	-1.809000E+0	3.716679E-18	4.245176E+17	9.307114E-7	0.000000E+0	2.275069E-6	1.534098E-5	0.000000E+0	0.000000E+0	0.000000E+0
9.293313E+3	-6.237856E+4	-1.776000E+0	-5.203440E-18	3.830367E-18	2.060639E-6	0.000000E+0	2.336500E-6	1.568305E-5	0.000000E+0	0.000000E+0	0.000000E+0
9.148777E+3	-6.116727E+4	-1.743000E+0	-1.183520E-18	-5.342346E-18	4.722708E-6	0.000000E+0	2.391753E-6	1.599088E-5	0.000000E+0	0.000000E+0	0.000000E+0
9.036258E+3	-5.991623E+4	-1.710000E+0	-5.375932E+16	-3.553127E+17	-2.760498E-7	0.000000E+0	2.461117E-6	1.631880E-5	0.000000E+0	0.000000E+0	0.000000E+0
8.744688E+3	-5.861949E+4	-1.677000E+0	2.088264E+17	-2.195880E+17	2.386019E-6	0.000000E+0	2.489439E-6	1.668781E-5	0.000000E+0	0.000000E+0	0.000000E+0
8.491902E+3	-5.747477E+4	-1.644000E+0	-7.520591E+15	-3.372652E-18	3.005174E-6	0.000000E+0	2.515775E-6	1.702723E-5	0.000000E+0	0.000000E+0	0.000000E+0
8.049684E+3	-5.616020E+4	-1.611000E+0	-1.774996E-18	1.902529E-18	1.070752E-6	0.000000E+0	2.500861E-6	1.744775E-5	0.000000E+0	0.000000E+0	0.000000E+0
7.483109E+3	-5.488391E+4	-1.578000E+0	-1.333488E-18	6.138991E-18	2.711393E-6	0.000000E+0	2.438893E-6	1.788775E-5	0.000000E+0	0.000000E+0	0.000000E+0
7.087387E+3	-5.358281E+4	-1.546000E+0	3.887097E+16	1.849291E+17	2.847504E-6	0.000000E+0	2.426067E-6	1.834181E-5	0.000000E+0	0.000000E+0	0.000000E+0
6.358793E+3	-5.220507E+4	-1.513000E+0	4.410889E+17	3.939340E-18	9.130890E-7	0.000000E+0	2.299076E-6	1.887519E-5	0.000000E+0	0.000000E+0	0.000000E+0
5.712738E+3	-5.058628E+4	-1.480000E+0	-5.506723E-18	3.318154E+17	1.021530E-6	0.000000E+0	2.204323E-6	1.951927E-5	0.000000E+0	0.000000E+0	0.000000E+0
5.020414E+3	-4.868321E+4	-1.447000E+0	-5.761072E+17	-4.172230E+17	2.151457E-6	0.000000E+0	2.095979E-6	2.032482E-5	0.000000E+0	0.000000E+0	0.000000E+0
4.355926E+3	-4.640775E+4	-1.414000E+0	6.414978E-18	-1.599031E-19	3.792098E-6	0.000000E+0	2.004888E-6	2.135994E-5	0.000000E+0	0.000000E+0	0.000000E+0
3.969684E+3	-4.366892E+4	-1.381000E+0	-1.696573E+17	-6.410840E-19	2.879111E-6	0.000000E+0	2.064605E-6	2.271190E-5	0.000000E+0	0.000000E+0	0.000000E+0
3.559227E+3	-4.038221E+4	-1.348000E+0	-2.725491E+17	1.903750E-18	4.339236E-7	0.000000E+0	2.165782E-6	2.457249E-5	0.000000E+0	0.000000E+0	0.000000E+0
3.243521E+3	-3.669919E+4	-1.315000E+0	-1.478400E+17	2.700613E+17	2.074565E-6	0.000000E+0	2.389596E-6	2.703736E-5	0.000000E+0	0.000000E+0	0.000000E+0
3.090348E+3	-3.287317E+4	-1.282000E+0	-2.971689E+17	-4.956124E-18	2.693771E-6	0.000000E+0	2.834673E-6	3.015346E-5	0.000000E+0	0.000000E+0	0.000000E+0
2.629074E+3	-2.900313E+4	-1.249000E+0	-4.717429E+17	-4.921256E+17	7.593553E-7	0.000000E+0	3.099981E-6	3.419803E-5	0.000000E+0	0.000000E+0	0.000000E+0
2.456785E+3	-2.545905E+4	-1.216000E+0	-9.427576E-19	-9.422141E-19	1.378539E-6	0.000000E+0	3.755409E-6	3.891637E-5	0.000000E+0	0.000000E+0	0.000000E+0
2.139418E+3	-2.223021E+4	-1.184000E+0	-3.096135E+17	4.406614E-18	-1.038949E-6	0.000000E+0	4.289480E-6	4.457101E-5	0.000000E+0	0.000000E+0	0.000000E+0
1.886296E+3	-1.946693E+4	-1.151000E+0	-4.715167E+17	-5.481549E+17	-9.305077E-7	0.000000E+0	4.931242E-6	5.089134E-5	0.000000E+0	0.000000E+0	0.000000E+0
1.647134E+3	-1.714662E+4	-1.118000E+0	4.697494E+17	-5.230656E+17	-8.220377E-7	0.000000E+0	5.551146E-6	5.778728E-5	0.000000E+0	0.000000E+0	0.000000E+0
1.395614E+3	-1.528494E+4	-1.085000E+0	-3.021231E-18	2.162610E+17	8.186034E-7	0.000000E+0	5.924234E-6	6.488295E-5	0.000000E+0	0.000000E+0	0.000000E+0
1.160892E+3	-1.380978E+4	-1.052000E+0	-3.194760E-18	5.558819E-18	-2.648012E-6	0.000000E+0	6.044496E-6	7.190433E-5	0.000000E+0	0.000000E+0	0.000000E+0
1.112656E+3	-1.262413E+4	-1.019000E+0	4.155990E+17	-1.840361E+17	2.056971E-6	0.000000E+0	6.927832E-6	7.860278E-5	0.000000E+0	0.000000E+0	0.000000E+0
9.421748E+2	-1.168167E+4	-9.860000E-1	-4.316353E+17	4.857998E-18	1.143981E-6	0.000000E+0	6.859708E-6	8.505093E-5	0.000000E+0	0.000000E+0	0.000000E+0
8.323232E+2	-1.092712E+4	-9.530000E-1	-3.851510E-18	-6.440456E-18	3.295336E-6	0.000000E+0	6.930557E-6	9.098752E-5	0.000000E+0	0.000000E+0	0.000000E+0
8.211875E+2	-1.033526E+4	-9.200000E-1	4.766215E-20	4.558795E+17	3.394634E-7	0.000000E+0	7.639526E-6	9.614916E-5	0.000000E+0	0.000000E+0	0.000000E+0
7.454424E+2	-9.838314E+3	-8.870000E-1	1.388541E-18	6.784133E-18	-6.280970E-8	0.000000E+0	7.657493E-6	1.010632E-4	0.000000E+0	0.000000E+0	0.000000E+0
7.236284E+2	-9.419158E+3	-8.540000E-1	4.707204E+17	-1.630679E-19	5.563743E-7	0.000000E+0	8.108410E-6	1.055437E-4	0.000000E+0	0.000000E+0	0.000000E+0
5.614585E+2	-9.076928E+3	-8.220000E-1	-7.975154E-19	6.323277E-18	6.925111E-7	0.000000E+0	6.788618E-6	1.097495E-4	0.000000E+0	0.000000E+0	0.000000E+0
6.311177E+2	-8.779012E+3	-7.890000E-1	-4.524463E+17	2.055147E+17	2.902634E-7	0.000000E+0	8.146675E-6	1.133224E-4	0.000000E+0	0.000000E+0	0.000000E+0
5.974687E+2	-8.509551E+3	-7.560000E-1	-6.904437E-18	-8.377323E+16	9.094474E-7	0.000000E+0	8.210436E-6	1.169385E-4	0.000000E+0	0.000000E+0	0.000000E+0
4.534551E+2	-8.273668E+3	-7.230000E-1	2.547933E-18	-4.300115E-19	1.017888E-6	0.000000E+0	6.604433E-6	1.205034E-4	0.000000E+0	0.000000E+0	0.000000E+0
4.434092E+2	-8.068007E+3	-6.900000E-1	-1.554615E+17	1.089551E+17	6.156442E-7	0.000000E+0	6.791448E-6	1.235731E-4	0.000000E+0	0.000000E+0	0.000000E+0
4.324907E+2	-7.879781E+3	-6.570000E-1	-5.199634E+17	2.162502E-18	5.320628E-6	0.000000E+0	6.944518E-6	1.265259E-4	0.000000E+0	0.000000E+0	0.000000E+0
4.239399E+2	-7.703758E+3	-6.240000E-1	3.883601E+17	-5.707470E+17	3.896897E-6	0.000000E+0	7.121735E-6	1.294149E-4	0.000000E+0	0.000000E+0	0.000000E+0
3.723462E+2	-7.541016E+3	-5.910000E-1	-2.822382E+17	-3.573572E+17	5.026825E-6	0.000000E+0	6.531752E-6	1.322856E-4	0.000000E+0	0.000000E+0	0.000000E+0
3.399331E+2	-7.393440E+3	-5.580000E-1	7.433461E+16	-3.421240E+17	-1.504133E-6	0.000000E+0	6.205592E-6	1.349697E-4	0.000000E+0	0.000000E+0	0.000000E+0
3.382407E+2	-7.254094E+3	-5.250000E-1	4.345462E+17	8.421242E+16	1.157936E-6	0.000000E+0	6.413813E-6	1.375541E-4	0.000000E+0	0.000000E+0	0.000000E+0
3.882720E+2	-7.121923E+3	-4.920000E-1	5.364322E+17	-2.871880E+17	2.449488E-7	0.000000E+0	7.632251E-6	1.399954E-4	0.000000E+0	0.000000E+0	0.000000E+0
2.593340E+2	-6.996499E+3	-4.590000E-1	-5.656005E-19	1.659667E-18	-2.200211E-6	0.000000E+0	5.290560E-6	1.427325E-4	0.000000E+0	0.000000E+0	0.000000E+0
3.580415E+2	-6.886378E+3	-4.270000E-1	9.225665E+16	2.296609E-18	2.532439E-6	0.000000E+0	7.529727E-6	1.448227E-4	0.000000E+0	0.000000E+0	0.000000E+0
2.888062E+2	-6.774231E+3	-3.940000E-1	4.020355E+17	1.967767E+17	1.108738E-6	0.000000E+0	6.281999E-6	1.473504E-4	0.000000E+0	0.000000E+0	0.000000E+0
2.458599E+2	-6.670556E+3	-3.610000E-1	1.676929E-18	4.035830E-18	-3.149926E-7	0.000000E+0	5.517903E-6	1.497092E-4	0.000000E+0	0.000000E+0	0.000000E+0
2.424683E+2	-6.570713E+3	-3.280000E-1	-2.680825E+17	-5.492346E+17	-2.065244E-7	0.000000E+0	5.608400E-6	1.519835E-4	0.000000E+0	0.000000E+0	0.000000E+0
2.943169E+2	-6.477023E+3	-2.950000E-1	5.241939E+17	-4.155966E-18	9.234009E-7	0.000000E+0	7.001136E-6	1.540738E-4	0.000000E+0	0.000000E+0	0.000000E+0
2.912378E+2	-6.385401E+3	-2.620000E-1	2.579781E+17	4.569561E-19	5.211277E-7	0.000000E+0	7.128020E-6	1.562821E-4	0.000000E+0	0.000000E+0	0.000000E+0
2.175103E+2	-6.297382E+3	-2.290000E-1	2.915631E-18	5.325299E+16	6.295995E-7	0.000000E+0	5.478251E-6	1.586069E-4	0.000000E+0	0.000000E+0	0.000000E+0
2.767471E+2	-6.215120E+3	-1.960000E-1	-1.980656E+17	1.958093E+16	-2.833885E-7	0.000000E+0	7.150292E-6	1.605796E-4	0.000000E+0	0.000000E+0	0.000000E+0
2.787070E+2	-6.135537E+3	-1.630000E-1	-2.769006E-18	1.441508E+17	2.889395E-6	0.000000E+0	7.388351E-6	1.626493E-4	0.000000E+0	0.000000E+0	0.000000E+0
3.270249E+2	-6.056243E+3	-1.300000E-1	5.785078E-19	6.301025E-18	3.508578E-6	0.000000E+0	8.890164E-6	1.646388E-4	0.000000E+0	0.000000E+0	0.000000E+0
2.965361E+2	-5.980059E+3	-9.700000E-2	3.389191E+17	1.295985E-19	2.084877E-6	0.000000E+0	8.271800E-6	1.668123E-4	0.000000E+0	0.000000E+0	0.000000E+0
2.479253E+2	-5.910453E+3	-6.500000E-2	-5.351625E-18	2.391872E+17	6.888413E-7	0.000000E+0	7.084608E-6	1.688946E-4	0.000000E+0	0.000000E+0	0.000000E+0
2.571396E+2	-5.838005E+3	-3.200000E-2	2.587907E+17	-4.414579E-18	2.865679E-7	0.000000E+0	7.530058E-6	1.709597E-4	0.000000E+0	0.000000E+0	0.000000E+0
2.816533E+2	-5.768291E+3	1.000000E-3	-3.128310E+17	-2.708651E-18	-1.157054E-7	0.000000E+0	8.444741E-6	1.729492E-4	0.000000E+0	0.000000E+0	0.000000E+0
1.649209E+2	-5.701717E+3	3.400000E-2	6.653843E-18	-4.395667E+17	1.014221E-6	0.000000E+0	5.068754E-6	1.752392E-4	0.000000E+0	0.000000E+0	0.000000E+0
2.168735E+2	-5.638272E+3	6.700000E-2	-1.137863E-18	-4.190346E+17	3.676290E-6	0.000000E+0	6.811964E-6	1.770973E-4	0.000000E+0	0.000000E+0	0.000000E+0
2.154341E+2	-5.576438E+3	1.000000E-1	-9.275714E-19	-3.780148E-18	7.204176E-7	0.000000E+0	6.917561E-6	1.790587E-4	0.000000E+0	0.000000E+0	0.000000E+0
