Real / Ohm	Ximag / Ohm	V_DC / V	I_a c / A	V_ac / V	I_DC / A
1.183281E+2	-8.263187E+3	1.000000E-1	-9.275714E-19	-3.780148E-18	7.204176E-7	1.000000E+6	1.732621E-6	1.209939E-4	0.000000E+0	0.000000E+0	0.000000E+0
1.550747E+2	-8.363609E+3	6.700000E-2	-1.137863E-18	-4.190346E+17	1.633405E-6	0.000000E+0	2.216176E-6	1.195245E-4	0.000000E+0	0.000000E+0	0.000000E+0
1.536138E+2	-8.465914E+3	3.400000E-2	6.653843E-18	-4.395667E+17	1.524935E-6	0.000000E+0	2.142592E-6	1.180819E-4	0.000000E+0	0.000000E+0	0.000000E+0
1.556450E+2	-8.578881E+3	1.000000E-3	-3.128310E+17	-2.708651E-18	-1.137133E-6	0.000000E+0	2.114126E-6	1.165270E-4	0.000000E+0	0.000000E+0	0.000000E+0
1.555020E+2	-8.698857E+3	-3.200000E-2	2.587907E+17	-4.414579E-18	2.865679E-7	0.000000E+0	2.054342E-6	1.149209E-4	0.000000E+0	0.000000E+0	0.000000E+0
1.279209E+2	-8.827484E+3	-6.500000E-2	-5.351625E-18	2.391872E+17	6.888413E-7	0.000000E+0	1.641256E-6	1.132588E-4	0.000000E+0	0.000000E+0	0.000000E+0
1.480654E+2	-8.959105E+3	-9.700000E-2	3.389191E+17	1.295985E-19	1.574163E-6	0.000000E+0	1.844190E-6	1.115878E-4	0.000000E+0	0.000000E+0	0.000000E+0
1.548247E+2	-9.110340E+3	-1.300000E-1	5.785078E-19	6.301025E-18	-2.620107E-6	0.000000E+0	1.864858E-6	1.097337E-4	0.000000E+0	0.000000E+0	0.000000E+0
1.552300E+2	-9.275217E+3	-1.630000E-1	-2.769006E-18	1.441508E+17	8.465095E-7	0.000000E+0	1.803873E-6	1.077840E-4	0.000000E+0	0.000000E+0	0.000000E+0
1.612178E+2	-9.454297E+3	-1.960000E-1	-1.980656E+17	1.958093E+16	1.759497E-6	0.000000E+0	1.803135E-6	1.057413E-4	0.000000E+0	0.000000E+0	0.000000E+0
1.654316E+2	-9.654662E+3	-2.290000E-1	2.915631E-18	5.325299E+16	2.161771E-6	0.000000E+0	1.774258E-6	1.035465E-4	0.000000E+0	0.000000E+0	0.000000E+0
1.699717E+2	-9.878361E+3	-2.620000E-1	2.579781E+17	4.569561E-19	1.031842E-6	0.000000E+0	1.741319E-6	1.012014E-4	0.000000E+0	0.000000E+0	0.000000E+0
1.894697E+2	-1.013599E+4	-2.950000E-1	5.241939E+17	-4.155966E-18	1.944829E-6	0.000000E+0	1.843553E-6	9.862388E-5	0.000000E+0	0.000000E+0	0.000000E+0
1.931177E+2	-1.043062E+4	-3.280000E-1	-2.680825E+17	-5.492346E+17	2.347104E-6	0.000000E+0	1.774406E-6	9.583873E-5	0.000000E+0	0.000000E+0	0.000000E+0
2.049932E+2	-1.077751E+4	-3.610000E-1	1.676929E-18	4.035830E-18	-8.257066E-7	0.000000E+0	1.764191E-6	9.275225E-5	0.000000E+0	0.000000E+0	0.000000E+0
2.133662E+2	-1.118667E+4	-3.940000E-1	4.020355E+17	1.967767E+17	-1.955605E-6	0.000000E+0	1.704378E-6	8.935960E-5	0.000000E+0	0.000000E+0	0.000000E+0
2.050869E+2	-1.166694E+4	-4.270000E-1	9.225665E+16	2.296609E-18	-2.118941E-8	0.000000E+0	1.506225E-6	8.568580E-5	0.000000E+0	0.000000E+0	0.000000E+0
2.401162E+2	-1.220756E+4	-4.590000E-1	-5.656005E-19	1.659667E-18	-1.572971E-7	0.000000E+0	1.610630E-6	8.188477E-5	0.000000E+0	0.000000E+0	0.000000E+0
2.811426E+2	-1.287955E+4	-4.920000E-1	5.364322E+17	-2.871880E+17	2.449488E-7	0.000000E+0	1.694019E-6	7.760549E-5	0.000000E+0	0.000000E+0	0.000000E+0
3.214678E+2	-1.369551E+4	-5.250000E-1	4.345462E+17	8.421242E+16	2.690107E-6	0.000000E+0	1.712939E-6	7.297642E-5	0.000000E+0	0.000000E+0	0.000000E+0
3.834717E+2	-1.474427E+4	-5.580000E-1	7.433461E+16	-3.421240E+17	2.803790E-8	0.000000E+0	1.762760E-6	6.777711E-5	0.000000E+0	0.000000E+0	0.000000E+0
4.813047E+2	-1.624722E+4	-5.910000E-1	-2.822382E+17	-3.573572E+17	1.962482E-6	0.000000E+0	1.821717E-6	6.149502E-5	0.000000E+0	0.000000E+0	0.000000E+0
6.336758E+2	-1.856596E+4	-6.240000E-1	3.883601E+17	-5.707470E+17	1.343269E-6	0.000000E+0	1.836228E-6	5.379934E-5	0.000000E+0	0.000000E+0	0.000000E+0
8.753320E+2	-2.228841E+4	-6.570000E-1	-5.199634E+17	2.162502E-18	7.240851E-7	0.000000E+0	1.759322E-6	4.479727E-5	0.000000E+0	0.000000E+0	0.000000E+0
1.236309E+3	-2.801191E+4	-6.900000E-1	-1.554615E+17	1.089551E+17	2.658529E-6	0.000000E+0	1.572521E-6	3.562970E-5	0.000000E+0	0.000000E+0	0.000000E+0
1.809441E+3	-3.610858E+4	-7.230000E-1	2.547933E-18	-4.300115E-19	5.071743E-7	0.000000E+0	1.384313E-6	2.762488E-5	0.000000E+0	0.000000E+0	0.000000E+0
2.573027E+3	-4.570034E+4	-7.560000E-1	-6.904437E-18	-8.377323E+16	3.987043E-7	0.000000E+0	1.228092E-6	2.181253E-5	0.000000E+0	0.000000E+0	0.000000E+0
3.511340E+3	-5.418263E+4	-7.890000E-1	-4.524463E+17	2.055147E+17	-2.204797E-7	0.000000E+0	1.191057E-6	1.837891E-5	0.000000E+0	0.000000E+0	0.000000E+0
4.989215E+3	-5.993938E+4	-8.220000E-1	-7.975154E-19	6.323277E-18	-3.289460E-7	0.000000E+0	1.379142E-6	1.656873E-5	0.000000E+0	0.000000E+0	0.000000E+0
6.915840E+3	-6.355746E+4	-8.540000E-1	4.707204E+17	-1.630679E-19	3.110003E-6	0.000000E+0	1.691998E-6	1.554968E-5	0.000000E+0	0.000000E+0	0.000000E+0
8.708313E+3	-6.673897E+4	-8.870000E-1	1.388541E-18	6.784133E-18	-6.280970E-8	0.000000E+0	1.922397E-6	1.473291E-5	0.000000E+0	0.000000E+0	0.000000E+0
9.802285E+3	-7.033678E+4	-9.200000E-1	4.766215E-20	4.558795E+17	3.403806E-6	0.000000E+0	1.943607E-6	1.394645E-5	0.000000E+0	0.000000E+0	0.000000E+0
1.015812E+4	-7.451930E+4	-9.530000E-1	-3.851510E-18	-6.440456E-18	1.252451E-6	0.000000E+0	1.795891E-6	1.317454E-5	0.000000E+0	0.000000E+0	0.000000E+0
1.018151E+4	-7.873545E+4	-9.860000E-1	-4.316353E+17	4.857998E-18	-3.881905E-7	0.000000E+0	1.615360E-6	1.249187E-5	0.000000E+0	0.000000E+0	0.000000E+0
1.015542E+4	-8.294589E+4	-1.019000E+0	4.155990E+17	-1.840361E+17	-1.518085E-6	0.000000E+0	1.454274E-6	1.187800E-5	0.000000E+0	0.000000E+0	0.000000E+0
1.009594E+4	-8.672255E+4	-1.052000E+0	-3.194760E-18	5.558819E-18	-9.438372E-8	0.000000E+0	1.324452E-6	1.137684E-5	0.000000E+0	0.000000E+0	0.000000E+0
9.907117E+3	-9.033452E+4	-1.085000E+0	-3.021231E-18	2.162610E+17	8.186034E-7	0.000000E+0	1.199630E-6	1.093840E-5	0.000000E+0	0.000000E+0	0.000000E+0
9.756406E+3	-9.378147E+4	-1.118000E+0	4.697494E+17	-5.230656E+17	7.101626E-7	0.000000E+0	1.097440E-6	1.054892E-5	0.000000E+0	0.000000E+0	0.000000E+0
9.800344E+3	-9.687236E+4	-1.151000E+0	-4.715167E+17	-5.481549E+17	1.112407E-6	0.000000E+0	1.033759E-6	1.021828E-5	0.000000E+0	0.000000E+0	0.000000E+0
9.511813E+3	-1.002017E+5	-1.184000E+0	-3.096135E+17	4.406614E-18	4.932226E-7	0.000000E+0	9.388954E-7	9.890744E-6	0.000000E+0	0.000000E+0	0.000000E+0
9.861305E+3	-1.028442E+5	-1.216000E+0	-9.427576E-19	-9.422141E-19	8.677962E-7	0.000000E+0	9.238471E-7	9.634862E-6	0.000000E+0	0.000000E+0	0.000000E+0
9.780773E+3	-1.054880E+5	-1.249000E+0	-4.717429E+17	-4.921256E+17	-2.621309E-7	0.000000E+0	8.714640E-7	9.398950E-6	0.000000E+0	0.000000E+0	0.000000E+0
9.506492E+3	-1.083446E+5	-1.282000E+0	-2.971689E+17	-4.956124E-18	2.183056E-6	0.000000E+0	8.036649E-7	9.159293E-6	0.000000E+0	0.000000E+0	0.000000E+0
9.504258E+3	-1.108262E+5	-1.315000E+0	-1.478400E+17	2.700613E+17	2.585337E-6	0.000000E+0	7.681588E-7	8.957261E-6	0.000000E+0	0.000000E+0	0.000000E+0
9.527844E+3	-1.130819E+5	-1.348000E+0	-2.725491E+17	1.903750E-18	1.966124E-6	0.000000E+0	7.398373E-7	8.780812E-6	0.000000E+0	0.000000E+0	0.000000E+0
9.698305E+3	-1.157407E+5	-1.381000E+0	-1.696573E+17	-6.410840E-19	1.346911E-6	0.000000E+0	7.189273E-7	8.579762E-6	0.000000E+0	0.000000E+0	0.000000E+0
9.236828E+3	-1.177324E+5	-1.414000E+0	6.414978E-18	-1.599031E-19	1.238470E-6	0.000000E+0	6.623169E-7	8.441876E-6	0.000000E+0	0.000000E+0	0.000000E+0
9.305914E+3	-1.200496E+5	-1.447000E+0	-5.761072E+17	-4.172230E+17	3.683657E-6	0.000000E+0	6.418533E-7	8.280136E-6	0.000000E+0	0.000000E+0	0.000000E+0
9.421844E+3	-1.222004E+5	-1.480000E+0	-5.506723E-18	3.318154E+17	2.553730E-6	0.000000E+0	6.272152E-7	8.134920E-6	0.000000E+0	0.000000E+0	0.000000E+0
9.375313E+3	-1.239291E+5	-1.513000E+0	4.410889E+17	3.939340E-18	2.445289E-6	0.000000E+0	6.069610E-7	8.023213E-6	0.000000E+0	0.000000E+0	0.000000E+0
9.543516E+3	-1.259806E+5	-1.546000E+0	3.887097E+16	1.849291E+17	2.847504E-6	0.000000E+0	5.978826E-7	7.892438E-6	0.000000E+0	0.000000E+0	0.000000E+0
9.407758E+3	-1.280340E+5	-1.578000E+0	-1.333488E-18	6.138991E-18	-8.636634E-7	0.000000E+0	5.708172E-7	7.768483E-6	0.000000E+0	0.000000E+0	0.000000E+0
9.569297E+3	-1.298449E+5	-1.611000E+0	-1.774996E-18	1.902529E-18	1.070752E-6	0.000000E+0	5.645180E-7	7.659892E-6	0.000000E+0	0.000000E+0	0.000000E+0
9.052320E+3	-1.316957E+5	-1.644000E+0	-7.520591E+15	-3.372652E-18	3.005174E-6	0.000000E+0	5.194809E-7	7.557555E-6	0.000000E+0	0.000000E+0	0.000000E+0
9.313047E+3	-1.326036E+5	-1.677000E+0	2.088264E+17	-2.195880E+17	3.918161E-6	0.000000E+0	5.270408E-7	7.504258E-6	0.000000E+0	0.000000E+0	0.000000E+0
9.212945E+3	-1.347287E+5	-1.710000E+0	-5.375932E+16	-3.553127E+17	1.256092E-6	0.000000E+0	5.051870E-7	7.387778E-6	0.000000E+0	0.000000E+0	0.000000E+0
9.273055E+3	-1.356184E+5	-1.743000E+0	-1.183520E-18	-5.342346E-18	1.147651E-6	0.000000E+0	5.018338E-7	7.339317E-6	0.000000E+0	0.000000E+0	0.000000E+0
9.439773E+3	-1.367276E+5	-1.776000E+0	-5.203440E-18	3.830367E-18	1.549924E-6	0.000000E+0	5.025554E-7	7.279115E-6	0.000000E+0	0.000000E+0	0.000000E+0
9.654344E+3	-1.381346E+5	-1.809000E+0	3.716679E-18	4.245176E+17	9.307114E-7	0.000000E+0	5.035024E-7	7.204126E-6	0.000000E+0	0.000000E+0	0.000000E+0
9.270148E+3	-1.386851E+5	-1.842000E+0	1.593192E+15	5.157909E-18	2.865185E-6	0.000000E+0	4.798339E-7	7.178506E-6	0.000000E+0	0.000000E+0	0.000000E+0
9.477758E+3	-1.399523E+5	-1.875000E+0	-1.009562E-18	-5.687810E-18	2.245972E-6	0.000000E+0	4.816797E-7	7.112672E-6	0.000000E+0	0.000000E+0	0.000000E+0
9.550594E+3	-1.403529E+5	-1.908000E+0	-6.256276E-18	1.400744E+17	3.669673E-6	0.000000E+0	4.825933E-7	7.092058E-6	0.000000E+0	0.000000E+0	0.000000E+0
9.173352E+3	-1.412494E+5	-1.941000E+0	2.698511E+17	2.403843E+17	1.007604E-6	0.000000E+0	4.578539E-7	7.049941E-6	0.000000E+0	0.000000E+0	0.000000E+0
9.208844E+3	-1.417772E+5	-1.973000E+0	-3.870921E-18	-2.240669E+17	2.914356E-6	0.000000E+0	4.562091E-7	7.023688E-6	0.000000E+0	0.000000E+0	0.000000E+0
9.058594E+3	-1.422136E+5	-2.006000E+0	8.607266E+16	4.249670E-18	2.295201E-6	0.000000E+0	4.460875E-7	7.003262E-6	0.000000E+0	0.000000E+0	0.000000E+0
9.153977E+3	-1.425107E+5	-2.039000E+0	2.127762E-18	3.276064E+15	2.697474E-6	0.000000E+0	4.488763E-7	6.988184E-6	0.000000E+0	0.000000E+0	0.000000E+0
9.156273E+3	-1.426796E+5	-2.072000E+0	-4.960952E+17	1.187967E+17	3.099689E-6	0.000000E+0	4.479300E-7	6.979965E-6	0.000000E+0	0.000000E+0	0.000000E+0
8.873984E+3	-1.422631E+5	-2.105000E+0	-6.504745E+16	2.381170E+17	2.480534E-6	0.000000E+0	4.367647E-7	7.001985E-6	0.000000E+0	0.000000E+0	0.000000E+0
9.388539E+3	-1.425599E+5	-2.138000E+0	5.725577E-18	5.135446E+17	3.291789E-7	0.000000E+0	4.599639E-7	6.984304E-6	0.000000E+0	0.000000E+0	0.000000E+0
8.844898E+3	-1.426879E+5	-2.171000E+0	-5.521899E-18	3.493290E-18	1.242166E-6	0.000000E+0	4.327658E-7	6.981477E-6	0.000000E+0	0.000000E+0	0.000000E+0
9.373320E+3	-1.424876E+5	-2.204000E+0	2.907620E+17	-1.496570E-18	2.155153E-6	0.000000E+0	4.596888E-7	6.987915E-6	0.000000E+0	0.000000E+0	0.000000E+0
9.357734E+3	-1.423999E+5	-2.237000E+0	-2.653265E-18	4.671199E-18	2.557426E-6	0.000000E+0	4.594941E-7	6.992281E-6	0.000000E+0	0.000000E+0	0.000000E+0
9.252898E+3	-1.421456E+5	-2.270000E+0	6.288337E-18	-3.929323E-18	5.002556E-6	0.000000E+0	4.560102E-7	7.005356E-6	0.000000E+0	0.000000E+0	0.000000E+0
9.372555E+3	-1.424124E+5	-2.303000E+0	8.250878E-19	2.832624E+17	3.361914E-6	0.000000E+0	4.601351E-7	6.991578E-6	0.000000E+0	0.000000E+0	0.000000E+0
9.600313E+3	-1.416449E+5	-2.335000E+0	4.553607E+17	-2.686618E+17	3.225810E-6	0.000000E+0	4.763137E-7	7.027625E-6	0.000000E+0	0.000000E+0	0.000000E+0
8.940422E+3	-1.413410E+5	-2.368000E+0	2.517955E+17	3.793721E+16	3.628084E-6	0.000000E+0	4.457461E-7	7.046893E-6	0.000000E+0	0.000000E+0	0.000000E+0
9.239578E+3	-1.408646E+5	-2.401000E+0	-6.194311E-18	5.356043E+17	9.659561E-7	0.000000E+0	4.636433E-7	7.068604E-6	0.000000E+0	0.000000E+0	0.000000E+0
9.330555E+3	-1.408771E+5	-2.434000E+0	-5.704702E+17	6.513754E+16	4.432572E-6	0.000000E+0	4.680861E-7	7.067384E-6	0.000000E+0	0.000000E+0	0.000000E+0
9.152719E+3	-1.401401E+5	-2.467000E+0	-4.691026E+17	6.689522E-18	3.302703E-6	0.000000E+0	4.640628E-7	7.105408E-6	0.000000E+0	0.000000E+0	0.000000E+0
9.594820E+3	-1.400218E+5	-2.500000E+0	-3.567381E+17	-4.286482E-18	2.172776E-6	0.000000E+0	4.870921E-7	7.108368E-6	0.000000E+0	0.000000E+0	0.000000E+0
