Real / Ohm	Ximag / Ohm	V_DC / V	I_a c / A	V_ac / V	I_DC / A
1.294390E+2	-5.662331E+3	2.500000E+0	-9.275714E-19	-3.780148E-18	1.226232E-6	1.000000E+6	4.035039E-6	1.765135E-4	0.000000E+0	0.000000E+0	0.000000E+0
1.182852E+2	-5.686969E+3	2.437000E+0	-1.137863E-18	-4.190346E+17	-2.648754E-6	0.000000E+0	3.655787E-6	1.757646E-4	0.000000E+0	0.000000E+0	0.000000E+0
1.180791E+2	-5.706303E+3	2.373000E+0	6.653843E-18	-4.395667E+17	-2.410277E-6	0.000000E+0	3.624745E-6	1.751698E-4	0.000000E+0	0.000000E+0	0.000000E+0
1.447461E+2	-5.728387E+3	2.310000E+0	-3.128310E+17	-2.708651E-18	3.541209E-7	0.000000E+0	4.408237E-6	1.744578E-4	0.000000E+0	0.000000E+0	0.000000E+0
1.514204E+2	-5.752915E+3	2.247000E+0	2.587907E+17	-4.414579E-18	-1.988708E-6	0.000000E+0	4.572016E-6	1.737046E-4	0.000000E+0	0.000000E+0	0.000000E+0
1.300400E+2	-5.778945E+3	2.184000E+0	-5.351625E-18	2.391872E+17	-2.288623E-6	0.000000E+0	3.891885E-6	1.729544E-4	0.000000E+0	0.000000E+0	0.000000E+0
1.317480E+2	-5.807043E+3	2.120000E+0	3.389191E+17	1.295985E-19	-7.261406E-9	0.000000E+0	3.904905E-6	1.721161E-4	0.000000E+0	0.000000E+0	0.000000E+0
1.483511E+2	-5.836526E+3	2.057000E+0	5.785078E-19	6.301025E-18	2.035522E-7	0.000000E+0	4.352126E-6	1.712242E-4	0.000000E+0	0.000000E+0	0.000000E+0
1.328477E+2	-5.868568E+3	1.994000E+0	-2.769006E-18	1.441508E+17	1.946515E-6	0.000000E+0	3.855381E-6	1.703120E-4	0.000000E+0	0.000000E+0	0.000000E+0
1.498604E+2	-5.901599E+3	1.930000E+0	-1.980656E+17	1.958093E+16	-1.390064E-6	0.000000E+0	4.299991E-6	1.693364E-4	0.000000E+0	0.000000E+0	0.000000E+0
1.352490E+2	-5.936277E+3	1.867000E+0	2.915631E-18	5.325299E+16	8.636271E-7	0.000000E+0	3.836016E-6	1.683684E-4	0.000000E+0	0.000000E+0	0.000000E+0
1.574653E+2	-5.974249E+3	1.804000E+0	2.579781E+17	4.569561E-19	1.074426E-6	0.000000E+0	4.408762E-6	1.672689E-4	0.000000E+0	0.000000E+0	0.000000E+0
1.161567E+2	-6.012282E+3	1.741000E+0	5.241939E+17	-4.155966E-18	2.637753E-7	0.000000E+0	3.212207E-6	1.662641E-4	0.000000E+0	0.000000E+0	0.000000E+0
1.266792E+2	-6.053848E+3	1.677000E+0	-2.680825E+17	-5.492346E+17	1.012988E-6	0.000000E+0	3.455033E-6	1.651119E-4	0.000000E+0	0.000000E+0	0.000000E+0
1.311699E+2	-6.096350E+3	1.614000E+0	1.676929E-18	4.035830E-18	-1.329827E-6	0.000000E+0	3.527714E-6	1.639567E-4	0.000000E+0	0.000000E+0	0.000000E+0
1.185532E+2	-6.140839E+3	1.551000E+0	4.020355E+17	1.967767E+17	-9.759970E-8	0.000000E+0	3.142650E-6	1.627835E-4	0.000000E+0	0.000000E+0	0.000000E+0
1.029917E+2	-6.187253E+3	1.487000E+0	9.225665E+16	2.296609E-18	6.516129E-7	0.000000E+0	2.689590E-6	1.615778E-4	0.000000E+0	0.000000E+0	0.000000E+0
1.058379E+2	-6.235943E+3	1.424000E+0	-5.656005E-19	1.659667E-18	-1.691209E-6	0.000000E+0	2.720895E-6	1.603145E-4	0.000000E+0	0.000000E+0	0.000000E+0
1.326250E+2	-6.287223E+3	1.361000E+0	5.364322E+17	-2.871880E+17	5.624825E-7	0.000000E+0	3.353625E-6	1.589820E-4	0.000000E+0	0.000000E+0	0.000000E+0
1.150156E+2	-6.341621E+3	1.297000E+0	4.345462E+17	8.421242E+16	1.311666E-6	0.000000E+0	2.858995E-6	1.576365E-4	0.000000E+0	0.000000E+0	0.000000E+0
1.166777E+2	-6.396889E+3	1.234000E+0	7.433461E+16	-3.421240E+17	-9.698851E-9	0.000000E+0	2.850400E-6	1.562740E-4	0.000000E+0	0.000000E+0	0.000000E+0
1.070669E+2	-6.455688E+3	1.171000E+0	-2.822382E+17	-3.573572E+17	-1.331064E-6	0.000000E+0	2.568329E-6	1.548596E-4	0.000000E+0	0.000000E+0	0.000000E+0
1.185400E+2	-6.518518E+3	1.108000E+0	3.883601E+17	-5.707470E+17	1.944078E-6	0.000000E+0	2.788840E-6	1.533584E-4	0.000000E+0	0.000000E+0	0.000000E+0
9.109277E+1	-6.585916E+3	1.044000E+0	-5.199634E+17	2.162502E-18	-1.392502E-6	0.000000E+0	2.099754E-6	1.518101E-4	0.000000E+0	0.000000E+0	0.000000E+0
1.017427E+2	-6.652176E+3	9.810000E-1	-1.554615E+17	1.089551E+17	-1.602712E-7	0.000000E+0	2.298657E-6	1.502916E-4	0.000000E+0	0.000000E+0	0.000000E+0
9.625830E+1	-6.724183E+3	9.180000E-1	2.547933E-18	-4.300115E-19	5.612783E-7	0.000000E+0	2.128483E-6	1.486865E-4	0.000000E+0	0.000000E+0	0.000000E+0
9.156738E+1	-6.801374E+3	8.540000E-1	-6.904437E-18	-8.377323E+16	-2.264624E-6	0.000000E+0	1.979105E-6	1.470025E-4	0.000000E+0	0.000000E+0	0.000000E+0
8.135742E+1	-6.880751E+3	7.910000E-1	-4.524463E+17	2.055147E+17	4.998110E-7	0.000000E+0	1.718165E-6	1.453127E-4	0.000000E+0	0.000000E+0	0.000000E+0
9.465039E+1	-6.964395E+3	7.280000E-1	-7.975154E-19	6.323277E-18	7.106173E-7	0.000000E+0	1.951081E-6	1.435610E-4	0.000000E+0	0.000000E+0	0.000000E+0
9.622607E+1	-7.052742E+3	6.650000E-1	4.707204E+17	-1.630679E-19	-6.107512E-7	0.000000E+0	1.934176E-6	1.417624E-4	0.000000E+0	0.000000E+0	0.000000E+0
7.160254E+1	-7.149603E+3	6.010000E-1	1.388541E-18	6.784133E-18	1.159893E-6	0.000000E+0	1.400622E-6	1.398539E-4	0.000000E+0	0.000000E+0	0.000000E+0
7.199854E+1	-7.250100E+3	5.380000E-1	4.766215E-20	4.558795E+17	-1.693646E-6	0.000000E+0	1.369597E-6	1.379155E-4	0.000000E+0	0.000000E+0	0.000000E+0
6.505664E+1	-7.359150E+3	4.750000E-1	-3.851510E-18	-6.440456E-18	-1.482840E-6	0.000000E+0	1.201164E-6	1.358746E-4	0.000000E+0	0.000000E+0	0.000000E+0
8.154150E+1	-7.478102E+3	4.110000E-1	-4.316353E+17	4.857998E-18	-7.336566E-7	0.000000E+0	1.457956E-6	1.337079E-4	0.000000E+0	0.000000E+0	0.000000E+0
6.933984E+1	-7.603964E+3	3.480000E-1	4.155990E+17	-1.840361E+17	4.986068E-7	0.000000E+0	1.199131E-6	1.314994E-4	0.000000E+0	0.000000E+0	0.000000E+0
7.660742E+1	-7.739165E+3	2.850000E-1	-3.194760E-18	5.558819E-18	7.094113E-7	0.000000E+0	1.278910E-6	1.292002E-4	0.000000E+0	0.000000E+0	0.000000E+0
7.625781E+1	-7.888253E+3	2.220000E-1	-3.021231E-18	2.162610E+17	-1.012413E-7	0.000000E+0	1.225412E-6	1.267589E-4	0.000000E+0	0.000000E+0	0.000000E+0
8.367334E+1	-8.056408E+3	1.580000E-1	4.697494E+17	-5.230656E+17	2.690829E-6	0.000000E+0	1.289013E-6	1.241114E-4	0.000000E+0	0.000000E+0	0.000000E+0
7.909717E+1	-8.239621E+3	9.500000E-2	-4.715167E+17	-5.481549E+17	-1.627081E-7	0.000000E+0	1.164948E-6	1.213536E-4	0.000000E+0	0.000000E+0	0.000000E+0
9.430371E+1	-8.447297E+3	3.200000E-2	-3.096135E+17	4.406614E-18	-9.733601E-7	0.000000E+0	1.321415E-6	1.183663E-4	0.000000E+0	0.000000E+0	0.000000E+0
1.042842E+2	-8.686891E+3	-3.200000E-2	-9.427576E-19	-9.422141E-19	2.865679E-7	0.000000E+0	1.381743E-6	1.150994E-4	0.000000E+0	0.000000E+0	0.000000E+0
9.338574E+1	-8.963447E+3	-9.500000E-2	-4.717429E+17	-4.921256E+17	-1.334092E-8	0.000000E+0	1.162207E-6	1.115521E-4	0.000000E+0	0.000000E+0	0.000000E+0
9.332959E+1	-9.287941E+3	-1.580000E-1	-2.971689E+17	-4.956124E-18	-1.334707E-6	0.000000E+0	1.081774E-6	1.076556E-4	0.000000E+0	0.000000E+0	0.000000E+0
1.193242E+2	-9.688850E+3	-2.220000E-1	-1.478400E+17	2.700613E+17	-5.855218E-7	0.000000E+0	1.270920E-6	1.031958E-4	0.000000E+0	0.000000E+0	0.000000E+0
1.494771E+2	-1.018135E+4	-2.850000E-1	-2.725491E+17	1.903750E-18	-1.906888E-6	0.000000E+0	1.441685E-6	9.819764E-5	0.000000E+0	0.000000E+0	0.000000E+0
1.823726E+2	-1.082800E+4	-3.480000E-1	-1.696573E+17	-6.410840E-19	-1.639128E-7	0.000000E+0	1.555034E-6	9.232697E-5	0.000000E+0	0.000000E+0	0.000000E+0
2.404287E+2	-1.174691E+4	-4.110000E-1	6.414978E-18	-1.599031E-19	-1.485278E-6	0.000000E+0	1.741635E-6	8.509312E-5	0.000000E+0	0.000000E+0	0.000000E+0
3.400684E+2	-1.323129E+4	-4.750000E-1	-5.761072E+17	-4.172230E+17	7.960771E-7	0.000000E+0	1.941222E-6	7.552853E-5	0.000000E+0	0.000000E+0	0.000000E+0
5.620664E+2	-1.603837E+4	-5.380000E-1	-5.506723E-18	3.318154E+17	4.961694E-7	0.000000E+0	2.182399E-6	6.227399E-5	0.000000E+0	0.000000E+0	0.000000E+0
1.012053E+3	-2.192415E+4	-6.010000E-1	4.410889E+17	3.939340E-18	7.069430E-7	0.000000E+0	2.101035E-6	4.551482E-5	0.000000E+0	0.000000E+0	0.000000E+0
1.922281E+3	-3.245838E+4	-6.650000E-1	3.887097E+16	1.849291E+17	3.499044E-6	0.000000E+0	1.818204E-6	3.070101E-5	0.000000E+0	0.000000E+0	0.000000E+0
2.683963E+3	-4.330460E+4	-7.280000E-1	-1.333488E-18	6.138991E-18	-3.759524E-7	0.000000E+0	1.425750E-6	2.300387E-5	0.000000E+0	0.000000E+0	0.000000E+0
2.883180E+3	-4.829343E+4	-7.910000E-1	-1.774996E-18	1.902529E-18	1.367025E-6	0.000000E+0	1.231829E-6	2.063321E-5	0.000000E+0	0.000000E+0	0.000000E+0
3.283473E+3	-5.129722E+4	-8.540000E-1	-7.520591E+15	-3.372652E-18	2.088575E-6	0.000000E+0	1.242711E-6	1.941469E-5	0.000000E+0	0.000000E+0	0.000000E+0
3.435727E+3	-5.570877E+4	-9.180000E-1	2.088264E+17	-2.195880E+17	-1.248041E-6	0.000000E+0	1.102866E-6	1.788248E-5	0.000000E+0	0.000000E+0	0.000000E+0
3.318340E+3	-6.196753E+4	-9.810000E-1	-5.375932E+16	-3.553127E+17	2.027107E-6	0.000000E+0	8.616858E-7	1.609134E-5	0.000000E+0	0.000000E+0	0.000000E+0
3.187801E+3	-6.831131E+4	-1.044000E+0	-1.183520E-18	-5.342346E-18	-1.337146E-6	0.000000E+0	6.816497E-7	1.460705E-5	0.000000E+0	0.000000E+0	0.000000E+0
3.060496E+3	-7.421519E+4	-1.108000E+0	-5.203440E-18	3.830367E-18	1.454930E-6	0.000000E+0	5.547129E-7	1.345146E-5	0.000000E+0	0.000000E+0	0.000000E+0
3.257156E+3	-7.939919E+4	-1.171000E+0	3.716679E-18	4.245176E+17	-1.909386E-6	0.000000E+0	5.157939E-7	1.257343E-5	0.000000E+0	0.000000E+0	0.000000E+0
3.301313E+3	-8.420800E+4	-1.234000E+0	1.593192E+15	5.157909E-18	-1.664084E-7	0.000000E+0	4.648502E-7	1.185713E-5	0.000000E+0	0.000000E+0	0.000000E+0
3.223109E+3	-8.886589E+4	-1.297000E+0	-1.009562E-18	-5.687810E-18	5.551410E-7	0.000000E+0	4.075997E-7	1.123813E-5	0.000000E+0	0.000000E+0	0.000000E+0
3.101297E+3	-9.300319E+4	-1.361000E+0	-6.256276E-18	1.400744E+17	-2.278466E-7	0.000000E+0	3.581501E-7	1.074038E-5	0.000000E+0	0.000000E+0	0.000000E+0
3.268656E+3	-9.694264E+4	-1.424000E+0	2.698511E+17	2.403843E+17	1.004417E-6	0.000000E+0	3.474130E-7	1.030366E-5	0.000000E+0	0.000000E+0	0.000000E+0
3.306250E+3	-1.004844E+5	-1.487000E+0	-3.870921E-18	-2.240669E+17	1.215194E-6	0.000000E+0	3.270909E-7	9.941031E-6	0.000000E+0	0.000000E+0	0.000000E+0
3.295781E+3	-1.037825E+5	-1.551000E+0	8.607266E+16	4.249670E-18	2.475121E-6	0.000000E+0	3.056837E-7	9.625828E-6	0.000000E+0	0.000000E+0	0.000000E+0
3.054922E+3	-1.067958E+5	-1.614000E+0	2.127762E-18	3.276064E+15	4.728805E-6	0.000000E+0	2.676311E-7	9.356008E-6	0.000000E+0	0.000000E+0	0.000000E+0
3.149258E+3	-1.099192E+5	-1.677000E+0	-4.960952E+17	1.187967E+17	4.428934E-6	0.000000E+0	2.604383E-7	9.090130E-6	0.000000E+0	0.000000E+0	0.000000E+0
2.877594E+3	-1.125201E+5	-1.741000E+0	-6.504745E+16	2.381170E+17	-1.461311E-6	0.000000E+0	2.271357E-7	8.881492E-6	0.000000E+0	0.000000E+0	0.000000E+0
3.124172E+3	-1.144737E+5	-1.804000E+0	5.725577E-18	5.135446E+17	3.346009E-6	0.000000E+0	2.382320E-7	8.729129E-6	0.000000E+0	0.000000E+0	0.000000E+0
3.327352E+3	-1.163284E+5	-1.867000E+0	-5.521899E-18	3.493290E-18	-1.827721E-8	0.000000E+0	2.456813E-7	8.589326E-6	0.000000E+0	0.000000E+0	0.000000E+0
3.182820E+3	-1.182303E+5	-1.930000E+0	2.907620E+17	-1.496570E-18	1.724700E-6	0.000000E+0	2.275306E-7	8.451943E-6	0.000000E+0	0.000000E+0	0.000000E+0
3.208859E+3	-1.194371E+5	-1.994000E+0	-2.653265E-18	4.671199E-18	3.495348E-6	0.000000E+0	2.247806E-7	8.366569E-6	0.000000E+0	0.000000E+0	0.000000E+0
2.983922E+3	-1.205710E+5	-2.057000E+0	6.288337E-18	-3.929323E-18	1.311128E-7	0.000000E+0	2.051331E-7	8.288792E-6	0.000000E+0	0.000000E+0	0.000000E+0
3.181438E+3	-1.213296E+5	-2.120000E+0	8.250878E-19	2.832624E+17	2.384812E-6	0.000000E+0	2.159690E-7	8.236349E-6	0.000000E+0	0.000000E+0	0.000000E+0
3.337523E+3	-1.223697E+5	-2.184000E+0	4.553607E+17	-2.686618E+17	3.644745E-6	0.000000E+0	2.227171E-7	8.165883E-6	0.000000E+0	0.000000E+0	0.000000E+0
3.492266E+3	-1.226471E+5	-2.247000E+0	2.517955E+17	3.793721E+16	4.366229E-6	0.000000E+0	2.319748E-7	8.146869E-6	0.000000E+0	0.000000E+0	0.000000E+0
2.969203E+3	-1.230458E+5	-2.310000E+0	-6.194311E-18	5.356043E+17	4.066285E-6	0.000000E+0	1.959988E-7	8.122326E-6	0.000000E+0	0.000000E+0	0.000000E+0
3.115703E+3	-1.232557E+5	-2.373000E+0	-5.704702E+17	6.513754E+16	1.723485E-6	0.000000E+0	2.049579E-7	8.108034E-6	0.000000E+0	0.000000E+0	0.000000E+0
2.943977E+3	-1.238378E+5	-2.437000E+0	-4.691026E+17	6.689522E-18	2.983419E-6	0.000000E+0	1.918592E-7	8.070518E-6	0.000000E+0	0.000000E+0	0.000000E+0
3.384234E+3	-1.239137E+5	-2.500000E+0	-3.567381E+17	-4.286482E-18	2.683490E-6	0.000000E+0	2.202409E-7	8.064118E-6	0.000000E+0	0.000000E+0	0.000000E+0
