Real / Ohm	Ximag / Ohm	V_DC / V	I_a c / A	V_ac / V	I_DC / A
1.089694E+2	-1.875302E+3	2.500000E+0	-9.275714E-19	-3.780148E-18	2.758403E-6	3.162278E+6	3.088149E-5	5.314530E-4	0.000000E+0	0.000000E+0	0.000000E+0
8.401050E+1	-1.883812E+3	2.437000E+0	-1.137863E-18	-4.190346E+17	-1.116583E-6	0.000000E+0	2.362629E-5	5.297849E-4	0.000000E+0	0.000000E+0	0.000000E+0
1.100767E+2	-1.891008E+3	2.373000E+0	6.653843E-18	-4.395667E+17	1.164779E-6	0.000000E+0	3.067888E-5	5.270327E-4	0.000000E+0	0.000000E+0	0.000000E+0
1.016637E+2	-1.897820E+3	2.310000E+0	-3.128310E+17	-2.708651E-18	1.375578E-6	0.000000E+0	2.814566E-5	5.254126E-4	0.000000E+0	0.000000E+0	0.000000E+0
1.169677E+2	-1.907264E+3	2.247000E+0	2.587907E+17	-4.414579E-18	-4.565372E-7	0.000000E+0	3.203421E-5	5.223467E-4	0.000000E+0	0.000000E+0	0.000000E+0
1.073417E+2	-1.916207E+3	2.184000E+0	-5.351625E-18	2.391872E+17	-2.288623E-6	0.000000E+0	2.914224E-5	5.202318E-4	0.000000E+0	0.000000E+0	0.000000E+0
1.103451E+2	-1.926119E+3	2.120000E+0	3.389191E+17	1.295985E-19	2.546367E-6	0.000000E+0	2.964584E-5	5.174803E-4	0.000000E+0	0.000000E+0	0.000000E+0
1.003375E+2	-1.935795E+3	2.057000E+0	5.785078E-19	6.301025E-18	-1.839333E-6	0.000000E+0	2.670418E-5	5.151995E-4	0.000000E+0	0.000000E+0	0.000000E+0
1.096279E+2	-1.946590E+3	1.994000E+0	-2.769006E-18	1.441508E+17	1.435801E-6	0.000000E+0	2.884011E-5	5.120946E-4	0.000000E+0	0.000000E+0	0.000000E+0
9.900391E+1	-1.957716E+3	1.930000E+0	-1.980656E+17	1.958093E+16	-8.793504E-7	0.000000E+0	2.576580E-5	5.094963E-4	0.000000E+0	0.000000E+0	0.000000E+0
8.163635E+1	-1.968361E+3	1.867000E+0	2.915631E-18	5.325299E+16	-1.690001E-6	0.000000E+0	2.103428E-5	5.071645E-4	0.000000E+0	0.000000E+0	0.000000E+0
1.055872E+2	-1.980852E+3	1.804000E+0	2.579781E+17	4.569561E-19	5.296897E-8	0.000000E+0	2.683336E-5	5.034030E-4	0.000000E+0	0.000000E+0	0.000000E+0
1.004724E+2	-1.993960E+3	1.741000E+0	5.241939E+17	-4.155966E-18	1.285232E-6	0.000000E+0	2.520650E-5	5.002445E-4	0.000000E+0	0.000000E+0	0.000000E+0
9.805103E+1	-2.005984E+3	1.677000E+0	-2.680825E+17	-5.492346E+17	-2.051383E-6	0.000000E+0	2.430865E-5	4.973203E-4	0.000000E+0	0.000000E+0	0.000000E+0
9.708887E+1	-2.018711E+3	1.614000E+0	1.676929E-18	4.035830E-18	-8.191128E-7	0.000000E+0	2.376937E-5	4.942224E-4	0.000000E+0	0.000000E+0	0.000000E+0
1.021270E+2	-2.032552E+3	1.551000E+0	4.020355E+17	1.967767E+17	-2.140485E-6	0.000000E+0	2.465825E-5	4.907534E-4	0.000000E+0	0.000000E+0	0.000000E+0
9.135571E+1	-2.046608E+3	1.487000E+0	9.225665E+16	2.296609E-18	2.694498E-6	0.000000E+0	2.176717E-5	4.876417E-4	0.000000E+0	0.000000E+0	0.000000E+0
9.818994E+1	-2.060422E+3	1.424000E+0	-5.656005E-19	1.659667E-18	8.624193E-7	0.000000E+0	2.307647E-5	4.842378E-4	0.000000E+0	0.000000E+0	0.000000E+0
1.010200E+2	-2.075714E+3	1.361000E+0	5.364322E+17	-2.871880E+17	2.094654E-6	0.000000E+0	2.339079E-5	4.806236E-4	0.000000E+0	0.000000E+0	0.000000E+0
1.001118E+2	-2.091780E+3	1.297000E+0	4.345462E+17	8.421242E+16	1.822409E-6	0.000000E+0	2.282757E-5	4.769692E-4	0.000000E+0	0.000000E+0	0.000000E+0
9.351099E+1	-2.107882E+3	1.234000E+0	7.433461E+16	-3.421240E+17	3.054643E-6	0.000000E+0	2.100469E-5	4.734780E-4	0.000000E+0	0.000000E+0	0.000000E+0
8.156812E+1	-2.125259E+3	1.171000E+0	-2.822382E+17	-3.573572E+17	1.733279E-6	0.000000E+0	1.803256E-5	4.698388E-4	0.000000E+0	0.000000E+0	0.000000E+0
8.726636E+1	-2.142900E+3	1.108000E+0	3.883601E+17	-5.707470E+17	4.119065E-7	0.000000E+0	1.897245E-5	4.658847E-4	0.000000E+0	0.000000E+0	0.000000E+0
8.027002E+1	-2.161941E+3	1.044000E+0	-5.199634E+17	2.162502E-18	-2.924673E-6	0.000000E+0	1.715013E-5	4.619106E-4	0.000000E+0	0.000000E+0	0.000000E+0
7.959375E+1	-2.182096E+3	9.810000E-1	-1.554615E+17	1.089551E+17	3.504720E-7	0.000000E+0	1.669375E-5	4.576661E-4	0.000000E+0	0.000000E+0	0.000000E+0
7.975146E+1	-2.202725E+3	9.180000E-1	2.547933E-18	-4.300115E-19	5.612783E-7	0.000000E+0	1.641531E-5	4.533888E-4	0.000000E+0	0.000000E+0	0.000000E+0
9.519263E+1	-2.225057E+3	8.540000E-1	-6.904437E-18	-8.377323E+16	3.864090E-6	0.000000E+0	1.919229E-5	4.486056E-4	0.000000E+0	0.000000E+0	0.000000E+0
6.961353E+1	-2.248549E+3	7.910000E-1	-4.524463E+17	2.055147E+17	-1.090302E-8	0.000000E+0	1.375539E-5	4.443054E-4	0.000000E+0	0.000000E+0	0.000000E+0
9.682544E+1	-2.272453E+3	7.280000E-1	-7.975154E-19	6.323277E-18	-1.332268E-6	0.000000E+0	1.871595E-5	4.392557E-4	0.000000E+0	0.000000E+0	0.000000E+0
9.003296E+1	-2.298029E+3	6.650000E-1	4.707204E+17	-1.630679E-19	2.964305E-6	0.000000E+0	1.702254E-5	4.344886E-4	0.000000E+0	0.000000E+0	0.000000E+0
9.319263E+1	-2.326541E+3	6.010000E-1	1.388541E-18	6.784133E-18	3.202778E-6	0.000000E+0	1.718953E-5	4.291341E-4	0.000000E+0	0.000000E+0	0.000000E+0
8.383228E+1	-2.357644E+3	5.380000E-1	4.766215E-20	4.558795E+17	1.881410E-6	0.000000E+0	1.506281E-5	4.236166E-4	0.000000E+0	0.000000E+0	0.000000E+0
6.654492E+1	-2.388171E+3	4.750000E-1	-3.851510E-18	-6.440456E-18	-4.614121E-7	0.000000E+0	1.165862E-5	4.184056E-4	0.000000E+0	0.000000E+0	0.000000E+0
7.808521E+1	-2.424499E+3	4.110000E-1	-4.316353E+17	4.857998E-18	2.841400E-6	0.000000E+0	1.327011E-5	4.120290E-4	0.000000E+0	0.000000E+0	0.000000E+0
9.812427E+1	-2.462806E+3	3.480000E-1	4.155990E+17	-1.840361E+17	-1.033564E-6	0.000000E+0	1.615203E-5	4.053974E-4	0.000000E+0	0.000000E+0	0.000000E+0
6.610767E+1	-2.503789E+3	2.850000E-1	-3.194760E-18	5.558819E-18	2.241582E-6	0.000000E+0	1.053789E-5	3.991164E-4	0.000000E+0	0.000000E+0	0.000000E+0
9.064453E+1	-2.549905E+3	2.220000E-1	-3.021231E-18	2.162610E+17	2.963101E-6	0.000000E+0	1.392339E-5	3.916765E-4	0.000000E+0	0.000000E+0	0.000000E+0
8.934155E+1	-2.602056E+3	1.580000E-1	4.697494E+17	-5.230656E+17	6.479440E-7	0.000000E+0	1.317979E-5	3.838590E-4	0.000000E+0	0.000000E+0	0.000000E+0
9.609131E+1	-2.657616E+3	9.500000E-2	-4.715167E+17	-5.481549E+17	-6.734222E-7	0.000000E+0	1.358727E-5	3.757858E-4	0.000000E+0	0.000000E+0	0.000000E+0
1.007197E+2	-2.722897E+3	3.200000E-2	-3.096135E+17	4.406614E-18	4.809704E-8	0.000000E+0	1.356620E-5	3.667541E-4	0.000000E+0	0.000000E+0	0.000000E+0
8.935254E+1	-2.796420E+3	-3.200000E-2	-9.427576E-19	-9.422141E-19	-2.241461E-7	0.000000E+0	1.141455E-5	3.572354E-4	0.000000E+0	0.000000E+0	0.000000E+0
9.530151E+1	-2.880852E+3	-9.500000E-2	-4.717429E+17	-4.921256E+17	1.518830E-6	0.000000E+0	1.147051E-5	3.467401E-4	0.000000E+0	0.000000E+0	0.000000E+0
8.940894E+1	-2.982427E+3	-1.580000E-1	-2.971689E+17	-4.956124E-18	3.772520E-6	0.000000E+0	1.004272E-5	3.349963E-4	0.000000E+0	0.000000E+0	0.000000E+0
8.168604E+1	-3.105974E+3	-2.220000E-1	-1.478400E+17	2.700613E+17	1.968107E-6	0.000000E+0	8.461589E-6	3.217377E-4	0.000000E+0	0.000000E+0	0.000000E+0
1.030693E+2	-3.259508E+3	-2.850000E-1	-2.725491E+17	1.903750E-18	1.157454E-6	0.000000E+0	9.691504E-6	3.064883E-4	0.000000E+0	0.000000E+0	0.000000E+0
1.264885E+2	-3.462912E+3	-3.480000E-1	-1.696573E+17	-6.410840E-19	2.900430E-6	0.000000E+0	1.053390E-5	2.883895E-4	0.000000E+0	0.000000E+0	0.000000E+0
1.253760E+2	-3.738733E+3	-4.110000E-1	6.414978E-18	-1.599031E-19	-1.485278E-6	0.000000E+0	8.959368E-6	2.671698E-4	0.000000E+0	0.000000E+0	0.000000E+0
1.296147E+2	-4.154007E+3	-4.750000E-1	-5.761072E+17	-4.172230E+17	7.960771E-7	0.000000E+0	7.504075E-6	2.404973E-4	0.000000E+0	0.000000E+0	0.000000E+0
1.870620E+2	-4.825702E+3	-5.380000E-1	-5.506723E-18	3.318154E+17	2.028341E-6	0.000000E+0	8.020704E-6	2.069128E-4	0.000000E+0	0.000000E+0	0.000000E+0
2.369458E+2	-6.173020E+3	-6.010000E-1	4.410889E+17	3.939340E-18	-1.335942E-6	0.000000E+0	6.208894E-6	1.617569E-4	0.000000E+0	0.000000E+0	0.000000E+0
3.339746E+2	-8.955982E+3	-6.650000E-1	3.887097E+16	1.849291E+17	-7.601193E-8	0.000000E+0	4.157991E-6	1.115022E-4	0.000000E+0	0.000000E+0	0.000000E+0
5.523242E+2	-1.347231E+4	-7.280000E-1	-1.333488E-18	6.138991E-18	6.455048E-7	0.000000E+0	3.037950E-6	7.410177E-5	0.000000E+0	0.000000E+0	0.000000E+0
1.130615E+3	-1.797807E+4	-7.910000E-1	-1.774996E-18	1.902529E-18	8.563111E-7	0.000000E+0	3.484291E-6	5.540420E-5	0.000000E+0	0.000000E+0	0.000000E+0
1.936986E+3	-2.107497E+4	-8.540000E-1	-7.520591E+15	-3.372652E-18	-4.650537E-7	0.000000E+0	4.324534E-6	4.705219E-5	0.000000E+0	0.000000E+0	0.000000E+0
2.383443E+3	-2.382677E+4	-9.180000E-1	2.088264E+17	-2.195880E+17	2.841298E-7	0.000000E+0	4.156715E-6	4.155379E-5	0.000000E+0	0.000000E+0	0.000000E+0
2.325500E+3	-2.623324E+4	-9.810000E-1	-5.375932E+16	-3.553127E+17	4.949361E-7	0.000000E+0	3.352841E-6	3.782236E-5	0.000000E+0	0.000000E+0	0.000000E+0
2.313492E+3	-2.836963E+4	-1.044000E+0	-1.183520E-18	-5.342346E-18	1.727196E-6	0.000000E+0	2.855500E-6	3.501610E-5	0.000000E+0	0.000000E+0	0.000000E+0
2.288656E+3	-3.027198E+4	-1.108000E+0	-5.203440E-18	3.830367E-18	4.335016E-7	0.000000E+0	2.483268E-6	3.284611E-5	0.000000E+0	0.000000E+0	0.000000E+0
2.184477E+3	-3.190764E+4	-1.171000E+0	3.716679E-18	4.245176E+17	2.687186E-6	0.000000E+0	2.135636E-6	3.119425E-5	0.000000E+0	0.000000E+0	0.000000E+0
2.298883E+3	-3.336973E+4	-1.234000E+0	1.593192E+15	5.157909E-18	1.876535E-6	0.000000E+0	2.054732E-6	2.982573E-5	0.000000E+0	0.000000E+0	0.000000E+0
2.275582E+3	-3.479069E+4	-1.297000E+0	-1.009562E-18	-5.687810E-18	2.087341E-6	0.000000E+0	1.872028E-6	2.862088E-5	0.000000E+0	0.000000E+0	0.000000E+0
2.164414E+3	-3.616158E+4	-1.361000E+0	-6.256276E-18	1.400744E+17	-7.385606E-7	0.000000E+0	1.649273E-6	2.755494E-5	0.000000E+0	0.000000E+0	0.000000E+0
2.138016E+3	-3.714642E+4	-1.424000E+0	2.698511E+17	2.403843E+17	1.515131E-6	0.000000E+0	1.544332E-6	2.683161E-5	0.000000E+0	0.000000E+0	0.000000E+0
2.144313E+3	-3.816120E+4	-1.487000E+0	-3.870921E-18	-2.240669E+17	7.044800E-7	0.000000E+0	1.467828E-6	2.612215E-5	0.000000E+0	0.000000E+0	0.000000E+0
2.082754E+3	-3.914799E+4	-1.551000E+0	8.607266E+16	4.249670E-18	1.964407E-6	0.000000E+0	1.355163E-6	2.547200E-5	0.000000E+0	0.000000E+0	0.000000E+0
2.065984E+3	-4.007353E+4	-1.614000E+0	2.127762E-18	3.276064E+15	2.685949E-6	0.000000E+0	1.283095E-6	2.488798E-5	0.000000E+0	0.000000E+0	0.000000E+0
2.335578E+3	-4.079820E+4	-1.677000E+0	-4.960952E+17	1.187967E+17	8.538191E-7	0.000000E+0	1.398593E-6	2.443082E-5	0.000000E+0	0.000000E+0	0.000000E+0
2.291152E+3	-4.118287E+4	-1.741000E+0	-6.504745E+16	2.381170E+17	4.667374E-6	0.000000E+0	1.346724E-6	2.420702E-5	0.000000E+0	0.000000E+0	0.000000E+0
2.487723E+3	-4.164971E+4	-1.804000E+0	5.725577E-18	5.135446E+17	-2.290471E-7	0.000000E+0	1.428997E-6	2.392442E-5	0.000000E+0	0.000000E+0	0.000000E+0
2.110930E+3	-4.216566E+4	-1.867000E+0	-5.521899E-18	3.493290E-18	2.535351E-6	0.000000E+0	1.184320E-6	2.365669E-5	0.000000E+0	0.000000E+0	0.000000E+0
2.110840E+3	-4.245884E+4	-1.930000E+0	2.907620E+17	-1.496570E-18	2.235414E-6	0.000000E+0	1.168011E-6	2.349415E-5	0.000000E+0	0.000000E+0	0.000000E+0
1.979031E+3	-4.248245E+4	-1.994000E+0	-2.653265E-18	4.671199E-18	2.984634E-6	0.000000E+0	1.094188E-6	2.348816E-5	0.000000E+0	0.000000E+0	0.000000E+0
2.153082E+3	-4.258963E+4	-2.057000E+0	6.288337E-18	-3.929323E-18	4.216883E-6	0.000000E+0	1.183980E-6	2.342004E-5	0.000000E+0	0.000000E+0	0.000000E+0
2.203414E+3	-4.270041E+4	-2.120000E+0	8.250878E-19	2.832624E+17	1.363325E-6	0.000000E+0	1.205250E-6	2.335679E-5	0.000000E+0	0.000000E+0	0.000000E+0
2.195512E+3	-4.258366E+4	-2.184000E+0	4.553607E+17	-2.686618E+17	3.133973E-6	0.000000E+0	1.207527E-6	2.342093E-5	0.000000E+0	0.000000E+0	0.000000E+0
2.121813E+3	-4.270463E+4	-2.247000E+0	2.517955E+17	3.793721E+16	2.834087E-6	0.000000E+0	1.160610E-6	2.335900E-5	0.000000E+0	0.000000E+0	0.000000E+0
1.977027E+3	-4.212488E+4	-2.310000E+0	-6.194311E-18	5.356043E+17	3.555571E-6	0.000000E+0	1.111680E-6	2.368677E-5	0.000000E+0	0.000000E+0	0.000000E+0
2.350566E+3	-4.224727E+4	-2.373000E+0	-5.704702E+17	6.513754E+16	7.020572E-7	0.000000E+0	1.312904E-6	2.359712E-5	0.000000E+0	0.000000E+0	0.000000E+0
2.271082E+3	-4.201359E+4	-2.437000E+0	-4.691026E+17	6.689522E-18	1.451219E-6	0.000000E+0	1.282880E-6	2.373247E-5	0.000000E+0	0.000000E+0	0.000000E+0
2.290574E+3	-4.166930E+4	-2.500000E+0	-3.567381E+17	-4.286482E-18	1.151348E-6	0.000000E+0	1.315230E-6	2.392618E-5	0.000000E+0	0.000000E+0	0.000000E+0
