Real / Ohm	Ximag / Ohm	V_DC / V	I_a c / A	V_ac / V	I_DC / A
1.998218E+2	8.155716E+0	2.500000E+0	-9.275714E-19	-3.780148E-18	5.060460E-3	1.000000E+6	4.996136E-3	-2.039170E-4	0.000000E+0	0.000000E+0	0.000000E+0
4.027161E+2	-2.653470E+1	2.437000E+0	-1.137863E-18	-4.190346E+17	3.518284E-3	0.000000E+0	2.472405E-3	1.629052E-4	0.000000E+0	0.000000E+0	0.000000E+0
4.047703E+2	-2.924017E+1	2.373000E+0	6.653843E-18	-4.395667E+17	3.417400E-3	0.000000E+0	2.457712E-3	1.775424E-4	0.000000E+0	0.000000E+0	0.000000E+0
4.575168E+2	-4.167905E+1	2.310000E+0	-3.128310E+17	-2.708651E-18	3.288908E-3	0.000000E+0	2.167722E-3	1.974760E-4	0.000000E+0	0.000000E+0	0.000000E+0
5.087961E+2	-5.440695E+1	2.247000E+0	2.587907E+17	-4.414579E-18	3.167566E-3	0.000000E+0	1.943204E-3	2.077921E-4	0.000000E+0	0.000000E+0	0.000000E+0
5.411787E+2	-6.365796E+1	2.184000E+0	-5.351625E-18	2.391872E+17	3.037032E-3	0.000000E+0	1.822600E-3	2.143895E-4	0.000000E+0	0.000000E+0	0.000000E+0
5.700730E+2	-6.872223E+1	2.120000E+0	3.389191E+17	1.295985E-19	2.906525E-3	0.000000E+0	1.729035E-3	2.084349E-4	0.000000E+0	0.000000E+0	0.000000E+0
5.891182E+2	-7.770770E+1	2.057000E+0	5.785078E-19	6.301025E-18	2.812251E-3	0.000000E+0	1.668423E-3	2.200736E-4	0.000000E+0	0.000000E+0	0.000000E+0
6.096012E+2	-8.411969E+1	1.994000E+0	-2.769006E-18	1.441508E+17	2.712360E-3	0.000000E+0	1.609764E-3	2.221335E-4	0.000000E+0	0.000000E+0	0.000000E+0
6.210686E+2	-8.825305E+1	1.930000E+0	-1.980656E+17	1.958093E+16	2.633437E-3	0.000000E+0	1.578260E-3	2.242687E-4	0.000000E+0	0.000000E+0	0.000000E+0
6.421443E+2	-9.056000E+1	1.867000E+0	2.915631E-18	5.325299E+16	2.541206E-3	0.000000E+0	1.526914E-3	2.153368E-4	0.000000E+0	0.000000E+0	0.000000E+0
6.374761E+2	-9.172601E+1	1.804000E+0	2.579781E+17	4.569561E-19	2.434676E-3	0.000000E+0	1.536867E-3	2.211387E-4	0.000000E+0	0.000000E+0	0.000000E+0
6.481373E+2	-9.370715E+1	1.741000E+0	5.241939E+17	-4.155966E-18	2.368493E-3	0.000000E+0	1.511292E-3	2.185014E-4	0.000000E+0	0.000000E+0	0.000000E+0
6.566499E+2	-9.486737E+1	1.677000E+0	-2.680825E+17	-5.492346E+17	2.267097E-3	0.000000E+0	1.491746E-3	2.155151E-4	0.000000E+0	0.000000E+0	0.000000E+0
6.635914E+2	-9.694385E+1	1.614000E+0	1.676929E-18	4.035830E-18	2.186102E-3	0.000000E+0	1.475462E-3	2.155497E-4	0.000000E+0	0.000000E+0	0.000000E+0
6.770299E+2	-9.903876E+1	1.551000E+0	4.020355E+17	1.967767E+17	2.091318E-3	0.000000E+0	1.446095E-3	2.115408E-4	0.000000E+0	0.000000E+0	0.000000E+0
6.920206E+2	-1.009336E+2	1.487000E+0	9.225665E+16	2.296609E-18	1.986858E-3	0.000000E+0	1.414943E-3	2.063744E-4	0.000000E+0	0.000000E+0	0.000000E+0
6.884574E+2	-1.019612E+2	1.424000E+0	-5.656005E-19	1.659667E-18	1.899735E-3	0.000000E+0	1.421347E-3	2.105029E-4	0.000000E+0	0.000000E+0	0.000000E+0
6.927740E+2	-1.010831E+2	1.361000E+0	5.364322E+17	-2.871880E+17	1.813634E-3	0.000000E+0	1.413381E-3	2.062274E-4	0.000000E+0	0.000000E+0	0.000000E+0
6.991656E+2	-1.004924E+2	1.297000E+0	4.345462E+17	8.421242E+16	1.738285E-3	0.000000E+0	1.401327E-3	2.014153E-4	0.000000E+0	0.000000E+0	0.000000E+0
7.017656E+2	-9.939410E+1	1.234000E+0	7.433461E+16	-3.421240E+17	1.671591E-3	0.000000E+0	1.396954E-3	1.978566E-4	0.000000E+0	0.000000E+0	0.000000E+0
7.076537E+2	-9.771277E+1	1.171000E+0	-2.822382E+17	-3.573572E+17	1.600300E-3	0.000000E+0	1.386682E-3	1.914729E-4	0.000000E+0	0.000000E+0	0.000000E+0
7.034292E+2	-9.686316E+1	1.108000E+0	3.883601E+17	-5.707470E+17	1.506538E-3	0.000000E+0	1.395153E-3	1.921144E-4	0.000000E+0	0.000000E+0	0.000000E+0
7.065021E+2	-9.578033E+1	1.044000E+0	-5.199634E+17	2.162502E-18	1.421996E-3	0.000000E+0	1.389879E-3	1.884256E-4	0.000000E+0	0.000000E+0	0.000000E+0
7.074478E+2	-9.453314E+1	9.810000E-1	-1.554615E+17	1.089551E+17	1.342023E-3	0.000000E+0	1.388735E-3	1.855705E-4	0.000000E+0	0.000000E+0	0.000000E+0
7.155549E+2	-9.478717E+1	9.180000E-1	2.547933E-18	-4.300115E-19	1.258475E-3	0.000000E+0	1.373417E-3	1.819320E-4	0.000000E+0	0.000000E+0	0.000000E+0
7.219647E+2	-9.540295E+1	8.540000E-1	-6.904437E-18	-8.377323E+16	1.181594E-3	0.000000E+0	1.361338E-3	1.798919E-4	0.000000E+0	0.000000E+0	0.000000E+0
7.384591E+2	-9.557477E+1	7.910000E-1	-4.524463E+17	2.055147E+17	1.087321E-3	0.000000E+0	1.331861E-3	1.723756E-4	0.000000E+0	0.000000E+0	0.000000E+0
7.252208E+2	-9.514453E+1	7.280000E-1	-7.975154E-19	6.323277E-18	1.001219E-3	0.000000E+0	1.355559E-3	1.778410E-4	0.000000E+0	0.000000E+0	0.000000E+0
7.199727E+2	-9.254669E+1	6.650000E-1	4.707204E+17	-1.630679E-19	9.253323E-4	0.000000E+0	1.366365E-3	1.756352E-4	0.000000E+0	0.000000E+0	0.000000E+0
7.141185E+2	-8.860327E+1	6.010000E-1	1.388541E-18	6.784133E-18	8.305762E-4	0.000000E+0	1.379098E-3	1.711096E-4	0.000000E+0	0.000000E+0	0.000000E+0
7.077583E+2	-8.411328E+1	5.380000E-1	4.766215E-20	4.558795E+17	7.618391E-4	0.000000E+0	1.393234E-3	1.655783E-4	0.000000E+0	0.000000E+0	0.000000E+0
7.091963E+2	-8.025641E+1	4.750000E-1	-3.851510E-18	-6.440456E-18	6.879949E-4	0.000000E+0	1.392218E-3	1.575507E-4	0.000000E+0	0.000000E+0	0.000000E+0
7.029735E+2	-7.667676E+1	4.110000E-1	-4.316353E+17	4.857998E-18	5.973246E-4	0.000000E+0	1.405803E-3	1.533379E-4	0.000000E+0	0.000000E+0	0.000000E+0
6.911483E+2	-7.357629E+1	3.480000E-1	4.155990E+17	-1.840361E+17	5.010084E-4	0.000000E+0	1.430654E-3	1.523005E-4	0.000000E+0	0.000000E+0	0.000000E+0
6.805912E+2	-6.941577E+1	2.850000E-1	-3.194760E-18	5.558819E-18	4.123532E-4	0.000000E+0	1.454183E-3	1.483170E-4	0.000000E+0	0.000000E+0	0.000000E+0
6.770863E+2	-6.529059E+1	2.220000E-1	-3.021231E-18	2.162610E+17	3.257408E-4	0.000000E+0	1.463310E-3	1.411052E-4	0.000000E+0	0.000000E+0	0.000000E+0
6.684315E+2	-6.168475E+1	1.580000E-1	4.697494E+17	-5.230656E+17	2.422206E-4	0.000000E+0	1.483407E-3	1.368930E-4	0.000000E+0	0.000000E+0	0.000000E+0
6.677374E+2	-5.798865E+1	9.500000E-2	-4.715167E+17	-5.481549E+17	1.433508E-4	0.000000E+0	1.486385E-3	1.290828E-4	0.000000E+0	0.000000E+0	0.000000E+0
6.480922E+2	-5.355957E+1	3.200000E-2	-3.096135E+17	4.406614E-18	5.163126E-5	0.000000E+0	1.532524E-3	1.266507E-4	0.000000E+0	0.000000E+0	0.000000E+0
6.361908E+2	-4.916797E+1	-3.200000E-2	-9.427576E-19	-9.422141E-19	-4.465723E-5	0.000000E+0	1.562523E-3	1.207595E-4	0.000000E+0	0.000000E+0	0.000000E+0
6.406232E+2	-4.712878E+1	-9.500000E-2	-4.717429E+17	-4.921256E+17	-1.425055E-4	0.000000E+0	1.552577E-3	1.142186E-4	0.000000E+0	0.000000E+0	0.000000E+0
6.810096E+2	-5.270306E+1	-1.580000E-1	-2.971689E+17	-4.956124E-18	-2.429074E-4	0.000000E+0	1.459666E-3	1.129630E-4	0.000000E+0	0.000000E+0	0.000000E+0
8.432395E+2	-7.769818E+1	-2.220000E-1	-1.478400E+17	2.700613E+17	-3.315351E-4	0.000000E+0	1.175919E-3	1.083521E-4	0.000000E+0	0.000000E+0	0.000000E+0
1.114075E+3	-1.375233E+2	-2.850000E-1	-2.725491E+17	1.903750E-18	-4.048686E-4	0.000000E+0	8.841333E-4	1.091389E-4	0.000000E+0	0.000000E+0	0.000000E+0
1.263728E+3	-1.657788E+2	-3.480000E-1	-1.696573E+17	-6.410840E-19	-4.654340E-4	0.000000E+0	7.779224E-4	1.020497E-4	0.000000E+0	0.000000E+0	0.000000E+0
1.351848E+3	-1.752628E+2	-4.110000E-1	6.414978E-18	-1.599031E-19	-5.428533E-4	0.000000E+0	7.275001E-4	9.431808E-5	0.000000E+0	0.000000E+0	0.000000E+0
1.433556E+3	-1.797499E+2	-4.750000E-1	-5.761072E+17	-4.172230E+17	-6.258629E-4	0.000000E+0	6.867687E-4	8.611216E-5	0.000000E+0	0.000000E+0	0.000000E+0
1.506508E+3	-1.785396E+2	-5.380000E-1	-5.506723E-18	3.318154E+17	-7.155396E-4	0.000000E+0	6.545929E-4	7.757725E-5	0.000000E+0	0.000000E+0	0.000000E+0
1.605486E+3	-1.777980E+2	-6.010000E-1	4.410889E+17	3.939340E-18	-7.960233E-4	0.000000E+0	6.153179E-4	6.814279E-5	0.000000E+0	0.000000E+0	0.000000E+0
1.667851E+3	-1.527166E+2	-6.650000E-1	3.887097E+16	1.849291E+17	-8.677971E-4	0.000000E+0	5.945888E-4	5.444346E-5	0.000000E+0	0.000000E+0	0.000000E+0
1.713271E+3	-1.211747E+2	-7.280000E-1	-1.333488E-18	6.138991E-18	-9.462377E-4	0.000000E+0	5.807736E-4	4.107644E-5	0.000000E+0	0.000000E+0	0.000000E+0
1.690493E+3	-8.070667E+1	-7.910000E-1	-1.774996E-18	1.902529E-18	-1.022125E-3	0.000000E+0	5.901982E-4	2.817695E-5	0.000000E+0	0.000000E+0	0.000000E+0
1.607857E+3	-5.346875E+1	-8.540000E-1	-7.520591E+15	-3.372652E-18	-1.093926E-3	0.000000E+0	6.212588E-4	2.065976E-5	0.000000E+0	0.000000E+0	0.000000E+0
1.462282E+3	-1.915833E+1	-9.180000E-1	2.088264E+17	-2.195880E+17	-1.184597E-3	0.000000E+0	6.837453E-4	8.958202E-6	0.000000E+0	0.000000E+0	0.000000E+0
1.333687E+3	-5.700562E+0	-9.810000E-1	-5.375932E+16	-3.553127E+17	-1.282956E-3	0.000000E+0	7.497874E-4	3.204807E-6	0.000000E+0	0.000000E+0	0.000000E+0
1.211769E+3	3.564697E+0	-1.044000E+0	-1.183520E-18	-5.342346E-18	-1.332285E-3	0.000000E+0	8.252327E-4	-2.427612E-6	0.000000E+0	0.000000E+0	0.000000E+0
1.158629E+3	6.130615E+0	-1.108000E+0	-5.203440E-18	3.830367E-18	-1.431638E-3	0.000000E+0	8.630649E-4	-4.566706E-6	0.000000E+0	0.000000E+0	0.000000E+0
1.044511E+3	7.310547E+0	-1.171000E+0	3.716679E-18	4.245176E+17	-1.486585E-3	0.000000E+0	9.573389E-4	-6.700428E-6	0.000000E+0	0.000000E+0	0.000000E+0
9.302028E+2	8.021606E+0	-1.234000E+0	1.593192E+15	5.157909E-18	-1.590562E-3	0.000000E+0	1.074954E-3	-9.269872E-6	0.000000E+0	0.000000E+0	0.000000E+0
9.008909E+2	6.126038E+0	-1.297000E+0	-1.009562E-18	-5.687810E-18	-1.653170E-3	0.000000E+0	1.109961E-3	-7.547710E-6	0.000000E+0	0.000000E+0	0.000000E+0
8.358909E+2	4.916199E+0	-1.361000E+0	-6.256276E-18	1.400744E+17	-1.769378E-3	0.000000E+0	1.196287E-3	-7.035828E-6	0.000000E+0	0.000000E+0	0.000000E+0
7.658446E+2	2.902710E+0	-1.424000E+0	2.698511E+17	2.403843E+17	-1.820239E-3	0.000000E+0	1.305729E-3	-4.948985E-6	0.000000E+0	0.000000E+0	0.000000E+0
7.089490E+2	1.951294E-1	-1.487000E+0	-3.870921E-18	-2.240669E+17	-1.915534E-3	0.000000E+0	1.410539E-3	-3.882332E-7	0.000000E+0	0.000000E+0	0.000000E+0
6.319806E+2	-2.894165E+0	-1.551000E+0	8.607266E+16	4.249670E-18	-2.021526E-3	0.000000E+0	1.582294E-3	7.246139E-6	0.000000E+0	0.000000E+0	0.000000E+0
5.961423E+2	-4.729950E+0	-1.614000E+0	2.127762E-18	3.276064E+15	-2.170957E-3	0.000000E+0	1.677346E-3	1.330851E-5	0.000000E+0	0.000000E+0	0.000000E+0
5.468556E+2	-6.241425E+0	-1.677000E+0	-4.960952E+17	1.187967E+17	-2.286681E-3	0.000000E+0	1.828398E-3	2.086805E-5	0.000000E+0	0.000000E+0	0.000000E+0
5.164663E+2	-7.417480E+0	-1.741000E+0	-6.504745E+16	2.381170E+17	-2.447321E-3	0.000000E+0	1.935835E-3	2.780244E-5	0.000000E+0	0.000000E+0	0.000000E+0
4.901502E+2	-7.790131E+0	-1.804000E+0	5.725577E-18	5.135446E+17	-2.613096E-3	0.000000E+0	2.039676E-3	3.241729E-5	0.000000E+0	0.000000E+0	0.000000E+0
4.706868E+2	-8.204010E+0	-1.867000E+0	-5.521899E-18	3.493290E-18	-2.756398E-3	0.000000E+0	2.123910E-3	3.701947E-5	0.000000E+0	0.000000E+0	0.000000E+0
4.777062E+2	-8.428864E+0	-1.930000E+0	2.907620E+17	-1.496570E-18	-2.900212E-3	0.000000E+0	2.092685E-3	3.692429E-5	0.000000E+0	0.000000E+0	0.000000E+0
1.922170E+4	-1.006794E+4	-1.994000E+0	-2.653265E-18	4.671199E-18	-2.892312E-3	0.000000E+0	4.082452E-5	2.138306E-5	0.000000E+0	0.000000E+0	0.000000E+0
2.313882E+4	-1.104311E+4	-2.057000E+0	6.288337E-18	-3.929323E-18	-1.672280E-5	0.000000E+0	3.519987E-5	1.679930E-5	0.000000E+0	0.000000E+0	0.000000E+0
2.441596E+4	-1.140348E+4	-2.120000E+0	8.250878E-19	2.832624E+17	-1.446910E-5	0.000000E+0	3.362253E-5	1.570341E-5	0.000000E+0	0.000000E+0	0.000000E+0
2.576340E+4	-1.201941E+4	-2.184000E+0	4.553607E+17	-2.686618E+17	-1.116631E-5	0.000000E+0	3.187676E-5	1.487148E-5	0.000000E+0	0.000000E+0	0.000000E+0
2.419546E+4	-9.321535E+3	-2.247000E+0	2.517955E+17	3.793721E+16	-1.453054E-5	0.000000E+0	3.598848E-5	1.386491E-5	0.000000E+0	0.000000E+0	0.000000E+0
2.091573E+4	-6.295242E+3	-2.310000E+0	-6.194311E-18	5.356043E+17	-1.534120E-5	0.000000E+0	4.383950E-5	1.319487E-5	0.000000E+0	0.000000E+0	0.000000E+0
1.984833E+4	-5.370279E+3	-2.373000E+0	-5.704702E+17	6.513754E+16	-3.300577E-5	0.000000E+0	4.694540E-5	1.270182E-5	0.000000E+0	0.000000E+0	0.000000E+0
2.997456E+4	-1.424145E+4	-2.437000E+0	-4.691026E+17	6.689522E-18	-2.868149E-5	0.000000E+0	2.721760E-5	1.293157E-5	0.000000E+0	0.000000E+0	0.000000E+0
3.248732E+4	-1.905065E+4	-2.500000E+0	-3.567381E+17	-4.286482E-18	-1.519185E-5	0.000000E+0	2.290496E-5	1.343153E-5	0.000000E+0	0.000000E+0	0.000000E+0
