Real / Ohm	Ximag / Ohm	V_DC / V	I_a c / A	V_ac / V	I_DC / A
2.319929E+2	-4.359619E+0	2.500000E+0	-9.275714E-19	-3.780148E-18	1.078364E-2	1.778279E+6	4.308955E-3	8.097404E-5	0.000000E+0	0.000000E+0	0.000000E+0
2.637614E+2	-6.372223E+0	2.437000E+0	-1.137863E-18	-4.190346E+17	1.064544E-2	0.000000E+0	3.789094E-3	9.154088E-5	0.000000E+0	0.000000E+0	0.000000E+0
2.657345E+2	-7.393433E+0	2.373000E+0	6.653843E-18	-4.395667E+17	9.089503E-3	0.000000E+0	3.760244E-3	1.046199E-4	0.000000E+0	0.000000E+0	0.000000E+0
2.641439E+2	-8.567902E+0	2.310000E+0	-3.128310E+17	-2.708651E-18	8.910449E-3	0.000000E+0	3.781836E-3	1.226695E-4	0.000000E+0	0.000000E+0	0.000000E+0
2.583256E+2	-8.206024E+0	2.247000E+0	2.587907E+17	-4.414579E-18	8.677769E-3	0.000000E+0	3.867181E-3	1.228457E-4	0.000000E+0	0.000000E+0	0.000000E+0
2.693711E+2	-1.039346E+1	2.184000E+0	-5.351625E-18	2.391872E+17	8.439472E-3	0.000000E+0	3.706832E-3	1.430250E-4	0.000000E+0	0.000000E+0	0.000000E+0
2.677076E+2	-1.119153E+1	2.120000E+0	3.389191E+17	1.295985E-19	8.088332E-3	0.000000E+0	3.728902E-3	1.558869E-4	0.000000E+0	0.000000E+0	0.000000E+0
2.694980E+2	-1.285779E+1	2.057000E+0	5.785078E-19	6.301025E-18	8.008359E-3	0.000000E+0	3.702176E-3	1.766314E-4	0.000000E+0	0.000000E+0	0.000000E+0
2.688567E+2	-1.428192E+1	1.994000E+0	-2.769006E-18	1.441508E+17	7.680686E-3	0.000000E+0	3.708987E-3	1.970249E-4	0.000000E+0	0.000000E+0	0.000000E+0
2.617973E+2	-1.174060E+1	1.930000E+0	-1.980656E+17	1.958093E+16	7.478167E-3	0.000000E+0	3.812082E-3	1.709572E-4	0.000000E+0	0.000000E+0	0.000000E+0
2.554006E+2	-1.558447E+1	1.867000E+0	2.915631E-18	5.325299E+16	7.385937E-3	0.000000E+0	3.900893E-3	2.380314E-4	0.000000E+0	0.000000E+0	0.000000E+0
2.303978E+2	-1.066658E+1	1.804000E+0	2.579781E+17	4.569561E-19	8.170618E-3	0.000000E+0	4.331036E-3	2.005112E-4	0.000000E+0	0.000000E+0	0.000000E+0
2.484724E+2	-1.675964E+1	1.741000E+0	5.241939E+17	-4.155966E-18	7.047748E-3	0.000000E+0	4.006365E-3	2.702321E-4	0.000000E+0	0.000000E+0	0.000000E+0
2.487221E+2	-1.928534E+1	1.677000E+0	-2.680825E+17	-5.492346E+17	7.013768E-3	0.000000E+0	3.996524E-3	3.098813E-4	0.000000E+0	0.000000E+0	0.000000E+0
2.452500E+2	-1.974561E+1	1.614000E+0	1.676929E-18	4.035830E-18	6.674347E-3	0.000000E+0	4.051211E-3	3.261718E-4	0.000000E+0	0.000000E+0	0.000000E+0
2.452823E+2	-2.125009E+1	1.551000E+0	4.020355E+17	1.967767E+17	6.212863E-3	0.000000E+0	4.046563E-3	3.505749E-4	0.000000E+0	0.000000E+0	0.000000E+0
2.473280E+2	-2.356155E+1	1.487000E+0	9.225665E+16	2.296609E-18	6.003194E-3	0.000000E+0	4.006850E-3	3.817102E-4	0.000000E+0	0.000000E+0	0.000000E+0
2.332019E+2	-2.200607E+1	1.424000E+0	-5.656005E-19	1.659667E-18	5.707696E-3	0.000000E+0	4.250282E-3	4.010774E-4	0.000000E+0	0.000000E+0	0.000000E+0
2.401442E+2	-2.593784E+1	1.361000E+0	5.364322E+17	-2.871880E+17	5.883595E-3	0.000000E+0	4.116146E-3	4.445826E-4	0.000000E+0	0.000000E+0	0.000000E+0
2.395995E+2	-2.739642E+1	1.297000E+0	4.345462E+17	8.421242E+16	5.209167E-3	0.000000E+0	4.119769E-3	4.710649E-4	0.000000E+0	0.000000E+0	0.000000E+0
2.333867E+2	-2.813773E+1	1.234000E+0	7.433461E+16	-3.421240E+17	4.956058E-3	0.000000E+0	4.223346E-3	5.091780E-4	0.000000E+0	0.000000E+0	0.000000E+0
2.266679E+2	-2.695747E+1	1.171000E+0	-2.822382E+17	-3.573572E+17	4.842377E-3	0.000000E+0	4.350210E-3	5.173678E-4	0.000000E+0	0.000000E+0	0.000000E+0
1.987798E+2	-2.308000E+1	1.108000E+0	3.883601E+17	-5.707470E+17	4.925326E-3	0.000000E+0	4.963775E-3	5.763358E-4	0.000000E+0	0.000000E+0	0.000000E+0
2.244221E+2	-2.817938E+1	1.044000E+0	-5.199634E+17	2.162502E-18	4.397986E-3	0.000000E+0	4.386726E-3	5.508158E-4	0.000000E+0	0.000000E+0	0.000000E+0
2.150209E+2	-2.730719E+1	9.810000E-1	-1.554615E+17	1.089551E+17	4.393600E-3	0.000000E+0	4.576893E-3	5.812555E-4	0.000000E+0	0.000000E+0	0.000000E+0
2.213337E+2	-2.989586E+1	9.180000E-1	2.547933E-18	-4.300115E-19	3.794221E-3	0.000000E+0	4.437113E-3	5.993272E-4	0.000000E+0	0.000000E+0	0.000000E+0
2.205853E+2	-3.062083E+1	8.540000E-1	-6.904437E-18	-8.377323E+16	3.528883E-3	0.000000E+0	4.447687E-3	6.174113E-4	0.000000E+0	0.000000E+0	0.000000E+0
2.171207E+2	-3.237587E+1	7.910000E-1	-4.524463E+17	2.055147E+17	3.251260E-3	0.000000E+0	4.505551E-3	6.718436E-4	0.000000E+0	0.000000E+0	0.000000E+0
2.161478E+2	-3.335071E+1	7.280000E-1	-7.975154E-19	6.323277E-18	3.029305E-3	0.000000E+0	4.518882E-3	6.972448E-4	0.000000E+0	0.000000E+0	0.000000E+0
2.156892E+2	-3.525464E+1	6.650000E-1	4.707204E+17	-1.630679E-19	2.737893E-3	0.000000E+0	4.515659E-3	7.380895E-4	0.000000E+0	0.000000E+0	0.000000E+0
2.154034E+2	-3.614453E+1	6.010000E-1	1.388541E-18	6.784133E-18	2.497069E-3	0.000000E+0	4.515316E-3	7.576667E-4	0.000000E+0	0.000000E+0	0.000000E+0
2.070500E+2	-3.877194E+1	5.380000E-1	4.766215E-20	4.558795E+17	2.184206E-3	0.000000E+0	4.666129E-3	8.737739E-4	0.000000E+0	0.000000E+0	0.000000E+0
1.890095E+2	-3.527954E+1	4.750000E-1	-3.851510E-18	-6.440456E-18	2.004131E-3	0.000000E+0	5.112616E-3	9.542945E-4	0.000000E+0	0.000000E+0	0.000000E+0
1.805087E+2	-3.321838E+1	4.110000E-1	-4.316353E+17	4.857998E-18	2.059528E-3	0.000000E+0	5.358432E-3	9.860933E-4	0.000000E+0	0.000000E+0	0.000000E+0
2.092637E+2	-3.643178E+1	3.480000E-1	4.155990E+17	-1.840361E+17	1.728279E-3	0.000000E+0	4.638084E-3	8.074675E-4	0.000000E+0	0.000000E+0	0.000000E+0
2.080541E+2	-3.635681E+1	2.850000E-1	-3.194760E-18	5.558819E-18	1.186611E-3	0.000000E+0	4.664019E-3	8.150230E-4	0.000000E+0	0.000000E+0	0.000000E+0
2.094687E+2	-3.768069E+1	2.220000E-1	-3.021231E-18	2.162610E+17	9.386101E-4	0.000000E+0	4.624342E-3	8.318589E-4	0.000000E+0	0.000000E+0	0.000000E+0
2.087991E+2	-3.782977E+1	1.580000E-1	4.697494E+17	-5.230656E+17	6.717398E-4	0.000000E+0	4.637079E-3	8.401359E-4	0.000000E+0	0.000000E+0	0.000000E+0
2.073642E+2	-3.978093E+1	9.500000E-2	-4.715167E+17	-5.481549E+17	4.165884E-4	0.000000E+0	4.651253E-3	8.923005E-4	0.000000E+0	0.000000E+0	0.000000E+0
2.054052E+2	-4.028755E+1	3.200000E-2	-3.096135E+17	4.406614E-18	1.558190E-4	0.000000E+0	4.688077E-3	9.195051E-4	0.000000E+0	0.000000E+0	0.000000E+0
2.044329E+2	-4.240738E+1	-3.200000E-2	-9.427576E-19	-9.422141E-19	-1.319911E-4	0.000000E+0	4.689775E-3	9.728428E-4	0.000000E+0	0.000000E+0	0.000000E+0
1.988341E+2	-4.515283E+1	-9.500000E-2	-4.717429E+17	-4.921256E+17	-3.733530E-4	0.000000E+0	4.782681E-3	1.086089E-3	0.000000E+0	0.000000E+0	0.000000E+0
1.941599E+2	-4.669139E+1	-1.580000E-1	-2.971689E+17	-4.956124E-18	-6.269723E-4	0.000000E+0	4.868829E-3	1.170851E-3	0.000000E+0	0.000000E+0	0.000000E+0
1.946210E+2	-4.243723E+1	-2.220000E-1	-1.478400E+17	2.700613E+17	-8.963963E-4	0.000000E+0	4.904979E-3	1.069534E-3	0.000000E+0	0.000000E+0	0.000000E+0
1.815519E+2	-4.507240E+1	-2.850000E-1	-2.725491E+17	1.903750E-18	-1.418146E-3	0.000000E+0	5.188292E-3	1.288055E-3	0.000000E+0	0.000000E+0	0.000000E+0
1.991751E+2	-4.246445E+1	-3.480000E-1	-1.696573E+17	-6.410840E-19	-1.533359E-3	0.000000E+0	4.802415E-3	1.023882E-3	0.000000E+0	0.000000E+0	0.000000E+0
1.924329E+2	-4.599292E+1	-4.110000E-1	6.414978E-18	-1.599031E-19	-1.676661E-3	0.000000E+0	4.915803E-3	1.174914E-3	0.000000E+0	0.000000E+0	0.000000E+0
1.814960E+2	-4.393338E+1	-4.750000E-1	-5.761072E+17	-4.172230E+17	-1.961918E-3	0.000000E+0	5.204792E-3	1.259885E-3	0.000000E+0	0.000000E+0	0.000000E+0
1.987142E+2	-4.304689E+1	-5.380000E-1	-5.506723E-18	3.318154E+17	-2.239541E-3	0.000000E+0	4.806784E-3	1.041280E-3	0.000000E+0	0.000000E+0	0.000000E+0
1.968303E+2	-4.436052E+1	-6.010000E-1	4.410889E+17	3.939340E-18	-2.693875E-3	0.000000E+0	4.834935E-3	1.089671E-3	0.000000E+0	0.000000E+0	0.000000E+0
1.948771E+2	-4.460521E+1	-6.650000E-1	3.887097E+16	1.849291E+17	-2.782503E-3	0.000000E+0	4.875986E-3	1.116059E-3	0.000000E+0	0.000000E+0	0.000000E+0
1.970050E+2	-4.486351E+1	-7.280000E-1	-1.333488E-18	6.138991E-18	-3.069830E-3	0.000000E+0	4.825750E-3	1.098957E-3	0.000000E+0	0.000000E+0	0.000000E+0
1.926305E+2	-4.798569E+1	-7.910000E-1	-1.774996E-18	1.902529E-18	-3.285145E-3	0.000000E+0	4.887966E-3	1.217629E-3	0.000000E+0	0.000000E+0	0.000000E+0
1.915773E+2	-4.741496E+1	-8.540000E-1	-7.520591E+15	-3.372652E-18	-3.564300E-3	0.000000E+0	4.918539E-3	1.217328E-3	0.000000E+0	0.000000E+0	0.000000E+0
1.925652E+2	-4.561145E+1	-9.180000E-1	2.088264E+17	-2.195880E+17	-3.907269E-3	0.000000E+0	4.917174E-3	1.164694E-3	0.000000E+0	0.000000E+0	0.000000E+0
1.871501E+2	-4.945433E+1	-9.810000E-1	-5.375932E+16	-3.553127E+17	-4.266608E-3	0.000000E+0	4.994546E-3	1.319807E-3	0.000000E+0	0.000000E+0	0.000000E+0
2.027342E+2	-4.448584E+1	-1.044000E+0	-1.183520E-18	-5.342346E-18	-4.669359E-3	0.000000E+0	4.705978E-3	1.032630E-3	0.000000E+0	0.000000E+0	0.000000E+0
2.007640E+2	-4.994440E+1	-1.108000E+0	-5.203440E-18	3.830367E-18	-4.619069E-3	0.000000E+0	4.690679E-3	1.166908E-3	0.000000E+0	0.000000E+0	0.000000E+0
2.046160E+2	-4.618987E+1	-1.171000E+0	3.716679E-18	4.245176E+17	-4.985559E-3	0.000000E+0	4.650236E-3	1.049741E-3	0.000000E+0	0.000000E+0	0.000000E+0
2.177721E+2	-4.455984E+1	-1.234000E+0	1.593192E+15	5.157909E-18	-5.175338E-3	0.000000E+0	4.407426E-3	9.018336E-4	0.000000E+0	0.000000E+0	0.000000E+0
2.235879E+2	-4.566690E+1	-1.297000E+0	-1.009562E-18	-5.687810E-18	-5.359498E-3	0.000000E+0	4.293409E-3	8.769109E-4	0.000000E+0	0.000000E+0	0.000000E+0
2.321512E+2	-4.741803E+1	-1.361000E+0	-6.256276E-18	1.400744E+17	-5.685613E-3	0.000000E+0	4.135024E-3	8.445991E-4	0.000000E+0	0.000000E+0	0.000000E+0
2.424787E+2	-4.741135E+1	-1.424000E+0	2.698511E+17	2.403843E+17	-5.841684E-3	0.000000E+0	3.972211E-3	7.766781E-4	0.000000E+0	0.000000E+0	0.000000E+0
2.518459E+2	-5.227136E+1	-1.487000E+0	-3.870921E-18	-2.240669E+17	-6.098878E-3	0.000000E+0	3.806696E-3	7.900911E-4	0.000000E+0	0.000000E+0	0.000000E+0
2.634003E+2	-4.996869E+1	-1.551000E+0	8.607266E+16	4.249670E-18	-6.239600E-3	0.000000E+0	3.664619E-3	6.952012E-4	0.000000E+0	0.000000E+0	0.000000E+0
2.476924E+2	-4.777502E+1	-1.614000E+0	2.127762E-18	3.276064E+15	-6.678611E-3	0.000000E+0	3.892455E-3	7.507785E-4	0.000000E+0	0.000000E+0	0.000000E+0
2.548456E+2	-5.297083E+1	-1.677000E+0	-4.960952E+17	1.187967E+17	-7.085958E-3	0.000000E+0	3.761437E-3	7.818320E-4	0.000000E+0	0.000000E+0	0.000000E+0
2.674993E+2	-4.596381E+1	-1.741000E+0	-6.504745E+16	2.381170E+17	-7.434545E-3	0.000000E+0	3.631120E-3	6.239272E-4	0.000000E+0	0.000000E+0	0.000000E+0
2.801281E+2	-4.793176E+1	-1.804000E+0	5.725577E-18	5.135446E+17	-7.306142E-3	0.000000E+0	3.468254E-3	5.934410E-4	0.000000E+0	0.000000E+0	0.000000E+0
2.329276E+2	-4.587137E+1	-1.867000E+0	-5.521899E-18	3.493290E-18	-7.440252E-3	0.000000E+0	4.132893E-3	8.139073E-4	0.000000E+0	0.000000E+0	0.000000E+0
2.849664E+2	-4.732761E+1	-1.930000E+0	2.907620E+17	-1.496570E-18	-7.746988E-3	0.000000E+0	3.414990E-3	5.671662E-4	0.000000E+0	0.000000E+0	0.000000E+0
2.651711E+2	-4.568683E+1	-1.994000E+0	-2.653265E-18	4.671199E-18	-7.852469E-3	0.000000E+0	3.662433E-3	6.310074E-4	0.000000E+0	0.000000E+0	0.000000E+0
2.251488E+2	-4.665347E+1	-2.057000E+0	6.288337E-18	-3.929323E-18	-8.133667E-3	0.000000E+0	4.258655E-3	8.824431E-4	0.000000E+0	0.000000E+0	0.000000E+0
2.297003E+2	-4.696722E+1	-2.120000E+0	8.250878E-19	2.832624E+17	-8.391373E-3	0.000000E+0	4.178789E-3	8.544443E-4	0.000000E+0	0.000000E+0	0.000000E+0
2.102343E+2	-5.019284E+1	-2.184000E+0	4.553607E+17	-2.686618E+17	-8.568356E-3	0.000000E+0	4.500092E-3	1.074384E-3	0.000000E+0	0.000000E+0	0.000000E+0
2.110968E+2	-4.733841E+1	-2.247000E+0	2.517955E+17	3.793721E+16	-8.799503E-3	0.000000E+0	4.510347E-3	1.011444E-3	0.000000E+0	0.000000E+0	0.000000E+0
1.880703E+2	-4.691615E+1	-2.310000E+0	-6.194311E-18	5.356043E+17	-9.194084E-3	0.000000E+0	5.005655E-3	1.248714E-3	0.000000E+0	0.000000E+0	0.000000E+0
2.044926E+2	-4.581108E+1	-2.373000E+0	-5.704702E+17	6.513754E+16	-9.587640E-3	0.000000E+0	4.656462E-3	1.043155E-3	0.000000E+0	0.000000E+0	0.000000E+0
2.066636E+2	-4.318387E+1	-2.437000E+0	-4.691026E+17	6.689522E-18	-1.126819E-2	0.000000E+0	4.636344E-3	9.687980E-4	0.000000E+0	0.000000E+0	0.000000E+0
1.905094E+2	-4.203391E+1	-2.500000E+0	-3.567381E+17	-4.286482E-18	-9.903328E-3	0.000000E+0	5.005412E-3	1.104392E-3	0.000000E+0	0.000000E+0	0.000000E+0
