Real / Ohm	Ximag / Ohm	V_DC / V	I_a c / A	V_ac / V	I_DC / A
2.407650E+2	8.514404E-1	-2.500000E+0	-3.567381E+17	-4.286482E-18	-7.622434E-3	1.000000E+7	4.153376E-3	-1.468798E-5	0.000000E+0	0.000000E+0	0.000000E+0
2.437227E+2	-1.491058E+0	-2.437000E+0	-4.691026E+17	6.689522E-18	-7.348895E-3	0.000000E+0	4.102870E-3	2.510073E-5	0.000000E+0	0.000000E+0	0.000000E+0
2.429481E+2	-3.026520E+0	-2.373000E+0	-5.704702E+17	6.513754E+16	-6.976815E-3	0.000000E+0	4.115467E-3	5.126833E-5	0.000000E+0	0.000000E+0	0.000000E+0
2.428180E+2	-4.682053E+0	-2.310000E+0	-6.194311E-18	5.356043E+17	-6.955066E-3	0.000000E+0	4.116780E-3	7.938037E-5	0.000000E+0	0.000000E+0	0.000000E+0
2.094676E+2	-3.124901E+0	-2.247000E+0	2.517955E+17	3.793721E+16	-6.642202E-3	0.000000E+0	4.772946E-3	7.120425E-5	0.000000E+0	0.000000E+0	0.000000E+0
2.330518E+2	-5.368561E+0	-2.184000E+0	4.553607E+17	-2.686618E+17	-7.198081E-3	0.000000E+0	4.288616E-3	9.879218E-5	0.000000E+0	0.000000E+0	0.000000E+0
2.367657E+2	-9.318443E+0	-2.120000E+0	8.250878E-19	2.832624E+17	-6.167677E-3	0.000000E+0	4.217053E-3	1.659715E-4	0.000000E+0	0.000000E+0	0.000000E+0
2.443821E+2	-1.438593E+1	-2.057000E+0	6.288337E-18	-3.929323E-18	-5.966662E-3	0.000000E+0	4.077822E-3	2.400473E-4	0.000000E+0	0.000000E+0	0.000000E+0
2.429574E+2	-1.501173E+1	-1.994000E+0	-2.653265E-18	4.671199E-18	-6.261562E-3	0.000000E+0	4.100294E-3	2.533469E-4	0.000000E+0	0.000000E+0	0.000000E+0
2.352040E+2	-1.712444E+1	-1.930000E+0	2.907620E+17	-1.496570E-18	-5.916550E-3	0.000000E+0	4.229210E-3	3.079151E-4	0.000000E+0	0.000000E+0	0.000000E+0
2.638412E+2	-2.684998E+1	-1.867000E+0	-5.521899E-18	3.493290E-18	-5.295210E-3	0.000000E+0	3.751309E-3	3.817545E-4	0.000000E+0	0.000000E+0	0.000000E+0
2.792905E+2	-3.588110E+1	-1.804000E+0	5.725577E-18	5.135446E+17	-5.003797E-3	0.000000E+0	3.522364E-3	4.525263E-4	0.000000E+0	0.000000E+0	0.000000E+0
2.854233E+2	-4.272594E+1	-1.741000E+0	-6.504745E+16	2.381170E+17	-4.662844E-3	0.000000E+0	3.426781E-3	5.129659E-4	0.000000E+0	0.000000E+0	0.000000E+0
3.060438E+2	-5.502942E+1	-1.677000E+0	-4.960952E+17	1.187967E+17	-4.535401E-3	0.000000E+0	3.165172E-3	5.691263E-4	0.000000E+0	0.000000E+0	0.000000E+0
3.207343E+2	-6.667223E+1	-1.614000E+0	2.127762E-18	3.276064E+15	-4.329279E-3	0.000000E+0	2.988699E-3	6.212720E-4	0.000000E+0	0.000000E+0	0.000000E+0
2.846221E+2	-5.740530E+1	-1.551000E+0	8.607266E+16	4.249670E-18	-4.148694E-3	0.000000E+0	3.376096E-3	6.809232E-4	0.000000E+0	0.000000E+0	0.000000E+0
3.327418E+2	-8.337939E+1	-1.487000E+0	-3.870921E-18	-2.240669E+17	-4.039637E-3	0.000000E+0	2.827772E-3	7.085913E-4	0.000000E+0	0.000000E+0	0.000000E+0
3.162884E+2	-8.559601E+1	-1.424000E+0	2.698511E+17	2.403843E+17	-3.907571E-3	0.000000E+0	2.945916E-3	7.972429E-4	0.000000E+0	0.000000E+0	0.000000E+0
3.265051E+2	-1.039506E+2	-1.361000E+0	-6.256276E-18	1.400744E+17	-3.946596E-3	0.000000E+0	2.780866E-3	8.853542E-4	0.000000E+0	0.000000E+0	0.000000E+0
3.535432E+2	-1.350877E+2	-1.297000E+0	-1.009562E-18	-5.687810E-18	-3.759909E-3	0.000000E+0	2.468162E-3	9.430767E-4	0.000000E+0	0.000000E+0	0.000000E+0
3.551982E+2	-1.507149E+2	-1.234000E+0	1.593192E+15	5.157909E-18	-3.622224E-3	0.000000E+0	2.385790E-3	1.012320E-3	0.000000E+0	0.000000E+0	0.000000E+0
3.528979E+2	-1.592756E+2	-1.171000E+0	3.716679E-18	4.245176E+17	-3.473814E-3	0.000000E+0	2.354134E-3	1.062506E-3	0.000000E+0	0.000000E+0	0.000000E+0
3.500930E+2	-1.422930E+2	-1.108000E+0	-5.203440E-18	3.830367E-18	-3.247774E-3	0.000000E+0	2.451419E-3	9.963630E-4	0.000000E+0	0.000000E+0	0.000000E+0
3.384075E+2	-1.305980E+2	-1.044000E+0	-1.183520E-18	-5.342346E-18	-2.897655E-3	0.000000E+0	2.571965E-3	9.925710E-4	0.000000E+0	0.000000E+0	0.000000E+0
3.288744E+2	-1.228082E+2	-9.810000E-1	-5.375932E+16	-3.553127E+17	-2.805425E-3	0.000000E+0	2.668564E-3	9.964944E-4	0.000000E+0	0.000000E+0	0.000000E+0
3.205399E+2	-1.166612E+2	-9.180000E-1	2.088264E+17	-2.195880E+17	-2.655994E-3	0.000000E+0	2.754829E-3	1.002626E-3	0.000000E+0	0.000000E+0	0.000000E+0
2.999835E+2	-1.189229E+2	-8.540000E-1	-7.520591E+15	-3.372652E-18	-2.511187E-3	0.000000E+0	2.880779E-3	1.142032E-3	0.000000E+0	0.000000E+0	0.000000E+0
3.011893E+2	-1.059785E+2	-7.910000E-1	-1.774996E-18	1.902529E-18	-2.351541E-3	0.000000E+0	2.954388E-3	1.039551E-3	0.000000E+0	0.000000E+0	0.000000E+0
2.963133E+2	-1.052163E+2	-7.280000E-1	-1.333488E-18	6.138991E-18	-2.184744E-3	0.000000E+0	2.996937E-3	1.064166E-3	0.000000E+0	0.000000E+0	0.000000E+0
2.883977E+2	-1.001510E+2	-6.650000E-1	3.887097E+16	1.849291E+17	-2.069531E-3	0.000000E+0	3.094281E-3	1.074542E-3	0.000000E+0	0.000000E+0	0.000000E+0
2.831704E+2	-9.817578E+1	-6.010000E-1	4.410889E+17	3.939340E-18	-1.868034E-3	0.000000E+0	3.152504E-3	1.092980E-3	0.000000E+0	0.000000E+0	0.000000E+0
2.740928E+2	-9.482880E+1	-5.380000E-1	-5.506723E-18	3.318154E+17	-1.715027E-3	0.000000E+0	3.258379E-3	1.127312E-3	0.000000E+0	0.000000E+0	0.000000E+0
2.624926E+2	-9.215584E+1	-4.750000E-1	-5.761072E+17	-4.172230E+17	-1.567639E-3	0.000000E+0	3.391594E-3	1.190720E-3	0.000000E+0	0.000000E+0	0.000000E+0
2.694814E+2	-8.725990E+1	-4.110000E-1	6.414978E-18	-1.599031E-19	-1.319154E-3	0.000000E+0	3.358672E-3	1.087561E-3	0.000000E+0	0.000000E+0	0.000000E+0
2.625972E+2	-8.255171E+1	-3.480000E-1	-1.696573E+17	-6.410840E-19	-1.154401E-3	0.000000E+0	3.465620E-3	1.089474E-3	0.000000E+0	0.000000E+0	0.000000E+0
2.568583E+2	-7.763287E+1	-2.850000E-1	-2.725491E+17	1.903750E-18	-9.109965E-4	0.000000E+0	3.567325E-3	1.078189E-3	0.000000E+0	0.000000E+0	0.000000E+0
2.518076E+2	-7.485754E+1	-2.220000E-1	-1.478400E+17	2.700613E+17	-7.007888E-4	0.000000E+0	3.648819E-3	1.084723E-3	0.000000E+0	0.000000E+0	0.000000E+0
2.272101E+2	-7.843936E+1	-1.580000E-1	-2.971689E+17	-4.956124E-18	-4.977590E-4	0.000000E+0	3.932524E-3	1.357619E-3	0.000000E+0	0.000000E+0	0.000000E+0
2.443180E+2	-7.519833E+1	-9.500000E-2	-4.717429E+17	-4.921256E+17	-3.146197E-4	0.000000E+0	3.738832E-3	1.150770E-3	0.000000E+0	0.000000E+0	0.000000E+0
2.455778E+2	-7.971686E+1	-3.200000E-2	-9.427576E-19	-9.422141E-19	-9.368677E-5	0.000000E+0	3.683857E-3	1.195814E-3	0.000000E+0	0.000000E+0	0.000000E+0
2.296014E+2	-8.296536E+1	3.200000E-2	-3.096135E+17	4.406614E-18	1.134289E-4	0.000000E+0	3.852369E-3	1.392035E-3	0.000000E+0	0.000000E+0	0.000000E+0
2.324829E+2	-8.745164E+1	9.500000E-2	-4.715167E+17	-5.481549E+17	3.323188E-4	0.000000E+0	3.768195E-3	1.417458E-3	0.000000E+0	0.000000E+0	0.000000E+0
2.327959E+2	-9.019701E+1	1.580000E-1	4.697494E+17	-5.230656E+17	5.445693E-4	0.000000E+0	3.734927E-3	1.447101E-3	0.000000E+0	0.000000E+0	0.000000E+0
2.362289E+2	-9.551724E+1	2.220000E-1	-3.021231E-18	2.162610E+17	7.465776E-4	0.000000E+0	3.638341E-3	1.471134E-3	0.000000E+0	0.000000E+0	0.000000E+0
2.476511E+2	-1.041305E+2	2.850000E-1	-3.194760E-18	5.558819E-18	9.338027E-4	0.000000E+0	3.431295E-3	1.442766E-3	0.000000E+0	0.000000E+0	0.000000E+0
2.569190E+2	-1.102502E+2	3.480000E-1	4.155990E+17	-1.840361E+17	1.062294E-3	0.000000E+0	3.286986E-3	1.410526E-3	0.000000E+0	0.000000E+0	0.000000E+0
2.633590E+2	-1.152183E+2	4.110000E-1	-4.316353E+17	4.857998E-18	1.231644E-3	0.000000E+0	3.187084E-3	1.394334E-3	0.000000E+0	0.000000E+0	0.000000E+0
2.647344E+2	-1.206043E+2	4.750000E-1	-3.851510E-18	-6.440456E-18	1.420884E-3	0.000000E+0	3.128150E-3	1.425082E-3	0.000000E+0	0.000000E+0	0.000000E+0
2.485483E+2	-1.298036E+2	5.380000E-1	4.766215E-20	4.558795E+17	1.585637E-3	0.000000E+0	3.161177E-3	1.650915E-3	0.000000E+0	0.000000E+0	0.000000E+0
2.614883E+2	-1.293003E+2	6.010000E-1	1.388541E-18	6.784133E-18	1.868878E-3	0.000000E+0	3.072909E-3	1.519487E-3	0.000000E+0	0.000000E+0	0.000000E+0
2.668475E+2	-1.352809E+2	6.650000E-1	4.707204E+17	-1.630679E-19	1.954952E-3	0.000000E+0	2.981253E-3	1.511375E-3	0.000000E+0	0.000000E+0	0.000000E+0
2.651625E+2	-1.372935E+2	7.280000E-1	-7.975154E-19	6.323277E-18	2.100809E-3	0.000000E+0	2.973986E-3	1.539844E-3	0.000000E+0	0.000000E+0	0.000000E+0
2.667823E+2	-1.428479E+2	7.910000E-1	-4.524463E+17	2.055147E+17	2.268116E-3	0.000000E+0	2.913160E-3	1.559844E-3	0.000000E+0	0.000000E+0	0.000000E+0
2.598042E+2	-1.466326E+2	8.540000E-1	-6.904437E-18	-8.377323E+16	2.423165E-3	0.000000E+0	2.919170E-3	1.647569E-3	0.000000E+0	0.000000E+0	0.000000E+0
2.643741E+2	-1.497646E+2	9.180000E-1	2.547933E-18	-4.300115E-19	2.575122E-3	0.000000E+0	2.863575E-3	1.622179E-3	0.000000E+0	0.000000E+0	0.000000E+0
2.687825E+2	-1.530766E+2	9.810000E-1	-1.554615E+17	1.089551E+17	2.705657E-3	0.000000E+0	2.809285E-3	1.599940E-3	0.000000E+0	0.000000E+0	0.000000E+0
2.736180E+2	-1.586230E+2	1.044000E+0	-5.199634E+17	2.162502E-18	2.842320E-3	0.000000E+0	2.735412E-3	1.585785E-3	0.000000E+0	0.000000E+0	0.000000E+0
2.736024E+2	-1.609128E+2	1.108000E+0	3.883601E+17	-5.707470E+17	2.944737E-3	0.000000E+0	2.715624E-3	1.597130E-3	0.000000E+0	0.000000E+0	0.000000E+0
2.740729E+2	-1.620134E+2	1.171000E+0	-2.822382E+17	-3.573572E+17	3.084976E-3	0.000000E+0	2.703841E-3	1.598328E-3	0.000000E+0	0.000000E+0	0.000000E+0
2.535851E+2	-1.637499E+2	1.234000E+0	7.433461E+16	-3.421240E+17	3.225725E-3	0.000000E+0	2.782997E-3	1.797091E-3	0.000000E+0	0.000000E+0	0.000000E+0
2.493079E+2	-1.657067E+2	1.297000E+0	4.345462E+17	8.421242E+16	3.406310E-3	0.000000E+0	2.782046E-3	1.849134E-3	0.000000E+0	0.000000E+0	0.000000E+0
2.698755E+2	-1.645307E+2	1.361000E+0	5.364322E+17	-2.871880E+17	3.838145E-3	0.000000E+0	2.701372E-3	1.646902E-3	0.000000E+0	0.000000E+0	0.000000E+0
2.503016E+2	-1.647477E+2	1.424000E+0	-5.656005E-19	1.659667E-18	3.634666E-3	0.000000E+0	2.787550E-3	1.834756E-3	0.000000E+0	0.000000E+0	0.000000E+0
2.475847E+2	-1.677199E+2	1.487000E+0	9.225665E+16	2.296609E-18	4.002687E-3	0.000000E+0	2.768532E-3	1.875471E-3	0.000000E+0	0.000000E+0	0.000000E+0
2.454365E+2	-1.668125E+2	1.551000E+0	4.020355E+17	1.967767E+17	4.078547E-3	0.000000E+0	2.786977E-3	1.894187E-3	0.000000E+0	0.000000E+0	0.000000E+0
2.448002E+2	-1.674406E+2	1.614000E+0	1.676929E-18	4.035830E-18	4.266792E-3	0.000000E+0	2.782975E-3	1.903524E-3	0.000000E+0	0.000000E+0	0.000000E+0
2.433201E+2	-1.695722E+2	1.677000E+0	-2.680825E+17	-5.492346E+17	4.380984E-3	0.000000E+0	2.766277E-3	1.927846E-3	0.000000E+0	0.000000E+0	0.000000E+0
2.690001E+2	-1.702175E+2	1.741000E+0	5.241939E+17	-4.155966E-18	4.406282E-3	0.000000E+0	2.654561E-3	1.679749E-3	0.000000E+0	0.000000E+0	0.000000E+0
2.594891E+2	-1.689562E+2	1.804000E+0	2.579781E+17	4.569561E-19	4.556224E-3	0.000000E+0	2.706372E-3	1.762149E-3	0.000000E+0	0.000000E+0	0.000000E+0
2.738891E+2	-1.675347E+2	1.867000E+0	2.915631E-18	5.325299E+16	4.687269E-3	0.000000E+0	2.656973E-3	1.625239E-3	0.000000E+0	0.000000E+0	0.000000E+0
2.451390E+2	-1.618720E+2	1.930000E+0	-1.980656E+17	1.958093E+16	4.682973E-3	0.000000E+0	2.840687E-3	1.875783E-3	0.000000E+0	0.000000E+0	0.000000E+0
2.508228E+2	-1.634356E+2	1.994000E+0	-2.769006E-18	1.441508E+17	4.943204E-3	0.000000E+0	2.798635E-3	1.823584E-3	0.000000E+0	0.000000E+0	0.000000E+0
2.684111E+2	-1.574171E+2	2.057000E+0	5.785078E-19	6.301025E-18	5.041562E-3	0.000000E+0	2.772136E-3	1.625796E-3	0.000000E+0	0.000000E+0	0.000000E+0
2.679124E+2	-1.526123E+2	2.120000E+0	3.389191E+17	1.295985E-19	5.118982E-3	0.000000E+0	2.818126E-3	1.605304E-3	0.000000E+0	0.000000E+0	0.000000E+0
2.671174E+2	-1.528540E+2	2.184000E+0	-5.351625E-18	2.391872E+17	5.322522E-3	0.000000E+0	2.820191E-3	1.613813E-3	0.000000E+0	0.000000E+0	0.000000E+0
2.599888E+2	-1.457642E+2	2.247000E+0	2.587907E+17	-4.414579E-18	5.456122E-3	0.000000E+0	2.926438E-3	1.640724E-3	0.000000E+0	0.000000E+0	0.000000E+0
2.621541E+2	-1.432063E+2	2.310000E+0	-3.128310E+17	-2.708651E-18	5.648965E-3	0.000000E+0	2.937866E-3	1.604861E-3	0.000000E+0	0.000000E+0	0.000000E+0
2.595629E+2	-1.429276E+2	2.373000E+0	6.653843E-18	-4.395667E+17	5.739152E-3	0.000000E+0	2.956257E-3	1.627855E-3	0.000000E+0	0.000000E+0	0.000000E+0
2.694401E+2	-1.434309E+2	2.437000E+0	-1.137863E-18	-4.190346E+17	5.759343E-3	0.000000E+0	2.891907E-3	1.539447E-3	0.000000E+0	0.000000E+0	0.000000E+0
2.675893E+2	-1.375899E+2	2.500000E+0	-9.275714E-19	-3.780148E-18	5.950142E-3	0.000000E+0	2.955644E-3	1.519742E-3	0.000000E+0	0.000000E+0	0.000000E+0
