Real / Ohm	Ximag / Ohm	V_DC / V	I_a c / A	V_ac / V	I_DC / A
9.684290E+1	-8.295643E+2	2.500000E+0	-9.275714E-19	-3.780148E-18	3.269117E-6	5.623413E+6	1.388318E-4	1.189245E-3	0.000000E+0	0.000000E+0	0.000000E+0
9.512286E+1	-8.283296E+2	2.437000E+0	-1.137863E-18	-4.190346E+17	1.437016E-6	0.000000E+0	1.368323E-4	1.191535E-3	0.000000E+0	0.000000E+0	0.000000E+0
9.255835E+1	-8.292418E+2	2.373000E+0	6.653843E-18	-4.395667E+17	1.675493E-6	0.000000E+0	1.329462E-4	1.191082E-3	0.000000E+0	0.000000E+0	0.000000E+0
9.192310E+1	-8.303596E+2	2.310000E+0	-3.128310E+17	-2.708651E-18	3.418463E-6	0.000000E+0	1.317050E-4	1.189717E-3	0.000000E+0	0.000000E+0	0.000000E+0
9.427808E+1	-8.324491E+2	2.247000E+0	2.587907E+17	-4.414579E-18	6.182891E-6	0.000000E+0	1.343261E-4	1.186062E-3	0.000000E+0	0.000000E+0	0.000000E+0
1.184193E+2	-8.427861E+2	2.184000E+0	-5.351625E-18	2.391872E+17	4.350804E-6	0.000000E+0	1.634922E-4	1.163569E-3	0.000000E+0	0.000000E+0	0.000000E+0
1.096680E+2	-8.421072E+2	2.120000E+0	3.389191E+17	1.295985E-19	5.099995E-6	0.000000E+0	1.520692E-4	1.167693E-3	0.000000E+0	0.000000E+0	0.000000E+0
9.358344E+1	-8.386237E+2	2.057000E+0	5.785078E-19	6.301025E-18	4.800066E-6	0.000000E+0	1.314286E-4	1.177764E-3	0.000000E+0	0.000000E+0	0.000000E+0
9.609528E+1	-8.414357E+2	1.994000E+0	-2.769006E-18	1.441508E+17	6.032307E-6	0.000000E+0	1.339777E-4	1.173144E-3	0.000000E+0	0.000000E+0	0.000000E+0
1.051539E+2	-8.483745E+2	1.930000E+0	-1.980656E+17	1.958093E+16	4.738620E-6	0.000000E+0	1.438894E-4	1.160890E-3	0.000000E+0	0.000000E+0	0.000000E+0
9.547076E+1	-8.483885E+2	1.867000E+0	2.915631E-18	5.325299E+16	6.992312E-6	0.000000E+0	1.309832E-4	1.163965E-3	0.000000E+0	0.000000E+0	0.000000E+0
7.658514E+1	-8.482561E+2	1.804000E+0	2.579781E+17	4.569561E-19	3.628054E-6	0.000000E+0	1.055759E-4	1.169357E-3	0.000000E+0	0.000000E+0	0.000000E+0
9.724683E+1	-8.522053E+2	1.741000E+0	5.241939E+17	-4.155966E-18	4.349575E-6	0.000000E+0	1.321808E-4	1.158343E-3	0.000000E+0	0.000000E+0	0.000000E+0
1.001069E+2	-8.550443E+2	1.677000E+0	-2.680825E+17	-5.492346E+17	4.588044E-6	0.000000E+0	1.350748E-4	1.153716E-3	0.000000E+0	0.000000E+0	0.000000E+0
9.588135E+1	-8.565703E+2	1.614000E+0	1.676929E-18	4.035830E-18	2.755973E-6	0.000000E+0	1.290626E-4	1.153000E-3	0.000000E+0	0.000000E+0	0.000000E+0
9.666229E+1	-8.592832E+2	1.551000E+0	4.020355E+17	1.967767E+17	2.966743E-6	0.000000E+0	1.292776E-4	1.149218E-3	0.000000E+0	0.000000E+0	0.000000E+0
1.291523E+2	-8.754015E+2	1.487000E+0	9.225665E+16	2.296609E-18	6.269584E-6	0.000000E+0	1.649438E-4	1.117998E-3	0.000000E+0	0.000000E+0	0.000000E+0
1.072637E+2	-8.688149E+2	1.424000E+0	-5.656005E-19	1.659667E-18	1.883847E-6	0.000000E+0	1.399679E-4	1.133713E-3	0.000000E+0	0.000000E+0	0.000000E+0
9.606738E+1	-8.688060E+2	1.361000E+0	5.364322E+17	-2.871880E+17	5.158996E-6	0.000000E+0	1.257340E-4	1.137102E-3	0.000000E+0	0.000000E+0	0.000000E+0
1.091309E+2	-8.761836E+2	1.297000E+0	4.345462E+17	8.421242E+16	3.865294E-6	0.000000E+0	1.399819E-4	1.123878E-3	0.000000E+0	0.000000E+0	0.000000E+0
1.206591E+2	-8.870022E+2	1.234000E+0	7.433461E+16	-3.421240E+17	5.608272E-6	0.000000E+0	1.505733E-4	1.106910E-3	0.000000E+0	0.000000E+0	0.000000E+0
9.772076E+1	-8.821177E+2	1.171000E+0	-2.822382E+17	-3.573572E+17	2.244022E-6	0.000000E+0	1.240613E-4	1.119892E-3	0.000000E+0	0.000000E+0	0.000000E+0
9.094586E+1	-8.840662E+2	1.108000E+0	3.883601E+17	-5.707470E+17	3.476249E-6	0.000000E+0	1.151441E-4	1.119292E-3	0.000000E+0	0.000000E+0	0.000000E+0
8.949591E+1	-8.886450E+2	1.044000E+0	-5.199634E+17	2.162502E-18	3.204012E-6	0.000000E+0	1.121925E-4	1.114010E-3	0.000000E+0	0.000000E+0	0.000000E+0
9.416095E+1	-8.946268E+2	9.810000E-1	-1.554615E+17	1.089551E+17	4.946982E-6	0.000000E+0	1.163596E-4	1.105537E-3	0.000000E+0	0.000000E+0	0.000000E+0
9.485883E+1	-9.004467E+2	9.180000E-1	2.547933E-18	-4.300115E-19	5.668502E-6	0.000000E+0	1.157094E-4	1.098370E-3	0.000000E+0	0.000000E+0	0.000000E+0
9.516687E+1	-9.068212E+2	8.540000E-1	-6.904437E-18	-8.377323E+16	4.374804E-6	0.000000E+0	1.144684E-4	1.090740E-3	0.000000E+0	0.000000E+0	0.000000E+0
1.009447E+2	-9.153728E+2	7.910000E-1	-4.524463E+17	2.055147E+17	4.074896E-6	0.000000E+0	1.190249E-4	1.079325E-3	0.000000E+0	0.000000E+0	0.000000E+0
9.885504E+1	-9.230959E+2	7.280000E-1	-7.975154E-19	6.323277E-18	5.817874E-6	0.000000E+0	1.146972E-4	1.071028E-3	0.000000E+0	0.000000E+0	0.000000E+0
1.326639E+2	-9.464663E+2	6.650000E-1	4.707204E+17	-1.630679E-19	1.942877E-6	0.000000E+0	1.452421E-4	1.036203E-3	0.000000E+0	0.000000E+0	0.000000E+0
1.019641E+2	-9.436721E+2	6.010000E-1	1.388541E-18	6.784133E-18	4.224235E-6	0.000000E+0	1.131785E-4	1.047461E-3	0.000000E+0	0.000000E+0	0.000000E+0
1.054465E+2	-9.603347E+2	5.380000E-1	4.766215E-20	4.558795E+17	4.945752E-6	0.000000E+0	1.129750E-4	1.028899E-3	0.000000E+0	0.000000E+0	0.000000E+0
6.613373E+1	-9.692450E+2	4.750000E-1	-3.851510E-18	-6.440456E-18	4.135130E-6	0.000000E+0	7.007105E-5	1.026950E-3	0.000000E+0	0.000000E+0	0.000000E+0
1.037515E+2	-9.895408E+2	4.110000E-1	-4.316353E+17	4.857998E-18	2.330686E-6	0.000000E+0	1.048042E-4	9.995812E-4	0.000000E+0	0.000000E+0	0.000000E+0
9.623126E+1	-1.008246E+3	3.480000E-1	4.155990E+17	-1.840361E+17	5.605834E-6	0.000000E+0	9.380907E-5	9.828679E-4	0.000000E+0	0.000000E+0	0.000000E+0
1.071583E+2	-1.030507E+3	2.850000E-1	-3.194760E-18	5.558819E-18	3.263011E-6	0.000000E+0	9.982816E-5	9.600154E-4	0.000000E+0	0.000000E+0	0.000000E+0
1.083297E+2	-1.056907E+3	2.220000E-1	-3.021231E-18	2.162610E+17	2.452387E-6	0.000000E+0	9.596995E-5	9.363204E-4	0.000000E+0	0.000000E+0	0.000000E+0
1.037462E+2	-1.087114E+3	1.580000E-1	4.697494E+17	-5.230656E+17	3.201572E-6	0.000000E+0	8.699306E-5	9.115647E-4	0.000000E+0	0.000000E+0	0.000000E+0
1.001572E+2	-1.125493E+3	9.500000E-2	-4.715167E+17	-5.481549E+17	2.901634E-6	0.000000E+0	7.844601E-5	8.815186E-4	0.000000E+0	0.000000E+0	0.000000E+0
1.062253E+2	-1.165916E+3	3.200000E-2	-3.096135E+17	4.406614E-18	3.623182E-6	0.000000E+0	7.750029E-5	8.506338E-4	0.000000E+0	0.000000E+0	0.000000E+0
1.117631E+2	-1.219594E+3	-3.200000E-2	-9.427576E-19	-9.422141E-19	3.861653E-6	0.000000E+0	7.451368E-5	8.131166E-4	0.000000E+0	0.000000E+0	0.000000E+0
1.314041E+2	-1.290147E+3	-9.500000E-2	-4.717429E+17	-4.921256E+17	4.072459E-6	0.000000E+0	7.813551E-5	7.671472E-4	0.000000E+0	0.000000E+0	0.000000E+0
1.308082E+2	-1.369353E+3	-1.580000E-1	-2.971689E+17	-4.956124E-18	2.240349E-6	0.000000E+0	6.912882E-5	7.236683E-4	0.000000E+0	0.000000E+0	0.000000E+0
1.317443E+2	-1.499063E+3	-2.220000E-1	-1.478400E+17	2.700613E+17	2.478821E-6	0.000000E+0	5.817690E-5	6.619705E-4	0.000000E+0	0.000000E+0	0.000000E+0
1.648728E+2	-1.645159E+3	-2.850000E-1	-2.725491E+17	1.903750E-18	4.732510E-6	0.000000E+0	6.031054E-5	6.017998E-4	0.000000E+0	0.000000E+0	0.000000E+0
1.585923E+2	-1.850065E+3	-3.480000E-1	-1.696573E+17	-6.410840E-19	4.943315E-6	0.000000E+0	4.599689E-5	5.365786E-4	0.000000E+0	0.000000E+0	0.000000E+0
1.995531E+2	-2.146733E+3	-4.110000E-1	6.414978E-18	-1.599031E-19	5.576076E-7	0.000000E+0	4.293049E-5	4.618334E-4	0.000000E+0	0.000000E+0	0.000000E+0
2.222876E+2	-2.586847E+3	-4.750000E-1	-5.761072E+17	-4.172230E+17	1.817534E-6	0.000000E+0	3.297454E-5	3.837375E-4	0.000000E+0	0.000000E+0	0.000000E+0
2.649890E+2	-3.222250E+3	-5.380000E-1	-5.506723E-18	3.318154E+17	1.517597E-6	0.000000E+0	2.535024E-5	3.082574E-4	0.000000E+0	0.000000E+0	0.000000E+0
3.062781E+2	-4.099018E+3	-6.010000E-1	4.410889E+17	3.939340E-18	7.069430E-7	0.000000E+0	1.812752E-5	2.426064E-4	0.000000E+0	0.000000E+0	0.000000E+0
3.881636E+2	-5.205342E+3	-6.650000E-1	3.887097E+16	1.849291E+17	3.499044E-6	0.000000E+0	1.424649E-5	1.910480E-4	0.000000E+0	0.000000E+0	0.000000E+0
4.682280E+2	-6.396547E+3	-7.280000E-1	-1.333488E-18	6.138991E-18	2.688390E-6	0.000000E+0	1.138270E-5	1.555011E-4	0.000000E+0	0.000000E+0	0.000000E+0
5.606841E+2	-7.655867E+3	-7.910000E-1	-1.774996E-18	1.902529E-18	4.431367E-6	0.000000E+0	9.514947E-6	1.299219E-4	0.000000E+0	0.000000E+0	0.000000E+0
6.667705E+2	-8.932703E+3	-8.540000E-1	-7.520591E+15	-3.372652E-18	2.088575E-6	0.000000E+0	8.309934E-6	1.113279E-4	0.000000E+0	0.000000E+0	0.000000E+0
7.096924E+2	-1.024870E+4	-9.180000E-1	2.088264E+17	-2.195880E+17	2.327015E-6	0.000000E+0	6.724424E-6	9.710770E-5	0.000000E+0	0.000000E+0	0.000000E+0
7.399482E+2	-1.137587E+4	-9.810000E-1	-5.375932E+16	-3.553127E+17	4.069992E-6	0.000000E+0	5.693751E-6	8.753501E-5	0.000000E+0	0.000000E+0	0.000000E+0
7.453115E+2	-1.237267E+4	-1.044000E+0	-1.183520E-18	-5.342346E-18	5.812966E-6	0.000000E+0	4.851074E-6	8.053108E-5	0.000000E+0	0.000000E+0	0.000000E+0
6.984385E+2	-1.326363E+4	-1.108000E+0	-5.203440E-18	3.830367E-18	3.497844E-6	0.000000E+0	3.959139E-6	7.518566E-5	0.000000E+0	0.000000E+0	0.000000E+0
6.684971E+2	-1.399759E+4	-1.171000E+0	3.716679E-18	4.245176E+17	3.197900E-6	0.000000E+0	3.404110E-6	7.127830E-5	0.000000E+0	0.000000E+0	0.000000E+0
6.503193E+2	-1.463099E+4	-1.234000E+0	1.593192E+15	5.157909E-18	1.365792E-6	0.000000E+0	3.031950E-6	6.821331E-5	0.000000E+0	0.000000E+0	0.000000E+0
6.122402E+2	-1.520291E+4	-1.297000E+0	-1.009562E-18	-5.687810E-18	2.598055E-6	0.000000E+0	2.644628E-6	6.567038E-5	0.000000E+0	0.000000E+0	0.000000E+0
6.214805E+2	-1.579264E+4	-1.361000E+0	-6.256276E-18	1.400744E+17	1.304354E-6	0.000000E+0	2.487975E-6	6.322273E-5	0.000000E+0	0.000000E+0	0.000000E+0
6.031123E+2	-1.632389E+4	-1.424000E+0	2.698511E+17	2.403843E+17	2.025845E-6	0.000000E+0	2.260260E-6	6.117640E-5	0.000000E+0	0.000000E+0	0.000000E+0
6.125918E+2	-1.682351E+4	-1.487000E+0	-3.870921E-18	-2.240669E+17	4.279536E-6	0.000000E+0	2.161536E-6	5.936192E-5	0.000000E+0	0.000000E+0	0.000000E+0
6.516299E+2	-1.735122E+4	-1.551000E+0	8.607266E+16	4.249670E-18	1.453693E-6	0.000000E+0	2.161369E-6	5.755166E-5	0.000000E+0	0.000000E+0	0.000000E+0
6.457305E+2	-1.783695E+4	-1.614000E+0	2.127762E-18	3.276064E+15	3.196663E-6	0.000000E+0	2.026942E-6	5.599002E-5	0.000000E+0	0.000000E+0	0.000000E+0
7.071875E+2	-1.823428E+4	-1.677000E+0	-4.960952E+17	1.187967E+17	2.896733E-6	0.000000E+0	2.123756E-6	5.475939E-5	0.000000E+0	0.000000E+0	0.000000E+0
6.692773E+2	-1.860391E+4	-1.741000E+0	-6.504745E+16	2.381170E+17	2.113746E-6	0.000000E+0	1.931239E-6	5.368266E-5	0.000000E+0	0.000000E+0	0.000000E+0
6.571191E+2	-1.889730E+4	-1.804000E+0	5.725577E-18	5.135446E+17	4.878209E-6	0.000000E+0	1.837891E-6	5.285370E-5	0.000000E+0	0.000000E+0	0.000000E+0
6.140869E+2	-1.917439E+4	-1.867000E+0	-5.521899E-18	3.493290E-18	3.556837E-6	0.000000E+0	1.668559E-6	5.209946E-5	0.000000E+0	0.000000E+0	0.000000E+0
6.445977E+2	-1.939763E+4	-1.930000E+0	2.907620E+17	-1.496570E-18	4.789043E-6	0.000000E+0	1.711245E-6	5.149582E-5	0.000000E+0	0.000000E+0	0.000000E+0
6.096973E+2	-1.958730E+4	-1.994000E+0	-2.653265E-18	4.671199E-18	6.048977E-6	0.000000E+0	1.587613E-6	5.100407E-5	0.000000E+0	0.000000E+0	0.000000E+0
6.583203E+2	-1.974415E+4	-2.057000E+0	6.288337E-18	-3.929323E-18	2.684683E-6	0.000000E+0	1.686855E-6	5.059167E-5	0.000000E+0	0.000000E+0	0.000000E+0
6.549482E+2	-1.985355E+4	-2.120000E+0	8.250878E-19	2.832624E+17	3.406240E-6	0.000000E+0	1.659809E-6	5.031407E-5	0.000000E+0	0.000000E+0	0.000000E+0
6.692705E+2	-1.995656E+4	-2.184000E+0	4.553607E+17	-2.686618E+17	5.803449E-7	0.000000E+0	1.678580E-6	5.005254E-5	0.000000E+0	0.000000E+0	0.000000E+0
6.870078E+2	-2.003706E+4	-2.247000E+0	2.517955E+17	3.793721E+16	4.876943E-6	0.000000E+0	1.709163E-6	4.984892E-5	0.000000E+0	0.000000E+0	0.000000E+0
6.869834E+2	-2.009958E+4	-2.310000E+0	-6.194311E-18	5.356043E+17	2.023429E-6	0.000000E+0	1.698499E-6	4.969423E-5	0.000000E+0	0.000000E+0	0.000000E+0
6.482432E+2	-2.013801E+4	-2.373000E+0	-5.704702E+17	6.513754E+16	6.320028E-6	0.000000E+0	1.596817E-6	4.960594E-5	0.000000E+0	0.000000E+0	0.000000E+0
5.861543E+2	-2.020736E+4	-2.437000E+0	-4.691026E+17	6.689522E-18	5.026333E-6	0.000000E+0	1.434259E-6	4.944532E-5	0.000000E+0	0.000000E+0	0.000000E+0
7.111904E+2	-2.025525E+4	-2.500000E+0	-3.567381E+17	-4.286482E-18	2.172776E-6	0.000000E+0	1.731313E-6	4.930913E-5	0.000000E+0	0.000000E+0	0.000000E+0
