Real / Ohm	Ximag / Ohm	V_DC / V	I_a c / A	V_ac / V	I_DC / A
9.643645E+1	9.472580E-1	-2.500000E+0	-3.567381E+17	-4.286482E-18	-1.231344E-2	1.000000E+6	1.036852E-2	-1.018460E-4	0.000000E+0	0.000000E+0	0.000000E+0
8.988200E+1	7.228699E-1	-2.437000E+0	-4.691026E+17	6.689522E-18	-1.190200E-2	0.000000E+0	1.112498E-2	-8.947189E-5	0.000000E+0	0.000000E+0	0.000000E+0
4.029468E+1	1.942902E-1	-2.373000E+0	-5.704702E+17	6.513754E+16	-1.008049E-2	0.000000E+0	2.481659E-2	-1.196590E-4	0.000000E+0	0.000000E+0	0.000000E+0
5.805434E+1	2.101032E+0	-2.310000E+0	-6.194311E-18	5.356043E+17	-1.952552E-2	0.000000E+0	1.720271E-2	-6.225795E-4	0.000000E+0	0.000000E+0	0.000000E+0
2.263151E+2	-3.848038E+0	-2.247000E+0	2.517955E+17	3.793721E+16	-1.999356E-2	0.000000E+0	4.417341E-3	7.510810E-5	0.000000E+0	0.000000E+0	0.000000E+0
1.281624E+2	9.937416E+0	-2.184000E+0	4.553607E+17	-2.686618E+17	-8.871725E-3	0.000000E+0	7.755971E-3	-6.013800E-4	0.000000E+0	0.000000E+0	0.000000E+0
1.064349E+2	1.847635E+1	-2.120000E+0	8.250878E-19	2.832624E+17	-5.720793E-3	0.000000E+0	9.120570E-3	-1.583267E-3	0.000000E+0	0.000000E+0	0.000000E+0
1.656440E+2	1.302902E+0	-2.057000E+0	6.288337E-18	-3.929323E-18	-8.179633E-3	0.000000E+0	6.036670E-3	-4.748249E-5	0.000000E+0	0.000000E+0	0.000000E+0
1.943215E+2	1.944733E-1	-1.994000E+0	-2.653265E-18	4.671199E-18	-7.075656E-3	0.000000E+0	5.146106E-3	-5.150126E-6	0.000000E+0	0.000000E+0	0.000000E+0
1.498211E+2	2.011345E+0	-1.930000E+0	2.907620E+17	-1.496570E-18	-6.582025E-3	0.000000E+0	6.673425E-3	-8.959058E-5	0.000000E+0	0.000000E+0	0.000000E+0
1.310258E+2	3.121674E+0	-1.867000E+0	-5.521899E-18	3.493290E-18	-6.502052E-3	0.000000E+0	7.627755E-3	-1.817303E-4	0.000000E+0	0.000000E+0	0.000000E+0
1.956913E+2	-1.865845E-1	-1.804000E+0	5.725577E-18	5.135446E+17	-5.222387E-3	0.000000E+0	5.110085E-3	4.872279E-6	0.000000E+0	0.000000E+0	0.000000E+0
2.017499E+2	-1.018127E+0	-1.741000E+0	-6.504745E+16	2.381170E+17	-4.362538E-3	0.000000E+0	4.956506E-3	2.501291E-5	0.000000E+0	0.000000E+0	0.000000E+0
8.099400E+1	2.699360E+0	-1.677000E+0	-4.960952E+17	1.187967E+17	-4.489947E-3	0.000000E+0	1.233289E-2	-4.110295E-4	0.000000E+0	0.000000E+0	0.000000E+0
1.566073E+2	3.457291E+0	-1.614000E+0	2.127762E-18	3.276064E+15	-4.771056E-3	0.000000E+0	6.382288E-3	-1.408965E-4	0.000000E+0	0.000000E+0	0.000000E+0
1.460819E+2	5.712608E+0	-1.551000E+0	8.607266E+16	4.249670E-18	-6.890773E-3	0.000000E+0	6.835023E-3	-2.672871E-4	0.000000E+0	0.000000E+0	0.000000E+0
1.860308E+2	-4.008026E-1	-1.487000E+0	-3.870921E-18	-2.240669E+17	-2.959965E-3	0.000000E+0	5.375429E-3	1.158134E-5	0.000000E+0	0.000000E+0	0.000000E+0
1.597824E+2	-1.327110E+0	-1.424000E+0	2.698511E+17	2.403843E+17	-2.962730E-3	0.000000E+0	6.258080E-3	5.197794E-5	0.000000E+0	0.000000E+0	0.000000E+0
2.042630E+2	-3.350372E-1	-1.361000E+0	-6.256276E-18	1.400744E+17	-4.589087E-3	0.000000E+0	4.895636E-3	8.029943E-6	0.000000E+0	0.000000E+0	0.000000E+0
2.223181E+2	1.866333E+0	-1.297000E+0	-1.009562E-18	-5.687810E-18	-4.217518E-3	0.000000E+0	4.497742E-3	-3.775799E-5	0.000000E+0	0.000000E+0	0.000000E+0
1.967069E+2	2.599182E+0	-1.234000E+0	1.593192E+15	5.157909E-18	-2.911296E-3	0.000000E+0	5.082818E-3	-6.716170E-5	0.000000E+0	0.000000E+0	0.000000E+0
2.709396E+2	2.147583E+0	-1.171000E+0	3.716679E-18	4.245176E+17	-2.777186E-3	0.000000E+0	3.690628E-3	-2.925349E-5	0.000000E+0	0.000000E+0	0.000000E+0
4.245794E+2	-1.140564E+0	-1.108000E+0	-5.203440E-18	3.830367E-18	-2.599664E-3	0.000000E+0	2.355255E-3	6.327012E-6	0.000000E+0	0.000000E+0	0.000000E+0
5.618784E+2	-8.329651E+0	-1.044000E+0	-1.183520E-18	-5.342346E-18	-2.420639E-3	0.000000E+0	1.779353E-3	2.637829E-5	0.000000E+0	0.000000E+0	0.000000E+0
4.045904E+2	6.812469E+0	-9.810000E-1	-5.375932E+16	-3.553127E+17	-2.311044E-3	0.000000E+0	2.470935E-3	-4.160546E-5	0.000000E+0	0.000000E+0	0.000000E+0
6.343959E+2	-2.333096E+1	-9.180000E-1	2.088264E+17	-2.195880E+17	-1.993584E-3	0.000000E+0	1.574174E-3	5.789284E-5	0.000000E+0	0.000000E+0	0.000000E+0
5.685627E+2	-2.328647E+1	-8.540000E-1	-7.520591E+15	-3.372652E-18	-2.329879E-3	0.000000E+0	1.755876E-3	7.191492E-5	0.000000E+0	0.000000E+0	0.000000E+0
5.395729E+2	-2.161884E+1	-7.910000E-1	-1.774996E-18	1.902529E-18	-1.677895E-3	0.000000E+0	1.850347E-3	7.413708E-5	0.000000E+0	0.000000E+0	0.000000E+0
5.032211E+2	-2.139630E+1	-7.280000E-1	-1.333488E-18	6.138991E-18	-1.586175E-3	0.000000E+0	1.983612E-3	8.434058E-5	0.000000E+0	0.000000E+0	0.000000E+0
5.066053E+2	-2.019376E+1	-6.650000E-1	3.887097E+16	1.849291E+17	-1.474537E-3	0.000000E+0	1.970792E-3	7.855760E-5	0.000000E+0	0.000000E+0	0.000000E+0
4.655938E+2	-1.693707E+1	-6.010000E-1	4.410889E+17	3.939340E-18	-1.337902E-3	0.000000E+0	2.144956E-3	7.802784E-5	0.000000E+0	0.000000E+0	0.000000E+0
4.434191E+2	-1.602332E+1	-5.380000E-1	-5.506723E-18	3.318154E+17	-1.314619E-3	0.000000E+0	2.252262E-3	8.138736E-5	0.000000E+0	0.000000E+0	0.000000E+0
4.111758E+2	-1.464966E+1	-4.750000E-1	-5.761072E+17	-4.172230E+17	-1.159570E-3	0.000000E+0	2.428966E-3	8.654092E-5	0.000000E+0	0.000000E+0	0.000000E+0
4.137499E+2	-1.429132E+1	-4.110000E-1	6.414978E-18	-1.599031E-19	-1.149083E-3	0.000000E+0	2.414039E-3	8.338323E-5	0.000000E+0	0.000000E+0	0.000000E+0
4.107455E+2	-1.403192E+1	-3.480000E-1	-1.696573E+17	-6.410840E-19	-9.817765E-4	0.000000E+0	2.431760E-3	8.307396E-5	0.000000E+0	0.000000E+0	0.000000E+0
3.347480E+2	-1.230710E+1	-2.850000E-1	-2.725491E+17	1.903750E-18	-8.088516E-4	0.000000E+0	2.983289E-3	1.096814E-4	0.000000E+0	0.000000E+0	0.000000E+0
3.753621E+2	-1.109818E+1	-2.220000E-1	-1.478400E+17	2.700613E+17	-6.343946E-4	0.000000E+0	2.661767E-3	7.869940E-5	0.000000E+0	0.000000E+0	0.000000E+0
3.889671E+2	-1.212964E+1	-1.580000E-1	-2.971689E+17	-4.956124E-18	-4.941840E-4	0.000000E+0	2.568414E-3	8.009401E-5	0.000000E+0	0.000000E+0	0.000000E+0
3.904076E+2	-1.159735E+1	-9.500000E-2	-4.717429E+17	-4.921256E+17	-2.226892E-4	0.000000E+0	2.559167E-3	7.602198E-5	0.000000E+0	0.000000E+0	0.000000E+0
3.579349E+2	-1.282913E+1	-3.200000E-2	-9.427576E-19	-9.422141E-19	-7.274703E-5	0.000000E+0	2.790220E-3	1.000073E-4	0.000000E+0	0.000000E+0	0.000000E+0
4.438195E+2	-1.608191E+1	3.200000E-2	-3.096135E+17	4.406614E-18	8.176400E-5	0.000000E+0	2.250214E-3	8.153705E-5	0.000000E+0	0.000000E+0	0.000000E+0
4.693691E+2	-1.838257E+1	9.500000E-2	-4.715167E+17	-5.481549E+17	2.082128E-4	0.000000E+0	2.127257E-3	8.331278E-5	0.000000E+0	0.000000E+0	0.000000E+0
4.212061E+2	-1.762799E+1	1.580000E-1	4.697494E+17	-5.230656E+17	3.315973E-4	0.000000E+0	2.369984E-3	9.918671E-5	0.000000E+0	0.000000E+0	0.000000E+0
4.167794E+2	-1.875204E+1	2.220000E-1	-3.021231E-18	2.162610E+17	4.707865E-4	0.000000E+0	2.394504E-3	1.077352E-4	0.000000E+0	0.000000E+0	0.000000E+0
4.291359E+2	-2.017563E+1	2.850000E-1	-3.194760E-18	5.558819E-18	6.799727E-4	0.000000E+0	2.325125E-3	1.093147E-4	0.000000E+0	0.000000E+0	0.000000E+0
4.340223E+2	-2.169891E+1	3.480000E-1	4.155990E+17	-1.840361E+17	8.288934E-4	0.000000E+0	2.298285E-3	1.149026E-4	0.000000E+0	0.000000E+0	0.000000E+0
4.119992E+2	-2.461218E+1	4.110000E-1	-4.316353E+17	4.857998E-18	9.461492E-4	0.000000E+0	2.418558E-3	1.444808E-4	0.000000E+0	0.000000E+0	0.000000E+0
5.156432E+2	-2.584772E+1	4.750000E-1	-3.851510E-18	-6.440456E-18	9.418249E-4	0.000000E+0	1.934465E-3	9.696919E-5	0.000000E+0	0.000000E+0	0.000000E+0
5.310330E+2	-2.779816E+1	5.380000E-1	4.766215E-20	4.558795E+17	1.182676E-3	0.000000E+0	1.877976E-3	9.830703E-5	0.000000E+0	0.000000E+0	0.000000E+0
5.237654E+2	-3.146100E+1	6.010000E-1	1.388541E-18	6.784133E-18	1.167654E-3	0.000000E+0	1.902388E-3	1.142707E-4	0.000000E+0	0.000000E+0	0.000000E+0
4.976521E+2	-3.301727E+1	6.650000E-1	4.707204E+17	-1.630679E-19	1.274668E-3	0.000000E+0	2.000630E-3	1.327339E-4	0.000000E+0	0.000000E+0	0.000000E+0
5.567168E+2	-3.291544E+1	7.280000E-1	-7.975154E-19	6.323277E-18	1.395498E-3	0.000000E+0	1.789988E-3	1.058316E-4	0.000000E+0	0.000000E+0	0.000000E+0
5.671373E+2	-3.491428E+1	7.910000E-1	-4.524463E+17	2.055147E+17	1.501008E-3	0.000000E+0	1.756584E-3	1.081394E-4	0.000000E+0	0.000000E+0	0.000000E+0
5.264198E+2	-3.866074E+1	8.540000E-1	-6.904437E-18	-8.377323E+16	1.602431E-3	0.000000E+0	1.889434E-3	1.387617E-4	0.000000E+0	0.000000E+0	0.000000E+0
5.452480E+2	-4.024020E+1	9.180000E-1	2.547933E-18	-4.300115E-19	1.751324E-3	0.000000E+0	1.824093E-3	1.346210E-4	0.000000E+0	0.000000E+0	0.000000E+0
5.344879E+2	-4.434579E+1	9.810000E-1	-1.554615E+17	1.089551E+17	2.012093E-3	0.000000E+0	1.858159E-3	1.541691E-4	0.000000E+0	0.000000E+0	0.000000E+0
5.443085E+2	-4.701648E+1	1.044000E+0	-5.199634E+17	2.162502E-18	2.141606E-3	0.000000E+0	1.823587E-3	1.575185E-4	0.000000E+0	0.000000E+0	0.000000E+0
5.234482E+2	-5.109616E+1	1.108000E+0	3.883601E+17	-5.707470E+17	2.185801E-3	0.000000E+0	1.892377E-3	1.847235E-4	0.000000E+0	0.000000E+0	0.000000E+0
5.934609E+2	-4.959283E+1	1.171000E+0	-2.822382E+17	-3.573572E+17	2.294885E-3	0.000000E+0	1.673346E-3	1.398339E-4	0.000000E+0	0.000000E+0	0.000000E+0
6.206047E+2	-5.159906E+1	1.234000E+0	7.433461E+16	-3.421240E+17	2.404480E-3	0.000000E+0	1.600269E-3	1.330515E-4	0.000000E+0	0.000000E+0	0.000000E+0
6.227563E+2	-5.047638E+1	1.297000E+0	4.345462E+17	8.421242E+16	2.225516E-3	0.000000E+0	1.595284E-3	1.293029E-4	0.000000E+0	0.000000E+0	0.000000E+0
5.908455E+2	-5.181891E+1	1.361000E+0	5.364322E+17	-2.871880E+17	2.318230E-3	0.000000E+0	1.679571E-3	1.473034E-4	0.000000E+0	0.000000E+0	0.000000E+0
6.318434E+2	-5.221985E+1	1.424000E+0	-5.656005E-19	1.659667E-18	2.672972E-3	0.000000E+0	1.571934E-3	1.299153E-4	0.000000E+0	0.000000E+0	0.000000E+0
6.313519E+2	-5.308215E+1	1.487000E+0	9.225665E+16	2.296609E-18	2.483283E-3	0.000000E+0	1.572785E-3	1.322350E-4	0.000000E+0	0.000000E+0	0.000000E+0
6.046041E+2	-5.091113E+1	1.551000E+0	4.020355E+17	1.967767E+17	2.586210E-3	0.000000E+0	1.642330E-3	1.382936E-4	0.000000E+0	0.000000E+0	0.000000E+0
4.887231E+2	-3.918936E+1	1.614000E+0	1.676929E-18	4.035830E-18	2.831658E-3	0.000000E+0	2.033076E-3	1.630267E-4	0.000000E+0	0.000000E+0	0.000000E+0
4.788446E+2	-3.565720E+1	1.677000E+0	-2.680825E+17	-5.492346E+17	3.112856E-3	0.000000E+0	2.076844E-3	1.546523E-4	0.000000E+0	0.000000E+0	0.000000E+0
4.032303E+2	-2.191168E+1	1.741000E+0	5.241939E+17	-4.155966E-18	2.899646E-3	0.000000E+0	2.472671E-3	1.343658E-4	0.000000E+0	0.000000E+0	0.000000E+0
4.006569E+2	-2.385315E+0	1.804000E+0	2.579781E+17	4.569561E-19	2.853980E-3	0.000000E+0	2.495813E-3	1.485885E-5	0.000000E+0	0.000000E+0	0.000000E+0
4.585342E+2	-6.982819E+0	1.867000E+0	2.915631E-18	5.325299E+16	2.390543E-3	0.000000E+0	2.180357E-3	3.320371E-5	0.000000E+0	0.000000E+0	0.000000E+0
4.955394E+2	-4.189697E+1	1.930000E+0	-1.980656E+17	1.958093E+16	2.927103E-3	0.000000E+0	2.003680E-3	1.694076E-4	0.000000E+0	0.000000E+0	0.000000E+0
5.260757E+2	-3.962836E+1	1.994000E+0	-2.769006E-18	1.441508E+17	2.594383E-3	0.000000E+0	1.890142E-3	1.423811E-4	0.000000E+0	0.000000E+0	0.000000E+0
4.758308E+2	-3.426788E+1	2.057000E+0	5.785078E-19	6.301025E-18	2.672313E-3	0.000000E+0	2.090744E-3	1.505690E-4	0.000000E+0	0.000000E+0	0.000000E+0
5.299938E+2	-3.754977E+1	2.120000E+0	3.389191E+17	1.295985E-19	2.837066E-3	0.000000E+0	1.877391E-3	1.330121E-4	0.000000E+0	0.000000E+0	0.000000E+0
5.247314E+2	-3.353363E+1	2.184000E+0	-5.351625E-18	2.391872E+17	2.978809E-3	0.000000E+0	1.897986E-3	1.212932E-4	0.000000E+0	0.000000E+0	0.000000E+0
3.429072E+2	-4.186127E+0	2.247000E+0	2.587907E+17	-4.414579E-18	3.247239E-3	0.000000E+0	2.915806E-3	3.559545E-5	0.000000E+0	0.000000E+0	0.000000E+0
2.444075E+2	1.725165E+1	2.310000E+0	-3.128310E+17	-2.708651E-18	3.585639E-3	0.000000E+0	4.071243E-3	-2.873711E-4	0.000000E+0	0.000000E+0	0.000000E+0
1.195915E+2	1.869804E+0	2.373000E+0	6.653843E-18	-4.395667E+17	3.451108E-3	0.000000E+0	8.359755E-3	-1.307041E-4	0.000000E+0	0.000000E+0	0.000000E+0
9.001918E+1	8.490410E+0	2.437000E+0	-1.137863E-18	-4.190346E+17	8.374760E-3	0.000000E+0	1.101079E-2	-1.038514E-3	0.000000E+0	0.000000E+0	0.000000E+0
3.324094E+2	-8.884003E+0	2.500000E+0	-9.275714E-19	-3.780148E-18	8.230014E-3	0.000000E+0	3.006191E-3	8.034373E-5	0.000000E+0	0.000000E+0	0.000000E+0
