Real / Ohm	Ximag / Ohm	V_DC / V	I_a c / A	V_ac / V	I_DC / A
1.295840E+2	-1.467480E+3	2.500000E+0	-9.275714E-19	-3.780148E-18	5.822745E-6	3.162278E+6	5.970816E-5	6.761678E-4	0.000000E+0	0.000000E+0	0.000000E+0
1.385278E+2	-1.472460E+3	2.437000E+0	-1.137863E-18	-4.190346E+17	3.990644E-6	0.000000E+0	6.333196E-5	6.731774E-4	0.000000E+0	0.000000E+0	0.000000E+0
1.350140E+2	-1.471820E+3	2.373000E+0	6.653843E-18	-4.395667E+17	3.207664E-6	0.000000E+0	6.180593E-5	6.737613E-4	0.000000E+0	0.000000E+0	0.000000E+0
1.562748E+2	-1.479663E+3	2.310000E+0	-3.128310E+17	-2.708651E-18	4.950634E-6	0.000000E+0	7.059042E-5	6.683741E-4	0.000000E+0	0.000000E+0	0.000000E+0
1.179497E+2	-1.476516E+3	2.247000E+0	2.587907E+17	-4.414579E-18	5.161433E-6	0.000000E+0	5.375983E-5	6.729755E-4	0.000000E+0	0.000000E+0	0.000000E+0
1.166863E+2	-1.478309E+3	2.184000E+0	-5.351625E-18	2.391872E+17	4.861518E-6	0.000000E+0	5.306303E-5	6.722602E-4	0.000000E+0	0.000000E+0	0.000000E+0
1.148441E+2	-1.482502E+3	2.120000E+0	3.389191E+17	1.295985E-19	2.546367E-6	0.000000E+0	5.194212E-5	6.705116E-4	0.000000E+0	0.000000E+0	0.000000E+0
9.533167E+1	-1.485867E+3	2.057000E+0	5.785078E-19	6.301025E-18	3.778638E-6	0.000000E+0	4.300246E-5	6.702488E-4	0.000000E+0	0.000000E+0	0.000000E+0
1.145149E+2	-1.490821E+3	1.994000E+0	-2.769006E-18	1.441508E+17	2.457258E-6	0.000000E+0	5.122194E-5	6.668368E-4	0.000000E+0	0.000000E+0	0.000000E+0
1.159945E+2	-1.495532E+3	1.930000E+0	-1.980656E+17	1.958093E+16	2.184992E-6	0.000000E+0	5.155149E-5	6.646600E-4	0.000000E+0	0.000000E+0	0.000000E+0
1.157935E+2	-1.500158E+3	1.867000E+0	2.915631E-18	5.325299E+16	1.885084E-6	0.000000E+0	5.114820E-5	6.626484E-4	0.000000E+0	0.000000E+0	0.000000E+0
1.156489E+2	-1.504655E+3	1.804000E+0	2.579781E+17	4.569561E-19	3.628054E-6	0.000000E+0	5.078197E-5	6.607010E-4	0.000000E+0	0.000000E+0	0.000000E+0
1.250215E+2	-1.510755E+3	1.741000E+0	5.241939E+17	-4.155966E-18	6.903203E-6	0.000000E+0	5.440422E-5	6.574185E-4	0.000000E+0	0.000000E+0	0.000000E+0
1.261075E+2	-1.515309E+3	1.677000E+0	-2.680825E+17	-5.492346E+17	4.588044E-6	0.000000E+0	5.454325E-5	6.553922E-4	0.000000E+0	0.000000E+0	0.000000E+0
1.282461E+2	-1.521747E+3	1.614000E+0	1.676929E-18	4.035830E-18	2.245230E-6	0.000000E+0	5.499024E-5	6.525051E-4	0.000000E+0	0.000000E+0	0.000000E+0
1.224283E+2	-1.529614E+3	1.551000E+0	4.020355E+17	1.967767E+17	5.009657E-6	0.000000E+0	5.199299E-5	6.495983E-4	0.000000E+0	0.000000E+0	0.000000E+0
1.222404E+2	-1.530948E+3	1.487000E+0	9.225665E+16	2.296609E-18	3.715955E-6	0.000000E+0	5.182435E-5	6.490521E-4	0.000000E+0	0.000000E+0	0.000000E+0
1.153258E+2	-1.536005E+3	1.424000E+0	-5.656005E-19	1.659667E-18	4.948190E-6	0.000000E+0	4.860712E-5	6.473900E-4	0.000000E+0	0.000000E+0	0.000000E+0
1.193237E+2	-1.542714E+3	1.361000E+0	5.364322E+17	-2.871880E+17	4.648282E-6	0.000000E+0	4.983856E-5	6.443534E-4	0.000000E+0	0.000000E+0	0.000000E+0
1.168051E+2	-1.549102E+3	1.297000E+0	4.345462E+17	8.421242E+16	4.376037E-6	0.000000E+0	4.839936E-5	6.418859E-4	0.000000E+0	0.000000E+0	0.000000E+0
1.190062E+2	-1.556357E+3	1.234000E+0	7.433461E+16	-3.421240E+17	3.565387E-6	0.000000E+0	4.884491E-5	6.387912E-4	0.000000E+0	0.000000E+0	0.000000E+0
1.191858E+2	-1.563994E+3	1.171000E+0	-2.822382E+17	-3.573572E+17	4.286907E-6	0.000000E+0	4.844395E-5	6.356969E-4	0.000000E+0	0.000000E+0	0.000000E+0
1.327263E+2	-1.574815E+3	1.108000E+0	3.883601E+17	-5.707470E+17	4.119065E-7	0.000000E+0	5.314029E-5	6.305165E-4	0.000000E+0	0.000000E+0	0.000000E+0
1.208414E+2	-1.580763E+3	1.044000E+0	-5.199634E+17	2.162502E-18	4.736183E-6	0.000000E+0	4.807858E-5	6.289305E-4	0.000000E+0	0.000000E+0	0.000000E+0
1.373319E+2	-1.594118E+3	9.810000E-1	-1.554615E+17	1.089551E+17	4.946982E-6	0.000000E+0	5.364376E-5	6.226848E-4	0.000000E+0	0.000000E+0	0.000000E+0
1.564937E+2	-1.609807E+3	9.180000E-1	2.547933E-18	-4.300115E-19	1.582706E-6	0.000000E+0	5.982246E-5	6.153770E-4	0.000000E+0	0.000000E+0	0.000000E+0
1.447086E+2	-1.618740E+3	8.540000E-1	-6.904437E-18	-8.377323E+16	3.353347E-6	0.000000E+0	5.478772E-5	6.128666E-4	0.000000E+0	0.000000E+0	0.000000E+0
1.371288E+2	-1.629357E+3	7.910000E-1	-4.524463E+17	2.055147E+17	4.074896E-6	0.000000E+0	5.128978E-5	6.094224E-4	0.000000E+0	0.000000E+0	0.000000E+0
1.217322E+2	-1.641019E+3	7.280000E-1	-7.975154E-19	6.323277E-18	3.264246E-6	0.000000E+0	4.495676E-5	6.060425E-4	0.000000E+0	0.000000E+0	0.000000E+0
1.247833E+2	-1.658236E+3	6.650000E-1	4.707204E+17	-1.630679E-19	3.475048E-6	0.000000E+0	4.512440E-5	5.996548E-4	0.000000E+0	0.000000E+0	0.000000E+0
1.274478E+2	-1.678669E+3	6.010000E-1	1.388541E-18	6.784133E-18	5.756407E-6	0.000000E+0	4.496826E-5	5.922960E-4	0.000000E+0	0.000000E+0	0.000000E+0
1.211465E+2	-1.700365E+3	5.380000E-1	4.766215E-20	4.558795E+17	1.370696E-6	0.000000E+0	4.168959E-5	5.851388E-4	0.000000E+0	0.000000E+0	0.000000E+0
1.239773E+2	-1.726712E+3	4.750000E-1	-3.851510E-18	-6.440456E-18	1.581502E-6	0.000000E+0	4.136845E-5	5.761651E-4	0.000000E+0	0.000000E+0	0.000000E+0
1.317157E+2	-1.759562E+3	4.110000E-1	-4.316353E+17	4.857998E-18	5.395028E-6	0.000000E+0	4.230596E-5	5.651564E-4	0.000000E+0	0.000000E+0	0.000000E+0
1.220371E+2	-1.792217E+3	3.480000E-1	4.155990E+17	-1.840361E+17	3.052206E-6	0.000000E+0	3.781827E-5	5.553930E-4	0.000000E+0	0.000000E+0	0.000000E+0
1.243153E+2	-1.833913E+3	2.850000E-1	-3.194760E-18	5.558819E-18	2.241582E-6	0.000000E+0	3.679392E-5	5.427880E-4	0.000000E+0	0.000000E+0	0.000000E+0
1.253573E+2	-1.881714E+3	2.220000E-1	-3.021231E-18	2.162610E+17	2.963101E-6	0.000000E+0	3.524676E-5	5.290823E-4	0.000000E+0	0.000000E+0	0.000000E+0
1.351293E+2	-1.940869E+3	1.580000E-1	4.697494E+17	-5.230656E+17	4.223029E-6	0.000000E+0	3.569908E-5	5.127476E-4	0.000000E+0	0.000000E+0	0.000000E+0
1.326628E+2	-2.008903E+3	9.500000E-2	-4.715167E+17	-5.481549E+17	2.901634E-6	0.000000E+0	3.272965E-5	4.956227E-4	0.000000E+0	0.000000E+0	0.000000E+0
1.415730E+2	-2.088451E+3	3.200000E-2	-3.096135E+17	4.406614E-18	1.580268E-6	0.000000E+0	3.231028E-5	4.766335E-4	0.000000E+0	0.000000E+0	0.000000E+0
1.505764E+2	-2.186623E+3	-3.200000E-2	-9.427576E-19	-9.422141E-19	2.840196E-6	0.000000E+0	3.134401E-5	4.551678E-4	0.000000E+0	0.000000E+0	0.000000E+0
1.540076E+2	-2.306163E+3	-9.500000E-2	-4.717429E+17	-4.921256E+17	4.583173E-6	0.000000E+0	2.882900E-5	4.316955E-4	0.000000E+0	0.000000E+0	0.000000E+0
1.666196E+2	-2.458688E+3	-1.580000E-1	-2.971689E+17	-4.956124E-18	2.751063E-6	0.000000E+0	2.743654E-5	4.048617E-4	0.000000E+0	0.000000E+0	0.000000E+0
1.802415E+2	-2.664713E+3	-2.220000E-1	-1.478400E+17	2.700613E+17	5.032449E-6	0.000000E+0	2.526803E-5	3.735658E-4	0.000000E+0	0.000000E+0	0.000000E+0
2.108452E+2	-2.948442E+3	-2.850000E-1	-2.725491E+17	1.903750E-18	1.668168E-6	0.000000E+0	2.413033E-5	3.374366E-4	0.000000E+0	0.000000E+0	0.000000E+0
2.407822E+2	-3.344047E+3	-3.480000E-1	-1.696573E+17	-6.410840E-19	3.411144E-6	0.000000E+0	2.142071E-5	2.974965E-4	0.000000E+0	0.000000E+0	0.000000E+0
2.895078E+2	-3.918390E+3	-4.110000E-1	6.414978E-18	-1.599031E-19	1.068322E-6	0.000000E+0	1.875343E-5	2.538213E-4	0.000000E+0	0.000000E+0	0.000000E+0
3.503921E+2	-4.775961E+3	-4.750000E-1	-5.761072E+17	-4.172230E+17	4.371133E-6	0.000000E+0	1.527923E-5	2.082610E-4	0.000000E+0	0.000000E+0	0.000000E+0
4.509800E+2	-6.049919E+3	-5.380000E-1	-5.506723E-18	3.318154E+17	1.517597E-6	0.000000E+0	1.225326E-5	1.643781E-4	0.000000E+0	0.000000E+0	0.000000E+0
5.108203E+2	-7.831342E+3	-6.010000E-1	4.410889E+17	3.939340E-18	3.260571E-6	0.000000E+0	8.293769E-6	1.271511E-4	0.000000E+0	0.000000E+0	0.000000E+0
6.680332E+2	-9.909863E+3	-6.650000E-1	3.887097E+16	1.849291E+17	4.009788E-6	0.000000E+0	6.771637E-6	1.004531E-4	0.000000E+0	0.000000E+0	0.000000E+0
7.077666E+2	-1.211673E+4	-7.280000E-1	-1.333488E-18	6.138991E-18	3.199133E-6	0.000000E+0	4.804408E-6	8.224988E-5	0.000000E+0	0.000000E+0	0.000000E+0
7.736738E+2	-1.438052E+4	-7.910000E-1	-1.774996E-18	1.902529E-18	8.563111E-7	0.000000E+0	3.730383E-6	6.933782E-5	0.000000E+0	0.000000E+0	0.000000E+0
8.515059E+2	-1.667874E+4	-8.540000E-1	-7.520591E+15	-3.372652E-18	3.620746E-6	0.000000E+0	3.053027E-6	5.980070E-5	0.000000E+0	0.000000E+0	0.000000E+0
8.588359E+2	-1.896853E+4	-9.180000E-1	2.088264E+17	-2.195880E+17	5.391386E-6	0.000000E+0	2.382064E-6	5.261105E-5	0.000000E+0	0.000000E+0	0.000000E+0
8.190039E+2	-2.109648E+4	-9.810000E-1	-5.375932E+16	-3.553127E+17	4.580736E-6	0.000000E+0	1.837435E-6	4.732994E-5	0.000000E+0	0.000000E+0	0.000000E+0
7.722480E+2	-2.295277E+4	-1.044000E+0	-1.183520E-18	-5.342346E-18	2.237910E-6	0.000000E+0	1.464183E-6	4.351846E-5	0.000000E+0	0.000000E+0	0.000000E+0
6.739453E+2	-2.458553E+4	-1.108000E+0	-5.203440E-18	3.830367E-18	1.965673E-6	0.000000E+0	1.114139E-6	4.064379E-5	0.000000E+0	0.000000E+0	0.000000E+0
6.842207E+2	-2.595599E+4	-1.171000E+0	3.716679E-18	4.245176E+17	1.155015E-6	0.000000E+0	1.014891E-6	3.850000E-5	0.000000E+0	0.000000E+0	0.000000E+0
7.148867E+2	-2.713829E+4	-1.234000E+0	1.593192E+15	5.157909E-18	1.876535E-6	0.000000E+0	9.699984E-7	3.682275E-5	0.000000E+0	0.000000E+0	0.000000E+0
6.593145E+2	-2.825419E+4	-1.297000E+0	-1.009562E-18	-5.687810E-18	2.598055E-6	0.000000E+0	8.254495E-7	3.537372E-5	0.000000E+0	0.000000E+0	0.000000E+0
6.316855E+2	-2.923901E+4	-1.361000E+0	-6.256276E-18	1.400744E+17	3.347210E-6	0.000000E+0	7.385381E-7	3.418493E-5	0.000000E+0	0.000000E+0	0.000000E+0
6.612109E+2	-3.017003E+4	-1.424000E+0	2.698511E+17	2.403843E+17	2.536559E-6	0.000000E+0	7.260725E-7	3.312956E-5	0.000000E+0	0.000000E+0	0.000000E+0
6.717715E+2	-3.092539E+4	-1.487000E+0	-3.870921E-18	-2.240669E+17	3.768822E-6	0.000000E+0	7.020796E-7	3.232064E-5	0.000000E+0	0.000000E+0	0.000000E+0
6.211816E+2	-3.169784E+4	-1.551000E+0	8.607266E+16	4.249670E-18	2.985835E-6	0.000000E+0	6.180057E-7	3.153578E-5	0.000000E+0	0.000000E+0	0.000000E+0
6.444727E+2	-3.240500E+4	-1.614000E+0	2.127762E-18	3.276064E+15	2.175177E-6	0.000000E+0	6.134918E-7	3.084723E-5	0.000000E+0	0.000000E+0	0.000000E+0
6.239434E+2	-3.314428E+4	-1.677000E+0	-4.960952E+17	1.187967E+17	2.896733E-6	0.000000E+0	5.677722E-7	3.016043E-5	0.000000E+0	0.000000E+0	0.000000E+0
6.645781E+2	-3.366028E+4	-1.741000E+0	-6.504745E+16	2.381170E+17	4.667374E-6	0.000000E+0	5.863289E-7	2.969703E-5	0.000000E+0	0.000000E+0	0.000000E+0
6.203672E+2	-3.412892E+4	-1.804000E+0	5.725577E-18	5.135446E+17	4.878209E-6	0.000000E+0	5.324272E-7	2.929099E-5	0.000000E+0	0.000000E+0	0.000000E+0
7.013281E+2	-3.458600E+4	-1.867000E+0	-5.521899E-18	3.493290E-18	1.513923E-6	0.000000E+0	5.860599E-7	2.890155E-5	0.000000E+0	0.000000E+0	0.000000E+0
6.889219E+2	-3.499752E+4	-1.930000E+0	2.907620E+17	-1.496570E-18	4.278329E-6	0.000000E+0	5.622471E-7	2.856239E-5	0.000000E+0	0.000000E+0	0.000000E+0
6.743438E+2	-3.510788E+4	-1.994000E+0	-2.653265E-18	4.671199E-18	4.516834E-6	0.000000E+0	5.469051E-7	2.847313E-5	0.000000E+0	0.000000E+0	0.000000E+0
6.180078E+2	-3.524818E+4	-2.057000E+0	6.288337E-18	-3.929323E-18	3.195455E-6	0.000000E+0	4.972641E-7	2.836154E-5	0.000000E+0	0.000000E+0	0.000000E+0
6.923047E+2	-3.546877E+4	-2.120000E+0	8.250878E-19	2.832624E+17	8.526113E-7	0.000000E+0	5.500974E-7	2.818308E-5	0.000000E+0	0.000000E+0	0.000000E+0
6.171172E+2	-3.560702E+4	-2.184000E+0	4.553607E+17	-2.686618E+17	2.623259E-6	0.000000E+0	4.865931E-7	2.807592E-5	0.000000E+0	0.000000E+0	0.000000E+0
6.198828E+2	-3.575052E+4	-2.247000E+0	2.517955E+17	3.793721E+16	5.387716E-6	0.000000E+0	4.848577E-7	2.796321E-5	0.000000E+0	0.000000E+0	0.000000E+0
6.170469E+2	-3.584013E+4	-2.310000E+0	-6.194311E-18	5.356043E+17	4.066285E-6	0.000000E+0	4.802311E-7	2.789342E-5	0.000000E+0	0.000000E+0	0.000000E+0
6.413359E+2	-3.590843E+4	-2.373000E+0	-5.704702E+17	6.513754E+16	3.766399E-6	0.000000E+0	4.972264E-7	2.783973E-5	0.000000E+0	0.000000E+0	0.000000E+0
6.609531E+2	-3.603938E+4	-2.437000E+0	-4.691026E+17	6.689522E-18	-8.092320E-8	0.000000E+0	5.087096E-7	2.773810E-5	0.000000E+0	0.000000E+0	0.000000E+0
6.837188E+2	-3.612778E+4	-2.500000E+0	-3.567381E+17	-4.286482E-18	2.172776E-6	0.000000E+0	5.236480E-7	2.766962E-5	0.000000E+0	0.000000E+0	0.000000E+0
