Real / Ohm	Ximag / Ohm	V_DC / V	I_a c / A	V_ac / V	I_DC / A
8.030334E+1	-1.028049E+3	2.500000E+0	-9.275714E-19	-3.780148E-18	-8.166826E-7	5.623413E+6	7.552038E-5	9.668172E-4	0.000000E+0	0.000000E+0	0.000000E+0
8.182672E+1	-1.030688E+3	2.437000E+0	-1.137863E-18	-4.190346E+17	4.155881E-7	0.000000E+0	7.654415E-5	9.641488E-4	0.000000E+0	0.000000E+0	0.000000E+0
1.003777E+2	-1.035175E+3	2.373000E+0	6.653843E-18	-4.395667E+17	1.433218E-7	0.000000E+0	9.279942E-5	9.570218E-4	0.000000E+0	0.000000E+0	0.000000E+0
9.917761E+1	-1.038528E+3	2.310000E+0	-3.128310E+17	-2.708651E-18	-6.673072E-7	0.000000E+0	9.112435E-5	9.541991E-4	0.000000E+0	0.000000E+0	0.000000E+0
9.264008E+1	-1.039875E+3	2.247000E+0	2.587907E+17	-4.414579E-18	1.586377E-6	0.000000E+0	8.499697E-5	9.540819E-4	0.000000E+0	0.000000E+0	0.000000E+0
6.727905E+1	-1.044017E+3	2.184000E+0	-5.351625E-18	2.391872E+17	-7.564522E-7	0.000000E+0	6.147024E-5	9.538775E-4	0.000000E+0	0.000000E+0	0.000000E+0
8.718359E+1	-1.048528E+3	2.120000E+0	3.389191E+17	1.295985E-19	-7.261406E-9	0.000000E+0	7.875578E-5	9.471695E-4	0.000000E+0	0.000000E+0	0.000000E+0
8.003107E+1	-1.053101E+3	2.057000E+0	5.785078E-19	6.301025E-18	7.142953E-7	0.000000E+0	7.174929E-5	9.441239E-4	0.000000E+0	0.000000E+0	0.000000E+0
8.093585E+1	-1.057581E+3	1.994000E+0	-2.769006E-18	1.441508E+17	-6.070841E-7	0.000000E+0	7.194118E-5	9.400485E-4	0.000000E+0	0.000000E+0	0.000000E+0
1.061885E+2	-1.065022E+3	1.930000E+0	-1.980656E+17	1.958093E+16	1.674278E-6	0.000000E+0	9.269669E-5	9.297054E-4	0.000000E+0	0.000000E+0	0.000000E+0
8.791785E+1	-1.069064E+3	1.867000E+0	2.915631E-18	5.325299E+16	8.636271E-7	0.000000E+0	7.640862E-5	9.291140E-4	0.000000E+0	0.000000E+0	0.000000E+0
8.344824E+1	-1.074569E+3	1.804000E+0	2.579781E+17	4.569561E-19	1.074426E-6	0.000000E+0	7.183521E-5	9.250271E-4	0.000000E+0	0.000000E+0	0.000000E+0
8.840253E+1	-1.080869E+3	1.741000E+0	5.241939E+17	-4.155966E-18	2.637753E-7	0.000000E+0	7.516629E-5	9.190338E-4	0.000000E+0	0.000000E+0	0.000000E+0
1.004321E+2	-1.088324E+3	1.677000E+0	-2.680825E+17	-5.492346E+17	3.566587E-6	0.000000E+0	8.407626E-5	9.110853E-4	0.000000E+0	0.000000E+0	0.000000E+0
1.039047E+2	-1.095188E+3	1.614000E+0	1.676929E-18	4.035830E-18	7.130584E-7	0.000000E+0	8.585512E-5	9.049398E-4	0.000000E+0	0.000000E+0	0.000000E+0
1.050563E+2	-1.101624E+3	1.551000E+0	4.020355E+17	1.967767E+17	1.945315E-6	0.000000E+0	8.578740E-5	8.995696E-4	0.000000E+0	0.000000E+0	0.000000E+0
7.156146E+1	-1.107444E+3	1.487000E+0	9.225665E+16	2.296609E-18	-1.391301E-6	0.000000E+0	5.810667E-5	8.992254E-4	0.000000E+0	0.000000E+0	0.000000E+0
8.852899E+1	-1.115571E+3	1.424000E+0	-5.656005E-19	1.659667E-18	2.394590E-6	0.000000E+0	7.069108E-5	8.907921E-4	0.000000E+0	0.000000E+0	0.000000E+0
8.423102E+1	-1.123707E+3	1.361000E+0	5.364322E+17	-2.871880E+17	5.624825E-7	0.000000E+0	6.633344E-5	8.849395E-4	0.000000E+0	0.000000E+0	0.000000E+0
8.668872E+1	-1.132055E+3	1.297000E+0	4.345462E+17	8.421242E+16	-2.205052E-7	0.000000E+0	6.724938E-5	8.781996E-4	0.000000E+0	0.000000E+0	0.000000E+0
9.950812E+1	-1.142349E+3	1.234000E+0	7.433461E+16	-3.421240E+17	5.010443E-7	0.000000E+0	7.567945E-5	8.687969E-4	0.000000E+0	0.000000E+0	0.000000E+0
8.506238E+1	-1.149986E+3	1.171000E+0	-2.822382E+17	-3.573572E+17	-3.096065E-7	0.000000E+0	6.397094E-5	8.648440E-4	0.000000E+0	0.000000E+0	0.000000E+0
8.895874E+1	-1.160229E+3	1.108000E+0	3.883601E+17	-5.707470E+17	-1.120265E-6	0.000000E+0	6.569851E-5	8.568615E-4	0.000000E+0	0.000000E+0	0.000000E+0
8.970483E+1	-1.170502E+3	1.044000E+0	-5.199634E+17	2.162502E-18	1.396693E-7	0.000000E+0	6.509209E-5	8.493458E-4	0.000000E+0	0.000000E+0	0.000000E+0
9.650122E+1	-1.182662E+3	9.810000E-1	-1.554615E+17	1.089551E+17	-6.709852E-7	0.000000E+0	6.853771E-5	8.399577E-4	0.000000E+0	0.000000E+0	0.000000E+0
9.310730E+1	-1.192749E+3	9.180000E-1	2.547933E-18	-4.300115E-19	1.071992E-6	0.000000E+0	6.504999E-5	8.333215E-4	0.000000E+0	0.000000E+0	0.000000E+0
7.518427E+1	-1.203630E+3	8.540000E-1	-6.904437E-18	-8.377323E+16	1.310462E-6	0.000000E+0	5.169514E-5	8.275910E-4	0.000000E+0	0.000000E+0	0.000000E+0
5.862366E+1	-1.216136E+3	7.910000E-1	-4.524463E+17	2.055147E+17	3.053439E-6	0.000000E+0	3.954582E-5	8.203702E-4	0.000000E+0	0.000000E+0	0.000000E+0
8.274036E+1	-1.229655E+3	7.280000E-1	-7.975154E-19	6.323277E-18	2.753502E-6	0.000000E+0	5.447396E-5	8.095708E-4	0.000000E+0	0.000000E+0	0.000000E+0
7.995203E+1	-1.244237E+3	6.650000E-1	4.707204E+17	-1.630679E-19	2.453591E-6	0.000000E+0	5.143204E-5	8.004005E-4	0.000000E+0	0.000000E+0	0.000000E+0
8.348254E+1	-1.258947E+3	6.010000E-1	1.388541E-18	6.784133E-18	6.491791E-7	0.000000E+0	5.244152E-5	7.908371E-4	0.000000E+0	0.000000E+0	0.000000E+0
7.912329E+1	-1.275007E+3	5.380000E-1	4.766215E-20	4.558795E+17	1.881410E-6	0.000000E+0	4.848528E-5	7.813006E-4	0.000000E+0	0.000000E+0	0.000000E+0
7.955786E+1	-1.292051E+3	4.750000E-1	-3.851510E-18	-6.440456E-18	1.581502E-6	0.000000E+0	4.747667E-5	7.710399E-4	0.000000E+0	0.000000E+0	0.000000E+0
7.989587E+1	-1.312874E+3	4.110000E-1	-4.316353E+17	4.857998E-18	-2.229426E-7	0.000000E+0	4.618201E-5	7.588773E-4	0.000000E+0	0.000000E+0	0.000000E+0
7.944128E+1	-1.330269E+3	3.480000E-1	4.155990E+17	-1.840361E+17	2.030778E-6	0.000000E+0	4.473230E-5	7.490563E-4	0.000000E+0	0.000000E+0	0.000000E+0
1.003656E+2	-1.353529E+3	2.850000E-1	-3.194760E-18	5.558819E-18	3.263011E-6	0.000000E+0	5.448392E-5	7.347694E-4	0.000000E+0	0.000000E+0	0.000000E+0
8.572021E+1	-1.375039E+3	2.220000E-1	-3.021231E-18	2.162610E+17	3.473815E-6	0.000000E+0	4.516153E-5	7.244367E-4	0.000000E+0	0.000000E+0	0.000000E+0
7.688452E+1	-1.400714E+3	1.580000E-1	4.697494E+17	-5.230656E+17	3.201572E-6	0.000000E+0	3.906911E-5	7.117771E-4	0.000000E+0	0.000000E+0	0.000000E+0
7.199768E+1	-1.429284E+3	9.500000E-2	-4.715167E+17	-5.481549E+17	8.587490E-7	0.000000E+0	3.515449E-5	6.978802E-4	0.000000E+0	0.000000E+0	0.000000E+0
1.025477E+2	-1.462169E+3	3.200000E-2	-3.096135E+17	4.406614E-18	1.580268E-6	0.000000E+0	4.773092E-5	6.805679E-4	0.000000E+0	0.000000E+0	0.000000E+0
8.097168E+1	-1.498946E+3	-3.200000E-2	-9.427576E-19	-9.422141E-19	7.972819E-7	0.000000E+0	3.593319E-5	6.651944E-4	0.000000E+0	0.000000E+0	0.000000E+0
8.498340E+1	-1.537792E+3	-9.500000E-2	-4.717429E+17	-4.921256E+17	1.518830E-6	0.000000E+0	3.582734E-5	6.483031E-4	0.000000E+0	0.000000E+0	0.000000E+0
1.067267E+2	-1.586805E+3	-1.580000E-1	-2.971689E+17	-4.956124E-18	7.081780E-7	0.000000E+0	4.219546E-5	6.273591E-4	0.000000E+0	0.000000E+0	0.000000E+0
9.311987E+1	-1.642935E+3	-2.220000E-1	-1.478400E+17	2.700613E+17	-7.480776E-8	0.000000E+0	3.438814E-5	6.067177E-4	0.000000E+0	0.000000E+0	0.000000E+0
9.805261E+1	-1.713568E+3	-2.850000E-1	-2.725491E+17	1.903750E-18	-8.854604E-7	0.000000E+0	3.328410E-5	5.816731E-4	0.000000E+0	0.000000E+0	0.000000E+0
1.111187E+2	-1.798073E+3	-3.480000E-1	-1.696573E+17	-6.410840E-19	-1.639128E-7	0.000000E+0	3.423868E-5	5.540350E-4	0.000000E+0	0.000000E+0	0.000000E+0
1.272303E+2	-1.910519E+3	-4.110000E-1	6.414978E-18	-1.599031E-19	5.576076E-7	0.000000E+0	3.470292E-5	5.211070E-4	0.000000E+0	0.000000E+0	0.000000E+0
1.176681E+2	-2.065413E+3	-4.750000E-1	-5.761072E+17	-4.172230E+17	2.853631E-7	0.000000E+0	2.749398E-5	4.825983E-4	0.000000E+0	0.000000E+0	0.000000E+0
1.388370E+2	-2.292353E+3	-5.380000E-1	-5.506723E-18	3.318154E+17	1.006883E-6	0.000000E+0	2.632401E-5	4.346387E-4	0.000000E+0	0.000000E+0	0.000000E+0
1.547236E+2	-2.661733E+3	-6.010000E-1	4.410889E+17	3.939340E-18	-1.335942E-6	0.000000E+0	2.176520E-5	3.744299E-4	0.000000E+0	0.000000E+0	0.000000E+0
2.487307E+2	-3.329183E+3	-6.650000E-1	3.887097E+16	1.849291E+17	4.347021E-7	0.000000E+0	2.231704E-5	2.987066E-4	0.000000E+0	0.000000E+0	0.000000E+0
3.202881E+2	-4.483582E+3	-7.280000E-1	-1.333488E-18	6.138991E-18	6.455048E-7	0.000000E+0	1.585185E-5	2.219036E-4	0.000000E+0	0.000000E+0	0.000000E+0
4.321006E+2	-6.090437E+3	-7.910000E-1	-1.774996E-18	1.902529E-18	8.563111E-7	0.000000E+0	1.159064E-5	1.633695E-4	0.000000E+0	0.000000E+0	0.000000E+0
5.704209E+2	-7.583193E+3	-8.540000E-1	-7.520591E+15	-3.372652E-18	4.566027E-8	0.000000E+0	9.863721E-6	1.311286E-4	0.000000E+0	0.000000E+0	0.000000E+0
6.512427E+2	-8.449209E+3	-9.180000E-1	2.088264E+17	-2.195880E+17	1.305587E-6	0.000000E+0	9.068559E-6	1.176553E-4	0.000000E+0	0.000000E+0	0.000000E+0
6.910000E+2	-8.982221E+3	-9.810000E-1	-5.375932E+16	-3.553127E+17	1.005650E-6	0.000000E+0	8.514280E-6	1.106760E-4	0.000000E+0	0.000000E+0	0.000000E+0
7.474326E+2	-9.562793E+3	-1.044000E+0	-1.183520E-18	-5.342346E-18	1.727196E-6	0.000000E+0	8.123767E-6	1.039370E-4	0.000000E+0	0.000000E+0	0.000000E+0
7.711602E+2	-1.030213E+4	-1.108000E+0	-5.203440E-18	3.830367E-18	4.008558E-6	0.000000E+0	7.225434E-6	9.652645E-5	0.000000E+0	0.000000E+0	0.000000E+0
7.908936E+2	-1.114163E+4	-1.171000E+0	3.716679E-18	4.245176E+17	1.335575E-7	0.000000E+0	6.339248E-6	8.930348E-5	0.000000E+0	0.000000E+0	0.000000E+0
7.555518E+2	-1.197073E+4	-1.234000E+0	1.593192E+15	5.157909E-18	1.365792E-6	0.000000E+0	5.251656E-6	8.320563E-5	0.000000E+0	0.000000E+0	0.000000E+0
7.168730E+2	-1.277321E+4	-1.297000E+0	-1.009562E-18	-5.687810E-18	3.619512E-6	0.000000E+0	4.380022E-6	7.804304E-5	0.000000E+0	0.000000E+0	0.000000E+0
7.734150E+2	-1.348705E+4	-1.361000E+0	-6.256276E-18	1.400744E+17	1.815068E-6	0.000000E+0	4.237921E-6	7.390217E-5	0.000000E+0	0.000000E+0	0.000000E+0
7.772715E+2	-1.412700E+4	-1.424000E+0	2.698511E+17	2.403843E+17	1.004417E-6	0.000000E+0	3.882935E-6	7.057280E-5	0.000000E+0	0.000000E+0	0.000000E+0
7.200625E+2	-1.469337E+4	-1.487000E+0	-3.870921E-18	-2.240669E+17	3.768822E-6	0.000000E+0	3.327251E-6	6.789485E-5	0.000000E+0	0.000000E+0	0.000000E+0
7.872676E+2	-1.524604E+4	-1.551000E+0	8.607266E+16	4.249670E-18	2.475121E-6	0.000000E+0	3.377939E-6	6.541637E-5	0.000000E+0	0.000000E+0	0.000000E+0
7.715752E+2	-1.575111E+4	-1.614000E+0	2.127762E-18	3.276064E+15	1.323206E-7	0.000000E+0	3.102523E-6	6.333561E-5	0.000000E+0	0.000000E+0	0.000000E+0
7.621201E+2	-1.619804E+4	-1.677000E+0	-4.960952E+17	1.187967E+17	1.875305E-6	0.000000E+0	2.898265E-6	6.159950E-5	0.000000E+0	0.000000E+0	0.000000E+0
7.045947E+2	-1.665063E+4	-1.741000E+0	-6.504745E+16	2.381170E+17	2.624460E-6	0.000000E+0	2.536887E-6	5.995044E-5	0.000000E+0	0.000000E+0	0.000000E+0
7.672441E+2	-1.702026E+4	-1.804000E+0	5.725577E-18	5.135446E+17	2.835295E-6	0.000000E+0	2.643136E-6	5.863436E-5	0.000000E+0	0.000000E+0	0.000000E+0
7.799609E+2	-1.732032E+4	-1.867000E+0	-5.521899E-18	3.493290E-18	2.024637E-6	0.000000E+0	2.594665E-6	5.761881E-5	0.000000E+0	0.000000E+0	0.000000E+0
8.145449E+2	-1.759189E+4	-1.930000E+0	2.907620E+17	-1.496570E-18	7.032722E-7	0.000000E+0	2.626394E-6	5.672277E-5	0.000000E+0	0.000000E+0	0.000000E+0
7.207217E+2	-1.784369E+4	-1.994000E+0	-2.653265E-18	4.671199E-18	4.516834E-6	0.000000E+0	2.259906E-6	5.595094E-5	0.000000E+0	0.000000E+0	0.000000E+0
7.674736E+2	-1.805484E+4	-2.057000E+0	6.288337E-18	-3.929323E-18	4.216883E-6	0.000000E+0	2.350131E-6	5.528691E-5	0.000000E+0	0.000000E+0	0.000000E+0
7.267949E+2	-1.821146E+4	-2.120000E+0	8.250878E-19	2.832624E+17	1.874098E-6	0.000000E+0	2.187919E-6	5.482316E-5	0.000000E+0	0.000000E+0	0.000000E+0
7.641836E+2	-1.834079E+4	-2.184000E+0	4.553607E+17	-2.686618E+17	2.112545E-6	0.000000E+0	2.267819E-6	5.442879E-5	0.000000E+0	0.000000E+0	0.000000E+0
7.525947E+2	-1.841773E+4	-2.247000E+0	2.517955E+17	3.793721E+16	1.812601E-6	0.000000E+0	2.214952E-6	5.420500E-5	0.000000E+0	0.000000E+0	0.000000E+0
7.603926E+2	-1.844823E+4	-2.310000E+0	-6.194311E-18	5.356043E+17	4.066285E-6	0.000000E+0	2.230444E-6	5.411381E-5	0.000000E+0	0.000000E+0	0.000000E+0
7.769629E+2	-1.817497E+4	-2.373000E+0	-5.704702E+17	6.513754E+16	4.277113E-6	0.000000E+0	2.347794E-6	5.492036E-5	0.000000E+0	0.000000E+0	0.000000E+0
7.301914E+2	-1.745126E+4	-2.437000E+0	-4.691026E+17	6.689522E-18	4.004847E-6	0.000000E+0	2.393445E-6	5.720231E-5	0.000000E+0	0.000000E+0	0.000000E+0
8.590439E+2	-1.691484E+4	-2.500000E+0	-3.567381E+17	-4.286482E-18	3.194204E-6	0.000000E+0	2.994752E-6	5.896759E-5	0.000000E+0	0.000000E+0	0.000000E+0
