Real / Ohm	Ximag / Ohm	V_DC / V	I_a c / A	V_ac / V	I_DC / A
9.356372E+1	-1.463804E+3	2.500000E+0	-9.275714E-19	-3.780148E-18	7.154886E-7	3.162278E+6	4.348815E-5	6.803719E-4	0.000000E+0	0.000000E+0	0.000000E+0
1.070123E+2	-1.472980E+3	2.437000E+0	-1.137863E-18	-4.190346E+17	9.263022E-7	0.000000E+0	4.906297E-5	6.753314E-4	0.000000E+0	0.000000E+0	0.000000E+0
9.643896E+1	-1.477372E+3	2.373000E+0	6.653843E-18	-4.395667E+17	1.675493E-6	0.000000E+0	4.399731E-5	6.740056E-4	0.000000E+0	0.000000E+0	0.000000E+0
1.162473E+2	-1.483072E+3	2.310000E+0	-3.128310E+17	-2.708651E-18	-1.565932E-7	0.000000E+0	5.252890E-5	6.701587E-4	0.000000E+0	0.000000E+0	0.000000E+0
1.288529E+2	-1.489273E+3	2.247000E+0	2.587907E+17	-4.414579E-18	2.097091E-6	0.000000E+0	5.766425E-5	6.664794E-4	0.000000E+0	0.000000E+0	0.000000E+0
1.201302E+2	-1.495491E+3	2.184000E+0	-5.351625E-18	2.391872E+17	2.650049E-7	0.000000E+0	5.336927E-5	6.643896E-4	0.000000E+0	0.000000E+0	0.000000E+0
1.029243E+2	-1.500182E+3	2.120000E+0	3.389191E+17	1.295985E-19	1.014196E-6	0.000000E+0	4.551878E-5	6.634628E-4	0.000000E+0	0.000000E+0	0.000000E+0
1.253219E+2	-1.507165E+3	2.057000E+0	5.785078E-19	6.301025E-18	2.035522E-7	0.000000E+0	5.479147E-5	6.589414E-4	0.000000E+0	0.000000E+0	0.000000E+0
1.286398E+2	-1.512956E+3	1.994000E+0	-2.769006E-18	1.441508E+17	2.967972E-6	0.000000E+0	5.579489E-5	6.562138E-4	0.000000E+0	0.000000E+0	0.000000E+0
1.120054E+2	-1.519438E+3	1.930000E+0	-1.980656E+17	1.958093E+16	2.695735E-6	0.000000E+0	4.825246E-5	6.545811E-4	0.000000E+0	0.000000E+0	0.000000E+0
1.313622E+2	-1.525182E+3	1.867000E+0	2.915631E-18	5.325299E+16	2.395798E-6	0.000000E+0	5.605538E-5	6.508315E-4	0.000000E+0	0.000000E+0	0.000000E+0
1.272545E+2	-1.530982E+3	1.804000E+0	2.579781E+17	4.569561E-19	5.296897E-8	0.000000E+0	5.391912E-5	6.486938E-4	0.000000E+0	0.000000E+0	0.000000E+0
1.149954E+2	-1.536864E+3	1.741000E+0	5.241939E+17	-4.155966E-18	2.817404E-6	0.000000E+0	4.841555E-5	6.470530E-4	0.000000E+0	0.000000E+0	0.000000E+0
1.203402E+2	-1.542794E+3	1.677000E+0	-2.680825E+17	-5.492346E+17	4.077330E-6	0.000000E+0	5.025283E-5	6.442549E-4	0.000000E+0	0.000000E+0	0.000000E+0
1.269375E+2	-1.549236E+3	1.614000E+0	1.676929E-18	4.035830E-18	4.798858E-6	0.000000E+0	5.253502E-5	6.411750E-4	0.000000E+0	0.000000E+0	0.000000E+0
1.297164E+2	-1.555363E+3	1.551000E+0	4.020355E+17	1.967767E+17	1.945315E-6	0.000000E+0	5.325018E-5	6.384957E-4	0.000000E+0	0.000000E+0	0.000000E+0
1.235205E+2	-1.562001E+3	1.487000E+0	9.225665E+16	2.296609E-18	3.205212E-6	0.000000E+0	5.031171E-5	6.362259E-4	0.000000E+0	0.000000E+0	0.000000E+0
1.034534E+2	-1.567488E+3	1.424000E+0	-5.656005E-19	1.659667E-18	8.624193E-7	0.000000E+0	4.192264E-5	6.351965E-4	0.000000E+0	0.000000E+0	0.000000E+0
1.293834E+2	-1.575259E+3	1.361000E+0	5.364322E+17	-2.871880E+17	-1.480403E-6	0.000000E+0	5.179104E-5	6.305624E-4	0.000000E+0	0.000000E+0	0.000000E+0
1.289659E+2	-1.582383E+3	1.297000E+0	4.345462E+17	8.421242E+16	8.009520E-7	0.000000E+0	5.116541E-5	6.277882E-4	0.000000E+0	0.000000E+0	0.000000E+0
1.297231E+2	-1.590095E+3	1.234000E+0	7.433461E+16	-3.421240E+17	2.543929E-6	0.000000E+0	5.096714E-5	6.247352E-4	0.000000E+0	0.000000E+0	0.000000E+0
1.303878E+2	-1.598101E+3	1.171000E+0	-2.822382E+17	-3.573572E+17	1.222565E-6	0.000000E+0	5.071624E-5	6.216048E-4	0.000000E+0	0.000000E+0	0.000000E+0
1.288634E+2	-1.606676E+3	1.108000E+0	3.883601E+17	-5.707470E+17	1.433364E-6	0.000000E+0	4.960074E-5	6.184248E-4	0.000000E+0	0.000000E+0	0.000000E+0
1.155607E+2	-1.615480E+3	1.044000E+0	-5.199634E+17	2.162502E-18	1.161097E-6	0.000000E+0	4.405451E-5	6.158597E-4	0.000000E+0	0.000000E+0	0.000000E+0
1.242253E+2	-1.625147E+3	9.810000E-1	-1.554615E+17	1.089551E+17	4.436268E-6	0.000000E+0	4.676216E-5	6.117545E-4	0.000000E+0	0.000000E+0	0.000000E+0
1.276177E+2	-1.635890E+3	9.180000E-1	2.547933E-18	-4.300115E-19	2.604163E-6	0.000000E+0	4.739884E-5	6.075904E-4	0.000000E+0	0.000000E+0	0.000000E+0
1.270983E+2	-1.648198E+3	8.540000E-1	-6.904437E-18	-8.377323E+16	2.842633E-6	0.000000E+0	4.650997E-5	6.031367E-4	0.000000E+0	0.000000E+0	0.000000E+0
1.263226E+2	-1.661458E+3	7.910000E-1	-4.524463E+17	2.055147E+17	2.542725E-6	0.000000E+0	4.549870E-5	5.984217E-4	0.000000E+0	0.000000E+0	0.000000E+0
1.052018E+2	-1.675264E+3	7.280000E-1	-7.975154E-19	6.323277E-18	3.774960E-6	0.000000E+0	3.733769E-5	5.945761E-4	0.000000E+0	0.000000E+0	0.000000E+0
1.329508E+2	-1.693782E+3	6.650000E-1	4.707204E+17	-1.630679E-19	2.453591E-6	0.000000E+0	4.605835E-5	5.867795E-4	0.000000E+0	0.000000E+0	0.000000E+0
1.309812E+2	-1.714315E+3	6.010000E-1	1.388541E-18	6.784133E-18	1.384360E-7	0.000000E+0	4.430980E-5	5.799379E-4	0.000000E+0	0.000000E+0	0.000000E+0
1.300005E+2	-1.738441E+3	5.380000E-1	4.766215E-20	4.558795E+17	2.392153E-6	0.000000E+0	4.277631E-5	5.720292E-4	0.000000E+0	0.000000E+0	0.000000E+0
1.331989E+2	-1.767103E+3	4.750000E-1	-3.851510E-18	-6.440456E-18	3.624387E-6	0.000000E+0	4.241470E-5	5.627009E-4	0.000000E+0	0.000000E+0	0.000000E+0
1.336357E+2	-1.802063E+3	4.110000E-1	-4.316353E+17	4.857998E-18	2.841400E-6	0.000000E+0	4.092614E-5	5.518846E-4	0.000000E+0	0.000000E+0	0.000000E+0
1.305009E+2	-1.841123E+3	3.480000E-1	4.155990E+17	-1.840361E+17	1.520035E-6	0.000000E+0	3.830641E-5	5.404316E-4	0.000000E+0	0.000000E+0	0.000000E+0
1.326945E+2	-1.886745E+3	2.850000E-1	-3.194760E-18	5.558819E-18	3.263011E-6	0.000000E+0	3.709229E-5	5.274046E-4	0.000000E+0	0.000000E+0	0.000000E+0
1.365509E+2	-1.938128E+3	2.220000E-1	-3.021231E-18	2.162610E+17	3.984558E-6	0.000000E+0	3.617256E-5	5.134133E-4	0.000000E+0	0.000000E+0	0.000000E+0
1.393550E+2	-1.997272E+3	1.580000E-1	4.697494E+17	-5.230656E+17	3.201572E-6	0.000000E+0	3.476474E-5	4.982573E-4	0.000000E+0	0.000000E+0	0.000000E+0
1.311152E+2	-2.063880E+3	9.500000E-2	-4.715167E+17	-5.481549E+17	2.901634E-6	0.000000E+0	3.065737E-5	4.825767E-4	0.000000E+0	0.000000E+0	0.000000E+0
1.304321E+2	-2.145841E+3	3.200000E-2	-3.096135E+17	4.406614E-18	1.069554E-6	0.000000E+0	2.822200E-5	4.643023E-4	0.000000E+0	0.000000E+0	0.000000E+0
1.549358E+2	-2.244234E+3	-3.200000E-2	-9.427576E-19	-9.422141E-19	2.840196E-6	0.000000E+0	3.061615E-5	4.434727E-4	0.000000E+0	0.000000E+0	0.000000E+0
1.580029E+2	-2.360966E+3	-9.500000E-2	-4.717429E+17	-4.921256E+17	1.008087E-6	0.000000E+0	2.821921E-5	4.216669E-4	0.000000E+0	0.000000E+0	0.000000E+0
1.619800E+2	-2.508036E+3	-1.580000E-1	-2.971689E+17	-4.956124E-18	3.772520E-6	0.000000E+0	2.564402E-5	3.970622E-4	0.000000E+0	0.000000E+0	0.000000E+0
1.777793E+2	-2.704560E+3	-2.220000E-1	-1.478400E+17	2.700613E+17	9.466494E-7	0.000000E+0	2.420001E-5	3.681552E-4	0.000000E+0	0.000000E+0	0.000000E+0
1.918816E+2	-2.962100E+3	-2.850000E-1	-2.725491E+17	1.903750E-18	2.689625E-6	0.000000E+0	2.177786E-5	3.361876E-4	0.000000E+0	0.000000E+0	0.000000E+0
2.055562E+2	-3.319097E+3	-3.480000E-1	-1.696573E+17	-6.410840E-19	2.389716E-6	0.000000E+0	1.858781E-5	3.001356E-4	0.000000E+0	0.000000E+0	0.000000E+0
2.373340E+2	-3.820739E+3	-4.110000E-1	6.414978E-18	-1.599031E-19	-4.638496E-7	0.000000E+0	1.619544E-5	2.607235E-4	0.000000E+0	0.000000E+0	0.000000E+0
2.821030E+2	-4.563477E+3	-4.750000E-1	-5.761072E+17	-4.172230E+17	7.960771E-7	0.000000E+0	1.349458E-5	2.182970E-4	0.000000E+0	0.000000E+0	0.000000E+0
3.466147E+2	-5.649121E+3	-5.380000E-1	-5.506723E-18	3.318154E+17	2.028341E-6	0.000000E+0	1.082065E-5	1.763548E-4	0.000000E+0	0.000000E+0	0.000000E+0
4.395864E+2	-7.271633E+3	-6.010000E-1	4.410889E+17	3.939340E-18	1.728400E-6	0.000000E+0	8.283161E-6	1.370200E-4	0.000000E+0	0.000000E+0	0.000000E+0
6.728174E+2	-9.657066E+3	-6.650000E-1	3.887097E+16	1.849291E+17	1.966873E-6	0.000000E+0	7.179659E-6	1.030509E-4	0.000000E+0	0.000000E+0	0.000000E+0
1.092240E+3	-1.263077E+4	-7.280000E-1	-1.333488E-18	6.138991E-18	1.666962E-6	0.000000E+0	6.795523E-6	7.858410E-5	0.000000E+0	0.000000E+0	0.000000E+0
1.661338E+3	-1.632401E+4	-7.910000E-1	-1.774996E-18	1.902529E-18	3.455971E-7	0.000000E+0	6.170625E-6	6.063146E-5	0.000000E+0	0.000000E+0	0.000000E+0
2.361266E+3	-2.066622E+4	-8.540000E-1	-7.520591E+15	-3.372652E-18	1.577831E-6	0.000000E+0	5.457452E-6	4.776459E-5	0.000000E+0	0.000000E+0	0.000000E+0
2.934268E+3	-2.518077E+4	-9.180000E-1	2.088264E+17	-2.195880E+17	3.348472E-6	0.000000E+0	4.565667E-6	3.918082E-5	0.000000E+0	0.000000E+0	0.000000E+0
3.075113E+3	-2.890983E+4	-9.810000E-1	-5.375932E+16	-3.553127E+17	2.027107E-6	0.000000E+0	3.638177E-6	3.420332E-5	0.000000E+0	0.000000E+0	0.000000E+0
2.738582E+3	-3.157296E+4	-1.044000E+0	-1.183520E-18	-5.342346E-18	2.237910E-6	0.000000E+0	2.726716E-6	3.143616E-5	0.000000E+0	0.000000E+0	0.000000E+0
2.593438E+3	-3.345298E+4	-1.108000E+0	-5.203440E-18	3.830367E-18	1.454930E-6	0.000000E+0	2.303583E-6	2.971412E-5	0.000000E+0	0.000000E+0	0.000000E+0
2.513820E+3	-3.493927E+4	-1.171000E+0	3.716679E-18	4.245176E+17	1.665729E-6	0.000000E+0	2.048633E-6	2.847369E-5	0.000000E+0	0.000000E+0	0.000000E+0
2.356555E+3	-3.609359E+4	-1.234000E+0	1.593192E+15	5.157909E-18	-1.187836E-6	0.000000E+0	1.801234E-6	2.758815E-5	0.000000E+0	0.000000E+0	0.000000E+0
2.170785E+3	-3.710352E+4	-1.297000E+0	-1.009562E-18	-5.687810E-18	3.108769E-6	0.000000E+0	1.571457E-6	2.685968E-5	0.000000E+0	0.000000E+0	0.000000E+0
2.363938E+3	-3.805312E+4	-1.361000E+0	-6.256276E-18	1.400744E+17	3.347210E-6	0.000000E+0	1.626233E-6	2.617803E-5	0.000000E+0	0.000000E+0	0.000000E+0
2.277152E+3	-3.887241E+4	-1.424000E+0	2.698511E+17	2.403843E+17	1.515131E-6	0.000000E+0	1.501832E-6	2.563721E-5	0.000000E+0	0.000000E+0	0.000000E+0
2.310535E+3	-3.966309E+4	-1.487000E+0	-3.870921E-18	-2.240669E+17	-8.276620E-7	0.000000E+0	1.463754E-6	2.512709E-5	0.000000E+0	0.000000E+0	0.000000E+0
2.324840E+3	-4.044408E+4	-1.551000E+0	8.607266E+16	4.249670E-18	1.453693E-6	0.000000E+0	1.416611E-6	2.464407E-5	0.000000E+0	0.000000E+0	0.000000E+0
2.319453E+3	-4.095300E+4	-1.614000E+0	2.127762E-18	3.276064E+15	2.175177E-6	0.000000E+0	1.378552E-6	2.434016E-5	0.000000E+0	0.000000E+0	0.000000E+0
2.204953E+3	-4.134420E+4	-1.677000E+0	-4.960952E+17	1.187967E+17	4.428934E-6	0.000000E+0	1.286283E-6	2.411859E-5	0.000000E+0	0.000000E+0	0.000000E+0
2.355590E+3	-4.173611E+4	-1.741000E+0	-6.504745E+16	2.381170E+17	3.135232E-6	0.000000E+0	1.348014E-6	2.388399E-5	0.000000E+0	0.000000E+0	0.000000E+0
2.268785E+3	-4.230859E+4	-1.804000E+0	5.725577E-18	5.135446E+17	5.899637E-6	0.000000E+0	1.263831E-6	2.356809E-5	0.000000E+0	0.000000E+0	0.000000E+0
2.297727E+3	-4.258222E+4	-1.867000E+0	-5.521899E-18	3.493290E-18	1.513923E-6	0.000000E+0	1.263511E-6	2.341580E-5	0.000000E+0	0.000000E+0	0.000000E+0
2.422922E+3	-4.285591E+4	-1.930000E+0	2.907620E+17	-1.496570E-18	3.256901E-6	0.000000E+0	1.315019E-6	2.325966E-5	0.000000E+0	0.000000E+0	0.000000E+0
2.285422E+3	-4.293314E+4	-1.994000E+0	-2.653265E-18	4.671199E-18	4.006062E-6	0.000000E+0	1.236381E-6	2.322622E-5	0.000000E+0	0.000000E+0	0.000000E+0
2.267738E+3	-4.301380E+4	-2.057000E+0	6.288337E-18	-3.929323E-18	2.173969E-6	0.000000E+0	1.222283E-6	2.318391E-5	0.000000E+0	0.000000E+0	0.000000E+0
2.217477E+3	-4.306159E+4	-2.120000E+0	8.250878E-19	2.832624E+17	2.895526E-6	0.000000E+0	1.192694E-6	2.316113E-5	0.000000E+0	0.000000E+0	0.000000E+0
2.431012E+3	-4.314131E+4	-2.184000E+0	4.553607E+17	-2.686618E+17	2.623259E-6	0.000000E+0	1.302038E-6	2.310627E-5	0.000000E+0	0.000000E+0	0.000000E+0
2.191238E+3	-4.325750E+4	-2.247000E+0	2.517955E+17	3.793721E+16	3.344801E-6	0.000000E+0	1.168029E-6	2.305821E-5	0.000000E+0	0.000000E+0	0.000000E+0
2.292660E+3	-4.326806E+4	-2.310000E+0	-6.194311E-18	5.356043E+17	3.044857E-6	0.000000E+0	1.221201E-6	2.304703E-5	0.000000E+0	0.000000E+0	0.000000E+0
2.411563E+3	-4.303563E+4	-2.373000E+0	-5.704702E+17	6.513754E+16	2.744913E-6	0.000000E+0	1.298018E-6	2.316382E-5	0.000000E+0	0.000000E+0	0.000000E+0
2.269723E+3	-4.323686E+4	-2.437000E+0	-4.691026E+17	6.689522E-18	2.983419E-6	0.000000E+0	1.210792E-6	2.306485E-5	0.000000E+0	0.000000E+0	0.000000E+0
2.147535E+3	-4.340025E+4	-2.500000E+0	-3.567381E+17	-4.286482E-18	2.172776E-6	0.000000E+0	1.137349E-6	2.298506E-5	0.000000E+0	0.000000E+0	0.000000E+0
