Real / Ohm	Ximag / Ohm	V_DC / V	I_a c / A	V_ac / V	I_DC / A
3.223242E+3	-6.333438E+4	-2.500000E+0	-3.567381E+17	-4.286482E-18	3.704918E-6	1.778279E+6	8.014759E-7	1.574842E-5	0.000000E+0	0.000000E+0	0.000000E+0
3.112047E+3	-6.082095E+4	-2.437000E+0	-4.691026E+17	6.689522E-18	4.004847E-6	0.000000E+0	8.390816E-7	1.639877E-5	0.000000E+0	0.000000E+0	0.000000E+0
3.340578E+3	-5.929445E+4	-2.373000E+0	-5.704702E+17	6.513754E+16	3.255685E-6	0.000000E+0	9.471467E-7	1.681162E-5	0.000000E+0	0.000000E+0	0.000000E+0
3.014969E+3	-5.836823E+4	-2.310000E+0	-6.194311E-18	5.356043E+17	3.044857E-6	0.000000E+0	8.826176E-7	1.708702E-5	0.000000E+0	0.000000E+0	0.000000E+0
3.078191E+3	-5.769637E+4	-2.247000E+0	2.517955E+17	3.793721E+16	4.366229E-6	0.000000E+0	9.220706E-7	1.728292E-5	0.000000E+0	0.000000E+0	0.000000E+0
3.260312E+3	-5.622254E+4	-2.184000E+0	4.553607E+17	-2.686618E+17	4.155459E-6	0.000000E+0	1.027970E-6	1.772685E-5	0.000000E+0	0.000000E+0	0.000000E+0
3.053879E+3	-5.518931E+4	-2.120000E+0	8.250878E-19	2.832624E+17	3.916954E-6	0.000000E+0	9.995722E-7	1.806414E-5	0.000000E+0	0.000000E+0	0.000000E+0
3.099930E+3	-5.356409E+4	-2.057000E+0	6.288337E-18	-3.929323E-18	1.152541E-6	0.000000E+0	1.076843E-6	1.860690E-5	0.000000E+0	0.000000E+0	0.000000E+0
3.192484E+3	-5.190403E+4	-1.994000E+0	-2.653265E-18	4.671199E-18	1.963206E-6	0.000000E+0	1.180556E-6	1.919371E-5	0.000000E+0	0.000000E+0	0.000000E+0
3.158160E+3	-5.024127E+4	-1.930000E+0	2.907620E+17	-1.496570E-18	1.724700E-6	0.000000E+0	1.246236E-6	1.982562E-5	0.000000E+0	0.000000E+0	0.000000E+0
3.181430E+3	-4.808258E+4	-1.867000E+0	-5.521899E-18	3.493290E-18	1.513923E-6	0.000000E+0	1.370092E-6	2.070690E-5	0.000000E+0	0.000000E+0	0.000000E+0
3.177648E+3	-4.569655E+4	-1.804000E+0	5.725577E-18	5.135446E+17	3.346009E-6	0.000000E+0	1.514412E-6	2.177818E-5	0.000000E+0	0.000000E+0	0.000000E+0
3.245484E+3	-4.311866E+4	-1.741000E+0	-6.504745E+16	2.381170E+17	2.113746E-6	0.000000E+0	1.735783E-6	2.306117E-5	0.000000E+0	0.000000E+0	0.000000E+0
3.256203E+3	-4.014760E+4	-1.677000E+0	-4.960952E+17	1.187967E+17	8.538191E-7	0.000000E+0	2.006988E-6	2.474531E-5	0.000000E+0	0.000000E+0	0.000000E+0
3.267742E+3	-3.692316E+4	-1.614000E+0	2.127762E-18	3.276064E+15	4.218091E-6	0.000000E+0	2.378273E-6	2.687279E-5	0.000000E+0	0.000000E+0	0.000000E+0
3.264719E+3	-3.379727E+4	-1.551000E+0	8.607266E+16	4.249670E-18	1.453693E-6	0.000000E+0	2.831711E-6	2.931465E-5	0.000000E+0	0.000000E+0	0.000000E+0
3.165842E+3	-3.118788E+4	-1.487000E+0	-3.870921E-18	-2.240669E+17	1.725966E-6	0.000000E+0	3.221554E-6	3.173672E-5	0.000000E+0	0.000000E+0	0.000000E+0
2.828230E+3	-2.945385E+4	-1.424000E+0	2.698511E+17	2.403843E+17	1.515131E-6	0.000000E+0	3.230313E-6	3.364124E-5	0.000000E+0	0.000000E+0	0.000000E+0
2.298961E+3	-2.823572E+4	-1.361000E+0	-6.256276E-18	1.400744E+17	2.325782E-6	0.000000E+0	2.864602E-6	3.518290E-5	0.000000E+0	0.000000E+0	0.000000E+0
1.790775E+3	-2.608916E+4	-1.297000E+0	-1.009562E-18	-5.687810E-18	1.065855E-6	0.000000E+0	2.618662E-6	3.815035E-5	0.000000E+0	0.000000E+0	0.000000E+0
1.482039E+3	-2.213684E+4	-1.234000E+0	1.593192E+15	5.157909E-18	-1.187836E-6	0.000000E+0	3.010829E-6	4.497199E-5	0.000000E+0	0.000000E+0	0.000000E+0
1.080537E+3	-1.685302E+4	-1.171000E+0	3.716679E-18	4.245176E+17	2.176472E-6	0.000000E+0	3.788808E-6	5.909363E-5	0.000000E+0	0.000000E+0	0.000000E+0
6.989639E+2	-1.234576E+4	-1.108000E+0	-5.203440E-18	3.830367E-18	9.442156E-7	0.000000E+0	4.571190E-6	8.074067E-5	0.000000E+0	0.000000E+0	0.000000E+0
4.498281E+2	-9.459289E+3	-1.044000E+0	-1.183520E-18	-5.342346E-18	-3.157184E-7	0.000000E+0	5.015897E-6	1.054777E-4	0.000000E+0	0.000000E+0	0.000000E+0
3.071157E+2	-7.874717E+3	-9.810000E-1	-5.375932E+16	-3.553127E+17	1.005650E-6	0.000000E+0	4.945065E-6	1.267958E-4	0.000000E+0	0.000000E+0	0.000000E+0
2.284922E+2	-6.973088E+3	-9.180000E-1	2.088264E+17	-2.195880E+17	-3.801670E-6	0.000000E+0	4.694129E-6	1.432547E-4	0.000000E+0	0.000000E+0	0.000000E+0
1.782676E+2	-6.398106E+3	-8.540000E-1	-7.520591E+15	-3.372652E-18	4.566027E-8	0.000000E+0	4.351435E-6	1.561750E-4	0.000000E+0	0.000000E+0	0.000000E+0
1.256328E+2	-6.000441E+3	-7.910000E-1	-1.774996E-18	1.902529E-18	1.367025E-6	0.000000E+0	3.487758E-6	1.665814E-4	0.000000E+0	0.000000E+0	0.000000E+0
1.423184E+2	-5.699059E+3	-7.280000E-1	-1.333488E-18	6.138991E-18	1.156219E-6	0.000000E+0	4.379091E-6	1.753582E-4	0.000000E+0	0.000000E+0	0.000000E+0
1.039702E+2	-5.457020E+3	-6.650000E-1	3.887097E+16	1.849291E+17	4.347021E-7	0.000000E+0	3.490118E-6	1.831837E-4	0.000000E+0	0.000000E+0	0.000000E+0
9.562109E+1	-5.250814E+3	-6.010000E-1	4.410889E+17	3.939340E-18	1.962289E-7	0.000000E+0	3.467021E-6	1.903835E-4	0.000000E+0	0.000000E+0	0.000000E+0
9.289209E+1	-5.076707E+3	-5.380000E-1	-5.506723E-18	3.318154E+17	-2.057459E-6	0.000000E+0	3.603041E-6	1.969122E-4	0.000000E+0	0.000000E+0	0.000000E+0
9.191016E+1	-4.927756E+3	-4.750000E-1	-5.761072E+17	-4.172230E+17	2.328248E-6	0.000000E+0	3.783677E-6	2.028616E-4	0.000000E+0	0.000000E+0	0.000000E+0
7.231445E+1	-4.791012E+3	-4.110000E-1	6.414978E-18	-1.599031E-19	-9.745636E-7	0.000000E+0	3.149718E-6	2.086766E-4	0.000000E+0	0.000000E+0	0.000000E+0
7.259375E+1	-4.672883E+3	-3.480000E-1	-1.696573E+17	-6.410840E-19	-1.639128E-7	0.000000E+0	3.323721E-6	2.139490E-4	0.000000E+0	0.000000E+0	0.000000E+0
7.287451E+1	-4.564430E+3	-2.850000E-1	-2.725491E+17	1.903750E-18	1.668168E-6	0.000000E+0	3.496970E-6	2.190296E-4	0.000000E+0	0.000000E+0	0.000000E+0
7.363965E+1	-4.469258E+3	-2.220000E-1	-1.478400E+17	2.700613E+17	1.457363E-6	0.000000E+0	3.685725E-6	2.236901E-4	0.000000E+0	0.000000E+0	0.000000E+0
5.628955E+1	-4.376289E+3	-1.580000E-1	-2.971689E+17	-4.956124E-18	7.081780E-7	0.000000E+0	2.938623E-6	2.284663E-4	0.000000E+0	0.000000E+0	0.000000E+0
4.492871E+1	-4.294406E+3	-9.500000E-2	-4.717429E+17	-4.921256E+17	3.561715E-6	0.000000E+0	2.435960E-6	2.328356E-4	0.000000E+0	0.000000E+0	0.000000E+0
7.999951E+1	-4.218691E+3	-3.200000E-2	-9.427576E-19	-9.422141E-19	1.308025E-6	0.000000E+0	4.493407E-6	2.369551E-4	0.000000E+0	0.000000E+0	0.000000E+0
7.778369E+1	-4.144139E+3	3.200000E-2	-3.096135E+17	4.406614E-18	-9.733601E-7	0.000000E+0	4.527588E-6	2.412197E-4	0.000000E+0	0.000000E+0	0.000000E+0
6.531299E+1	-4.078654E+3	9.500000E-2	-4.715167E+17	-5.481549E+17	-1.184136E-6	0.000000E+0	3.925134E-6	2.451161E-4	0.000000E+0	0.000000E+0	0.000000E+0
6.141431E+1	-4.015815E+3	1.580000E-1	4.697494E+17	-5.230656E+17	2.690829E-6	0.000000E+0	3.807331E-6	2.489572E-4	0.000000E+0	0.000000E+0	0.000000E+0
6.586865E+1	-3.956326E+3	2.220000E-1	-3.021231E-18	2.162610E+17	-6.119844E-7	0.000000E+0	4.207017E-6	2.526897E-4	0.000000E+0	0.000000E+0	0.000000E+0
5.046973E+1	-3.899297E+3	2.850000E-1	-3.194760E-18	5.558819E-18	-3.120458E-7	0.000000E+0	3.318835E-6	2.564135E-4	0.000000E+0	0.000000E+0	0.000000E+0
7.295679E+1	-3.848024E+3	3.480000E-1	4.155990E+17	-1.840361E+17	1.009321E-6	0.000000E+0	4.925316E-6	2.597803E-4	0.000000E+0	0.000000E+0	0.000000E+0
7.516211E+1	-3.797304E+3	4.110000E-1	-4.316353E+17	4.857998E-18	1.819972E-6	0.000000E+0	5.210485E-6	2.632416E-4	0.000000E+0	0.000000E+0	0.000000E+0
8.170264E+1	-3.749499E+3	4.750000E-1	-3.851510E-18	-6.440456E-18	-9.721261E-7	0.000000E+0	5.808760E-6	2.665757E-4	0.000000E+0	0.000000E+0	0.000000E+0
6.776636E+1	-3.705729E+3	5.380000E-1	4.766215E-20	4.558795E+17	1.881410E-6	0.000000E+0	4.933120E-6	2.697622E-4	0.000000E+0	0.000000E+0	0.000000E+0
5.836182E+1	-3.663473E+3	6.010000E-1	1.388541E-18	6.784133E-18	1.670607E-6	0.000000E+0	4.347430E-6	2.728958E-4	0.000000E+0	0.000000E+0	0.000000E+0
9.490356E+1	-3.623710E+3	6.650000E-1	4.707204E+17	-1.630679E-19	9.214200E-7	0.000000E+0	7.222339E-6	2.757711E-4	0.000000E+0	0.000000E+0	0.000000E+0
8.526294E+1	-3.587595E+3	7.280000E-1	-7.975154E-19	6.323277E-18	-1.332268E-6	0.000000E+0	6.620766E-6	2.785809E-4	0.000000E+0	0.000000E+0	0.000000E+0
7.837988E+1	-3.552341E+3	7.910000E-1	-4.524463E+17	2.055147E+17	2.031982E-6	0.000000E+0	6.208175E-6	2.813675E-4	0.000000E+0	0.000000E+0	0.000000E+0
9.060303E+1	-3.521255E+3	8.540000E-1	-6.904437E-18	-8.377323E+16	2.331919E-6	0.000000E+0	7.302311E-6	2.838018E-4	0.000000E+0	0.000000E+0	0.000000E+0
9.750684E+1	-3.491885E+3	9.180000E-1	2.547933E-18	-4.300115E-19	5.053516E-8	0.000000E+0	7.990551E-6	2.861551E-4	0.000000E+0	0.000000E+0	0.000000E+0
7.282104E+1	-3.464359E+3	9.810000E-1	-1.554615E+17	1.089551E+17	-1.602712E-7	0.000000E+0	6.064839E-6	2.885262E-4	0.000000E+0	0.000000E+0	0.000000E+0
8.337573E+1	-3.440684E+3	1.044000E+0	-5.199634E+17	2.162502E-18	-1.392502E-6	0.000000E+0	7.038743E-6	2.904693E-4	0.000000E+0	0.000000E+0	0.000000E+0
8.069971E+1	-3.416998E+3	1.108000E+0	3.883601E+17	-5.707470E+17	9.226496E-7	0.000000E+0	6.907810E-6	2.924914E-4	0.000000E+0	0.000000E+0	0.000000E+0
9.362573E+1	-3.396222E+3	1.171000E+0	-2.822382E+17	-3.573572E+17	1.733279E-6	0.000000E+0	8.110977E-6	2.942212E-4	0.000000E+0	0.000000E+0	0.000000E+0
6.958545E+1	-3.377509E+3	1.234000E+0	7.433461E+16	-3.421240E+17	-1.031127E-6	0.000000E+0	6.097350E-6	2.959506E-4	0.000000E+0	0.000000E+0	0.000000E+0
8.239404E+1	-3.360779E+3	1.297000E+0	4.345462E+17	8.421242E+16	8.009520E-7	0.000000E+0	7.290460E-6	2.973713E-4	0.000000E+0	0.000000E+0	0.000000E+0
1.045149E+2	-3.344354E+3	1.361000E+0	5.364322E+17	-2.871880E+17	1.073196E-6	0.000000E+0	9.335332E-6	2.987197E-4	0.000000E+0	0.000000E+0	0.000000E+0
9.345361E+1	-3.331183E+3	1.424000E+0	-5.656005E-19	1.659667E-18	-6.697810E-7	0.000000E+0	8.415064E-6	2.999576E-4	0.000000E+0	0.000000E+0	0.000000E+0
8.888550E+1	-3.317238E+3	1.487000E+0	9.225665E+16	2.296609E-18	-3.698442E-7	0.000000E+0	8.071718E-6	3.012393E-4	0.000000E+0	0.000000E+0	0.000000E+0
9.782935E+1	-3.305084E+3	1.551000E+0	4.020355E+17	1.967767E+17	4.131434E-7	0.000000E+0	8.947956E-6	3.022993E-4	0.000000E+0	0.000000E+0	0.000000E+0
9.467163E+1	-3.293988E+3	1.614000E+0	1.676929E-18	4.035830E-18	-3.083987E-7	0.000000E+0	8.718007E-6	3.033328E-4	0.000000E+0	0.000000E+0	0.000000E+0
8.766797E+1	-3.284841E+3	1.677000E+0	-2.680825E+17	-5.492346E+17	5.022448E-7	0.000000E+0	8.119009E-6	3.042121E-4	0.000000E+0	0.000000E+0	0.000000E+0
1.010098E+2	-3.275654E+3	1.741000E+0	5.241939E+17	-4.155966E-18	-2.469387E-7	0.000000E+0	9.404911E-6	3.049925E-4	0.000000E+0	0.000000E+0	0.000000E+0
1.008430E+2	-3.267936E+3	1.804000E+0	2.579781E+17	4.569561E-19	-1.989916E-6	0.000000E+0	9.433771E-6	3.057124E-4	0.000000E+0	0.000000E+0	0.000000E+0
1.001309E+2	-3.260989E+3	1.867000E+0	2.915631E-18	5.325299E+16	-1.179258E-6	0.000000E+0	9.407196E-6	3.063666E-4	0.000000E+0	0.000000E+0	0.000000E+0
9.351294E+1	-3.254156E+3	1.930000E+0	-1.980656E+17	1.958093E+16	1.674278E-6	0.000000E+0	8.823411E-6	3.070458E-4	0.000000E+0	0.000000E+0	0.000000E+0
8.572925E+1	-3.248194E+3	1.994000E+0	-2.769006E-18	1.441508E+17	-1.628541E-6	0.000000E+0	8.119751E-6	3.076491E-4	0.000000E+0	0.000000E+0	0.000000E+0
1.028071E+2	-3.243119E+3	2.057000E+0	5.785078E-19	6.301025E-18	-1.839333E-6	0.000000E+0	9.764750E-6	3.080356E-4	0.000000E+0	0.000000E+0	0.000000E+0
1.048162E+2	-3.238824E+3	2.120000E+0	3.389191E+17	1.295985E-19	-7.261406E-9	0.000000E+0	9.981576E-6	3.084310E-4	0.000000E+0	0.000000E+0	0.000000E+0
9.065869E+1	-3.234769E+3	2.184000E+0	-5.351625E-18	2.391872E+17	-1.267166E-6	0.000000E+0	8.657289E-6	3.088985E-4	0.000000E+0	0.000000E+0	0.000000E+0
9.821655E+1	-3.231686E+3	2.247000E+0	2.587907E+17	-4.414579E-18	5.649199E-7	0.000000E+0	9.395619E-6	3.091505E-4	0.000000E+0	0.000000E+0	0.000000E+0
1.089492E+2	-3.228941E+3	2.310000E+0	-3.128310E+17	-2.708651E-18	-1.565932E-7	0.000000E+0	1.043782E-5	3.093469E-4	0.000000E+0	0.000000E+0	0.000000E+0
8.378979E+1	-3.226524E+3	2.373000E+0	6.653843E-18	-4.395667E+17	1.164779E-6	0.000000E+0	8.043193E-6	3.097222E-4	0.000000E+0	0.000000E+0	0.000000E+0
9.128296E+1	-3.225040E+3	2.437000E+0	-1.137863E-18	-4.190346E+17	-1.627326E-6	0.000000E+0	8.769437E-6	3.098255E-4	0.000000E+0	0.000000E+0	0.000000E+0
8.654785E+1	-3.223012E+3	2.500000E+0	-9.275714E-19	-3.780148E-18	-8.166826E-7	0.000000E+0	8.325674E-6	3.100452E-4	0.000000E+0	0.000000E+0	0.000000E+0
