Real / Ohm	Ximag / Ohm	V_DC / V	I_a c / A	V_ac / V	I_DC / A
1.248882E+2	-5.641954E+3	2.500000E+0	-9.275714E-19	-3.780148E-18	-3.059686E-7	1.000000E+6	3.921476E-6	1.771568E-4	0.000000E+0	0.000000E+0	0.000000E+0
1.596665E+2	-5.664082E+3	2.437000E+0	-1.137863E-18	-4.190346E+17	9.263022E-7	0.000000E+0	4.972901E-6	1.764109E-4	0.000000E+0	0.000000E+0	0.000000E+0
1.642261E+2	-5.680801E+3	2.373000E+0	6.653843E-18	-4.395667E+17	6.540649E-7	0.000000E+0	5.084640E-6	1.758845E-4	0.000000E+0	0.000000E+0	0.000000E+0
1.646572E+2	-5.697216E+3	2.310000E+0	-3.128310E+17	-2.708651E-18	-6.673072E-7	0.000000E+0	5.068655E-6	1.753778E-4	0.000000E+0	0.000000E+0	0.000000E+0
1.678140E+2	-5.717118E+3	2.247000E+0	2.587907E+17	-4.414579E-18	2.097091E-6	0.000000E+0	5.129793E-6	1.747627E-4	0.000000E+0	0.000000E+0	0.000000E+0
1.861631E+2	-5.738705E+3	2.184000E+0	-5.351625E-18	2.391872E+17	-2.288623E-6	0.000000E+0	5.646886E-6	1.740722E-4	0.000000E+0	0.000000E+0	0.000000E+0
1.773979E+2	-5.763541E+3	2.120000E+0	3.389191E+17	1.295985E-19	-1.028689E-6	0.000000E+0	5.335295E-6	1.733402E-4	0.000000E+0	0.000000E+0	0.000000E+0
1.665967E+2	-5.789604E+3	2.057000E+0	5.785078E-19	6.301025E-18	2.246466E-6	0.000000E+0	4.966029E-6	1.725805E-4	0.000000E+0	0.000000E+0	0.000000E+0
1.666885E+2	-5.817782E+3	1.994000E+0	-2.769006E-18	1.441508E+17	-6.070841E-7	0.000000E+0	4.920785E-6	1.717458E-4	0.000000E+0	0.000000E+0	0.000000E+0
1.393652E+2	-5.847815E+3	1.930000E+0	-1.980656E+17	1.958093E+16	1.163564E-6	0.000000E+0	4.073057E-6	1.709070E-4	0.000000E+0	0.000000E+0	0.000000E+0
1.639668E+2	-5.879461E+3	1.867000E+0	2.915631E-18	5.325299E+16	1.374341E-6	0.000000E+0	4.739617E-6	1.699514E-4	0.000000E+0	0.000000E+0	0.000000E+0
1.437441E+2	-5.913211E+3	1.804000E+0	2.579781E+17	4.569561E-19	5.296897E-8	0.000000E+0	4.108532E-6	1.690130E-4	0.000000E+0	0.000000E+0	0.000000E+0
1.268071E+2	-5.948877E+3	1.741000E+0	5.241939E+17	-4.155966E-18	-2.469387E-7	0.000000E+0	3.581594E-6	1.680226E-4	0.000000E+0	0.000000E+0	0.000000E+0
1.256919E+2	-5.987698E+3	1.677000E+0	-2.680825E+17	-5.492346E+17	1.523702E-6	0.000000E+0	3.504259E-6	1.669355E-4	0.000000E+0	0.000000E+0	0.000000E+0
1.229526E+2	-6.026651E+3	1.614000E+0	1.676929E-18	4.035830E-18	3.266687E-6	0.000000E+0	3.383802E-6	1.658606E-4	0.000000E+0	0.000000E+0	0.000000E+0
1.237803E+2	-6.068341E+3	1.551000E+0	4.020355E+17	1.967767E+17	2.966743E-6	0.000000E+0	3.359935E-6	1.647211E-4	0.000000E+0	0.000000E+0	0.000000E+0
1.653584E+2	-6.113850E+3	1.487000E+0	9.225665E+16	2.296609E-18	1.162327E-6	0.000000E+0	4.420579E-6	1.634435E-4	0.000000E+0	0.000000E+0	0.000000E+0
1.507134E+2	-6.159357E+3	1.424000E+0	-5.656005E-19	1.659667E-18	3.516761E-7	0.000000E+0	3.970280E-6	1.622575E-4	0.000000E+0	0.000000E+0	0.000000E+0
1.467402E+2	-6.207438E+3	1.361000E+0	5.364322E+17	-2.871880E+17	2.605397E-6	0.000000E+0	3.806113E-6	1.610071E-4	0.000000E+0	0.000000E+0	0.000000E+0
1.450557E+2	-6.259878E+3	1.297000E+0	4.345462E+17	8.421242E+16	8.009520E-7	0.000000E+0	3.699729E-6	1.596618E-4	0.000000E+0	0.000000E+0	0.000000E+0
1.235615E+2	-6.314048E+3	1.234000E+0	7.433461E+16	-3.421240E+17	-9.698851E-9	0.000000E+0	3.098141E-6	1.583164E-4	0.000000E+0	0.000000E+0	0.000000E+0
1.094873E+2	-6.369743E+3	1.171000E+0	-2.822382E+17	-3.573572E+17	3.265450E-6	0.000000E+0	2.697687E-6	1.569458E-4	0.000000E+0	0.000000E+0	0.000000E+0
9.984717E+1	-6.429878E+3	1.108000E+0	3.883601E+17	-5.707470E+17	-6.095506E-7	0.000000E+0	2.414491E-6	1.554865E-4	0.000000E+0	0.000000E+0	0.000000E+0
1.026499E+2	-6.494736E+3	1.044000E+0	-5.199634E+17	2.162502E-18	1.396693E-7	0.000000E+0	2.432916E-6	1.539324E-4	0.000000E+0	0.000000E+0	0.000000E+0
9.513135E+1	-6.559908E+3	9.810000E-1	-1.554615E+17	1.089551E+17	1.882643E-6	0.000000E+0	2.210227E-6	1.524091E-4	0.000000E+0	0.000000E+0	0.000000E+0
9.367822E+1	-6.629594E+3	9.180000E-1	2.547933E-18	-4.300115E-19	5.053516E-8	0.000000E+0	2.130974E-6	1.508087E-4	0.000000E+0	0.000000E+0	0.000000E+0
9.057422E+1	-6.704009E+3	8.540000E-1	-6.904437E-18	-8.377323E+16	1.821176E-6	0.000000E+0	2.014912E-6	1.491373E-4	0.000000E+0	0.000000E+0	0.000000E+0
1.099165E+2	-6.782500E+3	7.910000E-1	-4.524463E+17	2.055147E+17	-1.032360E-6	0.000000E+0	2.388742E-6	1.473995E-4	0.000000E+0	0.000000E+0	0.000000E+0
9.435791E+1	-6.862223E+3	7.280000E-1	-7.975154E-19	6.323277E-18	1.732074E-6	0.000000E+0	2.003395E-6	1.456978E-4	0.000000E+0	0.000000E+0	0.000000E+0
9.311719E+1	-6.949443E+3	6.650000E-1	4.707204E+17	-1.630679E-19	1.942877E-6	0.000000E+0	1.927755E-6	1.438706E-4	0.000000E+0	0.000000E+0	0.000000E+0
1.115635E+2	-7.042500E+3	6.010000E-1	1.388541E-18	6.784133E-18	1.384360E-7	0.000000E+0	2.248845E-6	1.419594E-4	0.000000E+0	0.000000E+0	0.000000E+0
1.210278E+2	-7.138460E+3	5.380000E-1	4.766215E-20	4.558795E+17	1.881410E-6	0.000000E+0	2.374386E-6	1.400460E-4	0.000000E+0	0.000000E+0	0.000000E+0
9.348437E+1	-7.241068E+3	4.750000E-1	-3.851510E-18	-6.440456E-18	1.070759E-6	0.000000E+0	1.782631E-6	1.380782E-4	0.000000E+0	0.000000E+0	0.000000E+0
8.864697E+1	-7.352823E+3	4.110000E-1	-4.316353E+17	4.857998E-18	7.985145E-7	0.000000E+0	1.639429E-6	1.359824E-4	0.000000E+0	0.000000E+0	0.000000E+0
9.526221E+1	-7.471357E+3	3.480000E-1	4.155990E+17	-1.840361E+17	-5.228503E-7	0.000000E+0	1.706283E-6	1.338227E-4	0.000000E+0	0.000000E+0	0.000000E+0
1.034883E+2	-7.599576E+3	2.850000E-1	-3.194760E-18	5.558819E-18	-3.120458E-7	0.000000E+0	1.791563E-6	1.315619E-4	0.000000E+0	0.000000E+0	0.000000E+0
1.069639E+2	-7.739389E+3	2.220000E-1	-3.021231E-18	2.162610E+17	9.201867E-7	0.000000E+0	1.785422E-6	1.291845E-4	0.000000E+0	0.000000E+0	0.000000E+0
1.093413E+2	-7.892181E+3	1.580000E-1	4.697494E+17	-5.230656E+17	-3.735131E-7	0.000000E+0	1.755120E-6	1.266834E-4	0.000000E+0	0.000000E+0	0.000000E+0
1.280059E+2	-8.059875E+3	9.500000E-2	-4.715167E+17	-5.481549E+17	3.480350E-7	0.000000E+0	1.969989E-6	1.240401E-4	0.000000E+0	0.000000E+0	0.000000E+0
1.078320E+2	-8.246344E+3	3.200000E-2	-3.096135E+17	4.406614E-18	1.580268E-6	0.000000E+0	1.585443E-6	1.212451E-4	0.000000E+0	0.000000E+0	0.000000E+0
1.210024E+2	-8.462250E+3	-3.200000E-2	-9.427576E-19	-9.422141E-19	-1.245603E-6	0.000000E+0	1.689404E-6	1.181477E-4	0.000000E+0	0.000000E+0	0.000000E+0
1.319229E+2	-8.703020E+3	-9.500000E-2	-4.717429E+17	-4.921256E+17	1.008087E-6	0.000000E+0	1.741327E-6	1.148762E-4	0.000000E+0	0.000000E+0	0.000000E+0
1.263760E+2	-8.978043E+3	-1.580000E-1	-2.971689E+17	-4.956124E-18	2.751063E-6	0.000000E+0	1.567528E-6	1.113608E-4	0.000000E+0	0.000000E+0	0.000000E+0
1.637432E+2	-9.308602E+3	-2.220000E-1	-1.478400E+17	2.700613E+17	2.989535E-6	0.000000E+0	1.889122E-6	1.073943E-4	0.000000E+0	0.000000E+0	0.000000E+0
1.624634E+2	-9.697926E+3	-2.850000E-1	-2.725491E+17	1.903750E-18	1.668168E-6	0.000000E+0	1.726935E-6	1.030859E-4	0.000000E+0	0.000000E+0	0.000000E+0
2.280103E+2	-1.018652E+4	-3.480000E-1	-1.696573E+17	-6.410840E-19	3.411144E-6	0.000000E+0	2.196268E-6	9.811979E-5	0.000000E+0	0.000000E+0	0.000000E+0
2.731963E+2	-1.081961E+4	-4.110000E-1	6.414978E-18	-1.599031E-19	3.621950E-6	0.000000E+0	2.332248E-6	9.236588E-5	0.000000E+0	0.000000E+0	0.000000E+0
3.627520E+2	-1.170322E+4	-4.750000E-1	-5.761072E+17	-4.172230E+17	2.853631E-7	0.000000E+0	2.645952E-6	8.536456E-5	0.000000E+0	0.000000E+0	0.000000E+0
4.887236E+2	-1.297704E+4	-5.380000E-1	-5.506723E-18	3.318154E+17	1.517597E-6	0.000000E+0	2.897987E-6	7.695004E-5	0.000000E+0	0.000000E+0	0.000000E+0
7.279492E+2	-1.506521E+4	-6.010000E-1	4.410889E+17	3.939340E-18	1.728400E-6	0.000000E+0	3.199911E-6	6.622348E-5	0.000000E+0	0.000000E+0	0.000000E+0
1.201906E+3	-1.885485E+4	-6.650000E-1	3.887097E+16	1.849291E+17	2.477587E-6	0.000000E+0	3.367156E-6	5.282211E-5	0.000000E+0	0.000000E+0	0.000000E+0
2.065842E+3	-2.536098E+4	-7.280000E-1	-1.333488E-18	6.138991E-18	2.688390E-6	0.000000E+0	3.190751E-6	3.917074E-5	0.000000E+0	0.000000E+0	0.000000E+0
3.056123E+3	-3.410792E+4	-7.910000E-1	-1.774996E-18	1.902529E-18	2.388482E-6	0.000000E+0	2.606079E-6	2.908519E-5	0.000000E+0	0.000000E+0	0.000000E+0
3.046477E+3	-4.185725E+4	-8.540000E-1	-7.520591E+15	-3.372652E-18	1.067117E-6	0.000000E+0	1.729665E-6	2.376483E-5	0.000000E+0	0.000000E+0	0.000000E+0
2.114695E+3	-4.647668E+4	-9.180000E-1	2.088264E+17	-2.195880E+17	4.369929E-6	0.000000E+0	9.769658E-7	2.147171E-5	0.000000E+0	0.000000E+0	0.000000E+0
1.290934E+3	-4.954758E+4	-9.810000E-1	-5.375932E+16	-3.553127E+17	-1.037235E-6	0.000000E+0	5.254900E-7	2.016893E-5	0.000000E+0	0.000000E+0	0.000000E+0
9.659844E+2	-5.293462E+4	-1.044000E+0	-1.183520E-18	-5.342346E-18	1.216453E-6	0.000000E+0	3.446243E-7	1.888494E-5	0.000000E+0	0.000000E+0	0.000000E+0
8.101484E+2	-5.682813E+4	-1.108000E+0	-5.203440E-18	3.830367E-18	1.454930E-6	0.000000E+0	2.508127E-7	1.759334E-5	0.000000E+0	0.000000E+0	0.000000E+0
7.204922E+2	-6.074402E+4	-1.171000E+0	3.716679E-18	4.245176E+17	-8.878997E-7	0.000000E+0	1.952366E-7	1.646021E-5	0.000000E+0	0.000000E+0	0.000000E+0
8.007695E+2	-6.452561E+4	-1.234000E+0	1.593192E+15	5.157909E-18	1.365792E-6	0.000000E+0	1.922987E-7	1.549534E-5	0.000000E+0	0.000000E+0	0.000000E+0
6.757227E+2	-6.820094E+4	-1.297000E+0	-1.009562E-18	-5.687810E-18	2.087341E-6	0.000000E+0	1.452597E-7	1.466112E-5	0.000000E+0	0.000000E+0	0.000000E+0
5.614336E+2	-7.190531E+4	-1.361000E+0	-6.256276E-18	1.400744E+17	2.836496E-6	0.000000E+0	1.085800E-7	1.390633E-5	0.000000E+0	0.000000E+0	0.000000E+0
6.092812E+2	-7.532688E+4	-1.424000E+0	2.698511E+17	2.403843E+17	2.536559E-6	0.000000E+0	1.073716E-7	1.327461E-5	0.000000E+0	0.000000E+0	0.000000E+0
6.579219E+2	-7.847691E+4	-1.487000E+0	-3.870921E-18	-2.240669E+17	3.258108E-6	0.000000E+0	1.068218E-7	1.274171E-5	0.000000E+0	0.000000E+0	0.000000E+0
6.327734E+2	-8.154397E+4	-1.551000E+0	8.607266E+16	4.249670E-18	5.028749E-6	0.000000E+0	9.515648E-8	1.226258E-5	0.000000E+0	0.000000E+0	0.000000E+0
4.561016E+2	-8.442561E+4	-1.614000E+0	2.127762E-18	3.276064E+15	-3.783935E-7	0.000000E+0	6.398829E-8	1.184440E-5	0.000000E+0	0.000000E+0	0.000000E+0
6.002852E+2	-8.702714E+4	-1.677000E+0	-4.960952E+17	1.187967E+17	2.386019E-6	0.000000E+0	7.925516E-8	1.149012E-5	0.000000E+0	0.000000E+0	0.000000E+0
7.353828E+2	-8.941056E+4	-1.741000E+0	-6.504745E+16	2.381170E+17	4.667374E-6	0.000000E+0	9.198276E-8	1.118360E-5	0.000000E+0	0.000000E+0	0.000000E+0
7.121016E+2	-9.134850E+4	-1.804000E+0	5.725577E-18	5.135446E+17	3.346009E-6	0.000000E+0	8.533216E-8	1.094642E-5	0.000000E+0	0.000000E+0	0.000000E+0
6.890625E+2	-9.329763E+4	-1.867000E+0	-5.521899E-18	3.493290E-18	5.599693E-6	0.000000E+0	7.915780E-8	1.071780E-5	0.000000E+0	0.000000E+0	0.000000E+0
8.085078E+2	-9.505677E+4	-1.930000E+0	2.907620E+17	-1.496570E-18	1.724700E-6	0.000000E+0	8.947191E-8	1.051927E-5	0.000000E+0	0.000000E+0	0.000000E+0
6.113516E+2	-9.642272E+4	-1.994000E+0	-2.653265E-18	4.671199E-18	3.495348E-6	0.000000E+0	6.575289E-8	1.037058E-5	0.000000E+0	0.000000E+0	0.000000E+0
5.565391E+2	-9.757780E+4	-2.057000E+0	6.288337E-18	-3.929323E-18	2.684683E-6	0.000000E+0	5.844933E-8	1.024790E-5	0.000000E+0	0.000000E+0	0.000000E+0
6.554062E+2	-9.844914E+4	-2.120000E+0	8.250878E-19	2.832624E+17	6.470582E-6	0.000000E+0	6.761880E-8	1.015708E-5	0.000000E+0	0.000000E+0	0.000000E+0
6.555625E+2	-9.937409E+4	-2.184000E+0	4.553607E+17	-2.686618E+17	2.623259E-6	0.000000E+0	6.638178E-8	1.006255E-5	0.000000E+0	0.000000E+0	0.000000E+0
7.197422E+2	-9.962434E+4	-2.247000E+0	2.517955E+17	3.793721E+16	3.855515E-6	0.000000E+0	7.251425E-8	1.003718E-5	0.000000E+0	0.000000E+0	0.000000E+0
8.241094E+2	-9.973150E+4	-2.310000E+0	-6.194311E-18	5.356043E+17	3.555571E-6	0.000000E+0	8.284962E-8	1.002624E-5	0.000000E+0	0.000000E+0	0.000000E+0
8.481563E+2	-9.964434E+4	-2.373000E+0	-5.704702E+17	6.513754E+16	3.255685E-6	0.000000E+0	8.541599E-8	1.003497E-5	0.000000E+0	0.000000E+0	0.000000E+0
7.373516E+2	-9.919798E+4	-2.437000E+0	-4.691026E+17	6.689522E-18	4.004847E-6	0.000000E+0	7.492814E-8	1.008029E-5	0.000000E+0	0.000000E+0	0.000000E+0
7.843203E+2	-9.840248E+4	-2.500000E+0	-3.567381E+17	-4.286482E-18	2.683490E-6	0.000000E+0	8.099417E-8	1.016170E-5	0.000000E+0	0.000000E+0	0.000000E+0
