Real / Ohm	Ximag / Ohm	V_DC / V	I_a c / A	V_ac / V	I_DC / A
1.196318E+2	-5.473386E+1	-2.500000E+0	-3.567381E+17	-4.286482E-18	-7.687805E-3	1.000000E+7	6.912111E-3	3.162424E-3	0.000000E+0	0.000000E+0	0.000000E+0
1.255174E+2	-5.643004E+1	-2.437000E+0	-4.691026E+17	6.689522E-18	-7.038374E-3	0.000000E+0	6.627468E-3	2.979573E-3	0.000000E+0	0.000000E+0	0.000000E+0
1.855640E+2	-5.068163E+1	-2.373000E+0	-5.704702E+17	6.513754E+16	-6.412975E-3	0.000000E+0	5.014887E-3	1.369677E-3	0.000000E+0	0.000000E+0	0.000000E+0
1.327164E+2	-5.170385E+1	-2.310000E+0	-6.194311E-18	5.356043E+17	-6.898886E-3	0.000000E+0	6.541965E-3	2.548628E-3	0.000000E+0	0.000000E+0	0.000000E+0
1.836456E+2	-5.847516E+1	-2.247000E+0	2.517955E+17	3.793721E+16	-5.444553E-3	0.000000E+0	4.944013E-3	1.574238E-3	0.000000E+0	0.000000E+0	0.000000E+0
1.746495E+2	-5.964338E+1	-2.184000E+0	4.553607E+17	-2.686618E+17	-5.934038E-3	0.000000E+0	5.127734E-3	1.751138E-3	0.000000E+0	0.000000E+0	0.000000E+0
1.601774E+2	-5.234155E+1	-2.120000E+0	8.250878E-19	2.832624E+17	-5.018548E-3	0.000000E+0	5.640757E-3	1.843244E-3	0.000000E+0	0.000000E+0	0.000000E+0
1.923663E+2	-5.747238E+1	-2.057000E+0	6.288337E-18	-3.929323E-18	-4.811915E-3	0.000000E+0	4.772426E-3	1.425835E-3	0.000000E+0	0.000000E+0	0.000000E+0
2.074765E+2	-6.105106E+1	-1.994000E+0	-2.653265E-18	4.671199E-18	-5.844811E-3	0.000000E+0	4.435748E-3	1.305242E-3	0.000000E+0	0.000000E+0	0.000000E+0
1.941595E+2	-6.029681E+1	-1.930000E+0	2.907620E+17	-1.496570E-18	-5.157103E-3	0.000000E+0	4.697375E-3	1.458784E-3	0.000000E+0	0.000000E+0	0.000000E+0
2.097301E+2	-5.663340E+1	-1.867000E+0	-5.521899E-18	3.493290E-18	-4.433618E-3	0.000000E+0	4.443994E-3	1.200011E-3	0.000000E+0	0.000000E+0	0.000000E+0
1.793258E+2	-5.874682E+1	-1.804000E+0	5.725577E-18	5.135446E+17	-5.532907E-3	0.000000E+0	5.035978E-3	1.649778E-3	0.000000E+0	0.000000E+0	0.000000E+0
1.720117E+2	-6.701068E+1	-1.741000E+0	-6.504745E+16	2.381170E+17	-4.033632E-3	0.000000E+0	5.047520E-3	1.966365E-3	0.000000E+0	0.000000E+0	0.000000E+0
2.631469E+2	-5.592280E+1	-1.677000E+0	-4.960952E+17	1.187967E+17	-4.252970E-3	0.000000E+0	3.635949E-3	7.726956E-4	0.000000E+0	0.000000E+0	0.000000E+0
2.205824E+2	-5.826443E+1	-1.614000E+0	2.127762E-18	3.276064E+15	-4.226113E-3	0.000000E+0	4.237785E-3	1.119365E-3	0.000000E+0	0.000000E+0	0.000000E+0
3.005524E+2	-5.300055E+1	-1.551000E+0	8.607266E+16	4.249670E-18	-3.348899E-3	0.000000E+0	3.226861E-3	5.690369E-4	0.000000E+0	0.000000E+0	0.000000E+0
2.878909E+2	-5.704135E+1	-1.487000E+0	-3.870921E-18	-2.240669E+17	-3.221967E-3	0.000000E+0	3.342326E-3	6.622328E-4	0.000000E+0	0.000000E+0	0.000000E+0
2.683038E+2	-5.324210E+1	-1.424000E+0	2.698511E+17	2.403843E+17	-3.224221E-3	0.000000E+0	3.585911E-3	7.115868E-4	0.000000E+0	0.000000E+0	0.000000E+0
2.955383E+2	-5.841068E+1	-1.361000E+0	-6.256276E-18	1.400744E+17	-2.721879E-3	0.000000E+0	3.256452E-3	6.436106E-4	0.000000E+0	0.000000E+0	0.000000E+0
3.353580E+2	-6.339810E+1	-1.297000E+0	-1.009562E-18	-5.687810E-18	-2.719563E-3	0.000000E+0	2.878997E-3	5.442630E-4	0.000000E+0	0.000000E+0	0.000000E+0
3.061188E+2	-6.430904E+1	-1.234000E+0	1.593192E+15	5.157909E-18	-2.726924E-3	0.000000E+0	3.128630E-3	6.572584E-4	0.000000E+0	0.000000E+0	0.000000E+0
3.548186E+2	-7.203290E+1	-1.171000E+0	3.716679E-18	4.245176E+17	-2.494245E-3	0.000000E+0	2.706783E-3	5.495130E-4	0.000000E+0	0.000000E+0	0.000000E+0
3.382620E+2	-7.480434E+1	-1.108000E+0	-5.203440E-18	3.830367E-18	-2.036336E-3	0.000000E+0	2.818454E-3	6.232819E-4	0.000000E+0	0.000000E+0	0.000000E+0
3.645181E+2	-8.743758E+1	-1.044000E+0	-1.183520E-18	-5.342346E-18	-2.378759E-3	0.000000E+0	2.594088E-3	6.222484E-4	0.000000E+0	0.000000E+0	0.000000E+0
4.312778E+2	-1.178493E+2	-9.810000E-1	-5.375932E+16	-3.553127E+17	-1.929022E-3	0.000000E+0	2.157586E-3	5.895737E-4	0.000000E+0	0.000000E+0	0.000000E+0
4.134320E+2	-1.263187E+2	-9.180000E-1	2.088264E+17	-2.195880E+17	-1.746393E-3	0.000000E+0	2.212257E-3	6.759260E-4	0.000000E+0	0.000000E+0	0.000000E+0
4.439692E+2	-1.534453E+2	-8.540000E-1	-7.520591E+15	-3.372652E-18	-1.446326E-3	0.000000E+0	2.012060E-3	6.954110E-4	0.000000E+0	0.000000E+0	0.000000E+0
4.485918E+2	-1.754249E+2	-7.910000E-1	-1.774996E-18	1.902529E-18	-1.272380E-3	0.000000E+0	1.933515E-3	7.561141E-4	0.000000E+0	0.000000E+0	0.000000E+0
4.393412E+2	-1.830836E+2	-7.280000E-1	-1.333488E-18	6.138991E-18	-1.200578E-3	0.000000E+0	1.939351E-3	8.081723E-4	0.000000E+0	0.000000E+0	0.000000E+0
4.084765E+2	-1.842258E+2	-6.650000E-1	3.887097E+16	1.849291E+17	-1.072087E-3	0.000000E+0	2.034325E-3	9.174948E-4	0.000000E+0	0.000000E+0	0.000000E+0
4.189844E+2	-1.781077E+2	-6.010000E-1	4.410889E+17	3.939340E-18	-9.569016E-4	0.000000E+0	2.021440E-3	8.593017E-4	0.000000E+0	0.000000E+0	0.000000E+0
4.170005E+2	-1.863910E+2	-5.380000E-1	-5.506723E-18	3.318154E+17	-8.135987E-4	0.000000E+0	1.998746E-3	8.934002E-4	0.000000E+0	0.000000E+0	0.000000E+0
4.139063E+2	-1.987149E+2	-4.750000E-1	-5.761072E+17	-4.172230E+17	-6.161591E-4	0.000000E+0	1.963446E-3	9.426433E-4	0.000000E+0	0.000000E+0	0.000000E+0
4.046697E+2	-2.157539E+2	-4.110000E-1	6.414978E-18	-1.599031E-19	-5.939257E-4	0.000000E+0	1.924183E-3	1.025898E-3	0.000000E+0	0.000000E+0	0.000000E+0
4.224473E+2	-2.435488E+2	-3.480000E-1	-1.696573E+17	-6.410840E-19	-4.255975E-4	0.000000E+0	1.776648E-3	1.024271E-3	0.000000E+0	0.000000E+0	0.000000E+0
4.331912E+2	-2.768406E+2	-2.850000E-1	-2.725491E+17	1.903750E-18	-3.221311E-4	0.000000E+0	1.639042E-3	1.047467E-3	0.000000E+0	0.000000E+0	0.000000E+0
4.415804E+2	-3.250687E+2	-2.220000E-1	-1.478400E+17	2.700613E+17	-2.069182E-4	0.000000E+0	1.468689E-3	1.081173E-3	0.000000E+0	0.000000E+0	0.000000E+0
4.210237E+2	-3.870193E+2	-1.580000E-1	-2.971689E+17	-4.956124E-18	-1.244194E-4	0.000000E+0	1.287358E-3	1.183383E-3	0.000000E+0	0.000000E+0	0.000000E+0
3.743245E+2	-4.676425E+2	-9.500000E-2	-4.717429E+17	-4.921256E+17	-6.589685E-5	0.000000E+0	1.043244E-3	1.303321E-3	0.000000E+0	0.000000E+0	0.000000E+0
3.536934E+2	-5.173955E+2	-3.200000E-2	-9.427576E-19	-9.422141E-19	-1.299226E-5	0.000000E+0	9.004480E-4	1.317208E-3	0.000000E+0	0.000000E+0	0.000000E+0
3.448031E+2	-4.727764E+2	3.200000E-2	-3.096135E+17	4.406614E-18	2.047706E-5	0.000000E+0	1.006999E-3	1.380745E-3	0.000000E+0	0.000000E+0	0.000000E+0
3.825755E+2	-3.498662E+2	9.500000E-2	-4.715167E+17	-5.481549E+17	7.542450E-5	0.000000E+0	1.423429E-3	1.301729E-3	0.000000E+0	0.000000E+0	0.000000E+0
3.558748E+2	-2.262576E+2	1.580000E-1	4.697494E+17	-5.230656E+17	1.748049E-4	0.000000E+0	2.001102E-3	1.272258E-3	0.000000E+0	0.000000E+0	0.000000E+0
3.317819E+2	-1.414711E+2	2.220000E-1	-3.021231E-18	2.162610E+17	2.971403E-4	0.000000E+0	2.550338E-3	1.087459E-3	0.000000E+0	0.000000E+0	0.000000E+0
2.651570E+2	-9.002954E+1	2.850000E-1	-3.194760E-18	5.558819E-18	5.267555E-4	0.000000E+0	3.381520E-3	1.148137E-3	0.000000E+0	0.000000E+0	0.000000E+0
2.602559E+2	-6.073794E+1	3.480000E-1	4.155990E+17	-1.840361E+17	7.001909E-4	0.000000E+0	3.643906E-3	8.504066E-4	0.000000E+0	0.000000E+0	0.000000E+0
2.238684E+2	-4.601989E+1	4.110000E-1	-4.316353E+17	4.857998E-18	1.038080E-3	0.000000E+0	4.285802E-3	8.810182E-4	0.000000E+0	0.000000E+0	0.000000E+0
2.171642E+2	-3.365036E+1	4.750000E-1	-3.851510E-18	-6.440456E-18	1.028648E-3	0.000000E+0	4.496839E-3	6.968011E-4	0.000000E+0	0.000000E+0	0.000000E+0
1.854922E+2	-2.873902E+1	5.380000E-1	4.766215E-20	4.558795E+17	1.283288E-3	0.000000E+0	5.264686E-3	8.156781E-4	0.000000E+0	0.000000E+0	0.000000E+0
2.032122E+2	-2.320267E+1	6.010000E-1	1.388541E-18	6.784133E-18	1.611474E-3	0.000000E+0	4.857636E-3	5.546425E-4	0.000000E+0	0.000000E+0	0.000000E+0
1.850898E+2	-1.764046E+1	6.650000E-1	4.707204E+17	-1.630679E-19	1.875790E-3	0.000000E+0	5.354148E-3	5.102909E-4	0.000000E+0	0.000000E+0	0.000000E+0
1.434129E+2	-1.957568E+1	7.280000E-1	-7.975154E-19	6.323277E-18	1.781095E-3	0.000000E+0	6.845332E-3	9.343792E-4	0.000000E+0	0.000000E+0	0.000000E+0
1.571476E+2	-2.024925E+1	7.910000E-1	-4.524463E+17	2.055147E+17	3.214488E-3	0.000000E+0	6.259514E-3	8.065695E-4	0.000000E+0	0.000000E+0	0.000000E+0
1.406497E+2	-2.313361E+1	8.540000E-1	-6.904437E-18	-8.377323E+16	2.825616E-3	0.000000E+0	6.922588E-3	1.138605E-3	0.000000E+0	0.000000E+0	0.000000E+0
1.536585E+2	-2.665073E+1	9.180000E-1	2.547933E-18	-4.300115E-19	3.106276E-3	0.000000E+0	6.317884E-3	1.095782E-3	0.000000E+0	0.000000E+0	0.000000E+0
1.265898E+2	-3.883026E+1	9.810000E-1	-1.554615E+17	1.089551E+17	4.479912E-3	0.000000E+0	7.220184E-3	2.214725E-3	0.000000E+0	0.000000E+0	0.000000E+0
1.450063E+2	-3.036369E+1	1.044000E+0	-5.199634E+17	2.162502E-18	3.788692E-3	0.000000E+0	6.606577E-3	1.383388E-3	0.000000E+0	0.000000E+0	0.000000E+0
1.485866E+2	-3.873746E+1	1.108000E+0	3.883601E+17	-5.707470E+17	4.304796E-3	0.000000E+0	6.301765E-3	1.642910E-3	0.000000E+0	0.000000E+0	0.000000E+0
1.452295E+2	-3.871716E+1	1.171000E+0	-2.822382E+17	-3.573572E+17	5.370977E-3	0.000000E+0	6.428751E-3	1.713860E-3	0.000000E+0	0.000000E+0	0.000000E+0
1.347476E+2	-5.302404E+1	1.234000E+0	7.433461E+16	-3.421240E+17	3.949421E-3	0.000000E+0	6.426203E-3	2.528752E-3	0.000000E+0	0.000000E+0	0.000000E+0
1.590839E+2	-4.592670E+1	1.297000E+0	4.345462E+17	8.421242E+16	4.896604E-3	0.000000E+0	5.802393E-3	1.675121E-3	0.000000E+0	0.000000E+0	0.000000E+0
1.393862E+2	-5.844913E+1	1.361000E+0	5.364322E+17	-2.871880E+17	5.100144E-3	0.000000E+0	6.101437E-3	2.558530E-3	0.000000E+0	0.000000E+0	0.000000E+0
1.473970E+2	-5.736309E+1	1.424000E+0	-5.656005E-19	1.659667E-18	6.419134E-3	0.000000E+0	5.892015E-3	2.293019E-3	0.000000E+0	0.000000E+0	0.000000E+0
1.528177E+2	-5.832191E+1	1.487000E+0	9.225665E+16	2.296609E-18	6.411773E-3	0.000000E+0	5.711809E-3	2.179876E-3	0.000000E+0	0.000000E+0	0.000000E+0
1.464506E+2	-5.946810E+1	1.551000E+0	4.020355E+17	1.967767E+17	7.353822E-3	0.000000E+0	5.861721E-3	2.380225E-3	0.000000E+0	0.000000E+0	0.000000E+0
1.392563E+2	-6.950572E+1	1.614000E+0	1.676929E-18	4.035830E-18	6.080374E-3	0.000000E+0	5.748843E-3	2.869367E-3	0.000000E+0	0.000000E+0	0.000000E+0
1.293936E+2	-6.336459E+1	1.677000E+0	-2.680825E+17	-5.492346E+17	8.298749E-3	0.000000E+0	6.233500E-3	3.052571E-3	0.000000E+0	0.000000E+0	0.000000E+0
1.354465E+2	-5.741102E+1	1.741000E+0	5.241939E+17	-4.155966E-18	6.839373E-3	0.000000E+0	6.258566E-3	2.652786E-3	0.000000E+0	0.000000E+0	0.000000E+0
1.353887E+2	-4.128790E+1	1.804000E+0	2.579781E+17	4.569561E-19	7.047026E-3	0.000000E+0	6.757680E-3	2.060810E-3	0.000000E+0	0.000000E+0	0.000000E+0
1.285194E+2	-3.537404E+1	1.867000E+0	2.915631E-18	5.325299E+16	1.006366E-2	0.000000E+0	7.232967E-3	1.990822E-3	0.000000E+0	0.000000E+0	0.000000E+0
1.310585E+2	-3.723349E+1	1.930000E+0	-1.980656E+17	1.958093E+16	6.909220E-3	0.000000E+0	7.060328E-3	2.005827E-3	0.000000E+0	0.000000E+0	0.000000E+0
1.618535E+2	-4.386225E+1	1.994000E+0	-2.769006E-18	1.441508E+17	6.851780E-3	0.000000E+0	5.755722E-3	1.559799E-3	0.000000E+0	0.000000E+0	0.000000E+0
8.843486E+1	-1.093391E+1	2.057000E+0	5.785078E-19	6.301025E-18	7.687625E-3	0.000000E+0	1.113751E-2	1.377019E-3	0.000000E+0	0.000000E+0	0.000000E+0
1.520553E+2	-3.778156E+1	2.120000E+0	3.389191E+17	1.295985E-19	8.516319E-3	0.000000E+0	6.194137E-3	1.539073E-3	0.000000E+0	0.000000E+0	0.000000E+0
1.426876E+2	-2.714521E+1	2.184000E+0	-5.351625E-18	2.391872E+17	8.470114E-3	0.000000E+0	6.763531E-3	1.286709E-3	0.000000E+0	0.000000E+0	0.000000E+0
1.221535E+2	-1.300923E+1	2.247000E+0	2.587907E+17	-4.414579E-18	1.473905E-2	0.000000E+0	8.094612E-3	8.620683E-4	0.000000E+0	0.000000E+0	0.000000E+0
1.030882E+2	-9.307289E+0	2.310000E+0	-3.128310E+17	-2.708651E-18	9.748548E-3	0.000000E+0	9.621999E-3	8.687195E-4	0.000000E+0	0.000000E+0	0.000000E+0
5.964211E+1	-8.160212E+0	2.373000E+0	6.653843E-18	-4.395667E+17	1.029073E-2	0.000000E+0	1.645858E-2	2.251857E-3	0.000000E+0	0.000000E+0	0.000000E+0
1.113745E+2	-7.278492E+0	2.437000E+0	-1.137863E-18	-4.190346E+17	1.079151E-2	0.000000E+0	8.940533E-3	5.842773E-4	0.000000E+0	0.000000E+0	0.000000E+0
6.194264E+1	-2.729944E+0	2.500000E+0	-9.275714E-19	-3.780148E-18	1.103236E-2	0.000000E+0	1.611267E-2	7.101197E-4	0.000000E+0	0.000000E+0	0.000000E+0
