Real / Ohm	Ximag / Ohm	V_DC / V	I_a c / A	V_ac / V	I_DC / A
3.037664E+3	-1.066757E+5	-2.500000E+0	-3.567381E+17	-4.286482E-18	1.662062E-6	1.000000E+6	2.667207E-7	9.366611E-6	0.000000E+0	0.000000E+0	0.000000E+0
3.192281E+3	-1.006702E+5	-2.437000E+0	-4.691026E+17	6.689522E-18	2.472705E-6	0.000000E+0	3.146754E-7	9.923448E-6	0.000000E+0	0.000000E+0	0.000000E+0
3.264492E+3	-9.491342E+4	-2.373000E+0	-5.704702E+17	6.513754E+16	1.723485E-6	0.000000E+0	3.619486E-7	1.052347E-5	0.000000E+0	0.000000E+0	0.000000E+0
3.020031E+3	-8.903358E+4	-2.310000E+0	-6.194311E-18	5.356043E+17	2.534143E-6	0.000000E+0	3.805435E-7	1.121881E-5	0.000000E+0	0.000000E+0	0.000000E+0
3.283664E+3	-8.248991E+4	-2.247000E+0	2.517955E+17	3.793721E+16	2.834087E-6	0.000000E+0	4.818029E-7	1.210352E-5	0.000000E+0	0.000000E+0	0.000000E+0
3.309418E+3	-7.580097E+4	-2.184000E+0	4.553607E+17	-2.686618E+17	1.601831E-6	0.000000E+0	5.748772E-7	1.316734E-5	0.000000E+0	0.000000E+0	0.000000E+0
3.161355E+3	-6.881819E+4	-2.120000E+0	8.250878E-19	2.832624E+17	3.916954E-6	0.000000E+0	6.661181E-7	1.450044E-5	0.000000E+0	0.000000E+0	0.000000E+0
3.131859E+3	-6.264826E+4	-2.057000E+0	6.288337E-18	-3.929323E-18	1.663255E-6	0.000000E+0	7.959764E-7	1.592234E-5	0.000000E+0	0.000000E+0	0.000000E+0
3.216891E+3	-5.870008E+4	-1.994000E+0	-2.653265E-18	4.671199E-18	2.984634E-6	0.000000E+0	9.308005E-7	1.698474E-5	0.000000E+0	0.000000E+0	0.000000E+0
3.194699E+3	-5.591910E+4	-1.930000E+0	2.907620E+17	-1.496570E-18	1.213986E-6	0.000000E+0	1.018344E-6	1.782480E-5	0.000000E+0	0.000000E+0	0.000000E+0
3.150758E+3	-5.317206E+4	-1.867000E+0	-5.521899E-18	3.493290E-18	2.024637E-6	0.000000E+0	1.110519E-6	1.874106E-5	0.000000E+0	0.000000E+0	0.000000E+0
3.302258E+3	-5.058416E+4	-1.804000E+0	5.725577E-18	5.135446E+17	3.346009E-6	0.000000E+0	1.285094E-6	1.968514E-5	0.000000E+0	0.000000E+0	0.000000E+0
3.429918E+3	-4.808382E+4	-1.741000E+0	-6.504745E+16	2.381170E+17	1.092318E-6	0.000000E+0	1.475984E-6	2.069173E-5	0.000000E+0	0.000000E+0	0.000000E+0
3.622410E+3	-4.556803E+4	-1.677000E+0	-4.960952E+17	1.187967E+17	3.918161E-6	0.000000E+0	1.733570E-6	2.180740E-5	0.000000E+0	0.000000E+0	0.000000E+0
3.825920E+3	-4.254394E+4	-1.614000E+0	2.127762E-18	3.276064E+15	1.664463E-6	0.000000E+0	2.096826E-6	2.331655E-5	0.000000E+0	0.000000E+0	0.000000E+0
4.093055E+3	-3.851766E+4	-1.551000E+0	8.607266E+16	4.249670E-18	-1.610650E-6	0.000000E+0	2.728043E-6	2.567222E-5	0.000000E+0	0.000000E+0	0.000000E+0
4.037699E+3	-3.341414E+4	-1.487000E+0	-3.870921E-18	-2.240669E+17	1.215194E-6	0.000000E+0	3.564328E-6	2.949674E-5	0.000000E+0	0.000000E+0	0.000000E+0
3.569918E+3	-2.805147E+4	-1.424000E+0	2.698511E+17	2.403843E+17	-5.277834E-7	0.000000E+0	4.464466E-6	3.508059E-5	0.000000E+0	0.000000E+0	0.000000E+0
2.848240E+3	-2.277706E+4	-1.361000E+0	-6.256276E-18	1.400744E+17	2.828674E-7	0.000000E+0	5.405585E-6	4.322786E-5	0.000000E+0	0.000000E+0	0.000000E+0
2.163640E+3	-1.857412E+4	-1.297000E+0	-1.009562E-18	-5.687810E-18	-1.487773E-6	0.000000E+0	6.187499E-6	5.311759E-5	0.000000E+0	0.000000E+0	0.000000E+0
1.685209E+3	-1.557909E+4	-1.234000E+0	1.593192E+15	5.157909E-18	1.365792E-6	0.000000E+0	6.863054E-6	6.344622E-5	0.000000E+0	0.000000E+0	0.000000E+0
1.273463E+3	-1.341783E+4	-1.171000E+0	3.716679E-18	4.245176E+17	2.176472E-6	0.000000E+0	7.010150E-6	7.386238E-5	0.000000E+0	0.000000E+0	0.000000E+0
1.028838E+3	-1.194540E+4	-1.108000E+0	-5.203440E-18	3.830367E-18	-1.609413E-6	0.000000E+0	7.157080E-6	8.309781E-5	0.000000E+0	0.000000E+0	0.000000E+0
8.231045E+2	-1.092165E+4	-1.044000E+0	-1.183520E-18	-5.342346E-18	-1.847890E-6	0.000000E+0	6.861495E-6	9.104414E-5	0.000000E+0	0.000000E+0	0.000000E+0
6.966592E+2	-1.020247E+4	-9.810000E-1	-5.375932E+16	-3.553127E+17	4.949361E-7	0.000000E+0	6.661768E-6	9.756059E-5	0.000000E+0	0.000000E+0	0.000000E+0
5.670771E+2	-9.651217E+3	-9.180000E-1	2.088264E+17	-2.195880E+17	-2.269499E-6	0.000000E+0	6.067100E-6	1.032574E-4	0.000000E+0	0.000000E+0	0.000000E+0
5.285005E+2	-9.200080E+3	-8.540000E-1	-7.520591E+15	-3.372652E-18	-1.486511E-6	0.000000E+0	6.223453E-6	1.083372E-4	0.000000E+0	0.000000E+0	0.000000E+0
4.682261E+2	-8.835994E+3	-7.910000E-1	-1.774996E-18	1.902529E-18	-1.186603E-6	0.000000E+0	5.980355E-6	1.128566E-4	0.000000E+0	0.000000E+0	0.000000E+0
4.025630E+2	-8.511477E+3	-7.280000E-1	-1.333488E-18	6.138991E-18	-1.908124E-6	0.000000E+0	5.544388E-6	1.172262E-4	0.000000E+0	0.000000E+0	0.000000E+0
3.223809E+2	-8.223348E+3	-6.650000E-1	3.887097E+16	1.849291E+17	1.966873E-6	0.000000E+0	4.759979E-6	1.214184E-4	0.000000E+0	0.000000E+0	0.000000E+0
3.251294E+2	-7.958514E+3	-6.010000E-1	4.410889E+17	3.939340E-18	-3.144851E-7	0.000000E+0	5.124695E-6	1.254422E-4	0.000000E+0	0.000000E+0	0.000000E+0
3.074829E+2	-7.725112E+3	-5.380000E-1	-5.506723E-18	3.318154E+17	4.961694E-7	0.000000E+0	5.144272E-6	1.292432E-4	0.000000E+0	0.000000E+0	0.000000E+0
2.883560E+2	-7.505075E+3	-4.750000E-1	-5.761072E+17	-4.172230E+17	2.853631E-7	0.000000E+0	5.111852E-6	1.330468E-4	0.000000E+0	0.000000E+0	0.000000E+0
2.834839E+2	-7.296611E+3	-4.110000E-1	6.414978E-18	-1.599031E-19	2.089779E-6	0.000000E+0	5.316563E-6	1.368434E-4	0.000000E+0	0.000000E+0	0.000000E+0
2.488047E+2	-7.105459E+3	-3.480000E-1	-1.696573E+17	-6.410840E-19	3.468012E-7	0.000000E+0	4.922006E-6	1.405645E-4	0.000000E+0	0.000000E+0	0.000000E+0
2.645708E+2	-6.926478E+3	-2.850000E-1	-2.725491E+17	1.903750E-18	3.200339E-6	0.000000E+0	5.506604E-6	1.441632E-4	0.000000E+0	0.000000E+0	0.000000E+0
1.994688E+2	-6.755978E+3	-2.220000E-1	-1.478400E+17	2.700613E+17	1.457363E-6	0.000000E+0	4.366366E-6	1.478881E-4	0.000000E+0	0.000000E+0	0.000000E+0
2.210718E+2	-6.592706E+3	-1.580000E-1	-2.971689E+17	-4.956124E-18	1.974640E-7	0.000000E+0	5.080633E-6	1.515124E-4	0.000000E+0	0.000000E+0	0.000000E+0
2.376543E+2	-6.440176E+3	-9.500000E-2	-4.717429E+17	-4.921256E+17	4.973731E-7	0.000000E+0	5.722150E-6	1.550641E-4	0.000000E+0	0.000000E+0	0.000000E+0
2.207139E+2	-6.292308E+3	-3.200000E-2	-9.427576E-19	-9.422141E-19	1.818739E-6	0.000000E+0	5.567699E-6	1.587289E-4	0.000000E+0	0.000000E+0	0.000000E+0
1.857485E+2	-6.148259E+3	3.200000E-2	-3.096135E+17	4.406614E-18	2.091011E-6	0.000000E+0	4.909359E-6	1.624994E-4	0.000000E+0	0.000000E+0	0.000000E+0
2.255210E+2	-6.011436E+3	9.500000E-2	-4.715167E+17	-5.481549E+17	1.369463E-6	0.000000E+0	6.231889E-6	1.661158E-4	0.000000E+0	0.000000E+0	0.000000E+0
1.908574E+2	-5.881251E+3	1.580000E-1	4.697494E+17	-5.230656E+17	-1.394941E-6	0.000000E+0	5.512041E-6	1.698530E-4	0.000000E+0	0.000000E+0	0.000000E+0
2.335234E+2	-5.753372E+3	2.220000E-1	-3.021231E-18	2.162610E+17	1.430930E-6	0.000000E+0	7.043209E-6	1.735252E-4	0.000000E+0	0.000000E+0	0.000000E+0
2.316436E+2	-5.630652E+3	2.850000E-1	-3.194760E-18	5.558819E-18	1.220125E-6	0.000000E+0	7.294046E-6	1.772993E-4	0.000000E+0	0.000000E+0	0.000000E+0
2.245811E+2	-5.513939E+3	3.480000E-1	4.155990E+17	-1.840361E+17	1.520035E-6	0.000000E+0	7.374447E-6	1.810582E-4	0.000000E+0	0.000000E+0	0.000000E+0
2.083887E+2	-5.403798E+3	4.110000E-1	-4.316353E+17	4.857998E-18	-2.229426E-7	0.000000E+0	7.125750E-6	1.847802E-4	0.000000E+0	0.000000E+0	0.000000E+0
1.909412E+2	-5.297509E+3	4.750000E-1	-3.851510E-18	-6.440456E-18	2.602959E-6	0.000000E+0	6.795046E-6	1.885230E-4	0.000000E+0	0.000000E+0	0.000000E+0
2.167900E+2	-5.200849E+3	5.380000E-1	4.766215E-20	4.558795E+17	-6.722184E-7	0.000000E+0	8.000863E-6	1.919428E-4	0.000000E+0	0.000000E+0	0.000000E+0
2.456509E+2	-5.111347E+3	6.010000E-1	1.388541E-18	6.784133E-18	1.159893E-6	0.000000E+0	9.380925E-6	1.951923E-4	0.000000E+0	0.000000E+0	0.000000E+0
2.300090E+2	-5.027542E+3	6.650000E-1	4.707204E+17	-1.630679E-19	4.107060E-7	0.000000E+0	9.080826E-6	1.984889E-4	0.000000E+0	0.000000E+0	0.000000E+0
2.093706E+2	-4.951207E+3	7.280000E-1	-7.975154E-19	6.323277E-18	1.221331E-6	0.000000E+0	8.525456E-6	2.016104E-4	0.000000E+0	0.000000E+0	0.000000E+0
2.478489E+2	-4.882754E+3	7.910000E-1	-4.524463E+17	2.055147E+17	3.053439E-6	0.000000E+0	1.036907E-5	2.042761E-4	0.000000E+0	0.000000E+0	0.000000E+0
2.299219E+2	-4.821355E+3	8.540000E-1	-6.904437E-18	-8.377323E+16	1.821176E-6	0.000000E+0	9.868601E-6	2.069400E-4	0.000000E+0	0.000000E+0	0.000000E+0
2.454941E+2	-4.765783E+3	9.180000E-1	2.547933E-18	-4.300115E-19	5.612783E-7	0.000000E+0	1.078007E-5	2.092738E-4	0.000000E+0	0.000000E+0	0.000000E+0
2.397446E+2	-4.715192E+3	9.810000E-1	-1.554615E+17	1.089551E+17	-1.181699E-6	0.000000E+0	1.075545E-5	2.115336E-4	0.000000E+0	0.000000E+0	0.000000E+0
2.580986E+2	-4.670510E+3	1.044000E+0	-5.199634E+17	2.162502E-18	-8.817879E-7	0.000000E+0	1.179595E-5	2.134575E-4	0.000000E+0	0.000000E+0	0.000000E+0
2.155530E+2	-4.629867E+3	1.108000E+0	3.883601E+17	-5.707470E+17	-1.120265E-6	0.000000E+0	1.003406E-5	2.155218E-4	0.000000E+0	0.000000E+0	0.000000E+0
2.321658E+2	-4.593556E+3	1.171000E+0	-2.822382E+17	-3.573572E+17	1.222565E-6	0.000000E+0	1.097469E-5	2.171416E-4	0.000000E+0	0.000000E+0	0.000000E+0
2.429070E+2	-4.560759E+3	1.234000E+0	7.433461E+16	-3.421240E+17	-9.698851E-9	0.000000E+0	1.164490E-5	2.186415E-4	0.000000E+0	0.000000E+0	0.000000E+0
2.566338E+2	-4.530613E+3	1.297000E+0	4.345462E+17	8.421242E+16	8.009520E-7	0.000000E+0	1.246260E-5	2.200147E-4	0.000000E+0	0.000000E+0	0.000000E+0
2.342151E+2	-4.502229E+3	1.361000E+0	5.364322E+17	-2.871880E+17	-4.589747E-7	0.000000E+0	1.152354E-5	2.215127E-4	0.000000E+0	0.000000E+0	0.000000E+0
2.354224E+2	-4.477023E+3	1.424000E+0	-5.656005E-19	1.659667E-18	-6.697810E-7	0.000000E+0	1.171305E-5	2.227468E-4	0.000000E+0	0.000000E+0	0.000000E+0
2.507126E+2	-4.453297E+3	1.487000E+0	9.225665E+16	2.296609E-18	-1.391301E-6	0.000000E+0	1.260197E-5	2.238433E-4	0.000000E+0	0.000000E+0	0.000000E+0
2.258003E+2	-4.430463E+3	1.551000E+0	4.020355E+17	1.967767E+17	-3.161942E-6	0.000000E+0	1.147360E-5	2.251253E-4	0.000000E+0	0.000000E+0	0.000000E+0
2.295820E+2	-4.410780E+3	1.614000E+0	1.676929E-18	4.035830E-18	2.245230E-6	0.000000E+0	1.176880E-5	2.261047E-4	0.000000E+0	0.000000E+0	0.000000E+0
2.147229E+2	-4.392021E+3	1.677000E+0	-2.680825E+17	-5.492346E+17	-2.051383E-6	0.000000E+0	1.110485E-5	2.271427E-4	0.000000E+0	0.000000E+0	0.000000E+0
2.590989E+2	-4.375039E+3	1.741000E+0	5.241939E+17	-4.155966E-18	-7.576527E-7	0.000000E+0	1.348904E-5	2.277705E-4	0.000000E+0	0.000000E+0	0.000000E+0
2.099031E+2	-4.361299E+3	1.804000E+0	2.579781E+17	4.569561E-19	1.074426E-6	0.000000E+0	1.100987E-5	2.287596E-4	0.000000E+0	0.000000E+0	0.000000E+0
2.597129E+2	-4.351738E+3	1.867000E+0	2.915631E-18	5.325299E+16	-1.578301E-7	0.000000E+0	1.366545E-5	2.289777E-4	0.000000E+0	0.000000E+0	0.000000E+0
2.462073E+2	-4.347253E+3	1.930000E+0	-1.980656E+17	1.958093E+16	-1.900808E-6	0.000000E+0	1.298615E-5	2.292948E-4	0.000000E+0	0.000000E+0	0.000000E+0
2.559797E+2	-4.347576E+3	1.994000E+0	-2.769006E-18	1.441508E+17	-1.117827E-6	0.000000E+0	1.349610E-5	2.292186E-4	0.000000E+0	0.000000E+0	0.000000E+0
2.277671E+2	-4.354734E+3	2.057000E+0	5.785078E-19	6.301025E-18	-1.328619E-6	0.000000E+0	1.197792E-5	2.290087E-4	0.000000E+0	0.000000E+0	0.000000E+0
2.289758E+2	-4.366222E+3	2.120000E+0	3.389191E+17	1.295985E-19	1.014196E-6	0.000000E+0	1.197802E-5	2.284028E-4	0.000000E+0	0.000000E+0	0.000000E+0
2.617451E+2	-4.381895E+3	2.184000E+0	-5.351625E-18	2.391872E+17	-2.799337E-6	0.000000E+0	1.358338E-5	2.274004E-4	0.000000E+0	0.000000E+0	0.000000E+0
2.345837E+2	-4.401346E+3	2.247000E+0	2.587907E+17	-4.414579E-18	-1.477965E-6	0.000000E+0	1.207521E-5	2.265596E-4	0.000000E+0	0.000000E+0	0.000000E+0
2.361172E+2	-4.425146E+3	2.310000E+0	-3.128310E+17	-2.708651E-18	-1.178050E-6	0.000000E+0	1.202369E-5	2.253397E-4	0.000000E+0	0.000000E+0	0.000000E+0
2.431216E+2	-4.447747E+3	2.373000E+0	6.653843E-18	-4.395667E+17	1.433218E-7	0.000000E+0	1.225315E-5	2.241632E-4	0.000000E+0	0.000000E+0	0.000000E+0
2.665007E+2	-4.468961E+3	2.437000E+0	-1.137863E-18	-4.190346E+17	-9.515497E-8	0.000000E+0	1.329669E-5	2.229727E-4	0.000000E+0	0.000000E+0	0.000000E+0
2.542649E+2	-4.490460E+3	2.500000E+0	-9.275714E-19	-3.780148E-18	-1.327397E-6	0.000000E+0	1.256940E-5	2.219826E-4	0.000000E+0	0.000000E+0	0.000000E+0
