Real / Ohm	Ximag / Ohm	V_DC / V	I_a c / A	V_ac / V	I_DC / A
8.769437E+1	-5.658419E+2	2.500000E+0	-9.275714E-19	-3.780148E-18	-8.166826E-7	1.000000E+7	2.674690E-4	1.725826E-3	0.000000E+0	0.000000E+0	0.000000E+0
9.104672E+1	-5.697322E+2	2.437000E+0	-1.137863E-18	-4.190346E+17	5.012102E-6	0.000000E+0	2.735086E-4	1.711502E-3	0.000000E+0	0.000000E+0	0.000000E+0
8.105020E+1	-5.699771E+2	2.373000E+0	6.653843E-18	-4.395667E+17	1.675493E-6	0.000000E+0	2.445373E-4	1.719683E-3	0.000000E+0	0.000000E+0	0.000000E+0
9.741666E+1	-5.729910E+2	2.310000E+0	-3.128310E+17	-2.708651E-18	1.375578E-6	0.000000E+0	2.883782E-4	1.696200E-3	0.000000E+0	0.000000E+0	0.000000E+0
8.318399E+1	-5.737688E+2	2.247000E+0	2.587907E+17	-4.414579E-18	5.420588E-8	0.000000E+0	2.474755E-4	1.706984E-3	0.000000E+0	0.000000E+0	0.000000E+0
7.935220E+1	-5.746302E+2	2.184000E+0	-5.351625E-18	2.391872E+17	2.818633E-6	0.000000E+0	2.358187E-4	1.707685E-3	0.000000E+0	0.000000E+0	0.000000E+0
7.276584E+1	-5.778212E+2	2.120000E+0	3.389191E+17	1.295985E-19	1.524910E-6	0.000000E+0	2.145395E-4	1.703622E-3	0.000000E+0	0.000000E+0	0.000000E+0
9.992068E+1	-5.826205E+2	2.057000E+0	5.785078E-19	6.301025E-18	1.735723E-6	0.000000E+0	2.859527E-4	1.667342E-3	0.000000E+0	0.000000E+0	0.000000E+0
8.409732E+1	-5.855281E+2	1.994000E+0	-2.769006E-18	1.441508E+17	9.250871E-7	0.000000E+0	2.403361E-4	1.673341E-3	0.000000E+0	0.000000E+0	0.000000E+0
8.443973E+1	-5.857521E+2	1.930000E+0	-1.980656E+17	1.958093E+16	1.163564E-6	0.000000E+0	2.410941E-4	1.672452E-3	0.000000E+0	0.000000E+0	0.000000E+0
7.681476E+1	-5.881554E+2	1.867000E+0	2.915631E-18	5.325299E+16	1.885084E-6	0.000000E+0	2.183309E-4	1.671716E-3	0.000000E+0	0.000000E+0	0.000000E+0
8.948456E+1	-5.951899E+2	1.804000E+0	2.579781E+17	4.569561E-19	5.637121E-7	0.000000E+0	2.470185E-4	1.642998E-3	0.000000E+0	0.000000E+0	0.000000E+0
8.152606E+1	-5.978597E+2	1.741000E+0	5.241939E+17	-4.155966E-18	1.285232E-6	0.000000E+0	2.239218E-4	1.642099E-3	0.000000E+0	0.000000E+0	0.000000E+0
8.556354E+1	-5.983744E+2	1.677000E+0	-2.680825E+17	-5.492346E+17	-8.469215E-9	0.000000E+0	2.341813E-4	1.637708E-3	0.000000E+0	0.000000E+0	0.000000E+0
9.362027E+1	-6.035863E+2	1.614000E+0	1.676929E-18	4.035830E-18	7.130584E-7	0.000000E+0	2.509381E-4	1.617842E-3	0.000000E+0	0.000000E+0	0.000000E+0
8.404633E+1	-6.062709E+2	1.551000E+0	4.020355E+17	1.967767E+17	-6.083137E-7	0.000000E+0	2.243460E-4	1.618327E-3	0.000000E+0	0.000000E+0	0.000000E+0
8.570831E+1	-6.090214E+2	1.487000E+0	9.225665E+16	2.296609E-18	1.408698E-7	0.000000E+0	2.265899E-4	1.610090E-3	0.000000E+0	0.000000E+0	0.000000E+0
6.801062E+1	-6.121697E+2	1.424000E+0	-5.656005E-19	1.659667E-18	2.905304E-6	0.000000E+0	1.792691E-4	1.613618E-3	0.000000E+0	0.000000E+0	0.000000E+0
8.858646E+1	-6.193053E+2	1.361000E+0	5.364322E+17	-2.871880E+17	-4.589747E-7	0.000000E+0	2.263400E-4	1.582336E-3	0.000000E+0	0.000000E+0	0.000000E+0
9.018790E+1	-6.238167E+2	1.297000E+0	4.345462E+17	8.421242E+16	2.902379E-7	0.000000E+0	2.270128E-4	1.570215E-3	0.000000E+0	0.000000E+0	0.000000E+0
8.349606E+1	-6.266471E+2	1.234000E+0	7.433461E+16	-3.421240E+17	-3.074041E-6	0.000000E+0	2.089187E-4	1.567958E-3	0.000000E+0	0.000000E+0	0.000000E+0
8.322562E+1	-6.314087E+2	1.171000E+0	-2.822382E+17	-3.573572E+17	2.754736E-6	0.000000E+0	2.051896E-4	1.556714E-3	0.000000E+0	0.000000E+0	0.000000E+0
9.593369E+1	-6.385723E+2	1.108000E+0	3.883601E+17	-5.707470E+17	2.965535E-6	0.000000E+0	2.300690E-4	1.531430E-3	0.000000E+0	0.000000E+0	0.000000E+0
7.889099E+1	-6.433215E+2	1.044000E+0	-5.199634E+17	2.162502E-18	-1.392502E-6	0.000000E+0	1.877971E-4	1.531403E-3	0.000000E+0	0.000000E+0	0.000000E+0
8.632968E+1	-6.484635E+2	9.810000E-1	-1.554615E+17	1.089551E+17	-6.709852E-7	0.000000E+0	2.017248E-4	1.515251E-3	0.000000E+0	0.000000E+0	0.000000E+0
8.628723E+1	-6.544185E+2	9.180000E-1	2.547933E-18	-4.300115E-19	-4.601789E-7	0.000000E+0	1.980386E-4	1.501962E-3	0.000000E+0	0.000000E+0	0.000000E+0
8.149509E+1	-6.596454E+2	8.540000E-1	-6.904437E-18	-8.377323E+16	-2.217093E-7	0.000000E+0	1.844726E-4	1.493176E-3	0.000000E+0	0.000000E+0	0.000000E+0
8.076132E+1	-6.649563E+2	7.910000E-1	-4.524463E+17	2.055147E+17	2.031982E-6	0.000000E+0	1.799939E-4	1.481997E-3	0.000000E+0	0.000000E+0	0.000000E+0
6.108231E+1	-6.702616E+2	7.280000E-1	-7.975154E-19	6.323277E-18	1.732074E-6	0.000000E+0	1.348450E-4	1.479666E-3	0.000000E+0	0.000000E+0	0.000000E+0
8.949728E+1	-6.817169E+2	6.650000E-1	4.707204E+17	-1.630679E-19	1.942877E-6	0.000000E+0	1.893130E-4	1.442031E-3	0.000000E+0	0.000000E+0	0.000000E+0
6.952850E+1	-6.855237E+2	6.010000E-1	1.388541E-18	6.784133E-18	3.713521E-6	0.000000E+0	1.464446E-4	1.443886E-3	0.000000E+0	0.000000E+0	0.000000E+0
9.274811E+1	-6.960148E+2	5.380000E-1	4.766215E-20	4.558795E+17	2.392153E-6	0.000000E+0	1.881152E-4	1.411684E-3	0.000000E+0	0.000000E+0	0.000000E+0
8.936142E+1	-7.054644E+2	4.750000E-1	-3.851510E-18	-6.440456E-18	1.070759E-6	0.000000E+0	1.767204E-4	1.395121E-3	0.000000E+0	0.000000E+0	0.000000E+0
9.432764E+1	-7.155475E+2	4.110000E-1	-4.316353E+17	4.857998E-18	2.841400E-6	0.000000E+0	1.810838E-4	1.373660E-3	0.000000E+0	0.000000E+0	0.000000E+0
8.407803E+1	-7.254294E+2	3.480000E-1	4.155990E+17	-1.840361E+17	-2.055021E-6	0.000000E+0	1.576512E-4	1.360222E-3	0.000000E+0	0.000000E+0	0.000000E+0
9.003381E+1	-7.361525E+2	2.850000E-1	-3.194760E-18	5.558819E-18	2.752296E-6	0.000000E+0	1.636899E-4	1.338394E-3	0.000000E+0	0.000000E+0	0.000000E+0
9.241504E+1	-7.488242E+2	2.220000E-1	-3.021231E-18	2.162610E+17	1.941644E-6	0.000000E+0	1.623372E-4	1.315392E-3	0.000000E+0	0.000000E+0	0.000000E+0
9.842316E+1	-7.629827E+2	1.580000E-1	4.697494E+17	-5.230656E+17	3.201572E-6	0.000000E+0	1.663032E-4	1.289193E-3	0.000000E+0	0.000000E+0	0.000000E+0
9.766589E+1	-7.783279E+2	9.500000E-2	-4.715167E+17	-5.481549E+17	3.412377E-6	0.000000E+0	1.587204E-4	1.264889E-3	0.000000E+0	0.000000E+0	0.000000E+0
6.449817E+1	-7.934739E+2	3.200000E-2	-3.096135E+17	4.406614E-18	2.091011E-6	0.000000E+0	1.017705E-4	1.252008E-3	0.000000E+0	0.000000E+0	0.000000E+0
7.439374E+1	-8.158154E+2	-3.200000E-2	-9.427576E-19	-9.422141E-19	3.861653E-6	0.000000E+0	1.108552E-4	1.215659E-3	0.000000E+0	0.000000E+0	0.000000E+0
6.861847E+1	-8.339572E+2	-9.500000E-2	-4.717429E+17	-4.921256E+17	2.540258E-6	0.000000E+0	9.799935E-5	1.191039E-3	0.000000E+0	0.000000E+0	0.000000E+0
8.813800E+1	-8.611597E+2	-1.580000E-1	-2.971689E+17	-4.956124E-18	2.240349E-6	0.000000E+0	1.176170E-4	1.149187E-3	0.000000E+0	0.000000E+0	0.000000E+0
9.042206E+1	-8.916808E+2	-2.220000E-1	-1.478400E+17	2.700613E+17	9.466494E-7	0.000000E+0	1.125673E-4	1.110063E-3	0.000000E+0	0.000000E+0	0.000000E+0
8.840118E+1	-9.275792E+2	-2.850000E-1	-2.725491E+17	1.903750E-18	2.689625E-6	0.000000E+0	1.018191E-4	1.068371E-3	0.000000E+0	0.000000E+0	0.000000E+0
9.167847E+1	-9.727172E+2	-3.480000E-1	-1.696573E+17	-6.410840E-19	2.389716E-6	0.000000E+0	9.604026E-5	1.018996E-3	0.000000E+0	0.000000E+0	0.000000E+0
9.593219E+1	-1.034043E+3	-4.110000E-1	6.414978E-18	-1.599031E-19	1.068322E-6	0.000000E+0	8.895394E-5	9.588252E-4	0.000000E+0	0.000000E+0	0.000000E+0
1.146161E+2	-1.118831E+3	-4.750000E-1	-5.761072E+17	-4.172230E+17	1.306791E-6	0.000000E+0	9.061137E-5	8.845076E-4	0.000000E+0	0.000000E+0	0.000000E+0
1.310741E+2	-1.238934E+3	-5.380000E-1	-5.506723E-18	3.318154E+17	3.560512E-6	0.000000E+0	8.444746E-5	7.982113E-4	0.000000E+0	0.000000E+0	0.000000E+0
1.736552E+2	-1.436038E+3	-6.010000E-1	4.410889E+17	3.939340E-18	-3.144851E-7	0.000000E+0	8.299485E-5	6.863241E-4	0.000000E+0	0.000000E+0	0.000000E+0
3.031652E+2	-1.744678E+3	-6.650000E-1	3.887097E+16	1.849291E+17	2.988330E-6	0.000000E+0	9.667842E-5	5.563723E-4	0.000000E+0	0.000000E+0	0.000000E+0
4.079082E+2	-2.123583E+3	-7.280000E-1	-1.333488E-18	6.138991E-18	3.709847E-6	0.000000E+0	8.723455E-5	4.541458E-4	0.000000E+0	0.000000E+0	0.000000E+0
3.708997E+2	-2.924540E+3	-7.910000E-1	-1.774996E-18	1.902529E-18	2.388482E-6	0.000000E+0	4.267875E-5	3.365215E-4	0.000000E+0	0.000000E+0	0.000000E+0
3.908953E+2	-3.904792E+3	-8.540000E-1	-7.520591E+15	-3.372652E-18	2.599289E-6	0.000000E+0	2.538248E-5	2.535546E-4	0.000000E+0	0.000000E+0	0.000000E+0
4.855610E+2	-4.628617E+3	-9.180000E-1	2.088264E+17	-2.195880E+17	1.305587E-6	0.000000E+0	2.241755E-5	2.136956E-4	0.000000E+0	0.000000E+0	0.000000E+0
5.670823E+2	-5.016469E+3	-9.810000E-1	-5.375932E+16	-3.553127E+17	1.516393E-6	0.000000E+0	2.225026E-5	1.968281E-4	0.000000E+0	0.000000E+0	0.000000E+0
6.629744E+2	-5.319048E+3	-1.044000E+0	-1.183520E-18	-5.342346E-18	4.280795E-6	0.000000E+0	2.307458E-5	1.851275E-4	0.000000E+0	0.000000E+0	0.000000E+0
7.196099E+2	-5.690899E+3	-1.108000E+0	-5.203440E-18	3.830367E-18	3.497844E-6	0.000000E+0	2.186987E-5	1.729537E-4	0.000000E+0	0.000000E+0	0.000000E+0
7.545718E+2	-6.122448E+3	-1.171000E+0	3.716679E-18	4.245176E+17	-3.771856E-7	0.000000E+0	1.982911E-5	1.608895E-4	0.000000E+0	0.000000E+0	0.000000E+0
7.300664E+2	-6.574601E+3	-1.234000E+0	1.593192E+15	5.157909E-18	1.876535E-6	0.000000E+0	1.668404E-5	1.502478E-4	0.000000E+0	0.000000E+0	0.000000E+0
6.679302E+2	-7.040614E+3	-1.297000E+0	-1.009562E-18	-5.687810E-18	1.065855E-6	0.000000E+0	1.335423E-5	1.407662E-4	0.000000E+0	0.000000E+0	0.000000E+0
6.614980E+2	-7.465861E+3	-1.361000E+0	-6.256276E-18	1.400744E+17	4.368696E-6	0.000000E+0	1.177532E-5	1.328997E-4	0.000000E+0	0.000000E+0	0.000000E+0
7.065845E+2	-7.832906E+3	-1.424000E+0	2.698511E+17	2.403843E+17	3.558045E-6	0.000000E+0	1.142348E-5	1.266361E-4	0.000000E+0	0.000000E+0	0.000000E+0
6.954805E+2	-8.164873E+3	-1.487000E+0	-3.870921E-18	-2.240669E+17	2.747394E-6	0.000000E+0	1.035730E-5	1.215936E-4	0.000000E+0	0.000000E+0	0.000000E+0
7.572446E+2	-8.485551E+3	-1.551000E+0	8.607266E+16	4.249670E-18	4.518035E-6	0.000000E+0	1.043353E-5	1.169163E-4	0.000000E+0	0.000000E+0	0.000000E+0
7.033413E+2	-8.757910E+3	-1.614000E+0	2.127762E-18	3.276064E+15	4.218091E-6	0.000000E+0	9.111149E-6	1.134508E-4	0.000000E+0	0.000000E+0	0.000000E+0
6.935483E+2	-8.968766E+3	-1.677000E+0	-4.960952E+17	1.187967E+17	4.939648E-6	0.000000E+0	8.570814E-6	1.108353E-4	0.000000E+0	0.000000E+0	0.000000E+0
7.156187E+2	-9.176127E+3	-1.741000E+0	-6.504745E+16	2.381170E+17	4.156660E-6	0.000000E+0	8.447525E-6	1.083196E-4	0.000000E+0	0.000000E+0	0.000000E+0
7.078369E+2	-9.346977E+3	-1.804000E+0	5.725577E-18	5.135446E+17	5.388923E-6	0.000000E+0	8.055775E-6	1.063764E-4	0.000000E+0	0.000000E+0	0.000000E+0
7.387251E+2	-9.515262E+3	-1.867000E+0	-5.521899E-18	3.493290E-18	3.556837E-6	0.000000E+0	8.110200E-6	1.044647E-4	0.000000E+0	0.000000E+0	0.000000E+0
7.214746E+2	-9.675557E+3	-1.930000E+0	2.907620E+17	-1.496570E-18	3.256901E-6	0.000000E+0	7.664097E-6	1.027817E-4	0.000000E+0	0.000000E+0	0.000000E+0
6.894585E+2	-9.820664E+3	-1.994000E+0	-2.653265E-18	4.671199E-18	3.495348E-6	0.000000E+0	7.113628E-6	1.013267E-4	0.000000E+0	0.000000E+0	0.000000E+0
6.763735E+2	-9.945639E+3	-2.057000E+0	6.288337E-18	-3.929323E-18	2.173969E-6	0.000000E+0	6.806396E-6	1.000837E-4	0.000000E+0	0.000000E+0	0.000000E+0
7.782881E+2	-1.002021E+4	-2.120000E+0	8.250878E-19	2.832624E+17	3.406240E-6	0.000000E+0	7.705034E-6	9.919984E-5	0.000000E+0	0.000000E+0	0.000000E+0
7.211387E+2	-1.006439E+4	-2.184000E+0	4.553607E+17	-2.686618E+17	5.176887E-6	0.000000E+0	7.083043E-6	9.885270E-5	0.000000E+0	0.000000E+0	0.000000E+0
7.661865E+2	-1.007020E+4	-2.247000E+0	2.517955E+17	3.793721E+16	4.876943E-6	0.000000E+0	7.511929E-6	9.873135E-5	0.000000E+0	0.000000E+0	0.000000E+0
7.524146E+2	-1.005286E+4	-2.310000E+0	-6.194311E-18	5.356043E+17	1.001943E-6	0.000000E+0	7.403752E-6	9.892004E-5	0.000000E+0	0.000000E+0	0.000000E+0
7.840332E+2	-1.000410E+4	-2.373000E+0	-5.704702E+17	6.513754E+16	1.723485E-6	0.000000E+0	7.786084E-6	9.934881E-5	0.000000E+0	0.000000E+0	0.000000E+0
7.758110E+2	-9.934074E+3	-2.437000E+0	-4.691026E+17	6.689522E-18	5.026333E-6	0.000000E+0	7.813767E-6	1.000534E-4	0.000000E+0	0.000000E+0	0.000000E+0
7.748374E+2	-9.761613E+3	-2.500000E+0	-3.567381E+17	-4.286482E-18	4.726404E-6	0.000000E+0	8.080527E-6	1.018007E-4	0.000000E+0	0.000000E+0	0.000000E+0
