Real / Ohm	Ximag / Ohm	V_DC / V	I_a c / A	V_ac / V	I_DC / A
1.892792E+1	-1.069950E+3	2.500000E+0	-9.275714E-19	-3.780148E-18	7.154886E-7	5.623413E+6	1.652875E-5	9.343307E-4	0.000000E+0	0.000000E+0	0.000000E+0
1.939679E+1	-1.076073E+3	2.437000E+0	-1.137863E-18	-4.190346E+17	-6.058690E-7	0.000000E+0	1.674578E-5	9.290031E-4	0.000000E+0	0.000000E+0	0.000000E+0
1.960870E+1	-1.080910E+3	2.373000E+0	6.653843E-18	-4.395667E+17	6.540649E-7	0.000000E+0	1.677748E-5	9.248420E-4	0.000000E+0	0.000000E+0	0.000000E+0
1.982092E+1	-1.085843E+3	2.310000E+0	-3.128310E+17	-2.708651E-18	-1.688764E-6	0.000000E+0	1.680525E-5	9.206367E-4	0.000000E+0	0.000000E+0	0.000000E+0
1.985187E+1	-1.090850E+3	2.247000E+0	2.587907E+17	-4.414579E-18	-9.672513E-7	0.000000E+0	1.667737E-5	9.164128E-4	0.000000E+0	0.000000E+0	0.000000E+0
1.970184E+1	-1.096079E+3	2.184000E+0	-5.351625E-18	2.391872E+17	2.650049E-7	0.000000E+0	1.639392E-5	9.120483E-4	0.000000E+0	0.000000E+0	0.000000E+0
1.956274E+1	-1.101648E+3	2.120000E+0	3.389191E+17	1.295985E-19	-1.028689E-6	0.000000E+0	1.611414E-5	9.074448E-4	0.000000E+0	0.000000E+0	0.000000E+0
1.937708E+1	-1.107470E+3	2.057000E+0	5.785078E-19	6.301025E-18	2.246466E-6	0.000000E+0	1.579398E-5	9.026827E-4	0.000000E+0	0.000000E+0	0.000000E+0
1.912677E+1	-1.113250E+3	1.994000E+0	-2.769006E-18	1.441508E+17	-1.117827E-6	0.000000E+0	1.542865E-5	8.980057E-4	0.000000E+0	0.000000E+0	0.000000E+0
1.884967E+1	-1.119415E+3	1.930000E+0	-1.980656E+17	1.958093E+16	-8.793504E-7	0.000000E+0	1.503829E-5	8.930705E-4	0.000000E+0	0.000000E+0	0.000000E+0
1.860376E+1	-1.125900E+3	1.867000E+0	2.915631E-18	5.325299E+16	-2.200715E-6	0.000000E+0	1.467177E-5	8.879359E-4	0.000000E+0	0.000000E+0	0.000000E+0
1.823267E+1	-1.132365E+3	1.804000E+0	2.579781E+17	4.569561E-19	5.637121E-7	0.000000E+0	1.421559E-5	8.828786E-4	0.000000E+0	0.000000E+0	0.000000E+0
1.790283E+1	-1.139317E+3	1.741000E+0	5.241939E+17	-4.155966E-18	1.795946E-6	0.000000E+0	1.378876E-5	8.775022E-4	0.000000E+0	0.000000E+0	0.000000E+0
1.749658E+1	-1.146563E+3	1.677000E+0	-2.680825E+17	-5.492346E+17	-4.094269E-6	0.000000E+0	1.330627E-5	8.719688E-4	0.000000E+0	0.000000E+0	0.000000E+0
1.731323E+1	-1.153969E+3	1.614000E+0	1.676929E-18	4.035830E-18	2.023444E-7	0.000000E+0	1.299846E-5	8.663794E-4	0.000000E+0	0.000000E+0	0.000000E+0
1.696918E+1	-1.161450E+3	1.551000E+0	4.020355E+17	1.967767E+17	4.131434E-7	0.000000E+0	1.257671E-5	8.608090E-4	0.000000E+0	0.000000E+0	0.000000E+0
1.658765E+1	-1.169626E+3	1.487000E+0	9.225665E+16	2.296609E-18	-1.391301E-6	0.000000E+0	1.212282E-5	8.548022E-4	0.000000E+0	0.000000E+0	0.000000E+0
1.620386E+1	-1.177865E+3	1.424000E+0	-5.656005E-19	1.659667E-18	1.373133E-6	0.000000E+0	1.167738E-5	8.488331E-4	0.000000E+0	0.000000E+0	0.000000E+0
1.576318E+1	-1.186553E+3	1.361000E+0	5.364322E+17	-2.871880E+17	2.094654E-6	0.000000E+0	1.119420E-5	8.426286E-4	0.000000E+0	0.000000E+0	0.000000E+0
1.525824E+1	-1.195667E+3	1.297000E+0	4.345462E+17	8.421242E+16	1.822409E-6	0.000000E+0	1.067120E-5	8.362171E-4	0.000000E+0	0.000000E+0	0.000000E+0
1.484131E+1	-1.205130E+3	1.234000E+0	7.433461E+16	-3.421240E+17	-1.541870E-6	0.000000E+0	1.021736E-5	8.296602E-4	0.000000E+0	0.000000E+0	0.000000E+0
1.466150E+1	-1.215175E+3	1.171000E+0	-2.822382E+17	-3.573572E+17	-8.203206E-7	0.000000E+0	9.927446E-6	8.228070E-4	0.000000E+0	0.000000E+0	0.000000E+0
1.428680E+1	-1.225567E+3	1.108000E+0	3.883601E+17	-5.707470E+17	-9.880750E-8	0.000000E+0	9.510467E-6	8.158380E-4	0.000000E+0	0.000000E+0	0.000000E+0
1.395850E+1	-1.236648E+3	1.044000E+0	-5.199634E+17	2.162502E-18	-1.392502E-6	0.000000E+0	9.126226E-6	8.085345E-4	0.000000E+0	0.000000E+0	0.000000E+0
1.361914E+1	-1.248146E+3	9.810000E-1	-1.554615E+17	1.089551E+17	-1.181699E-6	0.000000E+0	8.741122E-6	8.010929E-4	0.000000E+0	0.000000E+0	0.000000E+0
1.334039E+1	-1.260553E+3	9.180000E-1	2.547933E-18	-4.300115E-19	-4.601789E-7	0.000000E+0	8.394555E-6	7.932138E-4	0.000000E+0	0.000000E+0	0.000000E+0
1.298065E+1	-1.273613E+3	8.540000E-1	-6.904437E-18	-8.377323E+16	1.821176E-6	0.000000E+0	8.001591E-6	7.850863E-4	0.000000E+0	0.000000E+0	0.000000E+0
1.297852E+1	-1.287409E+3	7.910000E-1	-4.524463E+17	2.055147E+17	4.998110E-7	0.000000E+0	7.829751E-6	7.766750E-4	0.000000E+0	0.000000E+0	0.000000E+0
1.280420E+1	-1.302217E+3	7.280000E-1	-7.975154E-19	6.323277E-18	3.264246E-6	0.000000E+0	7.549944E-6	7.678469E-4	0.000000E+0	0.000000E+0	0.000000E+0
1.284766E+1	-1.318190E+3	6.650000E-1	4.707204E+17	-1.630679E-19	-6.107512E-7	0.000000E+0	7.393103E-6	7.585439E-4	0.000000E+0	0.000000E+0	0.000000E+0
1.257434E+1	-1.335547E+3	6.010000E-1	1.388541E-18	6.784133E-18	-8.829920E-7	0.000000E+0	7.049014E-6	7.486905E-4	0.000000E+0	0.000000E+0	0.000000E+0
1.244647E+1	-1.354388E+3	5.380000E-1	4.766215E-20	4.558795E+17	1.370696E-6	0.000000E+0	6.784586E-6	7.382785E-4	0.000000E+0	0.000000E+0	0.000000E+0
1.234882E+1	-1.374859E+3	4.750000E-1	-3.851510E-18	-6.440456E-18	1.070759E-6	0.000000E+0	6.532420E-6	7.272886E-4	0.000000E+0	0.000000E+0	0.000000E+0
1.231030E+1	-1.397735E+3	4.110000E-1	-4.316353E+17	4.857998E-18	-7.336566E-7	0.000000E+0	6.300649E-6	7.153877E-4	0.000000E+0	0.000000E+0	0.000000E+0
1.252795E+1	-1.422260E+3	3.480000E-1	4.155990E+17	-1.840361E+17	-2.565765E-6	0.000000E+0	6.192818E-6	7.030518E-4	0.000000E+0	0.000000E+0	0.000000E+0
1.260059E+1	-1.450066E+3	2.850000E-1	-3.194760E-18	5.558819E-18	-3.120458E-7	0.000000E+0	5.992148E-6	6.895717E-4	0.000000E+0	0.000000E+0	0.000000E+0
1.266809E+1	-1.481145E+3	2.220000E-1	-3.021231E-18	2.162610E+17	3.473815E-6	0.000000E+0	5.774099E-6	6.751040E-4	0.000000E+0	0.000000E+0	0.000000E+0
1.298730E+1	-1.517259E+3	1.580000E-1	4.697494E+17	-5.230656E+17	1.372300E-7	0.000000E+0	5.641149E-6	6.590350E-4	0.000000E+0	0.000000E+0	0.000000E+0
1.350269E+1	-1.558114E+3	9.500000E-2	-4.715167E+17	-5.481549E+17	-1.627081E-7	0.000000E+0	5.561465E-6	6.417534E-4	0.000000E+0	0.000000E+0	0.000000E+0
1.411658E+1	-1.605976E+3	3.200000E-2	-3.096135E+17	4.406614E-18	-4.626170E-7	0.000000E+0	5.472904E-6	6.226262E-4	0.000000E+0	0.000000E+0	0.000000E+0
1.479785E+1	-1.666764E+3	-3.200000E-2	-9.427576E-19	-9.422141E-19	2.329482E-6	0.000000E+0	5.326184E-6	5.999177E-4	0.000000E+0	0.000000E+0	0.000000E+0
1.615833E+1	-1.742231E+3	-9.500000E-2	-4.717429E+17	-4.921256E+17	-5.240840E-7	0.000000E+0	5.322892E-6	5.739273E-4	0.000000E+0	0.000000E+0	0.000000E+0
1.749084E+1	-1.841066E+3	-1.580000E-1	-2.971689E+17	-4.956124E-18	-2.356164E-6	0.000000E+0	5.159799E-6	5.431146E-4	0.000000E+0	0.000000E+0	0.000000E+0
1.974170E+1	-1.973405E+3	-2.220000E-1	-1.478400E+17	2.700613E+17	4.010992E-6	0.000000E+0	5.068841E-6	5.066876E-4	0.000000E+0	0.000000E+0	0.000000E+0
2.303882E+1	-2.139531E+3	-2.850000E-1	-2.725491E+17	1.903750E-18	-3.747173E-7	0.000000E+0	5.032372E-6	4.673380E-4	0.000000E+0	0.000000E+0	0.000000E+0
2.825574E+1	-2.351922E+3	-3.480000E-1	-1.696573E+17	-6.410840E-19	1.368258E-6	0.000000E+0	5.107380E-6	4.251228E-4	0.000000E+0	0.000000E+0	0.000000E+0
3.812305E+1	-2.670448E+3	-4.110000E-1	6.414978E-18	-1.599031E-19	2.089779E-6	0.000000E+0	5.344793E-6	3.743927E-4	0.000000E+0	0.000000E+0	0.000000E+0
5.459497E+1	-3.316574E+3	-4.750000E-1	-5.761072E+17	-4.172230E+17	2.328248E-6	0.000000E+0	4.961987E-6	3.014343E-4	0.000000E+0	0.000000E+0	0.000000E+0
8.474219E+1	-4.780924E+3	-5.380000E-1	-5.506723E-18	3.318154E+17	-5.252878E-7	0.000000E+0	3.706292E-6	2.090989E-4	0.000000E+0	0.000000E+0	0.000000E+0
1.175400E+2	-7.596846E+3	-6.010000E-1	4.410889E+17	3.939340E-18	-3.144851E-7	0.000000E+0	2.036175E-6	1.316021E-4	0.000000E+0	0.000000E+0	0.000000E+0
1.648682E+2	-1.094243E+4	-6.650000E-1	3.887097E+16	1.849291E+17	1.456159E-6	0.000000E+0	1.376610E-6	9.136664E-5	0.000000E+0	0.000000E+0	0.000000E+0
2.526299E+2	-1.318713E+4	-7.280000E-1	-1.333488E-18	6.138991E-18	2.688390E-6	0.000000E+0	1.452195E-6	7.580369E-5	0.000000E+0	0.000000E+0	0.000000E+0
2.732598E+2	-1.482909E+4	-7.910000E-1	-1.774996E-18	1.902529E-18	2.899196E-6	0.000000E+0	1.242222E-6	6.741213E-5	0.000000E+0	0.000000E+0	0.000000E+0
2.000391E+2	-1.619452E+4	-8.540000E-1	-7.520591E+15	-3.372652E-18	-4.650537E-7	0.000000E+0	7.626275E-7	6.173986E-5	0.000000E+0	0.000000E+0	0.000000E+0
1.698779E+2	-1.737089E+4	-9.180000E-1	2.088264E+17	-2.195880E+17	2.837758E-6	0.000000E+0	5.629259E-7	5.756207E-5	0.000000E+0	0.000000E+0	0.000000E+0
1.406377E+2	-1.837803E+4	-9.810000E-1	-5.375932E+16	-3.553127E+17	2.027107E-6	0.000000E+0	4.163690E-7	5.440961E-5	0.000000E+0	0.000000E+0	0.000000E+0
1.026826E+2	-1.928874E+4	-1.044000E+0	-1.183520E-18	-5.342346E-18	3.770081E-6	0.000000E+0	2.759795E-7	5.184225E-5	0.000000E+0	0.000000E+0	0.000000E+0
5.421484E+1	-2.012232E+4	-1.108000E+0	-5.203440E-18	3.830367E-18	2.476387E-6	0.000000E+0	1.338933E-7	4.969570E-5	0.000000E+0	0.000000E+0	0.000000E+0
2.778125E+1	-2.085694E+4	-1.171000E+0	3.716679E-18	4.245176E+17	-2.420100E-6	0.000000E+0	6.386308E-8	4.794559E-5	0.000000E+0	0.000000E+0	0.000000E+0
1.963281E+1	-2.158639E+4	-1.234000E+0	1.593192E+15	5.157909E-18	1.365792E-6	0.000000E+0	4.213297E-8	4.632545E-5	0.000000E+0	0.000000E+0	0.000000E+0
1.341797E+1	-2.223416E+4	-1.297000E+0	-1.009562E-18	-5.687810E-18	1.576569E-6	0.000000E+0	2.714221E-8	4.497582E-5	0.000000E+0	0.000000E+0	0.000000E+0
-2.105469E+1	-2.283798E+4	-1.361000E+0	-6.256276E-18	1.400744E+17	2.828674E-7	0.000000E+0	-4.036762E-8	4.378667E-5	0.000000E+0	0.000000E+0	0.000000E+0
-3.631445E+1	-2.336285E+4	-1.424000E+0	2.698511E+17	2.403843E+17	3.558045E-6	0.000000E+0	-6.653142E-8	4.280289E-5	0.000000E+0	0.000000E+0	0.000000E+0
-5.264062E+1	-2.389715E+4	-1.487000E+0	-3.870921E-18	-2.240669E+17	1.215194E-6	0.000000E+0	-9.217787E-8	4.184579E-5	0.000000E+0	0.000000E+0	0.000000E+0
-8.122070E+1	-2.435611E+4	-1.551000E+0	8.607266E+16	4.249670E-18	1.964407E-6	0.000000E+0	-1.369134E-7	4.105700E-5	0.000000E+0	0.000000E+0	0.000000E+0
-1.136328E+2	-2.477107E+4	-1.614000E+0	2.127762E-18	3.276064E+15	2.685949E-6	0.000000E+0	-1.851847E-7	4.036882E-5	0.000000E+0	0.000000E+0	0.000000E+0
-1.045625E+2	-2.509432E+4	-1.677000E+0	-4.960952E+17	1.187967E+17	4.428934E-6	0.000000E+0	-1.660418E-7	3.984896E-5	0.000000E+0	0.000000E+0	0.000000E+0
-1.123672E+2	-2.533369E+4	-1.741000E+0	-6.504745E+16	2.381170E+17	2.113746E-6	0.000000E+0	-1.750790E-7	3.947235E-5	0.000000E+0	0.000000E+0	0.000000E+0
-1.297598E+2	-2.550889E+4	-1.804000E+0	5.725577E-18	5.135446E+17	2.324581E-6	0.000000E+0	-1.994095E-7	3.920101E-5	0.000000E+0	0.000000E+0	0.000000E+0
-1.396465E+2	-2.566210E+4	-1.867000E+0	-5.521899E-18	3.493290E-18	3.046065E-6	0.000000E+0	-2.120473E-7	3.896682E-5	0.000000E+0	0.000000E+0	0.000000E+0
-9.862891E+1	-2.577738E+4	-1.930000E+0	2.907620E+17	-1.496570E-18	3.767615E-6	0.000000E+0	-1.484295E-7	3.879313E-5	0.000000E+0	0.000000E+0	0.000000E+0
-1.165820E+2	-2.582821E+4	-1.994000E+0	-2.653265E-18	4.671199E-18	4.516834E-6	0.000000E+0	-1.747568E-7	3.871657E-5	0.000000E+0	0.000000E+0	0.000000E+0
-1.370156E+2	-2.585977E+4	-2.057000E+0	6.288337E-18	-3.929323E-18	3.195455E-6	0.000000E+0	-2.048842E-7	3.866902E-5	0.000000E+0	0.000000E+0	0.000000E+0
-1.392578E+2	-2.589284E+4	-2.120000E+0	8.250878E-19	2.832624E+17	1.874098E-6	0.000000E+0	-2.077053E-7	3.861960E-5	0.000000E+0	0.000000E+0	0.000000E+0
-1.597227E+2	-2.582535E+4	-2.184000E+0	4.553607E+17	-2.686618E+17	1.601831E-6	0.000000E+0	-2.394736E-7	3.872016E-5	0.000000E+0	0.000000E+0	0.000000E+0
-1.130645E+2	-2.584799E+4	-2.247000E+0	2.517955E+17	3.793721E+16	4.876943E-6	0.000000E+0	-1.692250E-7	3.868699E-5	0.000000E+0	0.000000E+0	0.000000E+0
-1.345176E+2	-2.575428E+4	-2.310000E+0	-6.194311E-18	5.356043E+17	2.534143E-6	0.000000E+0	-2.028002E-7	3.882744E-5	0.000000E+0	0.000000E+0	0.000000E+0
-1.112754E+2	-2.571955E+4	-2.373000E+0	-5.704702E+17	6.513754E+16	1.723485E-6	0.000000E+0	-1.682148E-7	3.888020E-5	0.000000E+0	0.000000E+0	0.000000E+0
-9.156641E+1	-2.567599E+4	-2.437000E+0	-4.691026E+17	6.689522E-18	4.297908E-7	0.000000E+0	-1.388917E-7	3.894640E-5	0.000000E+0	0.000000E+0	0.000000E+0
-1.832539E+2	-2.563206E+4	-2.500000E+0	-3.567381E+17	-4.286482E-18	4.215690E-6	0.000000E+0	-2.789099E-7	3.901165E-5	0.000000E+0	0.000000E+0	0.000000E+0
