Real / Ohm	Ximag / Ohm	V_DC / V	I_a c / A	V_ac / V	I_DC / A
2.522486E+3	-2.388938E+4	-2.500000E+0	-3.567381E+17	-4.286482E-18	1.662062E-6	5.623413E+6	4.371231E-6	4.139805E-5	0.000000E+0	0.000000E+0	0.000000E+0
2.414455E+3	-2.291220E+4	-2.437000E+0	-4.691026E+17	6.689522E-18	4.004847E-6	0.000000E+0	4.548722E-6	4.316553E-5	0.000000E+0	0.000000E+0	0.000000E+0
2.370527E+3	-2.195092E+4	-2.373000E+0	-5.704702E+17	6.513754E+16	1.212771E-6	0.000000E+0	4.862996E-6	4.503101E-5	0.000000E+0	0.000000E+0	0.000000E+0
1.974492E+3	-2.096166E+4	-2.310000E+0	-6.194311E-18	5.356043E+17	3.044857E-6	0.000000E+0	4.454179E-6	4.728658E-5	0.000000E+0	0.000000E+0	0.000000E+0
2.202061E+3	-1.984796E+4	-2.247000E+0	2.517955E+17	3.793721E+16	3.855515E-6	0.000000E+0	5.521848E-6	4.977038E-5	0.000000E+0	0.000000E+0	0.000000E+0
2.127414E+3	-1.870683E+4	-2.184000E+0	4.553607E+17	-2.686618E+17	2.623259E-6	0.000000E+0	6.001652E-6	5.277388E-5	0.000000E+0	0.000000E+0	0.000000E+0
1.975870E+3	-1.746646E+4	-2.120000E+0	8.250878E-19	2.832624E+17	-1.688168E-7	0.000000E+0	6.394789E-6	5.652918E-5	0.000000E+0	0.000000E+0	0.000000E+0
1.729987E+3	-1.623970E+4	-2.057000E+0	6.288337E-18	-3.929323E-18	1.663255E-6	0.000000E+0	6.486137E-6	6.088654E-5	0.000000E+0	0.000000E+0	0.000000E+0
1.706780E+3	-1.535753E+4	-1.994000E+0	-2.653265E-18	4.671199E-18	4.006062E-6	0.000000E+0	7.148313E-6	6.432020E-5	0.000000E+0	0.000000E+0	0.000000E+0
1.675608E+3	-1.490739E+4	-1.930000E+0	2.907620E+17	-1.496570E-18	1.925582E-7	0.000000E+0	7.445891E-6	6.624390E-5	0.000000E+0	0.000000E+0	0.000000E+0
1.814011E+3	-1.449249E+4	-1.867000E+0	-5.521899E-18	3.493290E-18	-1.827721E-8	0.000000E+0	8.503592E-6	6.793687E-5	0.000000E+0	0.000000E+0	0.000000E+0
1.791549E+3	-1.381667E+4	-1.804000E+0	5.725577E-18	5.135446E+17	3.346009E-6	0.000000E+0	9.229555E-6	7.117958E-5	0.000000E+0	0.000000E+0	0.000000E+0
1.797056E+3	-1.319211E+4	-1.741000E+0	-6.504745E+16	2.381170E+17	4.156660E-6	0.000000E+0	1.013790E-5	7.442188E-5	0.000000E+0	0.000000E+0	0.000000E+0
1.738678E+3	-1.253319E+4	-1.677000E+0	-4.960952E+17	1.187967E+17	-1.676090E-7	0.000000E+0	1.085969E-5	7.828163E-5	0.000000E+0	0.000000E+0	0.000000E+0
1.506625E+3	-1.158773E+4	-1.614000E+0	2.127762E-18	3.276064E+15	1.323206E-7	0.000000E+0	1.103388E-5	8.486357E-5	0.000000E+0	0.000000E+0	0.000000E+0
1.231789E+3	-1.063419E+4	-1.551000E+0	8.607266E+16	4.249670E-18	-7.850758E-8	0.000000E+0	1.074829E-5	9.279131E-5	0.000000E+0	0.000000E+0	0.000000E+0
1.006960E+3	-9.506957E+3	-1.487000E+0	-3.870921E-18	-2.240669E+17	3.258108E-6	0.000000E+0	1.101753E-5	1.040192E-4	0.000000E+0	0.000000E+0	0.000000E+0
7.027290E+2	-8.258797E+3	-1.424000E+0	2.698511E+17	2.403843E+17	4.937028E-7	0.000000E+0	1.022872E-5	1.202127E-4	0.000000E+0	0.000000E+0	0.000000E+0
5.785347E+2	-6.792415E+3	-1.361000E+0	-6.256276E-18	1.400744E+17	7.935814E-7	0.000000E+0	1.244921E-5	1.461627E-4	0.000000E+0	0.000000E+0	0.000000E+0
4.311260E+2	-5.340758E+3	-1.297000E+0	-1.009562E-18	-5.687810E-18	5.551410E-7	0.000000E+0	1.501681E-5	1.860271E-4	0.000000E+0	0.000000E+0	0.000000E+0
3.280388E+2	-4.176738E+3	-1.234000E+0	1.593192E+15	5.157909E-18	3.408706E-6	0.000000E+0	1.868874E-5	2.379535E-4	0.000000E+0	0.000000E+0	0.000000E+0
2.991206E+2	-3.327786E+3	-1.171000E+0	3.716679E-18	4.245176E+17	6.442715E-7	0.000000E+0	2.679420E-5	2.980917E-4	0.000000E+0	0.000000E+0	0.000000E+0
2.374480E+2	-2.695764E+3	-1.108000E+0	-5.203440E-18	3.830367E-18	4.335016E-7	0.000000E+0	3.242264E-5	3.680965E-4	0.000000E+0	0.000000E+0	0.000000E+0
2.717144E+2	-2.283573E+3	-1.044000E+0	-1.183520E-18	-5.342346E-18	2.748624E-6	0.000000E+0	5.137802E-5	4.317969E-4	0.000000E+0	0.000000E+0	0.000000E+0
2.015601E+2	-2.009968E+3	-9.810000E-1	-5.375932E+16	-3.553127E+17	1.005650E-6	0.000000E+0	4.939475E-5	4.925670E-4	0.000000E+0	0.000000E+0	0.000000E+0
2.297697E+2	-1.829659E+3	-9.180000E-1	2.088264E+17	-2.195880E+17	3.348472E-6	0.000000E+0	6.757046E-5	5.380644E-4	0.000000E+0	0.000000E+0	0.000000E+0
2.234478E+2	-1.687383E+3	-8.540000E-1	-7.520591E+15	-3.372652E-18	-9.757969E-7	0.000000E+0	7.712569E-5	5.824205E-4	0.000000E+0	0.000000E+0	0.000000E+0
2.082374E+2	-1.587019E+3	-7.910000E-1	-1.774996E-18	1.902529E-18	3.455971E-7	0.000000E+0	8.127948E-5	6.194473E-4	0.000000E+0	0.000000E+0	0.000000E+0
1.615393E+2	-1.506016E+3	-7.280000E-1	-1.333488E-18	6.138991E-18	6.455048E-7	0.000000E+0	7.041268E-5	6.564509E-4	0.000000E+0	0.000000E+0	0.000000E+0
1.771650E+2	-1.437270E+3	-6.650000E-1	3.887097E+16	1.849291E+17	-7.601193E-8	0.000000E+0	8.447964E-5	6.853501E-4	0.000000E+0	0.000000E+0	0.000000E+0
1.647716E+2	-1.377726E+3	-6.010000E-1	4.410889E+17	3.939340E-18	1.217686E-6	0.000000E+0	8.558325E-5	7.155982E-4	0.000000E+0	0.000000E+0	0.000000E+0
1.349852E+2	-1.326526E+3	-5.380000E-1	-5.506723E-18	3.318154E+17	-5.252878E-7	0.000000E+0	7.592429E-5	7.461228E-4	0.000000E+0	0.000000E+0	0.000000E+0
1.195823E+2	-1.283868E+3	-4.750000E-1	-5.761072E+17	-4.172230E+17	2.853631E-7	0.000000E+0	7.192414E-5	7.721971E-4	0.000000E+0	0.000000E+0	0.000000E+0
8.563733E+1	-1.240291E+3	-4.110000E-1	6.414978E-18	-1.599031E-19	1.068322E-6	0.000000E+0	5.540519E-5	8.024369E-4	0.000000E+0	0.000000E+0	0.000000E+0
1.791819E+2	-1.209065E+3	-3.480000E-1	-1.696573E+17	-6.410840E-19	2.900430E-6	0.000000E+0	1.199388E-4	8.093106E-4	0.000000E+0	0.000000E+0	0.000000E+0
8.385443E+1	-1.169146E+3	-2.850000E-1	-2.725491E+17	1.903750E-18	6.467399E-7	0.000000E+0	6.103236E-5	8.509478E-4	0.000000E+0	0.000000E+0	0.000000E+0
1.536908E+2	-1.143102E+3	-2.220000E-1	-1.478400E+17	2.700613E+17	4.359354E-7	0.000000E+0	1.155307E-4	8.592794E-4	0.000000E+0	0.000000E+0	0.000000E+0
1.147159E+2	-1.112770E+3	-1.580000E-1	-2.971689E+17	-4.956124E-18	7.081780E-7	0.000000E+0	9.166882E-5	8.892081E-4	0.000000E+0	0.000000E+0	0.000000E+0
1.043954E+2	-1.087870E+3	-9.500000E-2	-4.717429E+17	-4.921256E+17	2.029544E-6	0.000000E+0	8.740701E-5	9.108396E-4	0.000000E+0	0.000000E+0	0.000000E+0
8.703680E+1	-1.062216E+3	-3.200000E-2	-9.427576E-19	-9.422141E-19	-2.241461E-7	0.000000E+0	7.662511E-5	9.351495E-4	0.000000E+0	0.000000E+0	0.000000E+0
8.040985E+1	-1.038877E+3	3.200000E-2	-3.096135E+17	4.406614E-18	-1.484074E-6	0.000000E+0	7.406055E-5	9.568455E-4	0.000000E+0	0.000000E+0	0.000000E+0
1.287534E+2	-1.020262E+3	9.500000E-2	-4.715167E+17	-5.481549E+17	1.369463E-6	0.000000E+0	1.217512E-4	9.647758E-4	0.000000E+0	0.000000E+0	0.000000E+0
9.201453E+1	-9.946798E+2	1.580000E-1	4.697494E+17	-5.230656E+17	1.158658E-6	0.000000E+0	9.221236E-5	9.968184E-4	0.000000E+0	0.000000E+0	0.000000E+0
6.114703E+1	-9.747452E+2	2.220000E-1	-3.021231E-18	2.162610E+17	4.094727E-7	0.000000E+0	6.410435E-5	1.021888E-3	0.000000E+0	0.000000E+0	0.000000E+0
9.337836E+1	-9.601646E+2	2.850000E-1	-3.194760E-18	5.558819E-18	7.094113E-7	0.000000E+0	1.003383E-4	1.031730E-3	0.000000E+0	0.000000E+0	0.000000E+0
1.643704E+2	-9.424491E+2	3.480000E-1	4.155990E+17	-1.840361E+17	-2.565765E-6	0.000000E+0	1.795950E-4	1.029742E-3	0.000000E+0	0.000000E+0	0.000000E+0
7.259235E+1	-9.206481E+2	4.110000E-1	-4.316353E+17	4.857998E-18	-2.229426E-7	0.000000E+0	8.511612E-5	1.079480E-3	0.000000E+0	0.000000E+0	0.000000E+0
1.263392E+2	-9.071786E+2	4.750000E-1	-3.851510E-18	-6.440456E-18	1.070759E-6	0.000000E+0	1.505948E-4	1.081346E-3	0.000000E+0	0.000000E+0	0.000000E+0
1.202261E+2	-8.960999E+2	5.380000E-1	4.766215E-20	4.558795E+17	2.902867E-6	0.000000E+0	1.470747E-4	1.096215E-3	0.000000E+0	0.000000E+0	0.000000E+0
7.276434E+1	-8.756147E+2	6.010000E-1	1.388541E-18	6.784133E-18	2.181350E-6	0.000000E+0	9.425485E-5	1.134222E-3	0.000000E+0	0.000000E+0	0.000000E+0
7.819000E+1	-8.652778E+2	6.650000E-1	4.707204E+17	-1.630679E-19	-6.107512E-7	0.000000E+0	1.035877E-4	1.146338E-3	0.000000E+0	0.000000E+0	0.000000E+0
8.860736E+1	-8.530599E+2	7.280000E-1	-7.975154E-19	6.323277E-18	7.106173E-7	0.000000E+0	1.204620E-4	1.159738E-3	0.000000E+0	0.000000E+0	0.000000E+0
6.944788E+1	-8.418556E+2	7.910000E-1	-4.524463E+17	2.055147E+17	4.998110E-7	0.000000E+0	9.732812E-5	1.179823E-3	0.000000E+0	0.000000E+0	0.000000E+0
7.916559E+1	-8.307181E+2	8.540000E-1	-6.904437E-18	-8.377323E+16	7.997478E-7	0.000000E+0	1.136849E-4	1.192944E-3	0.000000E+0	0.000000E+0	0.000000E+0
6.273346E+1	-8.217201E+2	9.180000E-1	2.547933E-18	-4.300115E-19	-2.503093E-6	0.000000E+0	9.236927E-5	1.209908E-3	0.000000E+0	0.000000E+0	0.000000E+0
1.287886E+2	-8.176794E+2	9.810000E-1	-1.554615E+17	1.089551E+17	-2.203156E-6	0.000000E+0	1.879615E-4	1.193368E-3	0.000000E+0	0.000000E+0	0.000000E+0
1.511863E+2	-8.089340E+2	1.044000E+0	-5.199634E+17	2.162502E-18	1.161097E-6	0.000000E+0	2.232417E-4	1.194472E-3	0.000000E+0	0.000000E+0	0.000000E+0
2.024622E+2	-8.032744E+2	1.108000E+0	3.883601E+17	-5.707470E+17	-2.652436E-6	0.000000E+0	2.950309E-4	1.170543E-3	0.000000E+0	0.000000E+0	0.000000E+0
1.905172E+2	-7.922523E+2	1.171000E+0	-2.822382E+17	-3.573572E+17	2.011075E-7	0.000000E+0	2.869406E-4	1.193222E-3	0.000000E+0	0.000000E+0	0.000000E+0
1.292984E+2	-7.847510E+2	1.234000E+0	7.433461E+16	-3.421240E+17	1.011758E-6	0.000000E+0	2.044075E-4	1.240611E-3	0.000000E+0	0.000000E+0	0.000000E+0
1.558867E+2	-7.819825E+2	1.297000E+0	4.345462E+17	8.421242E+16	-2.205052E-7	0.000000E+0	2.451830E-4	1.229924E-3	0.000000E+0	0.000000E+0	0.000000E+0
1.369604E+2	-7.762582E+2	1.361000E+0	5.364322E+17	-2.871880E+17	1.073196E-6	0.000000E+0	2.204293E-4	1.249339E-3	0.000000E+0	0.000000E+0	0.000000E+0
8.831238E+1	-7.670815E+2	1.424000E+0	-5.656005E-19	1.659667E-18	1.883847E-6	0.000000E+0	1.481222E-4	1.286589E-3	0.000000E+0	0.000000E+0	0.000000E+0
9.208044E+1	-7.629639E+2	1.487000E+0	9.225665E+16	2.296609E-18	-3.698442E-7	0.000000E+0	1.559119E-4	1.291861E-3	0.000000E+0	0.000000E+0	0.000000E+0
8.608459E+1	-7.563805E+2	1.551000E+0	4.020355E+17	1.967767E+17	-1.629771E-6	0.000000E+0	1.485441E-4	1.305180E-3	0.000000E+0	0.000000E+0	0.000000E+0
8.688000E+1	-7.567990E+2	1.614000E+0	1.676929E-18	4.035830E-18	-3.372741E-6	0.000000E+0	1.497175E-4	1.304167E-3	0.000000E+0	0.000000E+0	0.000000E+0
1.934426E+2	-7.496135E+2	1.677000E+0	-2.680825E+17	-5.492346E+17	-1.540640E-6	0.000000E+0	3.227591E-4	1.250731E-3	0.000000E+0	0.000000E+0	0.000000E+0
2.136386E+2	-7.488427E+2	1.741000E+0	5.241939E+17	-4.155966E-18	4.349575E-6	0.000000E+0	3.523024E-4	1.234885E-3	0.000000E+0	0.000000E+0	0.000000E+0
2.060524E+2	-7.467679E+2	1.804000E+0	2.579781E+17	4.569561E-19	-1.479202E-6	0.000000E+0	3.433521E-4	1.244365E-3	0.000000E+0	0.000000E+0	0.000000E+0
1.048737E+2	-7.453762E+2	1.867000E+0	2.915631E-18	5.325299E+16	-1.179258E-6	0.000000E+0	1.850982E-4	1.315561E-3	0.000000E+0	0.000000E+0	0.000000E+0
1.006850E+2	-7.430813E+2	1.930000E+0	-1.980656E+17	1.958093E+16	2.184992E-6	0.000000E+0	1.790569E-4	1.321486E-3	0.000000E+0	0.000000E+0	0.000000E+0
1.725841E+2	-7.424872E+2	1.994000E+0	-2.769006E-18	1.441508E+17	-1.628541E-6	0.000000E+0	2.970096E-4	1.277788E-3	0.000000E+0	0.000000E+0	0.000000E+0
8.968384E+1	-7.404152E+2	2.057000E+0	5.785078E-19	6.301025E-18	2.035522E-7	0.000000E+0	1.612271E-4	1.331065E-3	0.000000E+0	0.000000E+0	0.000000E+0
9.841162E+1	-7.452646E+2	2.120000E+0	3.389191E+17	1.295985E-19	-1.539433E-6	0.000000E+0	1.741478E-4	1.318809E-3	0.000000E+0	0.000000E+0	0.000000E+0
1.078762E+2	-7.499395E+2	2.184000E+0	-5.351625E-18	2.391872E+17	-2.799337E-6	0.000000E+0	1.879224E-4	1.306409E-3	0.000000E+0	0.000000E+0	0.000000E+0
1.088221E+2	-7.537649E+2	2.247000E+0	2.587907E+17	-4.414579E-18	-4.565372E-7	0.000000E+0	1.876231E-4	1.299586E-3	0.000000E+0	0.000000E+0	0.000000E+0
7.984235E+1	-7.560020E+2	2.310000E+0	-3.128310E+17	-2.708651E-18	8.648640E-7	0.000000E+0	1.381562E-4	1.308157E-3	0.000000E+0	0.000000E+0	0.000000E+0
1.957589E+2	-7.612136E+2	2.373000E+0	6.653843E-18	-4.395667E+17	2.186236E-6	0.000000E+0	3.168811E-4	1.232200E-3	0.000000E+0	0.000000E+0	0.000000E+0
2.029418E+2	-7.637332E+2	2.437000E+0	-1.137863E-18	-4.190346E+17	9.263022E-7	0.000000E+0	3.249805E-4	1.223003E-3	0.000000E+0	0.000000E+0	0.000000E+0
2.011633E+2	-7.703455E+2	2.500000E+0	-9.275714E-19	-3.780148E-18	-1.327397E-6	0.000000E+0	3.173429E-4	1.215250E-3	0.000000E+0	0.000000E+0	0.000000E+0
