Real / Ohm	Ximag / Ohm	V_DC / V	I_a c / A	V_ac / V	I_DC / A
2.179340E+2	-1.741585E+1	-2.500000E+0	-3.567381E+17	-4.286482E-18	-7.896692E-3	1.000000E+6	4.559428E-3	3.643595E-4	0.000000E+0	0.000000E+0	0.000000E+0
2.494894E+2	-1.731660E+1	-2.437000E+0	-4.691026E+17	6.689522E-18	-5.966875E-3	0.000000E+0	3.988969E-3	2.768670E-4	0.000000E+0	0.000000E+0	0.000000E+0
2.692936E+2	-1.633797E+1	-2.373000E+0	-5.704702E+17	6.513754E+16	-6.129524E-3	0.000000E+0	3.699801E-3	2.244659E-4	0.000000E+0	0.000000E+0	0.000000E+0
2.537944E+2	-1.712413E+1	-2.310000E+0	-6.194311E-18	5.356043E+17	-5.495925E-3	0.000000E+0	3.922341E-3	2.646499E-4	0.000000E+0	0.000000E+0	0.000000E+0
3.003145E+2	-1.358745E+1	-2.247000E+0	2.517955E+17	3.793721E+16	-7.331169E-3	0.000000E+0	3.323040E-3	1.503479E-4	0.000000E+0	0.000000E+0	0.000000E+0
2.758618E+2	-1.442964E+1	-2.184000E+0	4.553607E+17	-2.686618E+17	-5.857429E-3	0.000000E+0	3.615112E-3	1.890975E-4	0.000000E+0	0.000000E+0	0.000000E+0
2.806356E+2	-1.321490E+1	-2.120000E+0	8.250878E-19	2.832624E+17	-4.930193E-3	0.000000E+0	3.555456E-3	1.674235E-4	0.000000E+0	0.000000E+0	0.000000E+0
2.796449E+2	-1.265149E+1	-2.057000E+0	6.288337E-18	-3.929323E-18	-5.956959E-3	0.000000E+0	3.568659E-3	1.614507E-4	0.000000E+0	0.000000E+0	0.000000E+0
2.977085E+2	-1.008058E+1	-1.994000E+0	-2.653265E-18	4.671199E-18	-5.035823E-3	0.000000E+0	3.355144E-3	1.136071E-4	0.000000E+0	0.000000E+0	0.000000E+0
2.687618E+2	-1.172823E+1	-1.930000E+0	2.907620E+17	-1.496570E-18	-4.788361E-3	0.000000E+0	3.713695E-3	1.620583E-4	0.000000E+0	0.000000E+0	0.000000E+0
3.162567E+2	-6.924530E+0	-1.867000E+0	-5.521899E-18	3.493290E-18	-4.069982E-3	0.000000E+0	3.160473E-3	6.919946E-5	0.000000E+0	0.000000E+0	0.000000E+0
2.821527E+2	-8.370834E+0	-1.804000E+0	5.725577E-18	5.135446E+17	-4.444043E-3	0.000000E+0	3.541063E-3	1.050554E-4	0.000000E+0	0.000000E+0	0.000000E+0
2.969767E+2	-6.436432E+0	-1.741000E+0	-6.504745E+16	2.381170E+17	-3.711875E-3	0.000000E+0	3.365687E-3	7.294516E-5	0.000000E+0	0.000000E+0	0.000000E+0
3.059850E+2	-4.507614E+0	-1.677000E+0	-4.960952E+17	1.187967E+17	-3.427128E-3	0.000000E+0	3.267425E-3	4.813403E-5	0.000000E+0	0.000000E+0	0.000000E+0
2.950258E+2	-4.128601E+0	-1.614000E+0	2.127762E-18	3.276064E+15	-3.272590E-3	0.000000E+0	3.388870E-3	4.742397E-5	0.000000E+0	0.000000E+0	0.000000E+0
3.486353E+2	-3.707886E-3	-1.551000E+0	8.607266E+16	4.249670E-18	-3.407632E-3	0.000000E+0	2.868327E-3	3.050589E-8	0.000000E+0	0.000000E+0	0.000000E+0
3.582131E+2	1.551361E+0	-1.487000E+0	-3.870921E-18	-2.240669E+17	-2.895614E-3	0.000000E+0	2.791582E-3	-1.208987E-5	0.000000E+0	0.000000E+0	0.000000E+0
3.453881E+2	1.652283E+0	-1.424000E+0	2.698511E+17	2.403843E+17	-3.099093E-3	0.000000E+0	2.895227E-3	-1.385032E-5	0.000000E+0	0.000000E+0	0.000000E+0
3.604742E+2	3.406189E+0	-1.361000E+0	-6.256276E-18	1.400744E+17	-3.386842E-3	0.000000E+0	2.773876E-3	-2.621088E-5	0.000000E+0	0.000000E+0	0.000000E+0
3.891668E+2	4.757813E+0	-1.297000E+0	-1.009562E-18	-5.687810E-18	-2.507613E-3	0.000000E+0	2.569208E-3	-3.141021E-5	0.000000E+0	0.000000E+0	0.000000E+0
3.510652E+2	4.154755E+0	-1.234000E+0	1.593192E+15	5.157909E-18	-2.475648E-3	0.000000E+0	2.848075E-3	-3.370614E-5	0.000000E+0	0.000000E+0	0.000000E+0
4.105604E+2	5.985840E+0	-1.171000E+0	3.716679E-18	4.245176E+17	-2.270037E-3	0.000000E+0	2.435178E-3	-3.550411E-5	0.000000E+0	0.000000E+0	0.000000E+0
4.330657E+2	6.902130E+0	-1.108000E+0	-5.203440E-18	3.830367E-18	-1.873925E-3	0.000000E+0	2.308532E-3	-3.679300E-5	0.000000E+0	0.000000E+0	0.000000E+0
4.587542E+2	8.139648E+0	-1.044000E+0	-1.183520E-18	-5.342346E-18	-1.856288E-3	0.000000E+0	2.179131E-3	-3.866418E-5	0.000000E+0	0.000000E+0	0.000000E+0
4.647640E+2	8.846405E+0	-9.810000E-1	-5.375932E+16	-3.553127E+17	-1.538318E-3	0.000000E+0	2.150850E-3	-4.093969E-5	0.000000E+0	0.000000E+0	0.000000E+0
5.206213E+2	9.876678E+0	-9.180000E-1	2.088264E+17	-2.195880E+17	-1.461920E-3	0.000000E+0	1.920091E-3	-3.642594E-5	0.000000E+0	0.000000E+0	0.000000E+0
6.018250E+2	6.252197E+0	-8.540000E-1	-7.520591E+15	-3.372652E-18	-1.389635E-3	0.000000E+0	1.661433E-3	-1.726018E-5	0.000000E+0	0.000000E+0	0.000000E+0
5.990326E+2	2.921112E+0	-7.910000E-1	-1.774996E-18	1.902529E-18	-1.155424E-3	0.000000E+0	1.669319E-3	-8.140235E-6	0.000000E+0	0.000000E+0	0.000000E+0
6.072198E+2	-2.716797E+0	-7.280000E-1	-1.333488E-18	6.138991E-18	-1.065237E-3	0.000000E+0	1.646817E-3	7.368119E-6	0.000000E+0	0.000000E+0	0.000000E+0
6.585405E+2	-1.894174E+1	-6.650000E-1	3.887097E+16	1.849291E+17	-9.239765E-4	0.000000E+0	1.517254E-3	4.364111E-5	0.000000E+0	0.000000E+0	0.000000E+0
6.386785E+2	-2.509271E+1	-6.010000E-1	4.410889E+17	3.939340E-18	-9.385154E-4	0.000000E+0	1.563320E-3	6.142047E-5	0.000000E+0	0.000000E+0	0.000000E+0
6.414882E+2	-2.865076E+1	-5.380000E-1	-5.506723E-18	3.318154E+17	-6.838746E-4	0.000000E+0	1.555772E-3	6.948537E-5	0.000000E+0	0.000000E+0	0.000000E+0
6.273615E+2	-3.134317E+1	-4.750000E-1	-5.761072E+17	-4.172230E+17	-5.829621E-4	0.000000E+0	1.590009E-3	7.943731E-5	0.000000E+0	0.000000E+0	0.000000E+0
6.559912E+2	-3.580243E+1	-4.110000E-1	6.414978E-18	-1.599031E-19	-4.769699E-4	0.000000E+0	1.519883E-3	8.295160E-5	0.000000E+0	0.000000E+0	0.000000E+0
6.226886E+2	-3.998022E+1	-3.480000E-1	-1.696573E+17	-6.410840E-19	-3.745250E-4	0.000000E+0	1.599346E-3	1.026873E-4	0.000000E+0	0.000000E+0	0.000000E+0
6.768623E+2	-4.874518E+1	-2.850000E-1	-2.725491E+17	1.903750E-18	-3.006808E-4	0.000000E+0	1.469783E-3	1.058484E-4	0.000000E+0	0.000000E+0	0.000000E+0
7.465560E+2	-6.342975E+1	-2.220000E-1	-1.478400E+17	2.700613E+17	-2.038539E-4	0.000000E+0	1.329884E-3	1.129911E-4	0.000000E+0	0.000000E+0	0.000000E+0
9.077074E+2	-9.810553E+1	-1.580000E-1	-2.971689E+17	-4.956124E-18	-1.208443E-4	0.000000E+0	1.088956E-3	1.176950E-4	0.000000E+0	0.000000E+0	0.000000E+0
1.159474E+3	-1.786160E+2	-9.500000E-2	-4.717429E+17	-4.921256E+17	-6.130031E-5	0.000000E+0	8.424673E-4	1.297814E-4	0.000000E+0	0.000000E+0	0.000000E+0
1.587006E+3	-3.893649E+2	-3.200000E-2	-9.427576E-19	-9.422141E-19	-1.350297E-5	0.000000E+0	5.943413E-4	1.458190E-4	0.000000E+0	0.000000E+0	0.000000E+0
1.365163E+3	-2.818170E+2	3.200000E-2	-3.096135E+17	4.406614E-18	1.741272E-5	0.000000E+0	7.025729E-4	1.450354E-4	0.000000E+0	0.000000E+0	0.000000E+0
8.192909E+2	-9.097357E+1	9.500000E-2	-4.715167E+17	-5.481549E+17	7.542450E-5	0.000000E+0	1.205702E-3	1.338804E-4	0.000000E+0	0.000000E+0	0.000000E+0
5.466742E+2	-3.688245E+1	1.580000E-1	4.697494E+17	-5.230656E+17	1.778693E-4	0.000000E+0	1.820954E-3	1.228543E-4	0.000000E+0	0.000000E+0	0.000000E+0
4.191490E+2	-1.899582E+1	2.220000E-1	-3.021231E-18	2.162610E+17	3.053119E-4	0.000000E+0	2.380896E-3	1.079021E-4	0.000000E+0	0.000000E+0	0.000000E+0
3.568401E+2	-1.189474E+1	2.850000E-1	-3.194760E-18	5.558819E-18	4.578076E-4	0.000000E+0	2.799265E-3	9.330939E-5	0.000000E+0	0.000000E+0	0.000000E+0
2.682349E+2	-6.549011E+0	3.480000E-1	4.155990E+17	-1.840361E+17	5.617846E-4	0.000000E+0	3.725855E-3	9.096752E-5	0.000000E+0	0.000000E+0	0.000000E+0
2.230168E+2	-4.239624E+0	4.110000E-1	-4.316353E+17	4.857998E-18	1.045230E-3	0.000000E+0	4.482347E-3	8.521092E-5	0.000000E+0	0.000000E+0	0.000000E+0
1.980994E+2	-3.706436E+0	4.750000E-1	-3.851510E-18	-6.440456E-18	1.353469E-3	0.000000E+0	5.046204E-3	9.441439E-5	0.000000E+0	0.000000E+0	0.000000E+0
1.994527E+2	-2.699936E+0	5.380000E-1	4.766215E-20	4.558795E+17	1.244984E-3	0.000000E+0	5.012801E-3	6.785691E-5	0.000000E+0	0.000000E+0	0.000000E+0
1.593153E+2	-2.125214E+0	6.010000E-1	1.388541E-18	6.784133E-18	1.591555E-3	0.000000E+0	6.275744E-3	8.371638E-5	0.000000E+0	0.000000E+0	0.000000E+0
1.682690E+2	-2.415543E+0	6.650000E-1	4.707204E+17	-1.630679E-19	1.973849E-3	0.000000E+0	5.941641E-3	8.529372E-5	0.000000E+0	0.000000E+0	0.000000E+0
1.652022E+2	-2.263367E+0	7.280000E-1	-7.975154E-19	6.323277E-18	2.919500E-3	0.000000E+0	6.052052E-3	8.291666E-5	0.000000E+0	0.000000E+0	0.000000E+0
1.754176E+2	-2.084351E+0	7.910000E-1	-4.524463E+17	2.055147E+17	2.136859E-3	0.000000E+0	5.699878E-3	6.772721E-5	0.000000E+0	0.000000E+0	0.000000E+0
1.633334E+2	-2.631485E+0	8.540000E-1	-6.904437E-18	-8.377323E+16	2.306720E-3	0.000000E+0	6.120858E-3	9.861391E-5	0.000000E+0	0.000000E+0	0.000000E+0
1.721429E+2	-3.380585E+0	9.180000E-1	2.547933E-18	-4.300115E-19	3.258982E-3	0.000000E+0	5.806888E-3	1.140371E-4	0.000000E+0	0.000000E+0	0.000000E+0
1.907161E+2	-3.065582E+0	9.810000E-1	-1.554615E+17	1.089551E+17	2.873685E-3	0.000000E+0	5.242041E-3	8.426089E-5	0.000000E+0	0.000000E+0	0.000000E+0
1.695560E+2	-7.910919E+0	1.044000E+0	-5.199634E+17	2.162502E-18	3.886241E-3	0.000000E+0	5.884946E-3	2.745720E-4	0.000000E+0	0.000000E+0	0.000000E+0
1.653989E+2	-9.603577E+0	1.108000E+0	3.883601E+17	-5.707470E+17	4.160772E-3	0.000000E+0	6.025675E-3	3.498695E-4	0.000000E+0	0.000000E+0	0.000000E+0
1.751286E+2	-9.542282E+0	1.171000E+0	-2.822382E+17	-3.573572E+17	5.389364E-3	0.000000E+0	5.693187E-3	3.102063E-4	0.000000E+0	0.000000E+0	0.000000E+0
1.843599E+2	-9.171906E+0	1.234000E+0	7.433461E+16	-3.421240E+17	4.517857E-3	0.000000E+0	5.410781E-3	2.691864E-4	0.000000E+0	0.000000E+0	0.000000E+0
1.903095E+2	-1.367154E+1	1.297000E+0	4.345462E+17	8.421242E+16	5.708144E-3	0.000000E+0	5.227620E-3	3.755441E-4	0.000000E+0	0.000000E+0	0.000000E+0
1.965989E+2	-1.160254E+1	1.361000E+0	5.364322E+17	-2.871880E+17	6.310561E-3	0.000000E+0	5.068844E-3	2.991444E-4	0.000000E+0	0.000000E+0	0.000000E+0
2.040734E+2	-1.248332E+1	1.424000E+0	-5.656005E-19	1.659667E-18	5.627512E-3	0.000000E+0	4.881930E-3	2.986313E-4	0.000000E+0	0.000000E+0	0.000000E+0
2.148575E+2	-1.416713E+1	1.487000E+0	9.225665E+16	2.296609E-18	5.844870E-3	0.000000E+0	4.634100E-3	3.055602E-4	0.000000E+0	0.000000E+0	0.000000E+0
2.049760E+2	-1.164059E+1	1.551000E+0	4.020355E+17	1.967767E+17	5.987124E-3	0.000000E+0	4.862936E-3	2.761662E-4	0.000000E+0	0.000000E+0	0.000000E+0
2.087543E+2	-1.147606E+1	1.614000E+0	1.676929E-18	4.035830E-18	6.354634E-3	0.000000E+0	4.775887E-3	2.625496E-4	0.000000E+0	0.000000E+0	0.000000E+0
2.190515E+2	-1.362065E+1	1.677000E+0	-2.680825E+17	-5.492346E+17	6.598549E-3	0.000000E+0	4.547554E-3	2.827675E-4	0.000000E+0	0.000000E+0	0.000000E+0
1.290128E+2	-6.241684E-1	1.741000E+0	5.241939E+17	-4.155966E-18	7.124868E-3	0.000000E+0	7.750987E-3	3.749955E-5	0.000000E+0	0.000000E+0	0.000000E+0
1.392928E+2	1.907806E-1	1.804000E+0	2.579781E+17	4.569561E-19	7.005147E-3	0.000000E+0	7.179108E-3	-9.832774E-6	0.000000E+0	0.000000E+0	0.000000E+0
1.609436E+2	-2.852028E+0	1.867000E+0	2.915631E-18	5.325299E+16	6.550903E-3	0.000000E+0	6.211406E-3	1.100703E-4	0.000000E+0	0.000000E+0	0.000000E+0
2.029678E+2	-7.419830E+0	1.930000E+0	-1.980656E+17	1.958093E+16	6.554266E-3	0.000000E+0	4.920314E-3	1.798704E-4	0.000000E+0	0.000000E+0	0.000000E+0
1.978954E+2	-5.313843E+0	1.994000E+0	-2.769006E-18	1.441508E+17	6.800197E-3	0.000000E+0	5.049534E-3	1.355890E-4	0.000000E+0	0.000000E+0	0.000000E+0
1.372428E+2	7.999954E-1	2.057000E+0	5.785078E-19	6.301025E-18	7.317350E-3	0.000000E+0	7.286109E-3	-4.247111E-5	0.000000E+0	0.000000E+0	0.000000E+0
1.477705E+2	-9.620590E-1	2.120000E+0	3.389191E+17	1.295985E-19	7.303351E-3	0.000000E+0	6.766964E-3	4.405628E-5	0.000000E+0	0.000000E+0	0.000000E+0
1.339032E+2	-4.439468E-1	2.184000E+0	-5.351625E-18	2.391872E+17	7.427729E-3	0.000000E+0	7.467999E-3	2.475964E-5	0.000000E+0	0.000000E+0	0.000000E+0
1.136715E+2	7.690201E-1	2.247000E+0	2.587907E+17	-4.414579E-18	9.045491E-3	0.000000E+0	8.796877E-3	-5.951338E-5	0.000000E+0	0.000000E+0	0.000000E+0
1.204071E+2	1.161270E-1	2.310000E+0	-3.128310E+17	-2.708651E-18	7.898195E-3	0.000000E+0	8.305150E-3	-8.009928E-6	0.000000E+0	0.000000E+0	0.000000E+0
8.804381E+1	8.649445E-1	2.373000E+0	6.653843E-18	-4.395667E+17	1.091381E-2	0.000000E+0	1.135689E-2	-1.115703E-4	0.000000E+0	0.000000E+0	0.000000E+0
7.578011E+1	5.084766E+0	2.437000E+0	-1.137863E-18	-4.190346E+17	9.472307E-3	0.000000E+0	1.313693E-2	-8.814742E-4	0.000000E+0	0.000000E+0	0.000000E+0
1.191124E+2	4.772110E+0	2.500000E+0	-9.275714E-19	-3.780148E-18	1.114880E-2	0.000000E+0	8.381977E-3	-3.358149E-4	0.000000E+0	0.000000E+0	0.000000E+0
