Real / Ohm	Ximag / Ohm	V_DC / V	I_a c / A	V_ac / V	I_DC / A
1.289094E+1	2.303458E+0	-2.500000E+0	-3.567381E+17	-4.286482E-18	-4.196712E-2	3.162278E+6	7.517361E-2	-1.343263E-2	0.000000E+0	0.000000E+0	0.000000E+0
1.311733E+1	2.578276E+0	-2.437000E+0	-4.691026E+17	6.689522E-18	-4.010370E-2	0.000000E+0	7.339933E-2	-1.442700E-2	0.000000E+0	0.000000E+0	0.000000E+0
2.028775E+1	5.775425E+0	-2.373000E+0	-5.704702E+17	6.513754E+16	-3.796707E-2	0.000000E+0	4.559574E-2	-1.297999E-2	0.000000E+0	0.000000E+0	0.000000E+0
4.650011E+1	2.575413E+0	-2.310000E+0	-6.194311E-18	5.356043E+17	-2.350866E-2	0.000000E+0	2.143956E-2	-1.187432E-3	0.000000E+0	0.000000E+0	0.000000E+0
4.757477E+1	2.639137E+0	-2.247000E+0	2.517955E+17	3.793721E+16	-2.197568E-2	0.000000E+0	2.095506E-2	-1.162450E-3	0.000000E+0	0.000000E+0	0.000000E+0
4.786227E+1	1.397984E+0	-2.184000E+0	4.553607E+17	-2.686618E+17	-2.046721E-2	0.000000E+0	2.087547E-2	-6.097408E-4	0.000000E+0	0.000000E+0	0.000000E+0
2.164624E+1	6.785728E+0	-2.120000E+0	8.250878E-19	2.832624E+17	-2.060075E-2	0.000000E+0	4.206373E-2	-1.318626E-2	0.000000E+0	0.000000E+0	0.000000E+0
2.435048E+1	1.370859E+0	-2.057000E+0	6.288337E-18	-3.929323E-18	-1.915817E-2	0.000000E+0	4.093721E-2	-2.304642E-3	0.000000E+0	0.000000E+0	0.000000E+0
1.981411E+1	2.618414E+0	-1.994000E+0	-2.653265E-18	4.671199E-18	-1.736880E-2	0.000000E+0	4.960285E-2	-6.554965E-3	0.000000E+0	0.000000E+0	0.000000E+0
2.413076E+1	-8.335266E-1	-1.930000E+0	2.907620E+17	-1.496570E-18	-2.583684E-2	0.000000E+0	4.139150E-2	1.429748E-3	0.000000E+0	0.000000E+0	0.000000E+0
2.143294E+1	1.744192E+0	-1.867000E+0	-5.521899E-18	3.493290E-18	-2.421857E-2	0.000000E+0	4.635020E-2	-3.771934E-3	0.000000E+0	0.000000E+0	0.000000E+0
2.312672E+1	2.518789E+0	-1.804000E+0	5.725577E-18	5.135446E+17	-2.309212E-2	0.000000E+0	4.273313E-2	-4.654172E-3	0.000000E+0	0.000000E+0	0.000000E+0
2.660625E+1	2.364405E+0	-1.741000E+0	-6.504745E+16	2.381170E+17	-2.168937E-2	0.000000E+0	3.729066E-2	-3.313891E-3	0.000000E+0	0.000000E+0	0.000000E+0
3.228383E+1	2.422150E+0	-1.677000E+0	-4.960952E+17	1.187967E+17	-2.018349E-2	0.000000E+0	3.080188E-2	-2.310964E-3	0.000000E+0	0.000000E+0	0.000000E+0
3.167556E+1	2.232208E+0	-1.614000E+0	2.127762E-18	3.276064E+15	-1.940740E-2	0.000000E+0	3.141407E-2	-2.213781E-3	0.000000E+0	0.000000E+0	0.000000E+0
3.384705E+1	2.153046E+0	-1.551000E+0	8.607266E+16	4.249670E-18	-1.822528E-2	0.000000E+0	2.942561E-2	-1.871793E-3	0.000000E+0	0.000000E+0	0.000000E+0
5.272921E+1	-4.012642E-1	-1.487000E+0	-3.870921E-18	-2.240669E+17	-1.716372E-2	0.000000E+0	1.896372E-2	1.443121E-4	0.000000E+0	0.000000E+0	0.000000E+0
4.872046E+1	6.718853E+0	-1.424000E+0	2.698511E+17	2.403843E+17	-1.119510E-2	0.000000E+0	2.014219E-2	-2.777733E-3	0.000000E+0	0.000000E+0	0.000000E+0
7.061360E+1	5.454819E+0	-1.361000E+0	-6.256276E-18	1.400744E+17	-1.081022E-2	0.000000E+0	1.407757E-2	-1.087476E-3	0.000000E+0	0.000000E+0	0.000000E+0
8.733984E+1	2.518578E+0	-1.297000E+0	-1.009562E-18	-5.687810E-18	-1.014805E-2	0.000000E+0	1.144002E-2	-3.298904E-4	0.000000E+0	0.000000E+0	0.000000E+0
9.480429E+1	8.589706E-1	-1.234000E+0	1.593192E+15	5.157909E-18	-9.719765E-3	0.000000E+0	1.054718E-2	-9.556232E-5	0.000000E+0	0.000000E+0	0.000000E+0
9.896167E+1	7.895966E-1	-1.171000E+0	3.716679E-18	4.245176E+17	-9.190353E-3	0.000000E+0	1.010428E-2	-8.062015E-5	0.000000E+0	0.000000E+0	0.000000E+0
5.681022E+1	-3.562927E-2	-1.108000E+0	-5.203440E-18	3.830367E-18	-8.520493E-3	0.000000E+0	1.760246E-2	1.103961E-5	0.000000E+0	0.000000E+0	0.000000E+0
1.063293E+2	-6.129379E-1	-1.044000E+0	-1.183520E-18	-5.342346E-18	-8.050866E-3	0.000000E+0	9.404433E-3	5.421209E-5	0.000000E+0	0.000000E+0	0.000000E+0
9.098030E+1	2.206337E+0	-9.810000E-1	-5.375932E+16	-3.553127E+17	-7.565888E-3	0.000000E+0	1.098493E-2	-2.663924E-4	0.000000E+0	0.000000E+0	0.000000E+0
1.106547E+2	-1.094650E+0	-9.180000E-1	2.088264E+17	-2.195880E+17	-7.218806E-3	0.000000E+0	9.036237E-3	8.939085E-5	0.000000E+0	0.000000E+0	0.000000E+0
1.090859E+2	-1.386650E+0	-8.540000E-1	-7.520591E+15	-3.372652E-18	-6.608218E-3	0.000000E+0	9.165607E-3	1.165090E-4	0.000000E+0	0.000000E+0	0.000000E+0
1.079208E+2	-1.621460E+0	-7.910000E-1	-1.774996E-18	1.902529E-18	-6.145202E-3	0.000000E+0	9.263963E-3	1.391868E-4	0.000000E+0	0.000000E+0	0.000000E+0
8.728836E+1	-6.927109E-1	-7.280000E-1	-1.333488E-18	6.138991E-18	-5.754708E-3	0.000000E+0	1.145556E-2	9.091007E-5	0.000000E+0	0.000000E+0	0.000000E+0
9.417667E+1	-3.791733E-1	-6.650000E-1	3.887097E+16	1.849291E+17	-5.286074E-3	0.000000E+0	1.061817E-2	4.275078E-5	0.000000E+0	0.000000E+0	0.000000E+0
9.409305E+1	-1.445244E+0	-6.010000E-1	4.410889E+17	3.939340E-18	-5.967109E-3	0.000000E+0	1.062527E-2	1.632013E-4	0.000000E+0	0.000000E+0	0.000000E+0
7.884711E+1	-1.709564E+0	-5.380000E-1	-5.506723E-18	3.318154E+17	-5.461701E-3	0.000000E+0	1.267681E-2	2.748588E-4	0.000000E+0	0.000000E+0	0.000000E+0
7.705133E+1	-1.730026E+0	-4.750000E-1	-5.761072E+17	-4.172230E+17	-4.848533E-3	0.000000E+0	1.297182E-2	2.912550E-4	0.000000E+0	0.000000E+0	0.000000E+0
7.512375E+1	-1.725731E+0	-4.110000E-1	6.414978E-18	-1.599031E-19	-4.216494E-3	0.000000E+0	1.330435E-2	3.056254E-4	0.000000E+0	0.000000E+0	0.000000E+0
7.325291E+1	-1.715416E+0	-3.480000E-1	-1.696573E+17	-6.410840E-19	-3.584939E-3	0.000000E+0	1.364385E-2	3.195079E-4	0.000000E+0	0.000000E+0	0.000000E+0
7.629318E+1	-1.055023E+0	-2.850000E-1	-2.725491E+17	1.903750E-18	-2.943680E-3	0.000000E+0	1.310483E-2	1.812206E-4	0.000000E+0	0.000000E+0	0.000000E+0
9.758545E+1	-1.450768E+0	-2.220000E-1	-1.478400E+17	2.700613E+17	-2.243687E-3	0.000000E+0	1.024516E-2	1.523112E-4	0.000000E+0	0.000000E+0	0.000000E+0
9.495880E+1	-1.324402E+0	-1.580000E-1	-2.971689E+17	-4.956124E-18	-1.271507E-3	0.000000E+0	1.052883E-2	1.468469E-4	0.000000E+0	0.000000E+0	0.000000E+0
9.582632E+1	-1.842842E+0	-9.500000E-2	-4.717429E+17	-4.921256E+17	-7.323923E-4	0.000000E+0	1.043169E-2	2.006125E-4	0.000000E+0	0.000000E+0	0.000000E+0
7.656049E+1	-2.098900E+0	-3.200000E-2	-9.427576E-19	-9.422141E-19	-2.361788E-4	0.000000E+0	1.305176E-2	3.578130E-4	0.000000E+0	0.000000E+0	0.000000E+0
7.635199E+1	-3.201675E+0	3.200000E-2	-3.096135E+17	4.406614E-18	2.896287E-4	0.000000E+0	1.307425E-2	5.482436E-4	0.000000E+0	0.000000E+0	0.000000E+0
7.493826E+1	-2.088081E+0	9.500000E-2	-4.715167E+17	-5.481549E+17	1.002389E-3	0.000000E+0	1.333397E-2	3.715379E-4	0.000000E+0	0.000000E+0	0.000000E+0
7.704285E+1	-2.256508E+0	1.580000E-1	4.697494E+17	-5.230656E+17	1.621176E-3	0.000000E+0	1.296866E-2	3.798392E-4	0.000000E+0	0.000000E+0	0.000000E+0
7.928952E+1	-2.444885E+0	2.220000E-1	-3.021231E-18	2.162610E+17	2.238403E-3	0.000000E+0	1.260003E-2	3.885207E-4	0.000000E+0	0.000000E+0	0.000000E+0
8.149022E+1	-2.631744E+0	2.850000E-1	-3.194760E-18	5.558819E-18	2.835740E-3	0.000000E+0	1.225863E-2	3.958949E-4	0.000000E+0	0.000000E+0	0.000000E+0
8.365906E+1	-2.796188E+0	3.480000E-1	4.155990E+17	-1.840361E+17	3.416733E-3	0.000000E+0	1.193994E-2	3.990759E-4	0.000000E+0	0.000000E+0	0.000000E+0
9.217245E+1	-1.938011E+0	4.110000E-1	-4.316353E+17	4.857998E-18	3.982404E-3	0.000000E+0	1.084443E-2	2.280143E-4	0.000000E+0	0.000000E+0	0.000000E+0
1.130684E+2	-2.632591E+0	4.750000E-1	-3.851510E-18	-6.440456E-18	4.543453E-3	0.000000E+0	8.839412E-3	2.058096E-4	0.000000E+0	0.000000E+0	0.000000E+0
1.115428E+2	-2.717575E+0	5.380000E-1	4.766215E-20	4.558795E+17	4.045796E-3	0.000000E+0	8.959850E-3	2.182935E-4	0.000000E+0	0.000000E+0	0.000000E+0
1.144061E+2	-3.067764E+0	6.010000E-1	1.388541E-18	6.784133E-18	4.686033E-3	0.000000E+0	8.734512E-3	2.342132E-4	0.000000E+0	0.000000E+0	0.000000E+0
9.670154E+1	-4.071068E+0	6.650000E-1	4.707204E+17	-1.630679E-19	5.041259E-3	0.000000E+0	1.032280E-2	4.345828E-4	0.000000E+0	0.000000E+0	0.000000E+0
1.019657E+2	-3.459221E+0	7.280000E-1	-7.975154E-19	6.323277E-18	5.518065E-3	0.000000E+0	9.795945E-3	3.323308E-4	0.000000E+0	0.000000E+0	0.000000E+0
9.507147E+1	-3.327194E+0	7.910000E-1	-4.524463E+17	2.055147E+17	7.259935E-3	0.000000E+0	1.050554E-2	3.676598E-4	0.000000E+0	0.000000E+0	0.000000E+0
9.578978E+1	-3.273216E+0	8.540000E-1	-6.904437E-18	-8.377323E+16	7.782195E-3	0.000000E+0	1.042735E-2	3.563112E-4	0.000000E+0	0.000000E+0	0.000000E+0
9.657852E+1	-3.217651E+0	9.180000E-1	2.547933E-18	-4.300115E-19	8.301361E-3	0.000000E+0	1.034279E-2	3.445847E-4	0.000000E+0	0.000000E+0	0.000000E+0
9.669446E+1	-3.087906E+0	9.810000E-1	-1.554615E+17	1.089551E+17	8.821068E-3	0.000000E+0	1.033132E-2	3.299273E-4	0.000000E+0	0.000000E+0	0.000000E+0
9.678638E+1	-2.900330E+0	1.044000E+0	-5.199634E+17	2.162502E-18	9.341286E-3	0.000000E+0	1.032276E-2	3.093350E-4	0.000000E+0	0.000000E+0	0.000000E+0
1.025716E+2	-3.759903E+0	1.108000E+0	3.883601E+17	-5.707470E+17	9.827256E-3	0.000000E+0	9.736205E-3	3.568940E-4	0.000000E+0	0.000000E+0	0.000000E+0
1.213414E+2	-2.987617E+0	1.171000E+0	-2.822382E+17	-3.573572E+17	8.491501E-3	0.000000E+0	8.236217E-3	2.027887E-4	0.000000E+0	0.000000E+0	0.000000E+0
1.178767E+2	-2.448692E+0	1.234000E+0	7.433461E+16	-3.421240E+17	9.352883E-3	0.000000E+0	8.479781E-3	1.761533E-4	0.000000E+0	0.000000E+0	0.000000E+0
1.175241E+2	-2.313843E+0	1.297000E+0	4.345462E+17	8.421242E+16	9.890465E-3	0.000000E+0	8.505596E-3	1.674602E-4	0.000000E+0	0.000000E+0	0.000000E+0
9.638611E+1	-2.819977E+0	1.361000E+0	5.364322E+17	-2.871880E+17	1.001076E-2	0.000000E+0	1.036607E-2	3.032809E-4	0.000000E+0	0.000000E+0	0.000000E+0
9.930757E+1	-2.553925E+0	1.424000E+0	-5.656005E-19	1.659667E-18	1.170564E-2	0.000000E+0	1.006307E-2	2.587952E-4	0.000000E+0	0.000000E+0	0.000000E+0
1.126324E+2	2.188904E+0	1.487000E+0	9.225665E+16	2.296609E-18	1.015283E-2	0.000000E+0	8.875088E-3	-1.724789E-4	0.000000E+0	0.000000E+0	0.000000E+0
6.262415E+1	2.135189E+0	1.551000E+0	4.020355E+17	1.967767E+17	1.267148E-2	0.000000E+0	1.594974E-2	-5.438111E-4	0.000000E+0	0.000000E+0	0.000000E+0
4.644941E+1	3.133671E+0	1.614000E+0	1.676929E-18	4.035830E-18	1.321264E-2	0.000000E+0	2.143126E-2	-1.445842E-3	0.000000E+0	0.000000E+0	0.000000E+0
1.991076E+1	4.965170E+0	1.677000E+0	-2.680825E+17	-5.492346E+17	1.427116E-2	0.000000E+0	4.728372E-2	-1.179120E-2	0.000000E+0	0.000000E+0	0.000000E+0
1.626597E+1	7.595804E+0	1.741000E+0	5.241939E+17	-4.155966E-18	1.575815E-2	0.000000E+0	5.047186E-2	-2.356910E-2	0.000000E+0	0.000000E+0	0.000000E+0
3.579901E+1	4.883041E-1	1.804000E+0	2.579781E+17	4.569561E-19	1.609553E-2	0.000000E+0	2.792854E-2	-3.809496E-4	0.000000E+0	0.000000E+0	0.000000E+0
4.086192E+1	8.891495E+0	1.867000E+0	2.915631E-18	5.325299E+16	1.210094E-2	0.000000E+0	2.336629E-2	-5.084471E-3	0.000000E+0	0.000000E+0	0.000000E+0
4.074957E+1	5.492531E+0	1.930000E+0	-1.980656E+17	1.958093E+16	1.313801E-2	0.000000E+0	2.410225E-2	-3.248682E-3	0.000000E+0	0.000000E+0	0.000000E+0
4.347363E+1	9.923916E+0	1.994000E+0	-2.769006E-18	1.441508E+17	1.419855E-2	0.000000E+0	2.186318E-2	-4.990803E-3	0.000000E+0	0.000000E+0	0.000000E+0
1.646032E+1	2.385094E+0	2.057000E+0	5.785078E-19	6.301025E-18	1.523204E-2	0.000000E+0	5.950284E-2	-8.621939E-3	0.000000E+0	0.000000E+0	0.000000E+0
2.146278E+1	2.211105E+0	2.120000E+0	3.389191E+17	1.295985E-19	2.852497E-2	0.000000E+0	4.610299E-2	-4.749550E-3	0.000000E+0	0.000000E+0	0.000000E+0
1.605518E+1	4.669060E+0	2.184000E+0	-5.351625E-18	2.391872E+17	2.787560E-2	0.000000E+0	5.742834E-2	-1.670093E-2	0.000000E+0	0.000000E+0	0.000000E+0
1.665785E+1	4.146048E+0	2.247000E+0	2.587907E+17	-4.414579E-18	2.930848E-2	0.000000E+0	5.652982E-2	-1.406996E-2	0.000000E+0	0.000000E+0	0.000000E+0
1.552532E+1	3.246904E+0	2.310000E+0	-3.128310E+17	-2.708651E-18	2.986700E-2	0.000000E+0	6.171177E-2	-1.290616E-2	0.000000E+0	0.000000E+0	0.000000E+0
1.626820E+1	4.876644E+0	2.373000E+0	6.653843E-18	-4.395667E+17	3.061755E-2	0.000000E+0	5.640142E-2	-1.690720E-2	0.000000E+0	0.000000E+0	0.000000E+0
1.633761E+1	4.803795E+0	2.437000E+0	-1.137863E-18	-4.190346E+17	3.122763E-2	0.000000E+0	5.633776E-2	-1.656516E-2	0.000000E+0	0.000000E+0	0.000000E+0
1.372013E+1	2.475603E+0	2.500000E+0	-9.275714E-19	-3.780148E-18	3.270137E-2	0.000000E+0	7.058748E-2	-1.273651E-2	0.000000E+0	0.000000E+0	0.000000E+0
