Real / Ohm	Ximag / Ohm	V_DC / V	I_a c / A	V_ac / V	I_DC / A
5.880816E+1	5.251591E+0	2.500000E+0	-9.275714E-19	-3.780148E-18	9.042576E-3	1.778279E+6	1.686991E-2	-1.506490E-3	0.000000E+0	0.000000E+0	0.000000E+0
1.297001E+2	8.102264E-1	2.437000E+0	-1.137863E-18	-4.190346E+17	9.041766E-3	0.000000E+0	7.709793E-3	-4.816248E-5	0.000000E+0	0.000000E+0	0.000000E+0
9.687953E+1	1.731596E+1	2.373000E+0	6.653843E-18	-4.395667E+17	8.599207E-3	0.000000E+0	1.000255E-2	-1.787826E-3	0.000000E+0	0.000000E+0	0.000000E+0
1.414169E+2	1.329956E+0	2.310000E+0	-3.128310E+17	-2.708651E-18	1.199982E-2	0.000000E+0	7.070665E-3	-6.649611E-5	0.000000E+0	0.000000E+0	0.000000E+0
1.506562E+2	-1.213852E+0	2.247000E+0	2.587907E+17	-4.414579E-18	7.689519E-3	0.000000E+0	6.637198E-3	5.347657E-5	0.000000E+0	0.000000E+0	0.000000E+0
1.602972E+2	-2.066040E+0	2.184000E+0	-5.351625E-18	2.391872E+17	7.504337E-3	0.000000E+0	6.237376E-3	8.039235E-5	0.000000E+0	0.000000E+0	0.000000E+0
1.707812E+2	-3.045364E+0	2.120000E+0	3.389191E+17	1.295985E-19	7.209888E-3	0.000000E+0	5.853584E-3	1.043809E-4	0.000000E+0	0.000000E+0	0.000000E+0
1.796010E+2	-3.806961E+0	2.057000E+0	5.785078E-19	6.301025E-18	7.898044E-3	0.000000E+0	5.565397E-3	1.179684E-4	0.000000E+0	0.000000E+0	0.000000E+0
1.915859E+2	-5.429993E+0	1.994000E+0	-2.769006E-18	1.441508E+17	6.467716E-3	0.000000E+0	5.215401E-3	1.478167E-4	0.000000E+0	0.000000E+0	0.000000E+0
2.068538E+2	-7.237335E+0	1.930000E+0	-1.980656E+17	1.958093E+16	6.177352E-3	0.000000E+0	4.828422E-3	1.689353E-4	0.000000E+0	0.000000E+0	0.000000E+0
2.225291E+2	-9.208710E+0	1.867000E+0	2.915631E-18	5.325299E+16	5.912498E-3	0.000000E+0	4.486112E-3	1.856445E-4	0.000000E+0	0.000000E+0	0.000000E+0
2.362934E+2	-1.120287E+1	1.804000E+0	2.579781E+17	4.569561E-19	5.653771E-3	0.000000E+0	4.222535E-3	2.001940E-4	0.000000E+0	0.000000E+0	0.000000E+0
2.482961E+2	-1.314046E+1	1.741000E+0	5.241939E+17	-4.155966E-18	5.425688E-3	0.000000E+0	4.016201E-3	2.125475E-4	0.000000E+0	0.000000E+0	0.000000E+0
2.546704E+2	-1.375076E+1	1.677000E+0	-2.680825E+17	-5.492346E+17	5.180268E-3	0.000000E+0	3.915230E-3	2.114002E-4	0.000000E+0	0.000000E+0	0.000000E+0
2.746047E+2	-1.749380E+1	1.614000E+0	1.676929E-18	4.035830E-18	5.112041E-3	0.000000E+0	3.626879E-3	2.310517E-4	0.000000E+0	0.000000E+0	0.000000E+0
2.839861E+2	-1.939200E+1	1.551000E+0	4.020355E+17	1.967767E+17	4.749128E-3	0.000000E+0	3.504956E-3	2.393360E-4	0.000000E+0	0.000000E+0	0.000000E+0
2.967875E+2	-2.149933E+1	1.487000E+0	9.225665E+16	2.296609E-18	4.612491E-3	0.000000E+0	3.351825E-3	2.428067E-4	0.000000E+0	0.000000E+0	0.000000E+0
3.055018E+2	-2.292987E+1	1.424000E+0	-5.656005E-19	1.659667E-18	4.407392E-3	0.000000E+0	3.254966E-3	2.443061E-4	0.000000E+0	0.000000E+0	0.000000E+0
3.116617E+2	-2.390085E+1	1.361000E+0	5.364322E+17	-2.871880E+17	4.248766E-3	0.000000E+0	3.189847E-3	2.446244E-4	0.000000E+0	0.000000E+0	0.000000E+0
3.124090E+2	-2.436020E+1	1.297000E+0	4.345462E+17	8.421242E+16	4.008965E-3	0.000000E+0	3.181588E-3	2.480854E-4	0.000000E+0	0.000000E+0	0.000000E+0
3.193831E+2	-2.437186E+1	1.234000E+0	7.433461E+16	-3.421240E+17	3.840127E-3	0.000000E+0	3.112909E-3	2.375435E-4	0.000000E+0	0.000000E+0	0.000000E+0
3.207603E+2	-2.395224E+1	1.171000E+0	-2.822382E+17	-3.573572E+17	3.657498E-3	0.000000E+0	3.100305E-3	2.315101E-4	0.000000E+0	0.000000E+0	0.000000E+0
3.187170E+2	-2.347537E+1	1.108000E+0	3.883601E+17	-5.707470E+17	3.485594E-3	0.000000E+0	3.120650E-3	2.298541E-4	0.000000E+0	0.000000E+0	0.000000E+0
3.026373E+2	-2.373016E+1	1.044000E+0	-5.199634E+17	2.162502E-18	3.277457E-3	0.000000E+0	3.284094E-3	2.575098E-4	0.000000E+0	0.000000E+0	0.000000E+0
2.961962E+2	-2.319455E+1	9.810000E-1	-1.554615E+17	1.089551E+17	3.475829E-3	0.000000E+0	3.355564E-3	2.627677E-4	0.000000E+0	0.000000E+0	0.000000E+0
3.090636E+2	-2.111563E+1	9.180000E-1	2.547933E-18	-4.300115E-19	2.935694E-3	0.000000E+0	3.220547E-3	2.200320E-4	0.000000E+0	0.000000E+0	0.000000E+0
3.039492E+2	-2.028381E+1	8.540000E-1	-6.904437E-18	-8.377323E+16	2.752582E-3	0.000000E+0	3.275436E-3	2.185837E-4	0.000000E+0	0.000000E+0	0.000000E+0
3.012647E+2	-1.934848E+1	7.910000E-1	-4.524463E+17	2.055147E+17	2.547992E-3	0.000000E+0	3.305705E-3	2.123062E-4	0.000000E+0	0.000000E+0	0.000000E+0
2.966463E+2	-1.837238E+1	7.280000E-1	-7.975154E-19	6.323277E-18	2.519603E-3	0.000000E+0	3.358137E-3	2.079816E-4	0.000000E+0	0.000000E+0	0.000000E+0
2.919072E+2	-1.749301E+1	6.650000E-1	4.707204E+17	-1.630679E-19	2.173032E-3	0.000000E+0	3.413488E-3	2.045588E-4	0.000000E+0	0.000000E+0	0.000000E+0
2.883796E+2	-1.657986E+1	6.010000E-1	1.388541E-18	6.784133E-18	1.943955E-3	0.000000E+0	3.456227E-3	1.987095E-4	0.000000E+0	0.000000E+0	0.000000E+0
2.860065E+2	-1.567157E+1	5.380000E-1	4.766215E-20	4.558795E+17	1.739365E-3	0.000000E+0	3.485958E-3	1.910111E-4	0.000000E+0	0.000000E+0	0.000000E+0
2.850713E+2	-1.511865E+1	4.750000E-1	-3.851510E-18	-6.440456E-18	1.546522E-3	0.000000E+0	3.498055E-3	1.855181E-4	0.000000E+0	0.000000E+0	0.000000E+0
2.825803E+2	-1.459885E+1	4.110000E-1	-4.316353E+17	4.857998E-18	1.329192E-3	0.000000E+0	3.529397E-3	1.823380E-4	0.000000E+0	0.000000E+0	0.000000E+0
2.807247E+2	-1.440265E+1	3.480000E-1	4.155990E+17	-1.840361E+17	1.116431E-3	0.000000E+0	3.552857E-3	1.822802E-4	0.000000E+0	0.000000E+0	0.000000E+0
2.620758E+2	-1.431723E+1	2.850000E-1	-3.194760E-18	5.558819E-18	9.297169E-4	0.000000E+0	3.804336E-3	2.078313E-4	0.000000E+0	0.000000E+0	0.000000E+0
2.864532E+2	-1.423233E+1	2.220000E-1	-3.021231E-18	2.162610E+17	7.103162E-4	0.000000E+0	3.482375E-3	1.730206E-4	0.000000E+0	0.000000E+0	0.000000E+0
2.914231E+2	-1.464871E+1	1.580000E-1	4.697494E+17	-5.230656E+17	5.026900E-4	0.000000E+0	3.422789E-3	1.720503E-4	0.000000E+0	0.000000E+0	0.000000E+0
2.999109E+2	-1.524298E+1	9.500000E-2	-4.715167E+17	-5.481549E+17	3.072934E-4	0.000000E+0	3.325733E-3	1.690305E-4	0.000000E+0	0.000000E+0	0.000000E+0
3.055435E+2	-1.565820E+1	3.200000E-2	-3.096135E+17	4.406614E-18	1.129182E-4	0.000000E+0	3.264284E-3	1.672849E-4	0.000000E+0	0.000000E+0	0.000000E+0
2.938683E+2	-1.386359E+1	-3.200000E-2	-9.427576E-19	-9.422141E-19	-8.602589E-5	0.000000E+0	3.395328E-3	1.601787E-4	0.000000E+0	0.000000E+0	0.000000E+0
2.698297E+2	-1.074753E+1	-9.500000E-2	-4.717429E+17	-4.921256E+17	-2.962336E-4	0.000000E+0	3.700171E-3	1.473807E-4	0.000000E+0	0.000000E+0	0.000000E+0
2.549059E+2	-8.661346E+0	-1.580000E-1	-2.971689E+17	-4.956124E-18	-5.197201E-4	0.000000E+0	3.918492E-3	1.331449E-4	0.000000E+0	0.000000E+0	0.000000E+0
2.455294E+2	-7.362183E+0	-2.220000E-1	-1.478400E+17	2.700613E+17	-7.636079E-4	0.000000E+0	4.069173E-3	1.220139E-4	0.000000E+0	0.000000E+0	0.000000E+0
2.425896E+2	-6.859299E+0	-2.850000E-1	-2.725491E+17	1.903750E-18	-1.009566E-3	0.000000E+0	4.118895E-3	1.164631E-4	0.000000E+0	0.000000E+0	0.000000E+0
2.518539E+2	-7.343964E+0	-3.480000E-1	-1.696573E+17	-6.410840E-19	-1.241224E-3	0.000000E+0	3.967183E-3	1.156815E-4	0.000000E+0	0.000000E+0	0.000000E+0
2.830931E+2	-9.555939E+0	-4.110000E-1	6.414978E-18	-1.599031E-19	-1.480543E-3	0.000000E+0	3.528386E-3	1.191023E-4	0.000000E+0	0.000000E+0	0.000000E+0
3.313179E+2	-1.256592E+1	-4.750000E-1	-5.761072E+17	-4.172230E+17	-1.683062E-3	0.000000E+0	3.013914E-3	1.143089E-4	0.000000E+0	0.000000E+0	0.000000E+0
4.093342E+2	-1.951428E+1	-5.380000E-1	-5.506723E-18	3.318154E+17	-1.883566E-3	0.000000E+0	2.437452E-3	1.162012E-4	0.000000E+0	0.000000E+0	0.000000E+0
5.103559E+2	-3.055713E+1	-6.010000E-1	4.410889E+17	3.939340E-18	-2.045255E-3	0.000000E+0	1.952418E-3	1.168994E-4	0.000000E+0	0.000000E+0	0.000000E+0
5.978379E+2	-3.989386E+1	-6.650000E-1	3.887097E+16	1.849291E+17	-2.182402E-3	0.000000E+0	1.665279E-3	1.111244E-4	0.000000E+0	0.000000E+0	0.000000E+0
6.741858E+2	-4.413141E+1	-7.280000E-1	-1.333488E-18	6.138991E-18	-2.287911E-3	0.000000E+0	1.476942E-3	9.667890E-5	0.000000E+0	0.000000E+0	0.000000E+0
7.202391E+2	-4.207477E+1	-7.910000E-1	-1.774996E-18	1.902529E-18	-2.433767E-3	0.000000E+0	1.383706E-3	8.083302E-5	0.000000E+0	0.000000E+0	0.000000E+0
7.650852E+2	-3.866693E+1	-8.540000E-1	-7.520591E+15	-3.372652E-18	-2.582177E-3	0.000000E+0	1.303714E-3	6.588889E-5	0.000000E+0	0.000000E+0	0.000000E+0
7.883513E+2	-3.013898E+1	-9.180000E-1	2.088264E+17	-2.195880E+17	-2.748434E-3	0.000000E+0	1.266619E-3	4.842333E-5	0.000000E+0	0.000000E+0	0.000000E+0
7.788402E+2	-1.787750E+1	-9.810000E-1	-5.375932E+16	-3.553127E+17	-2.902973E-3	0.000000E+0	1.283284E-3	2.945651E-5	0.000000E+0	0.000000E+0	0.000000E+0
7.234269E+2	-5.588501E+0	-1.044000E+0	-1.183520E-18	-5.342346E-18	-3.054958E-3	0.000000E+0	1.382227E-3	1.067776E-5	0.000000E+0	0.000000E+0	0.000000E+0
6.169327E+2	2.126587E+0	-1.108000E+0	-5.203440E-18	3.830367E-18	-3.249306E-3	0.000000E+0	1.620903E-3	-5.587305E-6	0.000000E+0	0.000000E+0	0.000000E+0
5.368354E+2	4.020508E+0	-1.171000E+0	3.716679E-18	4.245176E+17	-3.403845E-3	0.000000E+0	1.862664E-3	-1.395000E-5	0.000000E+0	0.000000E+0	0.000000E+0
4.241624E+2	5.761749E+0	-1.234000E+0	1.593192E+15	5.157909E-18	-3.638567E-3	0.000000E+0	2.357153E-3	-3.201916E-5	0.000000E+0	0.000000E+0	0.000000E+0
3.275266E+2	3.706543E+0	-1.297000E+0	-1.009562E-18	-5.687810E-18	-3.810981E-3	0.000000E+0	3.052796E-3	-3.454779E-5	0.000000E+0	0.000000E+0	0.000000E+0
2.770693E+2	2.926514E+0	-1.361000E+0	-6.256276E-18	1.400744E+17	-4.189190E-3	0.000000E+0	3.608803E-3	-3.811758E-5	0.000000E+0	0.000000E+0	0.000000E+0
2.454474E+2	2.510391E+0	-1.424000E+0	2.698511E+17	2.403843E+17	-4.583769E-3	0.000000E+0	4.073767E-3	-4.166574E-5	0.000000E+0	0.000000E+0	0.000000E+0
2.255181E+2	2.458908E+0	-1.487000E+0	-3.870921E-18	-2.240669E+17	-4.832792E-3	0.000000E+0	4.433707E-3	-4.834236E-5	0.000000E+0	0.000000E+0	0.000000E+0
2.100465E+2	2.422546E+0	-1.551000E+0	8.607266E+16	4.249670E-18	-5.089959E-3	0.000000E+0	4.760217E-3	-5.490139E-5	0.000000E+0	0.000000E+0	0.000000E+0
1.950236E+2	2.359680E+0	-1.614000E+0	2.127762E-18	3.276064E+15	-5.252158E-3	0.000000E+0	5.126834E-3	-6.203192E-5	0.000000E+0	0.000000E+0	0.000000E+0
1.794555E+2	2.308655E+0	-1.677000E+0	-4.960952E+17	1.187967E+17	-5.572172E-3	0.000000E+0	5.571490E-3	-7.167598E-5	0.000000E+0	0.000000E+0	0.000000E+0
1.679868E+2	2.381226E+0	-1.741000E+0	-6.504745E+16	2.381170E+17	-5.914119E-3	0.000000E+0	5.951653E-3	-8.436514E-5	0.000000E+0	0.000000E+0	0.000000E+0
9.954214E+1	3.290817E+0	-1.804000E+0	5.725577E-18	5.135446E+17	-6.844958E-3	0.000000E+0	1.003503E-2	-3.317534E-4	0.000000E+0	0.000000E+0	0.000000E+0
1.174634E+2	3.431015E+0	-1.867000E+0	-5.521899E-18	3.493290E-18	-8.632286E-3	0.000000E+0	8.506033E-3	-2.484546E-4	0.000000E+0	0.000000E+0	0.000000E+0
1.037123E+2	3.750244E+0	-1.930000E+0	2.907620E+17	-1.496570E-18	-7.819511E-3	0.000000E+0	9.629467E-3	-3.482022E-4	0.000000E+0	0.000000E+0	0.000000E+0
1.001378E+2	3.549263E+0	-1.994000E+0	-2.653265E-18	4.671199E-18	-8.152263E-3	0.000000E+0	9.973709E-3	-3.535060E-4	0.000000E+0	0.000000E+0	0.000000E+0
9.890617E+1	3.335152E+0	-2.057000E+0	6.288337E-18	-3.929323E-18	-8.854300E-3	0.000000E+0	1.009911E-2	-3.405456E-4	0.000000E+0	0.000000E+0	0.000000E+0
9.909613E+1	3.104050E+0	-2.120000E+0	8.250878E-19	2.832624E+17	-9.468490E-3	0.000000E+0	1.008132E-2	-3.157835E-4	0.000000E+0	0.000000E+0	0.000000E+0
9.783371E+1	2.613754E+0	-2.184000E+0	4.553607E+17	-2.686618E+17	-1.008776E-2	0.000000E+0	1.021414E-2	-2.728838E-4	0.000000E+0	0.000000E+0	0.000000E+0
9.844865E+1	2.138046E+0	-2.247000E+0	2.517955E+17	3.793721E+16	-1.032401E-2	0.000000E+0	1.015279E-2	-2.204919E-4	0.000000E+0	0.000000E+0	0.000000E+0
9.946364E+1	1.920715E+0	-2.310000E+0	-6.194311E-18	5.356043E+17	-1.098877E-2	0.000000E+0	1.005018E-2	-1.940762E-4	0.000000E+0	0.000000E+0	0.000000E+0
1.007004E+2	1.882622E+0	-2.373000E+0	-5.704702E+17	6.513754E+16	-1.120562E-2	0.000000E+0	9.926978E-3	-1.855876E-4	0.000000E+0	0.000000E+0	0.000000E+0
9.990575E+1	5.492172E-1	-2.437000E+0	-4.691026E+17	6.689522E-18	-1.158382E-2	0.000000E+0	1.000913E-2	-5.502373E-5	0.000000E+0	0.000000E+0	0.000000E+0
8.275607E+1	1.578300E+0	-2.500000E+0	-3.567381E+17	-4.286482E-18	-1.609178E-2	0.000000E+0	1.207931E-2	-2.303732E-4	0.000000E+0	0.000000E+0	0.000000E+0
