Real / Ohm	Ximag / Ohm	V_DC / V	I_a c / A	V_ac / V	I_DC / A
3.102260E+2	-1.627023E+1	2.500000E+0	-9.275714E-19	-3.780148E-18	5.088040E-3	1.778279E+6	3.214614E-3	1.685949E-4	0.000000E+0	0.000000E+0	0.000000E+0
3.148589E+2	-1.776221E+1	2.437000E+0	-1.137863E-18	-4.190346E+17	4.847188E-3	0.000000E+0	3.165950E-3	1.786015E-4	0.000000E+0	0.000000E+0	0.000000E+0
3.489386E+2	-2.266824E+1	2.373000E+0	6.653843E-18	-4.395667E+17	4.914843E-3	0.000000E+0	2.853790E-3	1.853919E-4	0.000000E+0	0.000000E+0	0.000000E+0
3.924551E+2	-2.815591E+1	2.310000E+0	-3.128310E+17	-2.708651E-18	4.675013E-3	0.000000E+0	2.535014E-3	1.818696E-4	0.000000E+0	0.000000E+0	0.000000E+0
2.856558E+2	-1.727631E+1	2.247000E+0	2.587907E+17	-4.414579E-18	4.478084E-3	0.000000E+0	3.487958E-3	2.109499E-4	0.000000E+0	0.000000E+0	0.000000E+0
4.251074E+2	-3.455884E+1	2.184000E+0	-5.351625E-18	2.391872E+17	4.369000E-3	0.000000E+0	2.336903E-3	1.899770E-4	0.000000E+0	0.000000E+0	0.000000E+0
4.834540E+2	-4.143085E+1	2.120000E+0	3.389191E+17	1.295985E-19	5.012240E-3	0.000000E+0	2.053369E-3	1.759688E-4	0.000000E+0	0.000000E+0	0.000000E+0
5.047161E+2	-4.420819E+1	2.057000E+0	5.785078E-19	6.301025E-18	3.422567E-3	0.000000E+0	1.966227E-3	1.722222E-4	0.000000E+0	0.000000E+0	0.000000E+0
4.691743E+2	-4.294040E+1	1.994000E+0	-2.769006E-18	1.441508E+17	3.310418E-3	0.000000E+0	2.113699E-3	1.934528E-4	0.000000E+0	0.000000E+0	0.000000E+0
5.047763E+2	-4.507538E+1	1.930000E+0	-1.980656E+17	1.958093E+16	3.360197E-3	0.000000E+0	1.965403E-3	1.755061E-4	0.000000E+0	0.000000E+0	0.000000E+0
5.156584E+2	-4.527130E+1	1.867000E+0	2.915631E-18	5.325299E+16	3.148968E-3	0.000000E+0	1.924435E-3	1.689523E-4	0.000000E+0	0.000000E+0	0.000000E+0
4.815480E+2	-4.358044E+1	1.804000E+0	2.579781E+17	4.569561E-19	2.983194E-3	0.000000E+0	2.059766E-3	1.864103E-4	0.000000E+0	0.000000E+0	0.000000E+0
4.378801E+2	-4.200455E+1	1.741000E+0	5.241939E+17	-4.155966E-18	2.890964E-3	0.000000E+0	2.262907E-3	2.170740E-4	0.000000E+0	0.000000E+0	0.000000E+0
4.387913E+2	-4.173758E+1	1.677000E+0	-2.680825E+17	-5.492346E+17	3.235430E-3	0.000000E+0	2.258553E-3	2.148323E-4	0.000000E+0	0.000000E+0	0.000000E+0
4.335626E+2	-4.139658E+1	1.614000E+0	1.676929E-18	4.035830E-18	3.107959E-3	0.000000E+0	2.285635E-3	2.182326E-4	0.000000E+0	0.000000E+0	0.000000E+0
3.987345E+2	-4.247241E+1	1.551000E+0	4.020355E+17	1.967767E+17	2.952400E-3	0.000000E+0	2.479798E-3	2.641432E-4	0.000000E+0	0.000000E+0	0.000000E+0
5.130662E+2	-4.680927E+1	1.487000E+0	9.225665E+16	2.296609E-18	2.450085E-3	0.000000E+0	1.932977E-3	1.763539E-4	0.000000E+0	0.000000E+0	0.000000E+0
5.240527E+2	-4.782227E+1	1.424000E+0	-5.656005E-19	1.659667E-18	2.369091E-3	0.000000E+0	1.892446E-3	1.726946E-4	0.000000E+0	0.000000E+0	0.000000E+0
5.304851E+2	-4.797681E+1	1.361000E+0	5.364322E+17	-2.871880E+17	2.243153E-3	0.000000E+0	1.869774E-3	1.691014E-4	0.000000E+0	0.000000E+0	0.000000E+0
5.223499E+2	-4.770844E+1	1.297000E+0	4.345462E+17	8.421242E+16	2.092727E-3	0.000000E+0	1.898588E-3	1.734061E-4	0.000000E+0	0.000000E+0	0.000000E+0
5.298735E+2	-4.761145E+1	1.234000E+0	7.433461E+16	-3.421240E+17	2.040844E-3	0.000000E+0	1.872128E-3	1.682189E-4	0.000000E+0	0.000000E+0	0.000000E+0
5.391965E+2	-4.777075E+1	1.171000E+0	-2.822382E+17	-3.573572E+17	1.935335E-3	0.000000E+0	1.840167E-3	1.630318E-4	0.000000E+0	0.000000E+0	0.000000E+0
4.754177E+2	-4.427905E+1	1.108000E+0	3.883601E+17	-5.707470E+17	1.770582E-3	0.000000E+0	2.085324E-3	1.942212E-4	0.000000E+0	0.000000E+0	0.000000E+0
4.701443E+2	-4.429150E+1	1.044000E+0	-5.199634E+17	2.162502E-18	1.625775E-3	0.000000E+0	2.108295E-3	1.986189E-4	0.000000E+0	0.000000E+0	0.000000E+0
4.648193E+2	-4.394601E+1	9.810000E-1	-1.554615E+17	1.089551E+17	1.779203E-3	0.000000E+0	2.132314E-3	2.015981E-4	0.000000E+0	0.000000E+0	0.000000E+0
4.627528E+2	-4.417258E+1	9.180000E-1	2.547933E-18	-4.300115E-19	1.658883E-3	0.000000E+0	2.141468E-3	2.044162E-4	0.000000E+0	0.000000E+0	0.000000E+0
4.241449E+2	-4.554932E+1	8.540000E-1	-6.904437E-18	-8.377323E+16	1.506415E-3	0.000000E+0	2.330804E-3	2.503072E-4	0.000000E+0	0.000000E+0	0.000000E+0
5.514387E+2	-5.155713E+1	7.910000E-1	-4.524463E+17	2.055147E+17	1.206320E-3	0.000000E+0	1.797724E-3	1.680794E-4	0.000000E+0	0.000000E+0	0.000000E+0
5.716951E+2	-5.351410E+1	7.280000E-1	-7.975154E-19	6.323277E-18	1.132476E-3	0.000000E+0	1.733991E-3	1.623120E-4	0.000000E+0	0.000000E+0	0.000000E+0
5.632559E+2	-5.721838E+1	6.650000E-1	4.707204E+17	-1.630679E-19	1.014198E-3	0.000000E+0	1.757258E-3	1.785111E-4	0.000000E+0	0.000000E+0	0.000000E+0
5.727190E+2	-5.517682E+1	6.010000E-1	1.388541E-18	6.784133E-18	9.291460E-4	0.000000E+0	1.730000E-3	1.666714E-4	0.000000E+0	0.000000E+0	0.000000E+0
5.989529E+2	-5.660229E+1	5.380000E-1	4.766215E-20	4.558795E+17	8.118901E-4	0.000000E+0	1.654802E-3	1.563822E-4	0.000000E+0	0.000000E+0	0.000000E+0
6.071639E+2	-5.801575E+1	4.750000E-1	-3.851510E-18	-6.440456E-18	7.053595E-4	0.000000E+0	1.632100E-3	1.559505E-4	0.000000E+0	0.000000E+0	0.000000E+0
6.109282E+2	-5.812756E+1	4.110000E-1	-4.316353E+17	4.857998E-18	6.039640E-4	0.000000E+0	1.622168E-3	1.543433E-4	0.000000E+0	0.000000E+0	0.000000E+0
6.357651E+2	-6.100867E+1	3.480000E-1	4.155990E+17	-1.840361E+17	5.270554E-4	0.000000E+0	1.558556E-3	1.495606E-4	0.000000E+0	0.000000E+0	0.000000E+0
5.932361E+2	-5.776923E+1	2.850000E-1	-3.194760E-18	5.558819E-18	4.200140E-4	0.000000E+0	1.669835E-3	1.626082E-4	0.000000E+0	0.000000E+0	0.000000E+0
6.035415E+2	-5.930231E+1	2.220000E-1	-3.021231E-18	2.162610E+17	3.492342E-4	0.000000E+0	1.641043E-3	1.612444E-4	0.000000E+0	0.000000E+0	0.000000E+0
5.675532E+2	-6.216980E+1	1.580000E-1	4.697494E+17	-5.230656E+17	2.345597E-4	0.000000E+0	1.741058E-3	1.907156E-4	0.000000E+0	0.000000E+0	0.000000E+0
6.457896E+2	-6.688995E+1	9.500000E-2	-4.715167E+17	-5.481549E+17	1.448830E-4	0.000000E+0	1.532055E-3	1.586881E-4	0.000000E+0	0.000000E+0	0.000000E+0
6.970995E+2	-6.752277E+1	3.200000E-2	-3.096135E+17	4.406614E-18	5.571706E-5	0.000000E+0	1.421181E-3	1.376591E-4	0.000000E+0	0.000000E+0	0.000000E+0
6.895529E+2	-6.359540E+1	-3.200000E-2	-9.427576E-19	-9.422141E-19	-3.750706E-5	0.000000E+0	1.437984E-3	1.326209E-4	0.000000E+0	0.000000E+0	0.000000E+0
6.553105E+2	-5.546307E+1	-9.500000E-2	-4.717429E+17	-4.921256E+17	-1.287159E-4	0.000000E+0	1.515141E-3	1.282359E-4	0.000000E+0	0.000000E+0	0.000000E+0
6.546108E+2	-5.193890E+1	-1.580000E-1	-2.971689E+17	-4.956124E-18	-2.255428E-4	0.000000E+0	1.518069E-3	1.204484E-4	0.000000E+0	0.000000E+0	0.000000E+0
6.387830E+2	-4.740100E+1	-2.220000E-1	-1.478400E+17	2.700613E+17	-3.157026E-4	0.000000E+0	1.556904E-3	1.155303E-4	0.000000E+0	0.000000E+0	0.000000E+0
6.294543E+2	-4.305157E+1	-2.850000E-1	-2.725491E+17	1.903750E-18	-4.155938E-4	0.000000E+0	1.581281E-3	1.081518E-4	0.000000E+0	0.000000E+0	0.000000E+0
6.398781E+2	-4.463861E+1	-3.480000E-1	-1.696573E+17	-6.410840E-19	-5.308067E-4	0.000000E+0	1.555229E-3	1.084945E-4	0.000000E+0	0.000000E+0	0.000000E+0
7.538340E+2	-5.887390E+1	-4.110000E-1	6.414978E-18	-1.599031E-19	-6.751309E-4	0.000000E+0	1.318510E-3	1.029747E-4	0.000000E+0	0.000000E+0	0.000000E+0
8.865559E+2	-7.161627E+1	-4.750000E-1	-5.761072E+17	-4.172230E+17	-7.412866E-4	0.000000E+0	1.120648E-3	9.052628E-5	0.000000E+0	0.000000E+0	0.000000E+0
1.012876E+3	-6.571399E+1	-5.380000E-1	-5.506723E-18	3.318154E+17	-7.849983E-4	0.000000E+0	9.831494E-4	6.378537E-5	0.000000E+0	0.000000E+0	0.000000E+0
1.008889E+3	-5.392383E+1	-6.010000E-1	4.410889E+17	3.939340E-18	-9.374940E-4	0.000000E+0	9.883658E-4	5.282689E-5	0.000000E+0	0.000000E+0	0.000000E+0
1.089289E+3	-4.491211E+1	-6.650000E-1	3.887097E+16	1.849291E+17	-1.159931E-3	0.000000E+0	9.164720E-4	3.778675E-5	0.000000E+0	0.000000E+0	0.000000E+0
1.021682E+3	-4.533508E+1	-7.280000E-1	-1.333488E-18	6.138991E-18	-1.152570E-3	0.000000E+0	9.768547E-4	4.334596E-5	0.000000E+0	0.000000E+0	0.000000E+0
1.255480E+3	1.227661E+0	-7.910000E-1	-1.774996E-18	1.902529E-18	-1.161042E-3	0.000000E+0	7.965073E-4	-7.788583E-7	0.000000E+0	0.000000E+0	0.000000E+0
1.221475E+3	-2.586902E+1	-8.540000E-1	-7.520591E+15	-3.372652E-18	-1.329370E-3	0.000000E+0	8.183153E-4	1.733070E-5	0.000000E+0	0.000000E+0	0.000000E+0
1.304101E+3	1.618457E+1	-9.180000E-1	2.088264E+17	-2.195880E+17	-1.325557E-3	0.000000E+0	7.666937E-4	-9.515066E-6	0.000000E+0	0.000000E+0	0.000000E+0
1.280350E+3	-1.130676E+1	-9.810000E-1	-5.375932E+16	-3.553127E+17	-1.547000E-3	0.000000E+0	7.809755E-4	6.896788E-6	0.000000E+0	0.000000E+0	0.000000E+0
1.308710E+3	3.753442E+1	-1.044000E+0	-1.183520E-18	-5.342346E-18	-1.666809E-3	0.000000E+0	7.634832E-4	-2.189706E-5	0.000000E+0	0.000000E+0	0.000000E+0
1.224892E+3	3.559351E+1	-1.108000E+0	-5.203440E-18	3.830367E-18	-1.789656E-3	0.000000E+0	8.157097E-4	-2.370329E-5	0.000000E+0	0.000000E+0	0.000000E+0
1.101471E+3	3.267834E+1	-1.171000E+0	3.716679E-18	4.245176E+17	-1.882397E-3	0.000000E+0	9.070784E-4	-2.691112E-5	0.000000E+0	0.000000E+0	0.000000E+0
5.377788E+2	2.154681E+1	-1.234000E+0	1.593192E+15	5.157909E-18	-1.954198E-3	0.000000E+0	1.856520E-3	-7.438391E-5	0.000000E+0	0.000000E+0	0.000000E+0
8.472789E+2	1.761047E+0	-1.297000E+0	-1.009562E-18	-5.687810E-18	-2.350309E-3	0.000000E+0	1.180244E-3	-2.453106E-6	0.000000E+0	0.000000E+0	0.000000E+0
5.706699E+2	8.214722E+0	-1.361000E+0	-6.256276E-18	1.400744E+17	-2.647824E-3	0.000000E+0	1.751963E-3	-2.521930E-5	0.000000E+0	0.000000E+0	0.000000E+0
6.960594E+2	4.749023E+0	-1.424000E+0	2.698511E+17	2.403843E+17	-2.736989E-3	0.000000E+0	1.436592E-3	-9.801475E-6	0.000000E+0	0.000000E+0	0.000000E+0
3.961824E+2	4.491577E+0	-1.487000E+0	-3.870921E-18	-2.240669E+17	-2.486524E-3	0.000000E+0	2.523766E-3	-2.861229E-5	0.000000E+0	0.000000E+0	0.000000E+0
5.483610E+2	2.368164E-1	-1.551000E+0	8.607266E+16	4.249670E-18	-2.664528E-3	0.000000E+0	1.823616E-3	-7.875508E-7	0.000000E+0	0.000000E+0	0.000000E+0
3.613185E+2	1.598633E+0	-1.614000E+0	2.127762E-18	3.276064E+15	-2.830302E-3	0.000000E+0	2.767587E-3	-1.224503E-5	0.000000E+0	0.000000E+0	0.000000E+0
3.695897E+2	2.092804E+0	-1.677000E+0	-4.960952E+17	1.187967E+17	-3.622225E-3	0.000000E+0	2.705616E-3	-1.532057E-5	0.000000E+0	0.000000E+0	0.000000E+0
2.615087E+2	1.847748E+0	-1.741000E+0	-6.504745E+16	2.381170E+17	-3.969791E-3	0.000000E+0	3.823774E-3	-2.701772E-5	0.000000E+0	0.000000E+0	0.000000E+0
2.820623E+2	1.623932E+0	-1.804000E+0	5.725577E-18	5.135446E+17	-4.405227E-3	0.000000E+0	3.545199E-3	-2.041096E-5	0.000000E+0	0.000000E+0	0.000000E+0
2.097411E+2	2.064972E+0	-1.867000E+0	-5.521899E-18	3.493290E-18	-4.440257E-3	0.000000E+0	4.767321E-3	-4.693588E-5	0.000000E+0	0.000000E+0	0.000000E+0
8.259676E+1	2.894249E+0	-1.930000E+0	2.907620E+17	-1.496570E-18	-4.691322E-3	0.000000E+0	1.209217E-2	-4.237180E-4	0.000000E+0	0.000000E+0	0.000000E+0
1.350399E+2	-3.780518E+0	-1.994000E+0	-2.653265E-18	4.671199E-18	-6.052676E-3	0.000000E+0	7.399419E-3	2.071509E-4	0.000000E+0	0.000000E+0	0.000000E+0
1.609234E+2	-2.981567E-1	-2.057000E+0	6.288337E-18	-3.929323E-18	-9.337954E-3	0.000000E+0	6.214115E-3	1.151343E-5	0.000000E+0	0.000000E+0	0.000000E+0
1.838906E+2	-6.393875E+0	-2.120000E+0	8.250878E-19	2.832624E+17	-6.174317E-3	0.000000E+0	5.431449E-3	1.888515E-4	0.000000E+0	0.000000E+0	0.000000E+0
1.061613E+2	-1.047287E+0	-2.184000E+0	4.553607E+17	-2.686618E+17	-6.748644E-3	0.000000E+0	9.418712E-3	9.291610E-5	0.000000E+0	0.000000E+0	0.000000E+0
1.682614E+2	-3.555969E+0	-2.247000E+0	2.517955E+17	3.793721E+16	-9.930756E-3	0.000000E+0	5.940481E-3	1.255437E-4	0.000000E+0	0.000000E+0	0.000000E+0
1.391765E+2	-1.163025E-1	-2.310000E+0	-6.194311E-18	5.356043E+17	-1.022881E-2	0.000000E+0	7.185116E-3	6.004225E-6	0.000000E+0	0.000000E+0	0.000000E+0
1.400978E+2	-3.742981E-2	-2.373000E+0	-5.704702E+17	6.513754E+16	-1.003146E-2	0.000000E+0	7.137870E-3	1.907019E-6	0.000000E+0	0.000000E+0	0.000000E+0
1.375014E+2	-2.205048E-1	-2.437000E+0	-4.691026E+17	6.689522E-18	-9.540925E-3	0.000000E+0	7.272635E-3	1.166280E-5	0.000000E+0	0.000000E+0	0.000000E+0
1.303435E+2	9.178162E-3	-2.500000E+0	-3.567381E+17	-4.286482E-18	-1.135225E-2	0.000000E+0	7.672036E-3	-5.402278E-7	0.000000E+0	0.000000E+0	0.000000E+0
