Real / Ohm	Ximag / Ohm	V_DC / V	I_a c / A	V_ac / V	I_DC / A
6.560566E+2	-2.846661E+4	-2.500000E+0	-3.567381E+17	-4.286482E-18	5.237118E-6	3.162278E+6	8.091689E-7	3.511023E-5	0.000000E+0	0.000000E+0	0.000000E+0
7.577441E+2	-2.772219E+4	-2.437000E+0	-4.691026E+17	6.689522E-18	1.451219E-6	0.000000E+0	9.852425E-7	3.604526E-5	0.000000E+0	0.000000E+0	0.000000E+0
7.512324E+2	-2.688712E+4	-2.373000E+0	-5.704702E+17	6.513754E+16	4.787827E-6	0.000000E+0	1.038357E-6	3.716352E-5	0.000000E+0	0.000000E+0	0.000000E+0
7.432246E+2	-2.616105E+4	-2.310000E+0	-6.194311E-18	5.356043E+17	3.044857E-6	0.000000E+0	1.085074E-6	3.819394E-5	0.000000E+0	0.000000E+0	0.000000E+0
7.461523E+2	-2.534637E+4	-2.247000E+0	2.517955E+17	3.793721E+16	3.344801E-6	0.000000E+0	1.160432E-6	3.941922E-5	0.000000E+0	0.000000E+0	0.000000E+0
7.999004E+2	-2.485414E+4	-2.184000E+0	4.553607E+17	-2.686618E+17	2.623259E-6	0.000000E+0	1.293567E-6	4.019311E-5	0.000000E+0	0.000000E+0	0.000000E+0
7.769922E+2	-2.446723E+4	-2.120000E+0	8.250878E-19	2.832624E+17	3.406240E-6	0.000000E+0	1.296610E-6	4.082982E-5	0.000000E+0	0.000000E+0	0.000000E+0
7.188672E+2	-2.454999E+4	-2.057000E+0	6.288337E-18	-3.929323E-18	4.727597E-6	0.000000E+0	1.191719E-6	4.069832E-5	0.000000E+0	0.000000E+0	0.000000E+0
7.038242E+2	-2.444481E+4	-1.994000E+0	-2.653265E-18	4.671199E-18	2.473920E-6	0.000000E+0	1.176877E-6	4.087459E-5	0.000000E+0	0.000000E+0	0.000000E+0
7.447090E+2	-2.423648E+4	-1.930000E+0	2.907620E+17	-1.496570E-18	4.278329E-6	0.000000E+0	1.266595E-6	4.122120E-5	0.000000E+0	0.000000E+0	0.000000E+0
7.593359E+2	-2.390142E+4	-1.867000E+0	-5.521899E-18	3.493290E-18	2.535351E-6	0.000000E+0	1.327848E-6	4.179633E-5	0.000000E+0	0.000000E+0	0.000000E+0
7.248184E+2	-2.367186E+4	-1.804000E+0	5.725577E-18	5.135446E+17	4.878209E-6	0.000000E+0	1.292282E-6	4.220468E-5	0.000000E+0	0.000000E+0	0.000000E+0
8.712734E+2	-2.311212E+4	-1.741000E+0	-6.504745E+16	2.381170E+17	4.156660E-6	0.000000E+0	1.628764E-6	4.320594E-5	0.000000E+0	0.000000E+0	0.000000E+0
8.008008E+2	-2.252692E+4	-1.677000E+0	-4.960952E+17	1.187967E+17	2.896733E-6	0.000000E+0	1.576059E-6	4.433531E-5	0.000000E+0	0.000000E+0	0.000000E+0
7.853262E+2	-2.186723E+4	-1.614000E+0	2.127762E-18	3.276064E+15	2.685949E-6	0.000000E+0	1.640222E-6	4.567162E-5	0.000000E+0	0.000000E+0	0.000000E+0
6.829336E+2	-2.109016E+4	-1.551000E+0	8.607266E+16	4.249670E-18	4.007321E-6	0.000000E+0	1.533782E-6	4.736581E-5	0.000000E+0	0.000000E+0	0.000000E+0
8.184082E+2	-2.007765E+4	-1.487000E+0	-3.870921E-18	-2.240669E+17	3.768822E-6	0.000000E+0	2.026857E-6	4.972401E-5	0.000000E+0	0.000000E+0	0.000000E+0
8.089961E+2	-1.890354E+4	-1.424000E+0	2.698511E+17	2.403843E+17	1.515131E-6	0.000000E+0	2.259776E-6	5.280344E-5	0.000000E+0	0.000000E+0	0.000000E+0
8.689922E+2	-1.747382E+4	-1.361000E+0	-6.256276E-18	1.400744E+17	5.900867E-6	0.000000E+0	2.839013E-6	5.708728E-5	0.000000E+0	0.000000E+0	0.000000E+0
8.347510E+2	-1.578466E+4	-1.297000E+0	-1.009562E-18	-5.687810E-18	1.576569E-6	0.000000E+0	3.340978E-6	6.317596E-5	0.000000E+0	0.000000E+0	0.000000E+0
7.753887E+2	-1.395916E+4	-1.234000E+0	1.593192E+15	5.157909E-18	3.919449E-6	0.000000E+0	3.967007E-6	7.141719E-5	0.000000E+0	0.000000E+0	0.000000E+0
6.525996E+2	-1.201679E+4	-1.171000E+0	3.716679E-18	4.245176E+17	1.155015E-6	0.000000E+0	4.505997E-6	8.297219E-5	0.000000E+0	0.000000E+0	0.000000E+0
5.519854E+2	-1.013546E+4	-1.108000E+0	-5.203440E-18	3.830367E-18	1.965673E-6	0.000000E+0	5.357405E-6	9.837174E-5	0.000000E+0	0.000000E+0	0.000000E+0
4.290957E+2	-8.165749E+3	-1.044000E+0	-1.183520E-18	-5.342346E-18	4.280795E-6	0.000000E+0	6.417480E-6	1.221255E-4	0.000000E+0	0.000000E+0	0.000000E+0
3.426606E+2	-6.467230E+3	-9.810000E-1	-5.375932E+16	-3.553127E+17	3.048564E-6	0.000000E+0	8.169774E-6	1.541928E-4	0.000000E+0	0.000000E+0	0.000000E+0
2.799775E+2	-5.089787E+3	-9.180000E-1	2.088264E+17	-2.195880E+17	5.391386E-6	0.000000E+0	1.077486E-5	1.958792E-4	0.000000E+0	0.000000E+0	0.000000E+0
2.091890E+2	-4.038362E+3	-8.540000E-1	-7.520591E+15	-3.372652E-18	2.599289E-6	0.000000E+0	1.279277E-5	2.469625E-4	0.000000E+0	0.000000E+0	0.000000E+0
2.086106E+2	-3.334321E+3	-7.910000E-1	-1.774996E-18	1.902529E-18	3.455971E-7	0.000000E+0	1.869067E-5	2.987418E-4	0.000000E+0	0.000000E+0	0.000000E+0
1.865635E+2	-2.843521E+3	-7.280000E-1	-1.333488E-18	6.138991E-18	2.177676E-6	0.000000E+0	2.297462E-5	3.501693E-4	0.000000E+0	0.000000E+0	0.000000E+0
1.659216E+2	-2.501720E+3	-6.650000E-1	3.887097E+16	1.849291E+17	5.541959E-6	0.000000E+0	2.639486E-5	3.979744E-4	0.000000E+0	0.000000E+0	0.000000E+0
1.494312E+2	-2.253356E+3	-6.010000E-1	4.410889E+17	3.939340E-18	1.217686E-6	0.000000E+0	2.930056E-5	4.418395E-4	0.000000E+0	0.000000E+0	0.000000E+0
1.293860E+2	-2.078938E+3	-5.380000E-1	-5.506723E-18	3.318154E+17	2.028341E-6	0.000000E+0	2.982121E-5	4.791589E-4	0.000000E+0	0.000000E+0	0.000000E+0
1.393490E+2	-1.942000E+3	-4.750000E-1	-5.761072E+17	-4.172230E+17	7.960771E-7	0.000000E+0	3.675996E-5	5.122953E-4	0.000000E+0	0.000000E+0	0.000000E+0
1.319844E+2	-1.828380E+3	-4.110000E-1	6.414978E-18	-1.599031E-19	2.600493E-6	0.000000E+0	3.927647E-5	5.440970E-4	0.000000E+0	0.000000E+0	0.000000E+0
1.276832E+2	-1.739570E+3	-3.480000E-1	-1.696573E+17	-6.410840E-19	1.878972E-6	0.000000E+0	4.196783E-5	5.717743E-4	0.000000E+0	0.000000E+0	0.000000E+0
1.180178E+2	-1.663180E+3	-2.850000E-1	-2.725491E+17	1.903750E-18	2.689625E-6	0.000000E+0	4.245098E-5	5.982455E-4	0.000000E+0	0.000000E+0	0.000000E+0
1.195436E+2	-1.595985E+3	-2.220000E-1	-1.478400E+17	2.700613E+17	9.466494E-7	0.000000E+0	4.667012E-5	6.230766E-4	0.000000E+0	0.000000E+0	0.000000E+0
1.140330E+2	-1.536228E+3	-1.580000E-1	-2.971689E+17	-4.956124E-18	2.240349E-6	0.000000E+0	4.805436E-5	6.473780E-4	0.000000E+0	0.000000E+0	0.000000E+0
1.150146E+2	-1.486033E+3	-9.500000E-2	-4.717429E+17	-4.921256E+17	2.029544E-6	0.000000E+0	5.177287E-5	6.689255E-4	0.000000E+0	0.000000E+0	0.000000E+0
1.122542E+2	-1.439718E+3	-3.200000E-2	-9.427576E-19	-9.422141E-19	1.308025E-6	0.000000E+0	5.382890E-5	6.903834E-4	0.000000E+0	0.000000E+0	0.000000E+0
1.002046E+2	-1.395126E+3	3.200000E-2	-3.096135E+17	4.406614E-18	1.580268E-6	0.000000E+0	5.121841E-5	7.131024E-4	0.000000E+0	0.000000E+0	0.000000E+0
9.697729E+1	-1.356765E+3	9.500000E-2	-4.715167E+17	-5.481549E+17	-1.627081E-7	0.000000E+0	5.241404E-5	7.333009E-4	0.000000E+0	0.000000E+0	0.000000E+0
9.497571E+1	-1.321557E+3	1.580000E-1	4.697494E+17	-5.230656E+17	2.690829E-6	0.000000E+0	5.410077E-5	7.527952E-4	0.000000E+0	0.000000E+0	0.000000E+0
1.055635E+2	-1.287544E+3	2.220000E-1	-3.021231E-18	2.162610E+17	2.452387E-6	0.000000E+0	6.325284E-5	7.714865E-4	0.000000E+0	0.000000E+0	0.000000E+0
1.019039E+2	-1.257266E+3	2.850000E-1	-3.194760E-18	5.558819E-18	1.986682E-7	0.000000E+0	6.404611E-5	7.901856E-4	0.000000E+0	0.000000E+0	0.000000E+0
1.043698E+2	-1.228528E+3	3.480000E-1	4.155990E+17	-1.840361E+17	4.073663E-6	0.000000E+0	6.865648E-5	8.081495E-4	0.000000E+0	0.000000E+0	0.000000E+0
1.047107E+2	-1.202832E+3	4.110000E-1	-4.316353E+17	4.857998E-18	-2.229426E-7	0.000000E+0	7.182941E-5	8.251183E-4	0.000000E+0	0.000000E+0	0.000000E+0
9.933777E+1	-1.176656E+3	4.750000E-1	-3.851510E-18	-6.440456E-18	4.933099E-8	0.000000E+0	7.124116E-5	8.438516E-4	0.000000E+0	0.000000E+0	0.000000E+0
1.031577E+2	-1.154047E+3	5.380000E-1	4.766215E-20	4.558795E+17	2.392153E-6	0.000000E+0	7.684195E-5	8.596471E-4	0.000000E+0	0.000000E+0	0.000000E+0
1.054940E+2	-1.133177E+3	6.010000E-1	1.388541E-18	6.784133E-18	1.384360E-7	0.000000E+0	8.144877E-5	8.748921E-4	0.000000E+0	0.000000E+0	0.000000E+0
1.049430E+2	-1.113059E+3	6.650000E-1	4.707204E+17	-1.630679E-19	1.942877E-6	0.000000E+0	8.396022E-5	8.905089E-4	0.000000E+0	0.000000E+0	0.000000E+0
9.817432E+1	-1.094984E+3	7.280000E-1	-7.975154E-19	6.323277E-18	1.221331E-6	0.000000E+0	8.122789E-5	9.059726E-4	0.000000E+0	0.000000E+0	0.000000E+0
1.010835E+2	-1.078079E+3	7.910000E-1	-4.524463E+17	2.055147E+17	-5.216461E-7	0.000000E+0	8.621398E-5	9.194922E-4	0.000000E+0	0.000000E+0	0.000000E+0
8.310864E+1	-1.062529E+3	8.540000E-1	-6.904437E-18	-8.377323E+16	2.890047E-7	0.000000E+0	7.316707E-5	9.354278E-4	0.000000E+0	0.000000E+0	0.000000E+0
1.031477E+2	-1.049028E+3	9.180000E-1	2.547933E-18	-4.300115E-19	5.053516E-8	0.000000E+0	9.283393E-5	9.441353E-4	0.000000E+0	0.000000E+0	0.000000E+0
1.067546E+2	-1.036370E+3	9.810000E-1	-1.554615E+17	1.089551E+17	3.504720E-7	0.000000E+0	9.834970E-5	9.547755E-4	0.000000E+0	0.000000E+0	0.000000E+0
1.058843E+2	-1.023712E+3	1.044000E+0	-5.199634E+17	2.162502E-18	2.182554E-6	0.000000E+0	9.996651E-5	9.664975E-4	0.000000E+0	0.000000E+0	0.000000E+0
1.046475E+2	-1.012686E+3	1.108000E+0	3.883601E+17	-5.707470E+17	2.454821E-6	0.000000E+0	1.009639E-4	9.770397E-4	0.000000E+0	0.000000E+0	0.000000E+0
9.997205E+1	-1.001922E+3	1.171000E+0	-2.822382E+17	-3.573572E+17	3.776193E-6	0.000000E+0	9.860712E-5	9.882426E-4	0.000000E+0	0.000000E+0	0.000000E+0
9.534949E+1	-9.922072E+2	1.234000E+0	7.433461E+16	-3.421240E+17	1.011758E-6	0.000000E+0	9.596688E-5	9.986317E-4	0.000000E+0	0.000000E+0	0.000000E+0
1.066815E+2	-9.835187E+2	1.297000E+0	4.345462E+17	8.421242E+16	1.822409E-6	0.000000E+0	1.090044E-4	1.004934E-3	0.000000E+0	0.000000E+0	0.000000E+0
1.041067E+2	-9.746782E+2	1.361000E+0	5.364322E+17	-2.871880E+17	-9.696887E-7	0.000000E+0	1.083501E-4	1.014407E-3	0.000000E+0	0.000000E+0	0.000000E+0
1.012202E+2	-9.667194E+2	1.424000E+0	-5.656005E-19	1.659667E-18	1.373133E-6	0.000000E+0	1.071349E-4	1.023209E-3	0.000000E+0	0.000000E+0	0.000000E+0
1.022726E+2	-9.591946E+2	1.487000E+0	9.225665E+16	2.296609E-18	6.516129E-7	0.000000E+0	1.099098E-4	1.030822E-3	0.000000E+0	0.000000E+0	0.000000E+0
1.029449E+2	-9.530748E+2	1.551000E+0	4.020355E+17	1.967767E+17	1.434571E-6	0.000000E+0	1.120246E-4	1.037135E-3	0.000000E+0	0.000000E+0	0.000000E+0
1.059354E+2	-9.467515E+2	1.614000E+0	1.676929E-18	4.035830E-18	7.130584E-7	0.000000E+0	1.167254E-4	1.043183E-3	0.000000E+0	0.000000E+0	0.000000E+0
1.059739E+2	-9.416741E+2	1.677000E+0	-2.680825E+17	-5.492346E+17	3.055873E-6	0.000000E+0	1.180136E-4	1.048658E-3	0.000000E+0	0.000000E+0	0.000000E+0
9.264001E+1	-9.374856E+2	1.741000E+0	5.241939E+17	-4.155966E-18	2.306690E-6	0.000000E+0	1.043876E-4	1.056368E-3	0.000000E+0	0.000000E+0	0.000000E+0
9.067920E+1	-9.357172E+2	1.804000E+0	2.579781E+17	4.569561E-19	1.074426E-6	0.000000E+0	1.026027E-4	1.058756E-3	0.000000E+0	0.000000E+0	0.000000E+0
1.069429E+2	-9.353048E+2	1.867000E+0	2.915631E-18	5.325299E+16	1.885084E-6	0.000000E+0	1.206715E-4	1.055373E-3	0.000000E+0	0.000000E+0	0.000000E+0
9.526257E+1	-9.361016E+2	1.930000E+0	-1.980656E+17	1.958093E+16	2.184992E-6	0.000000E+0	1.075974E-4	1.057310E-3	0.000000E+0	0.000000E+0	0.000000E+0
1.065354E+2	-9.391069E+2	1.994000E+0	-2.769006E-18	1.441508E+17	1.435801E-6	0.000000E+0	1.192643E-4	1.051312E-3	0.000000E+0	0.000000E+0	0.000000E+0
1.045696E+2	-9.434340E+2	2.057000E+0	5.785078E-19	6.301025E-18	2.246466E-6	0.000000E+0	1.160592E-4	1.047094E-3	0.000000E+0	0.000000E+0	0.000000E+0
1.027162E+2	-9.478907E+2	2.120000E+0	3.389191E+17	1.295985E-19	3.567824E-6	0.000000E+0	1.129932E-4	1.042730E-3	0.000000E+0	0.000000E+0	0.000000E+0
1.053187E+2	-9.533809E+2	2.184000E+0	-5.351625E-18	2.391872E+17	7.757189E-7	0.000000E+0	1.144735E-4	1.036253E-3	0.000000E+0	0.000000E+0	0.000000E+0
1.030881E+2	-9.607444E+2	2.247000E+0	2.587907E+17	-4.414579E-18	-4.565372E-7	0.000000E+0	1.104133E-4	1.029012E-3	0.000000E+0	0.000000E+0	0.000000E+0
1.070018E+2	-9.671339E+2	2.310000E+0	-3.128310E+17	-2.708651E-18	3.541209E-7	0.000000E+0	1.130145E-4	1.021479E-3	0.000000E+0	0.000000E+0	0.000000E+0
8.126819E+1	-9.716144E+2	2.373000E+0	6.653843E-18	-4.395667E+17	-3.673922E-7	0.000000E+0	8.548796E-5	1.022064E-3	0.000000E+0	0.000000E+0	0.000000E+0
9.928967E+1	-9.770286E+2	2.437000E+0	-1.137863E-18	-4.190346E+17	-6.058690E-7	0.000000E+0	1.029502E-4	1.013049E-3	0.000000E+0	0.000000E+0	0.000000E+0
1.100999E+2	-9.826774E+2	2.500000E+0	-9.275714E-19	-3.780148E-18	1.226232E-6	0.000000E+0	1.126023E-4	1.005012E-3	0.000000E+0	0.000000E+0	0.000000E+0
